%-----------------------------------------------------------------------------
%                R.A. (mas)        Dec. (mas)        Err. (mas)     Corr. Del.
% Uncertainty in R.A. is in R.A. cos(Dec.)!!!!
%-----------------------------------------------------------------------------
50084.998   -0.883556334131   -0.025603199560    0.2498    0.4450  -0.161  110
50155.831   -0.357895125362    1.273499999854    0.4512    0.6186  -0.705  118
52964.271   -0.120377260284    0.242099997649    0.1955    0.3334   0.027   13
52968.205    0.139358439058    0.126097199882    0.1030    0.1886  -0.050   79
56392.230    0.291518372801   -0.190800002997    0.2058    0.2502   0.032   42
56470.251   -0.134299266229   -0.243802801947    0.1331    0.2067   0.034  101
56545.208   -0.274643215262    0.620197192802    0.2462    0.1970  -0.285  102
56548.272    0.103076846901   -1.197403200592    0.2156    0.4922   0.298   24
56553.207    0.082688280637   -0.335502006976    0.3616    0.4222  -0.306   14
56555.270    0.233437451559    0.054899994950    0.1686    0.2472   0.051   53
56561.249    0.042046146397    0.016797596913    0.2040    0.2966  -0.116   35
56562.272    0.354378341306    0.250696794524    0.1581    0.2481   0.041   23
56568.251   -0.406131081843   -0.088300797074    0.1790    0.2830  -0.121   65
56569.270   -0.347489903473    0.311299197620    0.2147    0.3661   0.329   40
56576.268   -0.391503691491   -0.842601598094    0.3983    0.5192  -0.277   11
56583.270    0.174094267110   -0.459701998068    0.4020    0.4706  -0.412    5
56590.272    0.366471079249    0.314100003607    0.7471    0.2454   0.136   17
56594.206   -0.064267355994    0.061398003481    0.1517    0.2002  -0.174   47
56615.208    0.133313756254   -0.085003198080    0.1531    0.3008   0.442   35
56618.272   -1.524390500077   -1.003201208505    0.5483    0.6236   0.425   21
56623.272    2.334678265485    3.735997201204    0.2969    0.3900   0.427   20
56629.208    0.247781335018   -0.096703202246    0.1766    0.1971   0.010    9
56646.272   -0.281393279477    0.282099591686    0.1652    0.1550  -0.102   74
56653.270   -0.146533756119    0.476798402360    0.1688    0.2500  -0.036   29
56660.269    0.113623820738    0.597398393154    0.2168    0.4336   0.013   32
56667.270    0.338627067360    0.094697996644    0.1350    0.1965   0.045   95
56671.208   -0.030938918430    0.030499199966    0.1194    0.1587  -0.052  131
56674.269    0.206157069133    0.247698002909    0.2965    0.2051  -0.369   95
56679.207    0.066093248664    0.387799194357    0.2082    0.1575   0.264  137
56686.209   -0.022221209597   -0.039700799448    0.1428    0.1878  -0.144   45
56688.269   -0.702290122294   -0.828201596903    0.3249    0.3944   0.062   11
56706.206    1.047805630485   -0.115603207007    0.3078    0.2168  -0.337   33
56716.269    0.445362450264    0.137296791536    0.2574    0.2173  -0.096   21
56741.208    0.035296082183   -0.071902803711    0.1582    0.1467   0.201   46
56748.206   -0.006750064215   -0.093600007744    0.1433    0.1989   0.445  115
56763.273    0.076498470553    0.246697203465    0.2005    0.1771   0.076   44
56771.250   27.991950352585   -2.524201200060    0.2111    0.2834   0.065   30
56776.206    0.063842100150    0.075999597016    0.0988    0.1361   0.006   39
56783.497    0.001687516054   -0.156103200766    0.1631    0.1524  -0.609  133
56784.497   -0.539161334201    0.581698797930    0.2486    0.1800  -0.846  162
56785.498    0.120937514415   -0.062999998818    0.0913    0.0897  -0.128  110
56786.499   -0.070737291645    0.141998400238    0.0780    0.0840  -0.122  127
56787.500    0.062576464609    0.132598802338    0.0696    0.0785  -0.004  209
56788.501   -1.398106936602    1.199296802668    0.5260    0.8569   0.536  164
56789.498    0.062154587094    0.047296796879    0.0636    0.0741   0.045  179
56790.498   -0.227956401215    0.136198802636    0.0785    0.0918   0.127  161
56791.499    0.099563438177   -0.382201201887    0.2246    0.3346  -0.901  164
56792.500    0.029811656507   -1.385099996298    0.4015    0.8992   0.144   82
56793.497   -0.328505349367   -0.104400008638    0.0891    0.0789   0.279  207
56794.498    0.035154330235    0.015796797470    0.0618    0.0646  -0.062  210
56795.499    0.084936050822    0.029199593143    0.0643    0.0735  -0.011  136
56796.500   -0.013361751814    0.000000000000    0.0684    0.0853  -0.139  157
56797.500   -0.217689552945    0.042598794892    0.1563    0.5214   0.341   38
56805.207    0.102938470284    0.182897997547    0.1203    0.1305   0.090   58
56807.271    0.535502798198   -0.084200397055    0.6366    0.5634   0.475   23
56811.208    0.138376304415   -0.044701202739    0.1701    0.1194  -0.527  119
56819.207    0.026014743887    0.152596795999    0.0961    0.1283   0.012   77
56839.208    0.125578185062   -1.358200796631    0.4774    1.0251  -0.459   38
56846.206   -0.165096432710   -0.249299998245    0.1735    0.1224   0.152   50
56860.206    0.154967961056    0.121597196312    0.1071    0.1060  -0.068  101
56870.269    0.194344456757   -0.151300808682    0.1863    0.2737  -0.165   41
56888.207    0.274923340828   -0.025801197978    0.0886    0.1109   0.030   71
56891.271   -0.100127070637    0.538797601735    0.1784    0.3491   0.178   66
56895.208    0.056109904290    0.071596795692    0.0917    0.0973   0.064   90
56896.227    1.037680534162    0.336797994294    0.2675    0.3119  -0.137   28
56901.998   -0.468991047351   -1.333800001646    1.1099    3.6315  -0.392   41
56919.271    0.143016972064   -0.811601998407    0.2882    0.3734  -0.313   45
56926.269    1.432137380246    0.352998002029    0.2170    0.1827  -0.022   27
56930.207    0.662771874645    0.293997594270    0.2063    0.1565   0.007   56
56937.208    0.185343247026   -0.026100005357    0.1625    0.1868   0.142   99
56952.271   -0.028407644349   -0.545803197838    0.2828    0.1831  -0.115   56
56958.207   -0.369285857226    0.203597996062    0.3304    0.1988   0.147   51
56959.229    0.864288276129   -1.663502398230    0.3131    0.2809   0.045   38
56972.207   -0.428207164160   -2.833700403926    0.1679    0.5818  -0.004  246
56973.229   -0.048094204534   -0.194900403017    0.5283    0.4134  -0.291   35
56987.270   -0.081844522610    0.012999598198    0.1281    0.1738   0.049  129
56988.997   -0.093096877858    0.567097191606    0.6027    0.8170  -0.145   58
56993.205    0.691317892613   -1.708300803216    0.1362    0.1203   0.059   39
56996.269   -0.017860667515    0.330897600520    0.1051    0.2133   0.039  115
57000.185    2.739820462021   -6.286003205958    0.3702    1.7974  -0.310    6
57001.208    1.532402824502   -0.745001999292    0.1381    0.1987  -0.085  193
57021.209    1.699466901830   -2.008202397974    0.2082    0.3010  -0.178  163
57028.207   -0.910556587993    0.527198393740    0.1625    0.2266  -0.006  106
57036.209   -0.484880697913   -0.724302000776    0.0827    0.1477   0.077  121
57041.999    0.038390985726   -0.977101203148    0.3026    0.5795  -0.390   17
57049.209    0.424548628157   -1.970802004791    0.1233    0.2807  -0.015  158
57071.226   -0.075799839806   -0.367200004803    0.7914    1.0038  -0.109   50
57085.208    0.124734427035   -0.767800798940    0.0878    0.1048  -0.102  185
57091.209   -0.170300732820   -0.983901600193    0.1223    0.1800   0.026  132
57094.270   -0.692023277021    0.070297201660    0.2913    0.2008   0.072   87
57101.271    0.155531590519    0.195897595745    0.2031    0.1887  -0.297  117
57113.226    0.131204362686    2.025698393027    0.2871    0.7696  -0.084   54
57129.272    0.279142130963    0.151099203549    0.1078    0.1630   0.067  168
57136.273   -0.792572225173    0.143297994271    0.1400    0.1467   0.018  116
57148.228   -0.754741493578   -1.252202399371    0.8512    1.5020   0.016   77
57164.270    0.059765061964    0.171298802343    0.1821    0.1421   0.033  132
57183.208    0.150749170922    0.343497595168    0.1024    0.1441  -0.243  268
57196.207    0.093795508605    0.106696795399    0.1020    0.1308   0.167  193
57199.272   -0.082128023509   -0.140500807788    0.1470    0.1516   0.060  143
57205.269    0.088874712392   -0.016401600078    0.1123    0.1411  -0.138  179
57231.205    0.116576975330    0.930196796389    0.1139    0.1109  -0.124  238
57234.270    0.199265252970   -0.051501599785    0.2172    0.1450  -0.029   53
57241.268    0.415972671272   -0.327902402830    0.1116    0.1138  -0.035  180
57248.270   -0.069188152208    0.270900000032    0.1613    0.1625   0.006   51
57255.272    1.712967027262    0.161297995760    0.1728    0.1302   0.070  128
57259.209   -0.243987800728    0.633797999683    0.1700    0.0971   0.439  190
57261.251   -0.140205572417    1.299398400079    0.3603    0.4679   0.014   61
57262.270    0.000560254131   -0.254901597430    0.1199    0.1243   0.153   95
57267.230   -0.912524229613   -0.815500806084    0.3397    0.5363   0.086   81
57269.272   -2.814354666286    0.023497197787    0.1738    0.2253   0.016   75
57272.997   -0.306706017285   -0.098402399829    0.5242    0.7155  -0.177   28
57274.206    0.175923532114    0.342097192174    0.1344    0.1608  -0.103  329
57276.270    0.171984870544    0.126900000907    0.2075    0.1556  -0.032   79
57280.207    2.089704957779   -0.586900806354    0.1058    0.1027  -0.343  260
57290.270    0.177189170653    0.490298400280    0.1256    0.2848   0.415  156
57301.209   -0.409927991465   -1.703502005057    0.0914    0.1181   0.295  361
57309.208    1.511308876828   -0.286401596838    0.1018    0.0964   0.006  185
57322.208   -0.551115698525    0.073198803818    0.2633    0.2812  -0.046  280
57336.208    0.209812226807    0.255599995569    0.0829    0.0769   0.072  316
57337.227    0.136688788361   -0.756601207286    0.6319    0.7613   0.307   15
57338.249   -2.571494124483    1.686398400125    5.3558    2.8477  -0.928    3
57343.209    1.294884962422    1.032897594655    0.0725    0.2084  -0.171  653
57346.270    1.976641391173   -0.589201199830    0.0861    0.1603   0.037  229
57350.208   -1.273514261516   -0.046400400322    0.1249    0.1275  -0.105  298
57357.209   -0.043875414399    0.015199195502    0.0699    0.0804   0.061  328
57360.270    0.141751336523    0.743997593133    0.0848    0.0955   0.102  226
57364.208    0.779348849975    0.082997992479    0.1156    0.0953   0.082  366
57371.209    0.443955059777   -0.779702408238    0.0750    0.0901  -0.034  504
57372.225    0.360986653573    1.130497193458    0.3401    0.6626  -0.132   61
57373.248    0.427501779752    1.741697998625    1.4105    1.2746  -0.116   20
57379.271   -1.496968368701    5.202298802942    0.0847    0.1563   0.031  228
57385.209    1.947673492693    0.868197597015    0.1179    0.2119   0.250  371
57386.269    1.840516232274   -1.670000406762    0.0886    0.1720  -0.202  139
57395.272   -0.976369708093    2.045599197231    0.1748    0.3202  -0.156  106
57398.771    0.279283882911   -0.001900802715    0.1942    0.2359  -0.158   51
57406.208   -0.052174618052   -0.665902801700    0.1248    0.1304   0.135  273
57409.269   -0.155815094415   -0.132300007749    0.1034    0.1069   0.017  187
57412.998    0.710022321152   -0.539100003039    0.3109    0.6793  -0.197  169
57420.208    0.418642321969   -1.002902401126    0.0902    0.1441  -0.062  278
57429.248    0.831661841646   -0.585000003639    0.8694    1.0445  -0.311    5
57437.269    0.240609393289   -0.355500000637    0.1347    0.1643  -0.178  175
57455.206   -0.117002228177   -1.332000007892    0.0871    0.1242   0.094  484
57458.270   -0.815353688900    1.489499992147    0.1515    0.3123  -0.023  209
57462.208   -0.566583468575    0.046897193329    0.1313    0.1518  -0.098  183
57518.208    0.122344901905   -0.561502805851    0.1717    0.4808   0.146  135
57521.269    0.376454423623    1.418497191708    0.2046    0.3339  -0.025   79
57526.207    1.525092506156   -1.258902000245    0.1329    0.2523  -0.197  218
57528.271   -0.409222610055    2.370297596599    0.1943    0.3199   0.067  153
57532.208    2.126408427451    0.026499596117    0.2959    0.4771  -0.775  146
57547.209   -0.477988881750   -0.010202398926    0.1812    0.4049   0.576  231
57549.269   -0.500912100423   -1.114801204949    0.1658    0.2183  -0.037  114
57568.229   -0.969761395826   -0.478400397697    0.3480    0.2469  -0.019   26
57570.271   -1.152013114640   -0.547700406628    0.0983    0.2623  -0.423  195
57576.250   -0.094642641964   -0.165902402216    0.0880    0.1619  -0.016  374
57582.229   20.809318991993   -3.127499999778    1.2533    1.4413  -0.013   19
57583.248    0.114751082661   -0.828403202036    0.6278    0.8642   0.168   21
57584.271    0.758538403200    0.489398397008    0.1286    0.1842  -0.267  168
57588.208   -3.300359250790   -3.409300796875    0.1930    0.3086   0.635  283
57595.206    0.148501400737   -0.893401205815    0.0869    0.1930  -0.200  495
57596.229   10.691395450700   -0.030599996137    0.5171    1.9593   0.736  107
57598.271   -2.429179158498    5.052099602665    0.1428    0.1996   0.085  121
57609.206   -0.195613470628   -2.168902804556    0.1165    0.1940   0.222  233
57610.229  -21.322327205691   -1.065801603772    0.5504    0.4376  -0.004   28
57619.269   -1.567142027885    0.690498001177    0.1623    0.3050  -0.082   81
57626.271    0.367594965840   -4.898700005640    0.1443    0.2071  -0.379  145
57633.269   -0.157644362417   -0.650102397515    0.1249    0.1592  -0.073  139
57636.998   -0.299395698939   -0.368200804246    0.2522    0.5294  -0.181  351
57637.082    1.716625563266    1.074196795514    0.3727    0.5422   0.353   24
57638.207   -1.233857637251   -0.840700808169    0.1405    0.1859   0.070  143
57651.206    0.722256811042   -5.401303199903    0.1082    0.3011   0.068  308
57652.229    1.253824323002   11.811798003691    0.3325    0.4903   0.032   19
57653.248   -1.744047697640   -3.421900804312    0.5431    0.9284   0.593   20
57661.269    0.937553466523   -0.683802007018    0.1749    0.3296   0.118  164
57666.207   -0.192096686572   -0.639403205582    0.2334    0.1574   0.320  285
57668.271    1.260574387217   -0.335901597737    0.1640    0.2413   0.004   99
57669.345   -1.442687729415   -1.336701603805    0.4868    0.6799   0.516   39
57670.313   -1.388825598307   -1.732903203333    0.4582    0.6950  -0.043   20
57674.228   28.413407452530  -49.377402007167    1.1835    1.2628   0.374   58
57675.269    1.787639608143    1.841997594454    0.0998    0.1119   0.210  222
57682.271   -0.297144553423    0.343497595168    0.1639    0.2102  -0.043   78
57685.189   -0.097875922123   -0.441802805540    0.4088    0.6133   0.542   23
57686.208    3.229763708095   -1.863899997545    0.2148    0.2114  -0.598  334
57693.207    0.290532865824   -0.316800000633    0.0988    0.1558  -0.077  389
57694.229   -2.725621705842    1.149497994390    0.3356    0.6725   0.217   24
57699.186   -2.117694096948    3.123399599758    0.4990    0.7665   0.401   17
57700.208   -2.502025846709    2.269897191809    0.5773    0.6863   0.471  188
57701.227   -3.451253545994    4.903199996420    2.4698    3.2426  -0.951    3
57710.267   -1.059199740678   -1.408802405933    0.1557    0.1523   0.054  181
57714.208   -0.690194009019    0.781297202934    0.1409    0.1207  -0.225  200
57715.271    0.590208690330    0.329097593976    0.1179    0.1260  -0.045  138
57716.999   -0.148643152685   -0.029300402105    0.3115    0.7778  -0.033  290
57717.313    1.751358015986    0.662997592826    0.4710    0.5959   0.249   48
57724.271    1.039368050216   -0.265003200184    0.1077    0.1046  -0.034  134
57729.228   -1.164527733095    0.145598400536    0.6195    0.3721   0.203    8
57730.250   -1.360279577342    4.932197997221    0.5551    0.9196   0.025   20
57732.292    2.371941992285   -4.385102405990    0.5136    0.7485   0.406   37
57737.270    0.594707609028   -0.284500806913    0.1671    0.1342   0.111  137
57743.209   -1.184636170794    0.472197602619    0.1081    0.1079   0.258  145
57750.207    1.975375752633    2.274397195379    0.2775    0.8883   0.110   75
57765.248   -0.995634390763    0.026798403496    0.2256    0.2675  -0.462   31
57771.209    0.106593630956    0.497397591914    0.0853    0.1034   0.062  211
57773.269  865.790725080478  228.576999593599    0.0751    0.1024   0.013  173
57778.229   -1.101667764590    0.798397201152    0.2252    0.2243  -0.064   45
57784.20911079.348466928084******************    0.1160    0.2057  -0.445  351
57786.247   -0.916462894181   -2.572300797965    0.4745    0.8623   0.368   10
57792.229    0.267049393020    0.119700000312    0.4358    0.6114  -0.058   30
57793.249   -0.378287066957    1.261497594385    0.3037    0.6805   0.441  201
57794.271   -2.493446514492   -1.841702406580    0.1261    0.1258   0.004  134
57798.209   -1.012087670788   -0.084002398637    0.1792    0.2448  -0.508  272
57799.228   -0.960338305582   -2.228000401772    1.2559    1.1414  -0.314    3
57801.269   -1.486279642916    0.923497195515    0.1392    0.1210  -0.211  144
57806.208   -0.921947319857    0.006299997324    0.2489    0.5139  -0.012  365
57808.271   -2.293195751547   -0.094301999809    0.1803    0.2554   0.142  161
57812.209   -0.168893342333    0.845100002778    0.1082    0.1475   0.219  221
57815.269   -0.404160061894    2.370599997903    0.1951    0.3075  -0.134  117
57822.271   -0.570522130146    0.243399591682    0.2651    0.2579  -0.023   51
57826.209    0.265500253582   -0.114001198881    0.1226    0.1531   0.024  258
57829.269    0.375894169492   -0.986202006459    0.1401    0.1660   0.124  157
57833.207    1.397823432706    0.194698797884    0.1613    0.2154  -0.092  118
57836.271   -0.383207863170    1.350496802388    0.1178    0.1842   0.068  119
57840.209   -0.081844522610   -0.189201601586    0.1359    0.1147  -0.041  296
57841.228    0.276610856882    1.337198396811    0.7040    1.3756   0.085   12
57843.270    0.853461173728    3.600997196429    0.1510    0.1455   0.006  153
57850.271   -0.437350125840   -0.562802399884    0.0947    0.0979  -0.299  295
57868.209   -1.892970975892   -0.693100808746    0.1448    0.3346   0.357  184
57871.270   -0.149767039277   -0.015202802217    0.0952    0.1277  -0.041  257
57875.167    0.025451114424   -0.436600797116    0.2028    0.2958   0.387  176
57877.227   -0.081986274559   -0.545803197838    0.2023    0.6504   0.063  203
57892.271   -0.337503183767    0.455399992916    0.0855    0.1066   0.007  191
57899.270    1.056806840216   -0.040903204024    0.1144    0.1259  -0.271  238
57904.208    0.859367479916    0.050997593348    0.2318    0.1031   0.051  367
57906.271   -0.262692226270   -0.083901602466    0.1314    0.1148   0.051  172
57913.270    0.198421494943   -0.423802804050    0.1273    0.1381  -0.075  121
57931.207   -8.841601255462    2.385298793683    0.0838    0.1948  -0.089  586
57938.209    0.451127004504   -2.485400403884    0.1196    0.2028   0.359  281
57939.228   -0.149065030200   -2.435803200740    0.2668    0.9142  -0.101   94
57946.230    1.104057286723  -12.973802397198    0.3568    0.3848   0.091   38
57953.206   -0.668819932781   -0.287002805521    0.1230    0.1944   0.002  243
57962.272    1.427638461547    7.174598400184    0.1295    0.1798  -0.120  210
57974.230 -171.921731807771   -8.682400807913    0.7209    0.6458  -0.104   26
57994.209   -0.068344394181   -1.008899997146    0.1458    0.1097  -0.161  152
57997.270    2.852182022549    1.021899595344    0.1194    0.1180   0.194  131
58008.209    0.000000000000   -0.323600397678    0.0865    0.1006   0.146  361
58010.247   -0.209251972676    0.594597599957    0.5736    1.1372   0.455  272
58011.270   -2.622399731662    7.536798001695    0.0889    0.1546  -0.456  164
58015.207   -0.010968854349   -0.912301197786    0.0760    0.1356  -0.101  485
58022.209    3.223999153855    1.272099596861    0.1698    0.2182   0.255  225
58031.249    5.512550859424    0.609897591630    0.3498    0.3161  -0.331   61
58032.268   -0.019548183568   -0.772102804092    0.0728    0.1009  -0.035  266
58033.499   -5.775101336744    0.702799201235    0.1524    0.1215  -0.214  318
58037.206    1.139916998368    0.118097992186    0.0901    0.0916  -0.008  259
58044.230    0.895507320125   -1.804802400329    0.8328    1.9306  -0.439   12
58050.209    1.366044131582    2.416996791510    0.1158    0.1171  -0.112  152
58053.270    0.155109713004    1.075697994679    0.1493    0.1282   0.095  126
58057.207    0.540987226871    0.963097198792    0.1098    0.0835   0.046  273
58060.272   -1.616781996525    1.337198396811    0.1618    0.1651   0.001   95
58064.209   -0.208408214649    0.626198395537    0.1651    0.1318  -0.027  144
58065.228    2.442959412494   -4.000802402970    0.5453    0.8387  -0.100   12
58067.270    0.222610349158   -2.956402802567    0.2278    0.3061   0.215  102
58072.226   -0.619460092706    0.306597601707    0.7890    0.4330   0.413   14
58073.249   31.591280046470  -28.503302399940    0.1807    0.1274   0.148  140
58078.209   -1.621702792738    1.598799595115    0.1243    0.1465  -0.474  325
58085.500   -0.572631526711    0.514497602921    0.0603    0.1869   0.331  348
58086.500    0.125858310628   -1.138301996662    0.2183    0.1186   0.093   20
58087.498    0.516096366577    0.357998392531    0.2018    0.1279   0.005   14
58088.498    1.623670437356   -0.112402797470    0.2502    0.1227   0.104   19
58089.499   -0.754461365014    2.261897996902    0.0638    0.0778  -0.025  292
58090.500   -0.013361751814   -0.842601598094    0.0544    0.0680   0.033  335
58091.497    2.616631802090    2.054897998960    0.2042    0.1444   0.282   20
58092.498    4.209508448296    1.716598792711    0.4528    0.1740   0.679   15
58093.499   81.966303106532   31.836697195331    0.1882    0.1125   0.532   65
58094.496    0.225985381266   -0.634402802291    0.0604    0.0657   0.180  396
58095.500   -0.339474200719   -6.191600397187    0.2534    0.1426   0.451   32
58096.497    1.105181173314   -0.236001605458    0.0495    0.0620  -0.017  628
58097.498   -0.277174489342    0.288997203768    0.0527    0.0652   0.014  553
58098.499    1.000413435028    1.033498803338    0.1341    0.1022   0.068   80
58099.500    0.135423152820    2.494198793102    0.0637    0.0736   0.229  488
58102.268    0.083670412283    1.079999999831    0.1569    0.1564  -0.082  118
58106.209    0.084514170310    0.326498393122    0.1658    0.1554  -0.231   83
58115.209   -1.913643046051   -0.518101197144    0.2181    0.4299   0.028   78
58121.207   -0.859931109379   -2.832901196825    0.1098    0.1078  -0.001  235
58127.208   -3.446329377447   -2.851002007276    0.1673    0.1847   0.224  174
58141.208   -0.083393662048   -0.050500800342    0.0998    0.0945  -0.013  252
58144.268   -4.389090516413    0.828097194017    0.1440    0.1594   0.004  101
58145.291   14.854358833899    2.988298798812    1.0035    3.2255  -0.115    3
58148.209    1.196448783170    0.898898402113    0.1228    0.1846  -0.269  212
58158.272   -0.621711238222   -0.274201205741    0.0883    0.1183   0.006  145
58164.248   -1.161432829552    4.649799598155    0.3991    1.1308  -0.300   78
58164.248   -2.027270242121   -1.148900405212    0.6516    0.8598  -0.415   12
58172.272   -0.654897926837   -1.562000397826    0.1772    0.1483   0.099   34
58176.209   -0.044297291914   -0.722602803194    0.1033    0.1436   0.099  379
58183.208   -0.105753248261   -0.360500403929    0.1505    0.1958  -0.008  178
58191.229    0.111092546657    0.026596798364    0.2016    0.6018  -0.054   43
58204.206   -0.356065857360   -0.638503202310    0.0968    0.1003   0.089  190
58220.248   -0.460691843698    1.287799192085    0.1991    0.5417  -0.106   36
58227.250   -0.032062802023    5.826099602757    1.1912    1.9862  -0.531    3
58235.270   -1.206013622364   -6.026101205237    0.1409    0.2069  -0.048  144
58240.165    0.441845666209   -0.994600804916    0.1933    0.3563  -0.338  382
58247.207   -0.170017228924   -0.156200403012    0.1263    0.1686   0.143  303
58248.229   -2.283630912354   -9.169603201542    0.8295    2.1410   0.041    6
58254.227   -0.841932065248   -0.750402006133    0.3176    0.4331   0.238   35
58260.166    0.618332830783    3.359199600084    0.5014    0.7895  -0.198  220
58270.269   -0.982839643744    0.515296797232    0.1218    0.1170  -0.016  187
58274.210    0.005062548161    0.379799999450    0.1702    0.2379   0.137   85
58277.271   -0.489241239995   -0.165700797083    0.1625    0.1410  -0.137  103
58282.227   -2.527760462032  -12.400001998003    0.2494    0.8119   0.022   24
58305.271    0.066795254743   -0.159501608721    0.4540    0.4999   0.015   17
58310.227   -1.495000724083    2.767597197817    0.4808    0.5088   0.523   75
58316.206************************************    0.1061    0.1129   0.042  112
58319.271   -0.463928499189    0.404398792853    0.2205    0.1897  -0.232   52
58338.227   -0.223173978621   -0.442900807229    0.2346    0.2762  -0.003   96
58344.206    0.354800221819    1.140998399762    0.1949    0.1503   0.084   95
58350.185    0.415550793757    0.902797197000    0.4946    0.9276  -0.166   14
58351.208    0.040780507858    1.620597595320    0.1381    0.1216  -0.218  194
58362.290    7.979135496671  -14.227200000505    8.0335   10.6162  -0.965    3
58365.208   -0.585709774629    1.098799195631    0.1382    0.1303  -0.015  153
58367.250   -1.392484131313   -3.936002397609    0.9774    0.9306  -0.567  210
58381.250   -0.019970064081    0.615797998194    0.4330    0.7625   0.017   19
58382.269   -0.438895889945   -0.058301996830    0.2457    0.1745   0.032  128
58386.206   -1.742923811049   -3.689902796111    0.4687    0.8632   0.101   16
58400.206   -0.167064077328   -0.041702398335    0.0901    0.0816   0.019  250
58407.208   -0.530723753933    0.174297593958    0.1118    0.1134  -0.048  282
58421.208   -0.196035348143    0.371199595861    0.1040    0.1048  -0.098  194
58428.206   -0.006328183703    0.520696791284    0.1213    0.1133  -0.031  115
58430.248   -3.580770392626    0.710297996420    0.7351    0.8120  -0.298   16
58436.227    0.120795762467   -0.132300007749    0.2355    0.3203   0.037  232
58437.246   -0.322035413717   -0.106603199868    0.6956    0.8759  -0.218   20
58442.206   -0.824213146684   -7.914599996184    0.2443    0.9381  -0.450   31
58443.269    0.219093565103    0.536799596773    0.2905    0.3580  -0.245   96
58450.227    2.584147119554    4.079098799536    1.6383    3.4423   0.610    9
58456.206    1.746717348337    1.616299196883    0.2769    0.4438  -0.227   61
58457.233    1.670357251402   -1.972101598824    0.4644    0.8014   0.238   20
58463.208   -1.503296552403    0.960397201766    0.3112    1.8089  -0.484  245
58464.227   -0.723242321017    2.975097595481    0.4608    0.4617  -0.092   62
58464.227    5.724897738642    1.003298397961    2.6187    1.2350   0.675   14
58473.271   -0.110110415012    0.140497201073    0.1448    0.1753   0.219  153
58479.206    0.241314774699   -1.183701597540    0.2918    0.5719  -0.563   20
58491.208   -0.149065030200    0.372499202683    0.2041    0.1884   0.089  158
58491.208   -0.088736335776    0.014597999609    0.1011    0.1637   0.615  228
58498.207   -0.224723121056   -0.170100004482    0.0912    0.1156  -0.032  198
58506.209    0.053295126313   -0.187700402421    0.0901    0.1027   0.072  266
58514.248   -0.086063312745   -0.071002800439    0.0848    0.2139  -0.188  147
58522.269    0.004498915701    0.528498000563    0.1314    0.1356   0.078  137
58526.207    0.094079012501   -0.154501205429    0.1259    0.1143  -0.028  101
58529.271    0.250876241559   -0.016700407457    0.1131    0.1249   0.017   89
58555.229    0.297846559502    9.673199994609    0.4531    2.1757  -0.439    3
58561.209   -0.212627004784    0.037198800840    0.1845    0.3028   0.327  132
58562.228   -0.254534774565   -0.070801208096    0.4317    0.3404   0.605  166
58564.269    0.017857292183   -0.396403204661    0.1917    0.2773  -0.074  131
58568.207   -0.207004202492   -0.365201999841    0.1257    0.1326  -0.012  104
58570.249    0.372097259870   -0.603802806154    0.3785    0.7376   0.026   21
58571.271   -0.180003948630   -0.058802396552    0.1008    0.1189   0.035  238
58584.249   -1.801564989420    1.138597197325    0.5126    0.3658  -0.005    3
58588.274   -6.193183404582   -2.528999998219    1.2574    3.8265   0.019    3
58591.269   -0.068766274693    0.263296801961    0.2082    0.1979  -0.285   96
58597.208    0.217267672433   -0.059601603652    0.1099    0.1455   0.298  346
58601.083    0.425814263698   -0.548802002243    0.3275    0.5552  -0.211   70
58603.209    0.353251082381   -1.302901198130    0.1271    0.1352  -0.135  205
58610.083    0.208546591266   -1.288303198521    0.1427    0.2706  -0.148  146
58617.209   -0.034735828052    0.011699991376    0.0927    0.1066  -0.065  280
58624.207   -0.316129107528   -0.258202803138    0.1400    0.1132   0.061  356
58627.271   -0.463506621675    0.301499996169    0.5858    0.4920  -0.538    4
58645.413   -0.951758976363    1.093996803547    0.1962    0.2847  -0.329   99
58673.209    3.720408960248    0.217699202665    0.2965    0.1467   0.061  185
58675.251   -0.391645443439    1.859896799772    0.2603    0.3117  -0.002  108
58676.270    0.473064710205   -0.294300008363    0.2624    0.1408  -0.035  132
58683.271   -0.278723628780    0.153298800853    0.1497    0.1778  -0.156   82
58703.251   -0.158066239931   -0.493801198331    0.1739    0.1597   0.217  302
58729.209   -0.507803913589   -0.217400408076    0.1013    0.0992   0.073  326
58730.228   -0.310222801340   -1.367503205074    0.0243    0.0606   0.064  300
58736.207    0.464768881884    0.180000002103    0.1103    0.1532   0.289  253
58743.209    0.039936749832   -0.324000001228    0.0907    0.0964   0.121  327
58750.207   -0.035859714643   -0.222001207817    0.2503    0.4707   0.615  260
58753.268   -0.484738945965   -0.156902407866    0.1887    0.2486  -0.107   60
58771.209    0.706505537096    0.222300002406    0.2328    0.1757   0.165  177
58774.270    0.830679707003   -0.159202801342    0.1513    0.2081   0.075  196
58778.211   -0.321471781256   -0.014302798945    0.1717    0.1856  -0.036  107
58781.272   -0.244973310703    0.385397991920    0.3080    0.2911   0.045  104
58787.269   -0.275065095774   -0.099802802822    0.2280    0.1789  -0.030  189
58792.207    0.029811656507    0.343299596750    0.1580    0.1751  -0.068   90
58795.272   -0.158488120444    0.656099993535    0.1450    0.4192  -0.373  281
58802.270   -0.118547992283   -0.074203197187    0.1195    0.2054   0.174  201
58806.207    0.027422134374   -1.143900001921    0.1804    0.2215   0.149  231
58809.272   -0.087612452182   -0.124902008736    0.1952    0.2034   0.004  154
58813.209   -0.409644487569    0.642499199444    0.1906    0.1468  -0.011  183
58813.249   -0.063281846019   -0.893901605536    0.0299    0.0535   0.122  193
58816.084    1.026569930863   -0.640501207272    0.7361    0.9248   0.049   10
58827.249   -0.251723374918    1.142499598927    0.1085    0.1845   0.210  110
58828.228   -0.156095222979    0.039499194315    0.3503    0.3034   0.479   13
58830.270   -0.267332896916    0.115397995160    0.2461    0.2099   0.086   74
58834.083   -0.095486399991   -0.626000397119    0.1049    0.4754   0.182   81
58844.248    0.034594076104   -0.020401203926    0.0668    0.2385   0.088  100
58848.207   -0.410629997544   -0.078300003281    0.3290    0.8885  -0.416   75
58856.206    0.626770411052   -1.005299996848    0.4556    0.4156  -0.374   77
58858.270   -0.327097958880   -0.585802804665    0.1508    0.1735  -0.003  188
58870.250    0.427785283648    0.364697993405    0.1144    0.1560  -0.054  141
58876.207   -0.119533502257    0.268599593767    0.1011    0.1321   0.028  188
58877.230   -2.189413523236    2.301699592522    0.2706    1.3424  -0.021   10
58883.209    0.099843566741    0.419097601423    0.0846    0.1031  -0.032  241
58883.249   -0.089438344852   -0.584600400089    0.1005    0.1110   0.078  268
58890.208    0.035576210747   -0.382499996476    0.1627    0.1638   0.000   85
58897.209   -0.045984807968   -0.041000406270    0.1043    0.1289  -0.041  195
58900.248   -0.141612959906    0.106797591570    0.0423    0.0908  -0.694  306
58904.208    1.864563334541   -1.806901201462    0.1928    0.2001  -0.238  101
58905.227    0.168329712870   -2.243602807539    0.4673    3.1663   0.410    6
58914.270    0.472220952178    0.191199593758    0.4167    0.4088   0.111   48
58918.208   -0.197159234734    0.305697598435    0.2312    0.2283   0.154   50
58920.249    2.897464824438   -1.141200004895    0.2892    1.2545   0.087    8
58925.209    0.038107484827   -0.168101999520    0.1134    0.1474  -0.126  175
58925.250   -0.223315730569    0.343299596750    0.0889    0.1208  -0.194  242
58926.228   -0.449722992347    0.231397199002    0.2078    0.3390  -0.203   81
58928.270   -0.324144807285   -0.006901206007    0.2433    0.2300  -0.001   31
58939.250    0.122203152954    0.091897203447    0.0670    0.1712  -0.340   86
58946.208   -0.249050348889    0.206297993088    0.0871    0.1045  -0.039  115
58956.270    0.241031273801    0.270997202279    0.1629    0.1927   0.004   72
58969.270   -0.118547992283    0.691498800620    0.1868    0.2726   0.181  115
58974.208   -0.278723628780    0.198597592771    0.1066    0.1522  -0.023  260
58977.272    0.026156495835   -0.222703199881    0.2239    0.2010  -0.058   31
58991.269   -0.757272767658    0.736498797949    0.6533    0.3294   0.239    9
58996.207    0.487270220046    0.139399199384    0.2549    0.2498  -0.019   48
59003.209   -0.304880124615    0.242197199896    0.2364    0.2051   0.119   27
59009.250   -0.108284522342   -0.676202402872    0.1502    0.3984   0.236  112
59019.269   -1.202638593254    0.207597599911    0.3192    0.2257  -0.152   58
59023.250   -0.118547992283   -0.815803207388    0.2295    0.3150   0.243  145
59025.251   -0.156658852442    0.115199996742    0.1857    0.2220   0.451  245
59026.270   -0.668117926702    0.012499198476    0.4695    0.4132   0.229  140
59037.250   -0.560818914335    0.000900003272    0.1577    0.2731   0.124  145
59039.251    0.038529362342   -0.244303201669    0.2120    0.7496   0.794  174
59051.210   -0.001549139438   -0.115603207007    0.2391    0.1424   0.075   43
59051.250    0.271548311719   -0.812300396547    0.0803    0.1501   0.119  329
59054.270   -0.334269903607   -0.012600007437    0.2067    0.1757   0.013   83
59058.208   -1.638297824711   -0.144900002397    0.2615    0.1933   0.039   57
59065.206    1.147649197226    0.885697198783    2.7843    0.9005   0.858    9
59073.209    2.620992341174   -0.887601608213    0.7503    0.4028  -0.103   21
59080.207    0.321188277360    0.378799200007    0.2113    0.2236   0.173  141
59080.251   -0.450566750373   -0.926002800838    0.0535    0.1465   0.027  120
59082.271   -5.215689812895    2.652098393696    2.6918    1.3883  -0.906    7
59089.269    0.795100123922    1.281499194761    0.4204    0.3456  -0.025   50
59093.206    2.096876899509   -0.206902808486    0.2407    0.1504   0.127  115
59093.250    0.108983153089   -1.098000001321    0.1576    0.1904   0.294  138
59101.209   -0.265081751400   -0.685602000772    0.2610    0.2770   0.667   79
59107.206   -0.225003246623   -0.224802001014    0.2181    0.1824   0.107   28
59107.250   -0.073268565726    0.019098003179    0.0718    0.1853  -0.120  134
59116.250    0.203625795052   -0.559000807243    0.5959    0.6099   0.166   19
59117.269    0.192376815137    0.504298797921    0.3682    0.4686   0.403   22
59121.250    0.779912479438    0.452699995890    0.0813    0.1157   0.229  204
59130.250    0.733785919522   -2.094001196440    0.8038    0.5139  -0.107   16
59142.208   -2.315413585812   -0.786401996322    2.6393    1.1403   0.726    4
59152.249   -2.112489796839   -5.230202408768    0.1883    0.2725  -0.262  278
59157.209    0.046264936532    0.587599191704    0.3361    0.3076   0.030   26
59163.206    0.150890922870   -0.097603205518    0.0805    0.1122   0.004  201
59163.250   -0.288143343692   -0.159202801342    0.0508    0.1025  -0.173  326
59166.271   -0.631836334545   -0.386902797800    0.4793    0.3284  -0.039   24
59194.249   -0.200392514893   -0.142401597714    0.0246    0.0919   0.041  339
59201.269    0.049218088127    0.058399199077    0.1834    0.2430  -0.012   44
59205.206    2.831088071878   -0.295199998845    0.2903    0.2970   0.050   99
59206.251    0.046406688480   -0.896399997430    0.0348    0.1091  -0.043  228
59206.269    0.040078501780   -0.717703196074    0.3749    0.4115   0.351   12
59212.208   -0.612851780439   16.285798795934    0.4610    2.4401   0.027    9
59222.249   -0.378567195521   -0.612802800504    0.0318    0.0928  -0.005  363
59231.585    1.635483046734   -1.042300799270    1.1060    0.9797  -0.078    5
59233.206    0.378847321088    0.207799192253    0.2559    0.2053   0.021   74
59247.250   -0.046828565994    0.614599200333    0.0439    0.1124  -0.478  167
59262.248   -0.215580159377    0.162597602582    0.0577    0.1305  -0.370  124
59264.267   -1.428623974520   -0.765403203218    0.5755    0.4483  -0.153   68
59268.208   -0.048235956482    0.025696795092    0.1413    0.1175  -0.011  204
59271.269   -1.475594292462   -0.667400406940    0.4459    0.2910   0.195   33
59278.249   -0.009564839194   -0.089402405479    0.0418    0.1451  -0.153  135
59278.271    0.775693689304    0.954198000613    0.5261    0.6348   0.252   50
59289.207    1.336792732203   -0.240001196516    0.4508    0.3276   0.089   26
59289.250   -4.360402746498   -6.894500407384    0.0411    0.0666   0.608  140
59303.207    0.075374583962   -0.506502001940    0.6136    0.4172  -0.150   10
59305.248    0.128389584709    1.746899994259    0.0473    0.0789  -0.191  242
59311.209   -0.379691082112   -0.378802806722    0.1375    0.3215   0.085  255
59312.228   -1.279137063808   -0.476600403942    0.3630    0.4769  -0.360   53
59324.209    0.505971270255   -0.231703207021    0.2596    0.2159  -0.123   90
59331.207   -1.008574262064   -1.084500003401    1.2315    1.3820   0.271   13
59354.250    0.196733978890   -0.132001200370    0.0858    0.2115   0.155  310
59360.208   -0.096188406070   -0.272800802747    0.1345    0.1559   0.031  123
59362.249    0.024047102267    0.270597598728    0.1405    0.2908  -0.248  122
59368.228   -0.136408662795    0.856396796678    0.4946    0.6723  -0.098   27
59375.249   -0.065111114021   -0.734302807359    0.2121    0.2951  -0.459  175
59390.249    0.187452643592   -0.188301598314    0.1408    0.4571  -0.212  162
59395.228    0.284768308586   -1.977102002115    0.4904    0.8367  -0.138   15
59402.208    3.295576828196    1.246996797022    0.1269    0.1867  -0.030  109
59404.249   -0.233018949377    0.765298800331    0.2178    0.2716  -0.205  139
59429.207   -0.481363913857   -0.122302807881    0.4009    0.3613  -0.266   20
59431.249    0.006328183703    0.576097198746    0.3964    0.5085   0.874   71
59431.271   -0.122344904902    0.152697592171    0.1902    0.2881  -0.152   30
59439.270    0.354800221819    0.058697993666    0.2622    0.3692   0.154   52
59444.208    0.141751336523    0.288597600218    0.1560    0.2386  -0.065   54
59446.249    0.159048374574   -2.047903197422    0.0877    0.3223   0.138  145
59446.271    0.694834676668   -0.562802399884    0.3869    0.5567  -0.128   28
59450.209    0.027982388505    0.447598796427    0.1745    0.2671   0.412  110
59453.270    0.816757701058    0.388897196046    0.4148    0.3664   0.237   40
59457.207   -0.060048565860    0.533599200025    0.1190    0.1792   0.049  116
59460.271   -0.203207292870    0.168796803734    0.2061    0.1956  -0.010   26
59464.041    6.108665855942  -10.521302408506    1.3535    4.2092  -0.072   52
59465.206    0.270002544615    0.115099200571    0.1458    0.2658   0.128   68
59471.207   -1.987755369804    0.013096800444    0.4011    0.3077   0.229   25
59474.224    0.322453915899   -0.729302404068    0.4111    0.5996  -0.561   53
59481.270    0.799740791570   -1.488502799418    0.7549    1.4980  -0.753   17
59488.250    0.466314645990   -0.253800001815    0.2493    0.3597  -0.504   70
59492.209   -0.265223500350    0.526499995601    0.1733    0.1572  -0.014   73
59499.189   -2.412867630421    1.670097596218    0.9996    0.9959   0.536    8
59509.270   -1.226965821088   -9.505400396392    0.2657    0.2913   0.253   69
59516.250    0.374345030055   -0.709200007520    0.1979    0.6065  -0.919   84
59516.272    0.714943117365   -0.215100001810    0.2418    0.2134   0.142   80
59521.210   -0.400785029786    0.252899998543    0.3913    0.3964   0.143   11
59523.270    0.101531082795    0.255797993987    0.3745    0.2736   0.184   29
59527.207   -0.238925252567    0.468597602321    0.3485    0.2195   0.144   31
59530.272    0.001687516054   -0.938800806694    0.2685    0.3003   0.430   61
59534.209   -0.975947830578   -0.487800008386    0.3298    0.2664   0.248   37
59542.208    0.385175507788    0.252597597239    0.2144    0.1623   0.067   55
59542.248   -0.066656878127    0.169297203456    0.0838    0.2251  -0.538   25
59543.249    0.607083850867   -0.791099998310    0.0653    0.1005  -0.062  265
59548.209    0.054138884340    0.204699591677    0.1721    0.1800   0.018   95
59551.270   -0.179720444734   -0.165200397362    0.2026    0.2341  -0.217   82
59558.250    0.392485826134   -0.605800798326    0.1065    0.3196  -0.795   56
59558.268   -0.043031656372    0.073396802236    0.1971    0.3985  -0.328   55
59564.251   -0.114190828530    0.185198403813    0.3566    0.3746  -0.066   72
59565.270    0.879756046179    0.963997202064    0.2902    0.3520  -0.304   30
59576.209   -0.140485700981    0.010097996039    0.4237    0.9308   0.499   34
59583.207   -0.168471464818    0.187999197010    0.1914    0.1534   0.046   73
59590.209    0.261281463448    0.032497192137    0.1778    0.1969   0.111   93
59593.270    0.248625093045    0.009399597900    0.1616    0.3226   0.669  112
59598.208   -0.171988245876    0.274096802855    0.5395    0.4356   0.063    3
59600.250    0.096326782686   -0.254901597430    0.0348    0.0789  -0.492  172
59600.272    0.497675441934    0.075599993465    0.1253    0.1510   0.095   85
59607.248    0.134295890897    1.337896794951    0.3166    0.2533   0.246   41
59614.250    0.491347258232   -1.090800000725    0.0863    0.1465  -0.549   24
59621.248    0.800304421033    3.133699200930    0.1442    0.1734   0.904   45
59621.270   -0.586131652144   -0.505202407908    0.1710    0.1850   0.013   95
59628.250   -0.654195920758   -1.227599999254    0.0381    0.0780  -0.127  205
59632.209    1.622826679329   -0.848602800829    0.3269    0.1932  -0.478   91
59642.250   -0.046690189378   -0.227501998040    0.0235    0.0470  -0.277  202
59649.248   -0.185066496791    0.466099197638    0.0873    0.1476   0.094  173
59653.207    0.423424741566   -0.321300004202    0.2792    0.2362   0.164   53
59656.250   -0.119391750309   -0.173102402812    0.0507    0.1020  -0.230  123
59661.206   -0.030517037917   -0.112600808677    0.4762    0.4607   0.361   13
59667.207    0.345377131575   -0.923803203534    0.2007    0.3926  -0.102   25
59674.209    0.655316429019    0.714398396440    0.4174    0.3211   0.127   15
59677.248    0.104764362954    0.321498002620    0.0711    0.1475  -0.159  106
59681.208    0.650395632806    0.035398794296    0.3494    0.2823  -0.010   18
59691.270   -0.010546973837   -0.079300802724    0.1224    0.1744  -0.060   70
59695.208    0.457596940155    0.171298802343    0.2350    0.2010   0.178   78
59698.272    0.900849993853   -0.195400802738    0.2862    0.3717   0.081   51
59705.248   -0.332160507041    1.301198393833    0.0682    0.1548   0.226   44
59709.208   -0.418925825865    0.325396797507    0.6231    0.8889  -0.488    6
59719.270    1.140760756395    0.254098796404    0.3224    0.2891  -0.065   25
59723.208   -0.128534711989   -0.360601200100    0.3509    0.2424   0.212   34
59730.082    0.645613213209    0.030099596415    1.2612    0.7429   0.117   10
59731.207    1.004071968034   -0.249901206928    0.9653    0.3197  -0.156   15
59752.208    0.370548120433   -0.520401603410    0.2363    0.2371   0.078   23
59754.268   -0.448035476293   -0.448801201003    0.2650    0.2273   0.039   26
59765.208   -0.419769583892    0.032896795688    0.1578    0.1639  -0.034  103
59767.249    0.028404266020   -0.333702000432    0.0611    0.1639  -0.115  121
59775.248   -0.753617606987    1.307797198535    0.3893    1.8080  -0.933    8
59786.210    0.090703980394   -0.308501998347    0.2367    0.2724  -0.260   45
59793.208    0.555331110330   -0.233902804325    0.2498    0.2194   0.151   51
59795.250    1.115164514691   -0.519300007795    0.1035    0.1458  -0.682   39
59803.248   -0.482207671884   -0.455000402155    0.4135    0.6517  -0.701   17
59814.210    0.171843121594    0.221198394001    0.2022    0.2268  -0.049   41
59821.208   -0.339754329283   -0.347803207035    0.1486    0.1203   0.117  141
59824.272   -0.012798122351    0.179697600799    0.1686    0.1688  -0.036   44
59828.206   -0.068064268614    0.165797999330    0.1298    0.1600   0.008  123
59842.210   -0.415412417141   -0.141400798270    0.3185    0.2509   0.260   24
59849.208    0.652505029372    0.017697600185    0.1985    0.1650   0.056   59
59864.209    0.360423024110    0.780699600966    0.4636    0.2680   0.224   13
59877.208    0.001545764106   -0.318700803348    0.2531    0.4091   0.000   20
59884.206    0.105608120981    0.656398800913    0.5387    0.5772   0.188   10
59891.208    0.210095730703    0.133297200478    0.2447    0.2331  -0.071   16
59901.271    0.039514872317    0.097099199081    0.1685    0.1812   0.030   94
59905.208    0.414423531834    0.263498394304    0.5168    0.3449   0.530   22
59913.207    0.241875031828    0.319096800183    0.2816    0.2265   0.003   47
59919.208    0.359299137519    0.034999203535    0.2642    0.2787   0.121   20
59926.206    0.277174489342    0.220899599412    0.2326    0.4439   0.426   10
59948.209   -0.086626942207    0.900997203246    0.2649    0.2858  -0.003   14
59961.208    0.013922005944    0.556297203502    0.4599    0.2385   0.131   11
59968.206   -0.276894360778   -0.519501600138    0.2412    0.1739  -0.016   33
59975.208   -0.937276713291    0.555598792573    0.6829    0.5258   0.014   36
59982.206    0.506393150767    0.966797995261    0.3187    0.3405  -0.002   27
59984.248    0.323297673926    0.307098001429    0.4644    0.6049  -0.615    3
59996.206    0.827021173997   -1.120302007962    0.7928    0.2606   0.124   10
60019.268    0.627472417130   -0.230601598616    0.6500    0.2796  -0.119    5
60040.248    0.298548565581    0.274298395198    0.0308    0.0638  -0.292  129
60052.207   -0.105331367749    0.086097593055    0.1565    0.1768  -0.136   59
60055.249    0.971587288496    0.680896798144    0.0233    0.0470  -0.726   53
60059.208    2.316675846022   -1.433203200918    0.3902    0.2521  -0.208   18
60082.248    0.323159297310    1.292997593794    0.3564    0.4655   0.227   24
60090.269   -0.575021048844    0.526597197847    0.6930    0.2424   0.009   17
60096.270   -0.497958945831    0.311698801170    0.4659    0.3500  -0.013   25
60101.208   -1.274358019543   -0.593999997989    0.4998    0.3967   0.049   12
60104.269    2.592304571259   -0.377600402146    1.0975    0.4693  -0.010    7
60108.207   -0.551115698525    0.245098802054    0.7037    0.2683   0.030    9
60118.269    0.013922005944    0.290998802654    0.2851    0.3316  -0.393   33
60125.271   -1.267746331944   -0.193201205434    0.4329    0.3278  -0.025   56
60180.252    2.547443646885    2.336896794475    2.2396    2.4631  -0.518   15
60195.271    0.356487737872    0.268797592184    0.3729    0.2807   0.095   13
60202.270   -3.205578229212    0.348497998459    0.4672    0.4509  -0.592    3
60208.249   -0.668539804217    0.676198796157    0.0566    0.1674   0.041  132
60208.271   -0.304738375665   -0.263001601297    0.4476    0.3551  -0.572    5
60220.207    1.447746902244    0.524296791582    1.5018    0.3515   0.240    8
60223.249    0.148079520225    0.366897603499    0.1069    0.1205   0.057  164
60223.271   -0.232175191350   -0.182401204540    0.2547    0.3122   0.215   13
60230.251   -0.802133689035    1.192597201793    0.0705    0.1539  -0.064  139
60237.271    0.449861365965    0.024699602363    0.3338    0.2867   0.162   27
60241.209    0.330047738141    0.346096796022    0.2993    0.2310  -0.060   40
