%-----------------------------------------------------------------------------
%                R.A. (mas)        Dec. (mas)        Err. (mas)     Corr. Del.
% Uncertainty in R.A. is in R.A. cos(Dec.)!!!!
%-----------------------------------------------------------------------------
53572.467    0.414873654244   -8.218602000554    0.3031    0.5619  -0.134   77
56661.920    0.000000000000    1.408201198849    0.2668    0.5976  -0.225   29
57904.690    0.030244693005   -0.155199600371    0.1382    0.2922  -0.204   90
58198.227    0.216197262595    0.548499599340    0.4186    0.3368  -0.053   49
58258.146    1.192370999989    5.924800798773    0.2114    0.3414   0.142   72
58682.249   -0.086087955192    0.044297998869    0.4064    0.2744   0.266   25
58899.905   -1.228753022809    0.000000000000    0.1580    0.3597  -0.364   82
