%-----------------------------------------------------------------------------
%                R.A. (mas)        Dec. (mas)        Err. (mas)     Corr. Del.
% Uncertainty in R.A. is in R.A. cos(Dec.)!!!!
%-----------------------------------------------------------------------------
57646.250    0.348160484433    0.000000000000    0.1410    0.3198   0.055   69
57933.249    1.143163156812    0.176097600502    0.2013    0.4062  -0.280   63
57967.228    0.000000000000    0.108900001017    0.1958    0.3779  -0.403   54
58015.324    0.526357551606    2.771697601034    0.3564    0.9445  -0.489   55
58137.058   -4.212369869895   -5.355100799598    0.1943    0.4227  -0.574  102
58601.083    0.447589724811    0.682797600859    0.4694    1.1757  -0.547   41
58861.959    0.087001489475   -0.051001200063    0.1956    0.4436  -0.366   70
58871.905   -0.317162966323   -0.552902399065    0.1903    0.4040  -0.154   56
59230.577   -0.224619665729    3.123000001004    0.1448    0.2654  -0.002   48
