%-----------------------------------------------------------------------------
%                R.A. (mas)        Dec. (mas)        Err. (mas)     Corr. Del.
% Uncertainty in R.A. is in R.A. cos(Dec.)!!!!
%-----------------------------------------------------------------------------
57660.250    2.863241355198   13.445301598480    0.6502    1.5138   0.207   93
57960.230   -0.638466118078  -78.887098802127    0.5792    2.7223   0.600   13
58038.229   -1.180113695674  -12.674199600227    0.4687    2.1852   0.570   18
58048.076    3.244228776654   18.711100799962    0.2393    0.4654  -0.314   54
58143.856    4.336180777815   17.215700398054    0.1970    0.4488  -0.496  100
58310.227    0.000000000000    0.000000000000    0.8251    4.7155   0.702    6
58645.413    3.261234584715   17.590899597764    0.1953    0.4122  -0.456   92
