%-----------------------------------------------------------------------------
%                R.A. (mas)        Dec. (mas)        Err. (mas)     Corr. Del.
% Uncertainty in R.A. is in R.A. cos(Dec.)!!!!
%-----------------------------------------------------------------------------
50204.252    0.084318190014    0.164300394090    0.3900    0.3891  -0.261    9
50288.252   -0.150628267552   -0.091897203447    0.3081    0.4941  -0.316   16
50305.832   -0.002613740161    0.050803188856    0.3457    0.5983  -0.222   90
51927.334    1.320037814306   -0.519397210041    1.3766    1.3570  -0.079    5
51967.168    0.287028477654   -0.555497996402    0.3120    0.6322  -0.438   21
53101.207   -0.112486211499   -0.141098396966    0.1801    0.1983  -0.092  153
53243.249    0.135140970399   -0.024199215432    0.1053    0.1302  -0.081  102
53444.206    0.297773867630   -0.250297216553    0.2175    0.2946  -0.313   19
53584.202   -0.188575171538    0.322001983477    0.2573    0.1999  -0.102   21
53801.205    0.180348269224   -0.016797596913    0.1426    0.2153  -0.053   21
53927.205    0.475508396692   -0.703299613747    0.3443    0.4684   0.179   13
53978.249   -0.231556723185   -0.203399997645    0.2119    0.1443   0.478  146
54263.206    0.215198179311    0.084002385847    0.2451    0.2288  -0.092   21
54445.206   -0.102807228566    0.135302406079    0.1207    0.1154  -0.138   42
54627.207    0.415780299934   -0.014799604742    0.1965    0.2712  -0.176   43
54781.207   -0.237850618804    0.522302406125    0.1355    0.2260  -0.113   24
54978.208    0.113747770609   -0.258199196423    0.2177    0.4003  -0.313   21
55042.251    0.452565544377    0.181900804819    0.1555    0.2298  -0.341  238
55154.248    0.113747770609   -0.035100012497    0.0749    0.1206  -0.048  196
55411.209   -0.131363243034   -0.673200017332    0.3163    0.3323  -0.023   21
55470.269   -2.375504430129    0.610199992934    1.8576    2.2839  -0.216   21
55540.270   -1.318488153526    0.168400794109    0.3724    0.3328   0.180   16
55811.208    0.549757283129    1.448600394838    0.3178    0.8792  -0.399   13
55883.269   -0.559243433401   -0.094298405884    0.2608    0.4166  -0.001   38
55950.208    0.484704125887   -0.437497206462    0.1919    0.2607   0.003   18
56036.250   -0.388188473534    0.444200401262    0.2015    0.2584  -0.207  202
56111.207   -0.466793601827    0.734399984026    0.2503    0.2937  -0.388   16
56175.209   -0.212584430895   -0.169599604760    0.1359    0.1797  -0.192   29
56240.268   -5.853234755092  -21.650896806591    5.0289   21.0348   0.985    3
56308.208    0.034464236511   -0.133099214850    0.1584    0.3932  -0.248   12
56310.271    0.276475928594   -0.718797616628    0.3492    0.7074  -0.290    4
56317.270   -0.486156206506    0.274701605463    0.3285    0.4141   0.038   37
56513.270    0.685576667587   -0.912499208994    0.9939    0.4061   0.127    8
56615.208    0.451015883597   -0.206596800467    0.3049    0.3516   0.467   12
56629.208    0.010650129221   -0.310500016099    0.1382    0.1678   0.131   23
56638.251   -0.164180238604    0.373701581680    0.2404    0.2304   0.358  166
56748.206   -0.341238673014    0.070102797167    0.2096    0.2694  -0.053    5
56751.271    0.121008173703   -0.380397614208    0.2438    0.3744  -0.188   21
56758.272    0.232623130227    0.000000000000    0.3488    0.4330  -0.296    5
56965.209   -0.011131063552    0.201402005473    0.1649    0.2369   0.018   17
57028.207   -0.555660858104   -1.141599608445    0.2418    0.3141  -0.303   21
57031.271   -0.037558911003    0.451202390650    0.2627    0.2463   0.151   14
57036.209    0.210261103556   -0.883497614268    0.0911    0.1293   0.001   49
57049.209   -0.209194696514   -1.577998813218    0.1561    0.2772   0.016   44
57051.250   -0.611325453489   -0.921798010722    2.4927    0.8789  -0.667  146
57098.832   -0.555275192782    0.306302388253    0.3332    0.2502  -0.317   36
57374.270   -0.133784150534    0.757501197768    0.1434    0.1729  -0.224   56
57437.269   -0.347239828150   -0.012898814816    0.1800    0.2725  -0.321   18
57505.209   -2.274827696241   -0.479098795836    0.2050    0.3671   0.159   16
57567.206   -3.969790106445    2.085001202090    0.2459    0.2816  -0.372   56
57638.207   -1.137363898337    0.931499997137    0.1267    0.1993  -0.124   62
57710.267   -0.975602239572    1.805702390811    0.1963    0.1788  -0.108   81
57715.271    0.463213345937    1.427803181286    0.1722    0.2607  -0.403   31
57850.271    0.245208593804   -0.015796797470    0.1246    0.1416  -0.221   52
57875.189   -0.327103556911    0.094701590569    0.1477    0.2493  -0.190  126
57904.690    0.000000000000   -0.503798398199    0.3271    0.3697   0.656   36
58050.209    1.800192865676    0.890701195999    0.3533    0.6050   0.587    3
58137.270    0.937076829349   -0.855496793406    0.1689    0.1788  -0.059   42
58258.146   -0.107453883244    2.407600800325    0.2588    0.3373  -0.454   36
58305.026    0.693417896325    2.684401181341    0.1664    0.2281  -0.057   64
58393.208    0.485092118870   -1.456297201230    0.2363    0.2778  -0.002   11
58540.207    0.065538738640    0.674801987088    0.1372    0.1545  -0.165   23
58617.209    0.085382269395   -0.277599613696    0.1724    0.1613  -0.278   25
58687.209   -0.477538983548    0.617101198941    0.2672    0.4529  -0.674   44
58712.722    3.082862290488    0.407800794733    0.1899    0.1761   0.034  135
58778.211    0.021878772934    0.413100005403    0.1636    0.1704  -0.234   43
59044.208   -0.027782347909   -0.033199196992    0.1271    0.1440   0.039   75
59114.208   -1.363307459368    0.415202387671    1.2423    0.4948  -0.103   18
59121.206    0.004163400941    0.407300382221    0.1455    0.1952  -0.060   55
59198.208    0.225169894472   -0.392097618374    0.1879    0.3924  -0.185   29
59289.207    0.376669408745    0.636001203702    0.3840    0.3842  -0.061   19
59444.208    0.290125479807    0.449902796618    0.2150    0.3097  -0.014   21
59521.210   -1.473084669952    1.726001997326    1.2403    1.0224   0.636    8
59583.207    0.127299741661    0.142001994163    0.1106    0.1346  -0.114  116
59598.208    0.002613740161    0.632203204987    0.1647    0.2457   0.277   32
