%-----------------------------------------------------------------------------
%                R.A. (mas)        Dec. (mas)        Err. (mas)     Corr. Del.
% Uncertainty in R.A. is in R.A. cos(Dec.)!!!!
%-----------------------------------------------------------------------------
47639.726   -3.605611664085    2.544800402404    1.1682    1.1413   0.067   12
47685.554   -1.821161571142   -4.701499196358    0.8592    1.2541   0.396    9
49790.168   -0.831969494019    0.215398796399    0.8298    0.5192  -0.307    9
49909.090    0.193934061304    2.702098794316    1.5703    2.4206  -0.068   12
50631.755    0.000000000000   -0.294501600706    0.6244    0.6049   0.637   81
50687.836   -0.113003734152    0.244501200086    0.2894    0.5717  -0.059   80
50786.249  -22.150234636343   -0.413899199714   14.3366    1.0405   0.115    3
50905.916    0.474668079333   -2.416798805882    0.9356    1.8378   0.453    8
51157.708    2.046759598333   -0.853901998710    1.8252    0.8045  -0.225    3
51351.086   -1.222569345828   -0.926200799256    0.2503    0.4347   0.106   97
52353.230    6.121988571131   -4.050100798736    4.1886    3.0439  -0.920    4
52430.228    0.964350911809   -0.473900394127    1.3545    1.5216  -0.351    9
52522.238    1.822799312322    0.484199995299    1.1289    1.3632  -0.524   10
52676.249    1.023584513905    1.141599595655    1.2249    1.0328   0.395    7
52850.229   -1.130721876790    2.056798801675    1.3404    0.9671   0.240    9
52948.229   -0.914403261942   -1.932102004787    0.7667    1.4379  -0.359   13
53095.001   -2.061364921999   -1.844398796891    3.0930    2.2629   0.041    8
53192.001    1.881348344237   -0.725799606016    2.4410    1.4618   0.332    5
53396.230   -4.378485126360   -0.987598802737    2.2256    1.5304   0.049   11
53528.206    0.098535980838    0.248000404213    0.4954    0.2222   0.131   12
53752.166    1.158422531828    2.329300797044    1.4544    1.3380   0.674    7
53789.250   -0.343924391086    0.200300397069    0.7513    0.7011   0.057    4
53837.251    1.564718437019    0.382798803855    0.6620    1.4489   0.394    8
53851.229    1.076263904609    0.890899194417    0.1424    0.2320   0.001   86
53906.203    0.146986741457   -1.025200801053    0.6550    1.0005   0.612   15
53928.228    0.253711393285    1.101700797790    0.2270    0.4591  -0.181   98
53929.082   -0.285650499876   -3.781299599837    0.6905    2.2310  -0.108   15
54207.082    0.296839512523    0.000000000000    1.4531    0.9194   0.438    5
54270.208   -0.293020311914    0.053600400918    0.3297    0.2619   0.064   14
54306.232   -0.703135417714    0.572101201612    0.8818    0.6857   0.225    6
54362.229   -0.325775019152    2.990498396116    0.6481    1.4050   0.087    9
54564.004   -0.458022136533   -0.561099595586    1.1800    1.1437  -0.005    4
54601.248    0.240337651266    0.699497995527    0.1587    0.5068   0.439  117
54985.207   -1.053063750419    0.336999599426    0.3563    0.1024   0.167   11
55068.210    1.334616639038    6.340500003432    1.7451    8.3533   0.934    5
55168.252   -0.072335484991    0.019501200654    0.1472    0.3694  -0.176  137
55810.065   -0.083390197229   -2.208301202700    1.5111    3.4601   0.721    3
57102.499    1.873431532370    2.013300003512    0.7422    0.5853  -0.053   14
57855.228  -95.649469292150  -48.627100797205    0.5621    0.5849   0.034   66
58255.250    0.585490342419   -0.512499597960    0.4818    1.3108  -0.556    6
58408.227    3.158234821950   -8.378100005757    0.4417    0.1922  -0.243  119
58576.228    0.565428088600   -0.275900403324    0.1005    0.1011  -0.145   50
