%-----------------------------------------------------------------------------
%                R.A. (mas)        Dec. (mas)        Err. (mas)     Corr. Del.
% Uncertainty in R.A. is in R.A. cos(Dec.)!!!!
%-----------------------------------------------------------------------------
54314.250    0.067623495016   -0.071798400025    0.3654    0.7178  -0.175   42
56498.251    0.130601061145    1.802199599954    0.2019    0.5530  -0.263   48
56526.251    0.701447606636   -0.774997200015    0.3867    0.7048  -0.015    9
56561.249    0.000000000000   -0.952797600018    0.3930    0.7500  -0.426    5
56568.251   -0.146500188908   -0.003499200130    0.6241    0.4546   0.123    6
56820.248    2.293581353363   10.681599599227    0.2302    0.5442   0.161   54
56896.227   -1.805508907598    3.098401199608    0.9779    0.5999   0.069    3
56904.248    0.414899733810   -0.581097600438    0.1430    0.3104  -0.167   64
56959.229    2.202112759347   -3.138498000688    0.7068    0.4299  -0.576   13
57051.250    0.931617972461   -1.152097200041    0.4506    1.2092   0.080   43
57107.251    0.292244643903    0.204699599671    0.1117    0.2518  -0.286  117
57198.249    1.687197478583    1.651701599492    0.3106    0.4667  -0.112    7
57303.247   -1.943908385841   -0.627699600297    0.2938    0.2963  -0.189   17
57352.290   -2.810450738796    1.406699999684    1.3388    0.4292   0.186    3
57589.227   -1.169583149955   -0.173498400446    0.4700    0.4393  -0.024   10
57625.248   21.447153746633  -11.314400400586    2.8402    1.9112  -0.952    8
57722.229    0.933266178136   -0.496897200186    0.5443    0.6046  -0.290    6
57736.229   -3.277981707770    0.523900799543    0.3067    0.3359  -0.220   20
57775.461   -0.566949139657    0.505400399931    0.1315    0.2676  -0.198   83
57805.189    4.112132021573   -0.718599600624    0.9382    1.1037  -0.245   10
57842.250   -1.403352233480    3.269501999537    0.5637    0.6860   0.237   16
57863.227   -4.081096672465   -1.047499200180    0.6027    0.4853   0.215    5
57989.249   -0.414154790617   -0.395197200564    0.8672    0.7123  -0.034    6
58023.228   -1.667555671627   -1.577700000244    3.4606    0.7509   0.446    3
58129.249    0.823206606568    0.183999599557    1.5975    0.4011  -0.107    4
58149.228    0.000597389056   -0.807699600003    0.2778    0.3629   0.323   13
58220.251    1.046924467403   -1.594497600355    0.8847    0.9452  -0.228    8
58402.252    0.855292772295    1.584302399671    0.3755    0.4022   0.218   13
58612.230   -0.287598702230    1.733601599874    0.2264    0.2694   0.063   16
58661.251   -1.678952806425    0.050201999358    0.6847    0.5878   0.270    3
58689.251   -0.261209307579    1.622102399601    1.2191    0.3771   0.348   11
58723.230    0.066126436124    1.909601999728    0.7956    0.3477  -0.115    6
58738.249   -0.264505731713    0.149101199387    0.4264    0.4512  -0.335    6
58864.249    1.770266673799    0.143402399555    0.4545    0.5022  -0.221    6
58892.249   -1.088014619060    0.321602399911    1.6261    1.5413   0.075   19
58934.249    0.446388510482    1.136401199542    2.6271    0.8194   0.235    7
58976.249   -0.425249631849    0.000000000000    1.9135    0.6802   0.252    8
