%-----------------------------------------------------------------------------
%                R.A. (mas)        Dec. (mas)        Err. (mas)     Corr. Del.
% Uncertainty in R.A. is in R.A. cos(Dec.)!!!!
%-----------------------------------------------------------------------------
57152.498    0.000000000000   -4.019000402877    0.1940    1.3012  -0.533   16
57155.223    7.235291175103    4.273801204135    0.5104    1.1199   0.366    7
57156.249   -0.525596389682    0.000000000000    0.4506    0.6126   0.362    7
57158.499    5.808993198745    8.500899593855    0.9204    2.3929   0.361   14
57988.230    0.124321736282   -0.558298802389    0.3035    0.4843   0.009   11
58227.250   -0.767695712844    0.102398371382    0.4234    0.4697   0.012   41
58975.227    0.903199892946    2.155100418122    0.3973    2.0770   0.829   23
59066.229   -1.466746365363   -0.597600023866    0.3894    0.4080   0.078   12
