%-----------------------------------------------------------------------------
%                R.A. (mas)        Dec. (mas)        Err. (mas)     Corr. Del.
% Uncertainty in R.A. is in R.A. cos(Dec.)!!!!
%-----------------------------------------------------------------------------
47098.356   -2.041211115675   -4.006699202819    1.8521    2.4377   0.542    4
47278.256    0.188728071279    1.422100811510    0.7244    1.6576  -0.161   12
47681.247   -2.513215575254    3.368998801534    0.6817    0.8719   0.145   20
47914.255    0.879664892900    0.165499204741    0.5518    1.1409   0.086   10
48509.247    1.892973718601   -2.654999983065    2.1128    2.7570  -0.706    9
48874.421   -1.194162955821   -1.190098797110    0.5787    1.2527   0.081   12
49254.416    0.214363333057    1.767999609115    0.3761    1.0137  -0.315   28
49736.363    0.379737610765    0.151700399442    0.4114    1.0031  -0.002    5
50219.333   -0.147223064913   -0.055000791122    0.1963    0.3720  -0.123   81
50260.252   -0.153567921873   -0.096598799360    0.1519    0.2279  -0.022   52
50351.254   -0.162453143496    0.011700004166    0.1528    0.3002   0.069   34
50458.831    0.134280547109    0.562201216781    0.1590    0.1775  -0.013  135
50631.251   -0.061681810144   -0.125398801742    0.2441    0.7053   0.161   48
50792.250   -0.090618964862   -0.342601185821    0.2943    0.4672  -0.229   18
51107.249   -0.022336431356    0.361198814858    0.2312    0.4081  -0.134   16
51120.168    0.282393041036    0.995400012016    0.2397    0.3836   0.055   52
51373.253   -0.204588671598    0.090399598207    0.2214    0.2870  -0.122   16
51583.250   -0.109275807068   -0.041601589373    0.1982    0.2810   0.048   26
51681.250    0.059016542334   -0.858401989490    0.5658    0.8221  -0.682    5
51687.087   -1.225131794095   -1.032501597820    0.1067    0.1022   0.132  385
52543.244   -0.425044046910   -0.189100779835    0.1434    0.3051  -0.280  163
53285.253    0.824583795297   -1.022101187687    0.0546    0.1153  -0.049  257
53353.204    0.109150914742    0.120200400033    0.2839    0.3059  -0.143   27
53523.418    3.106049383031   -3.796002002332    0.2333    0.4127  -0.100   43
53561.356    3.039542677499   -4.831498785052    0.2741    0.4071  -0.113   45
53642.248   -0.180476423090    0.652798800616    0.1090    0.1000   0.240  169
53719.250   -0.158012058533    0.303300015503    0.1339    0.1708   0.392   88
53984.210   -0.355622310559    0.256399215459    0.2559    0.3108   0.068   16
54060.207    0.200275519837   -0.173098783307    0.3492    0.2537  -0.583   43
54326.208    0.024115300206    0.261698400550    0.2353    0.2004  -0.070   42
54440.250   -0.266270492564    0.064699196400    0.1270    0.1752  -0.022  146
54501.206    0.307775488109   -0.092199579171    0.1736    0.2505  -0.095   49
54601.248   -0.120189682192    0.296798413046    0.1236    0.4640  -0.643  153
54852.208    0.820901165272   -0.392799597648    0.3389    0.1851  -0.624   39
54949.207   -0.103055842434   -0.144500398847    0.2886    0.2452   0.531   31
55154.248   -0.123107764707    0.205599607739    0.0845    0.1583  -0.015   81
55285.208    0.028431503664    0.006199201152    0.0925    0.1407   0.117   60
55384.209   -0.353590616183   -0.170398786281    0.3186    0.3662   0.530   35
55386.269    0.252819282831   -0.501598788105    0.2326    0.2781   0.060   36
55449.271    0.156616978465    0.410000404827    0.3043    0.3358   0.050   39
55484.270   -0.111432382949   -0.183499193440    0.1923    0.3455   0.104   44
55560.271   -0.077164714254    0.634298399405    0.3571    0.6613  -0.167   26
55617.272    0.205225285907    0.347299200598    0.5095    0.7937  -0.339   12
55776.228   -0.109019940666    0.214801207221    0.1363    0.1744  -0.011  100
55889.295  -45.296406536802  -48.623698782535   17.5148   17.6377   0.997    4
55957.210    0.036808044179    0.178200008349    0.1181    0.1809   0.047   49
56020.208   -0.096455129893   -0.119098791629    0.1449    0.1799  -0.110   40
56084.207   -0.185551081486   -0.267901182838    0.1835    0.1669   0.059   35
56146.208    0.075769634186   -0.183099589890    0.2613    0.2133   0.011   53
56226.271   -0.533305532638    1.029999612001    0.4891    0.5934  -0.070   18
56295.209   -0.381132690833    0.263599216055    0.3834    0.2972   0.650   55
56296.271    0.409308328095    0.243298808300    0.3904    0.3592   0.332   37
56300.209    0.134786187341    0.150098404106    0.1014    0.1682  -0.063   70
56303.270    0.426698023434    0.244098015401    0.2711    0.3013  -0.002   38
56315.210    0.248631012573    0.068598004077    0.1255    0.1755   0.189   33
56392.230   -0.196592889811   -0.035398781506    0.1636    0.2141  -0.074   43
56545.208   -0.040993273562    0.222699605956    0.2186    0.1875  -0.333  195
56548.272    0.011422556232   -0.495799190503    0.2066    0.3806   0.499   92
56555.270    0.117399522056   -0.192301189372    0.1602    0.2069  -0.049  176
56561.249   -0.079702038041    0.120499220202    0.1652    0.2455   0.018   40
56566.206    0.462107957492    0.369698409486    0.1474    0.1580  -0.081  180
56568.251   -0.149635507196    0.189601217926    0.1540    0.2101  -0.149   85
56583.270    0.021450043217    0.205898402328    0.2569    0.2514   0.046   63
56594.206   -0.078815649902    0.233499619640    0.1156    0.1567  -0.296  323
56615.208   -0.007359178300   -0.124401583435    0.1608    0.2262   0.664  205
56618.272   -1.438352872610   -0.665499578645    0.5738    0.4791   0.547  116
56629.208   -0.045943050454    0.019299608311    0.1086    0.1201   0.311  219
56632.269    0.083131853361   -0.000601195893    0.1234    0.2252   0.017  196
56638.251    0.076786996401    0.316699217251    0.1951    0.1996   0.146  296
56639.270   -0.273251953011    0.274899616670    0.1311    0.2297   0.540  179
56643.208   -0.102675094527    0.011998798755    0.0784    0.1145   0.249  392
56645.250   -0.078054143268   -0.123199191648    0.0819    0.1200   0.009  262
56646.272   -0.186440521322    0.056800797665    0.1448    0.1534  -0.155   76
56653.270    0.180476412268   -0.031100395859    0.1289    0.1886   0.128  100
56667.270    0.268430109320   -0.052199985134    0.1476    0.1788  -0.300  192
56679.207   -0.011803314960    0.294199199402    0.2033    0.1395   0.171  187
56681.270   -0.113208210923   -0.527299189912    0.1729    0.2770   0.148  184
56688.269   -0.110290128408   -0.546400787016    0.2084    0.2802   0.311  184
56692.206   -0.170701750810   -0.140799602377    0.0924    0.1064   0.310  199
56699.208    0.023734552299    0.216799199393    0.0924    0.1142  -0.010  351
56702.265    0.051782256360   -0.239601592966    0.1294    0.1674   0.058  149
56706.206    0.999348934860   -0.036899993461    0.2822    0.1884  -0.290   61
56709.271   -0.550311428373   -0.433799991129    0.6239    0.4962   0.460  127
56720.206    1.005946606525    0.624099607194    0.2325    0.1687   0.309  155
56723.271   -0.167530853589   -0.020401191136    0.1311    0.1562  -0.093  160
56737.271    0.075644741860   -0.323701181060    0.4850    0.4471   0.020   73
56743.250   -0.362856596534   -0.623800787025    0.0556    0.0775   0.074  476
56748.206   -0.116634985368   -0.029300389315    0.1471    0.1774   0.529  236
56755.208    0.312725265001   -0.227098800565    0.3891    0.1938   0.116  314
56762.206    0.010408234892    0.055400420251    0.0788    0.1030   0.162  190
56763.273    0.103439642037    0.203299214263    0.1630    0.1686   0.096   68
56772.273   -0.471370896967   -0.181501201268    0.2421    0.2485   0.410  113
56777.269   -0.037057828831   -0.291402000130    0.1097    0.1508  -0.044  280
56800.269   -0.171971938552   -0.700300796552    0.2706    0.2565   0.384  100
56805.207   -0.050640012640    0.302698819610    0.0911    0.1135   0.151  269
56807.271    0.197738185228    0.032101220881    0.6917    0.3705   0.294   89
56811.208   -0.127423968166    0.007200000596    0.1441    0.1244  -0.657  278
56819.207   -0.052796588521    0.167500803627    0.0748    0.1107   0.054  267
56828.269   -0.322621777909    0.010900797065    0.2070    0.1926   0.294   99
56832.206   -0.065994972727    0.065098799951    0.0817    0.0862   0.139  351
56835.271   -0.097978132340   -0.014698795781    0.1513    0.2274   0.057  107
56841.272    0.249773267114    0.163198811265    0.2202    0.2151   0.377  123
56842.291   -0.255356617440   -0.030401997719    0.2136    0.5400   0.326   28
56846.206    0.124761741231   -0.221799589895    0.1040    0.0848   0.040  343
56848.248   -0.369201442672    3.214598405066    0.7417    1.1058   0.116  165
56849.267    0.023353793571   -0.382301985269    0.1106    0.1604   0.024  162
56850.498    0.936269003773    1.262800807922    0.2970    0.7919   0.219   14
56851.499   -0.210299955125    0.558698405939    0.2745    0.7242   0.071   18
56856.269    0.346231437883    0.035200821458    0.1811    0.1766   0.047   75
56857.500    0.319198055162    0.750898811930    0.6515    1.1971   0.435   12
56858.501   -0.394331075039    0.451400401857    0.4745    0.8088   0.404   15
56860.206    0.072217978237    0.183200398851    0.0772    0.0979  -0.033  262
56863.275    0.054828272076   -1.143298780448    0.2236    0.5627   0.332   94
56867.208    0.015738759690   -0.236098782125    0.0780    0.1936  -0.471  259
56875.792    0.055717711912    1.206500397188    0.1919    0.5046   0.326   27
56878.498   -0.153443029547    0.479199604797    0.4684    1.3656  -0.188    7
56879.503    1.840429955607   -1.791100797277    0.5199    1.5473   0.158    7
56884.269    0.066506694710   -0.067701594730    0.1363    0.1788  -0.014   73
56885.496    0.291403154985   -0.059900398242    0.2149    0.4706   0.424   27
56886.501    0.436216829312   -0.507801595973    0.2315    0.4994   0.455   28
56888.207    0.091380460675   -0.011800787547    0.0627    0.0779   0.094  283
56891.271   -0.141258966681    0.366901210214    0.1769    0.2638   0.227  125
56895.208    0.201037015650    0.066797997533    0.0695    0.0822   0.312  307
56898.269   -0.061806702470   -0.037601998315    0.2208    0.3157   0.083   81
56899.496    0.092397833712   -0.459799187524    0.3559    0.7475   0.062   27
56900.501    0.392935994971    1.767600005564    0.3373    0.7342   0.128   25
56901.790    0.230230025948    2.905599600922    0.2595    0.6900   0.005   10
56901.998    1.403707486063   -0.752601590648    0.8630    3.2307   0.506   71
56903.207   -0.070691924093    0.128898005869    0.0686    0.0794  -0.030  296
56904.665    0.090238206134   -0.017701194110    0.2081    0.5085   0.015   25
56905.271    0.133391107274    0.410400008377    0.1333    0.2480   0.124  109
56905.662   -0.070944749619    4.287200405884    0.3111    0.6739   0.220   26
56906.659   -0.798436800715   -0.851900387033    0.2631    0.5895   0.162   25
56907.656    1.328952173217   -0.017899179738    0.3350    0.7697   0.189   16
56908.412   -1.737495964623   -2.798499582468    1.6306    2.1611   0.941    4
56909.208   -0.166894239280    0.374698799988    0.1150    0.1405   0.144  280
56910.227    7.154837508298    5.855698799451    0.3835    0.3780   0.183  457
56910.969   -1.222085778378   -1.827500378226    0.3074    0.7954  -0.226   10
56911.645   -0.722286418622   -1.208599198321    0.2603    0.5835   0.157   26
56912.642   -0.054066776263    1.350900012653    0.2705    0.6801   0.086   24
56913.639   -0.495358263971    1.971000003209    0.2636    0.6047   0.109   26
56914.636   -1.014828787273    1.733698803719    0.2609    0.5756   0.132   26
56915.399   -5.454777079537   -2.136801583674    1.5285    2.1666   0.888    4
56916.959    0.529501051162    4.251398414112    0.3309    1.0341  -0.157   10
56917.627    0.031477519381    1.328299211423    0.2592    0.5773   0.173   26
56918.625   -2.095277891939    4.422099601697    0.2793    0.6428   0.116   26
56919.603    0.580393878508    1.092301212680    0.3108    0.6330   0.104   19
56920.619    1.814663708931   -2.797498783025    0.2519    0.5621  -0.023   24
56921.616   -1.259146648084   -0.822700781100    0.3611    0.8658   0.062   22
56924.790    0.970283857762   -3.545899190271    0.3708    0.9045  -0.221   12
56926.269    0.206495473649   -0.578098797632    0.1694    0.1969  -0.162   36
56930.207    0.394586930620    0.445698006502    0.1727    0.1393   0.026  269
56931.229   -0.110290128408    2.225098799613    0.6216    0.9603  -0.136    5
56932.270    0.279347025320    0.110498413619    0.1690    0.1710   0.107  142
56934.498   -0.954797912777    4.983098401112    0.3622    3.8027  -0.402    5
56935.499    3.494669174543   -0.530200779281    0.3477    1.1708   0.115   12
56939.250    1.494707198831    3.736900811191    0.3087    0.6952   0.500   22
56941.496    0.540795674193    3.041798416348    0.4012    0.7837   0.381   28
56942.501    0.115748586408   -8.016901190899    0.4433    1.2548   0.173   17
56944.207    0.063332756614    0.050101209581    0.2947    0.3813  -0.132  160
56945.792   -0.075388886279    1.510700403173    0.2985    0.6604   0.050   13
56948.498    1.060394130695    2.232000005620    0.4602    0.9096   0.229   26
56951.208    0.468705629157   -0.519199198834    0.1860    0.1356   0.635  456
56952.271   -0.044672862711   -0.353901586436    0.2377    0.1932  -0.066  118
56958.207   -0.312597342621    0.487598416044    0.2739    0.1950   0.140  213
56962.502   -1.622508874029   -5.833800003074    0.2771    0.6549   0.551   27
56963.503    2.027251224835    2.360898011489    0.3005    0.6842   0.469   26
56965.209   -0.014849330676    0.174798006469    0.1333    0.1566   0.373  219
56973.229    0.773815860277   -0.186299999427    0.3771    0.3527  -0.183   62
56974.248   -1.469827351116   -2.198199587156    0.4508    1.1369   0.102    5
56975.271   -0.040612525655   -0.259498790456    0.1207    0.1925   0.024  299
56976.498    3.683522127326   -0.711201593617    0.7572    1.2487   0.422    7
56977.499   -0.165371226011   -7.329801584888    0.3385    1.3569  -0.180    8
56980.228   -0.819378162824   -0.172602003090    0.4257    1.2449   0.405   10
56981.247   -0.040993273562    0.642499199444    0.3855    0.6055  -0.104   12
56982.269    0.030207331639   -0.408999579804    0.1361    0.3497   0.338  371
56983.497    1.364614921980   -4.048099199849    0.5655    0.8498   0.218   24
56984.501   -1.480363519209   -4.003199998692    0.4178    0.8244   0.255   23
56988.997   -0.305743804553    1.329800397798    0.6463    0.7119  -0.213   99
56990.498   -0.052668655320   -4.692898792769    0.3126    0.7185   0.439   23
56991.503    0.670884899347    8.494300814732    0.2975    0.8324   0.331   20
56993.205    0.695380958281   -1.550098801317    0.1104    0.1142   0.114  128
56997.497    1.478206932506   -3.363800399825    0.5666    0.9274  -0.051   12
56998.501    2.065198482680   -1.980701989623    0.7617    1.2800  -0.114    8
57003.271   -0.054319590969    0.211298396380    0.1270    0.1583   0.093  196
57004.498    0.174131566130   -1.114599587027    0.3956    0.7357   0.209   16
57005.499    0.582550454389    3.130398008011    0.4159    0.8430   0.260   20
57006.792    1.222975207392   -0.312101985855    0.3430    0.7960   0.390   13
57009.250   -0.351558921806    1.406998805464    0.3255    0.4362   0.033   29
57011.610   -0.600445800782   -0.090298789246    0.4598    0.9836   0.296   24
57012.501   -1.743335170529    3.117898796745    0.4242    0.7962   0.132   21
57015.270   -0.652608815870   -0.897598795291    0.1091    0.1487   0.043   90
57028.207   -1.712241439930    1.470600000175    0.1603    0.2095  -0.156  155
57036.209   -0.159915808887   -0.854398791716    0.0719    0.1200   0.168  322
57039.497    2.180947069087   -2.213801980133    0.3771    0.8905   0.319   14
57040.501   -1.925587410772   -0.890899181627    0.3291    0.8410   0.553   25
57041.999   -0.015991585217    0.120798014791    0.1637    0.3255  -0.110   85
57045.271    0.123619486690    0.110199619030    0.0868    0.1139   0.110  130
57046.499    3.485531127393  -11.833099185310    0.8587    2.3048   0.247    7
57047.499   -2.738239968730  -16.613999980564    0.9339    1.9125  -0.159    4
57049.209   -0.258149807630   -1.312002001441    0.1438    0.2672   0.197   90
57052.270    0.104453963377   -0.165999591673    0.1466    0.1870   0.248   99
57054.501    0.395476370455   -5.839099188165    1.9359    4.6256   0.757    4
57058.249    0.197485359701    0.291700820299    1.1389    1.5596  -0.634    3
57059.271   -0.034392561021    0.314798401746    0.2400    0.3460  -0.657  112
57064.228  -10.041314863280   21.337898411389    9.0451   19.8618  -0.996    3
57066.273   -0.062568209104   -0.024299998813    0.1136    0.1483   0.385   94
57071.226   -0.277693048796    0.377100002424    0.9245    1.1987  -0.383  157
57073.271    0.137579377531    0.452401201301    0.1126    0.1676   0.131  163
57085.208   -0.294574063027   -0.821998801825    0.1009    0.1168  -0.113  194
57086.581   -0.257769059723   30.965500806701    1.5525    3.6789  -0.107   12
57095.497   -1.117378989474    3.627698410469    0.6062    1.2446   0.337   15
57096.501   -0.048736251465   -0.180899979796    0.5028    0.9870   0.308   15
57102.499    7.760233075150    1.026601216836    0.4126    0.5004  -0.132   53
57105.209   -0.532796840709   -0.742301989476    0.1310    0.1929  -0.301  247
57108.270   -0.120951188827   -0.345301182847    0.0981    0.1481   0.117  223
57109.497    0.031221652978   -1.102100401340    0.3527    0.6951   0.146   25
57110.501    1.335297030177    3.845700001648    0.4068    0.8674   0.232   17
57112.207   -0.959114116236    0.043700416086    0.1236    0.1753   0.429  377
57113.226    0.418193549718    1.388098800703    0.2924    0.6817  -0.083   52
57114.274    0.195200850619   -0.162298795203    0.1781    0.1910  -0.036  101
57121.251    2.302406939021    1.057798814941    0.3923    0.2914  -0.105   23
57123.497    1.492294756548    1.464998413780    0.3940    0.8153   0.171   25
57124.501    0.563768719857   -0.822599997718    0.3533    0.7343   0.098   27
57129.272    0.343313355367    0.034700408946    0.1212    0.1413   0.188  138
57130.499    1.167766176588    1.250600416824    0.4143    0.7810   0.076   20
57131.500    0.943759156149   -3.048199184263    0.3394    0.6244   0.198   27
57135.583  162.594910418469   86.877000006780   17.8338   22.8714  -0.186   29
57136.273   -0.964188785454    0.302799602991    0.1063    0.1427   0.090  178
57142.271   -0.146970250208    0.140698818996    0.1263    0.1262   0.037  179
57143.290  108.611011916692 -204.730801195296    1.3281    1.1536   0.043   24
57148.228   -0.656921978453   -1.309899593593    0.7008    1.1970   0.174  171
57150.270    0.553360484965   -0.869698783390    0.1408    0.1049  -0.141  206
57157.268    0.391540914903    0.067399219006    0.2065    0.2205  -0.076  106
57159.507  -88.973730974021 -100.834199997735    0.7332    1.2580  -0.138   83
57161.209   -0.233400933991   -0.007200000596    0.1124    0.2102  -0.151  304
57164.270   -0.508428714976    0.055998009429    0.1677    0.1367  -0.046  142
57169.208    0.182255291940   -1.123498785205    0.1031    0.1209  -0.076  225
57171.268   -0.088334455780   -0.035701182810    0.1930    0.2078  -0.042   87
57175.209   -1.154439859181   -0.977900384669    0.1177    0.1256   0.204  327
57177.583    5.467853623114  132.518498421064   45.4473   43.4524  -0.256    4
57178.270   -0.104070163774    0.143398816022    0.1440    0.2660   0.380  161
57185.268   -0.276678727456    0.506498420805    0.2296    0.1965   0.035  192
57192.270   -0.586863616972    0.032698810060    0.2536    0.2335   0.414  144
57199.272    0.090746887242   -0.093898802334    0.1521    0.1451   0.051  116
57201.500   -0.400042347744    3.152098818759    0.4240    0.9527   0.221    8
57203.209   -0.540031126683   -0.685000779299    0.0977    0.1407   0.199  348
57204.363    2.811600201508   -0.004701595913    0.7383    0.6061   0.114   49
57217.209    0.211953942471   -1.063501184717    0.1303    0.2736   0.162  344
57220.270    8.755390698877    2.622700802135    0.1275    0.1402   0.088  292
57234.270    0.493329621292   -0.177101981080    0.1853    0.2009   0.269   83
57237.999    0.012564810773    1.400101206173    0.2704    1.0886  -0.104  194
57241.268    0.933478854458   -0.444301184643    0.1028    0.1140  -0.059  234
57248.270   -0.301174786389    0.195998404706    0.1048    0.1506   0.111  137
57252.207   -0.300285346554    0.629099997695    0.0873    0.0874   0.150  274
57255.272    1.378197105789    0.124398002299    0.1668    0.1366   0.124  116
57260.228   -0.982592812954    3.182400007518    0.3723    0.5821   0.147   52
57261.251   -0.952004722588    1.797299998429    0.4236    0.4197   0.177   55
57262.270    0.018531960702   -0.198298798182    0.1196    0.1270   0.112   87
57266.207   -0.059016553156   -0.908701184699    0.0866    0.1182   0.003  417
57267.230   -2.449757937136   -0.587700000665    0.3582    0.6032   0.043  191
57269.272   -2.926712184428    0.674200816775    0.1622    0.1958   0.100  105
57272.997   -0.519089775395    0.004100400020    0.5168    0.6655  -0.558   36
57274.206    0.407023819013    0.691398017238    0.1419    0.1895  -0.304  428
57276.270    0.019674215243    0.087498008838    0.1866    0.1466  -0.169   93
57287.206   -0.116129345136   -0.349498785113    0.0680    0.0775   0.078  363
57290.270    0.151920016278    0.537800409006    0.1478    0.2565   0.569  297
57291.501   18.328002984698 -890.160699583475    2.1671    3.7322   0.300   95
57294.207   -0.873825686994   -0.350600393517    0.0720    0.0687  -0.058  349
57315.209   -0.269191615955    0.136699202358    0.0878    0.1322  -0.033  585
57317.207  -59.582471882603  -56.783800778248   16.6558   12.6621   0.164   21
57322.208   -0.418952015477   -0.223099183927    0.2683    0.2903  -0.126  619
57325.268    0.255231725114   -0.259801191760    0.1592    0.1944  -0.040  161
57330.206    0.217409348773    0.538898410696    0.0962    0.1162  -0.220  470
57332.270   -1.665281027261    1.274000399576    0.1289    0.1512  -0.307  254
57336.208    0.730538066812    0.551498405343    0.0893    0.0842   0.070  349
57337.227    0.776609050467   -0.063399602368    0.5979    0.6782   0.071  113
57338.249    0.797675294080    0.990198003592    0.6102    0.7573  -0.337   45
57343.209    1.115731094701    1.126598411361    0.0693    0.2221   0.308  635
57344.228    0.838543686138    0.644500798330    0.4581    0.8622   0.172   42
57345.247   -0.045943050454   17.953398000259    1.3136    6.0621  -0.629    3
57345.580 1017.112285528755  885.399199205494   12.4865   11.7196   0.275   18
57346.270    1.204827046294   -0.647499589945    0.0889    0.1320   0.347  229
57351.270    0.344580502234   -0.777700796561    0.0588    0.0795  -0.294  278
57352.290    5.137994518355   -2.677100397364    0.3697    0.2425   0.179   59
57360.270    0.226803262325    0.600498006520    0.0787    0.0934   0.062  307
57365.227    3.239565371808    1.864501206228    0.2678    0.5630  -0.153  237
57371.209    0.363998851075   -0.868201203730    0.0718    0.0812   0.033  621
57372.225   -0.226291540342    0.879300012002    0.3197    0.5555  -0.130   87
57373.248   -0.422378779100    0.324399604779    1.1274    1.4655  -0.735   81
57374.270    0.185934870268    1.025600417393    0.1129    0.1366   0.074  178
57378.208    0.495105438444    0.068198400527    0.0974    0.1004  -0.193  434
57379.271    1.378321998115    8.623098011640    0.0751    0.1563   0.181  303
57392.208   -0.826484515597    0.674600420325    0.1217    0.1536   0.036  374
57395.272   -0.543838649034    1.851400799069    0.1649    0.2923   0.123   96
57398.771    0.862783878669    0.819698408350    0.2208    0.2849  -0.214   34
57400.207    0.376182903119    0.111200418473    0.1015    0.0946   0.198  614
57409.269   -0.549425040235   -0.244799994675    0.0940    0.0973   0.085  212
57414.207   -0.365141105616   -0.155098794608    0.0658    0.0783   0.121  660
57416.270    0.877127569113   -1.261000801378    0.1081    0.1271  -0.194  266
57420.208    0.768104576750   -0.920901601376    0.1023    0.1453  -0.140  287
57423.269   -0.056984858779    0.100400404790    0.1043    0.1256  -0.033  185
57428.225   -0.667077387818    2.728000814045    0.8375    1.2614   0.077   24
57429.248    0.642837195287   -0.893098791721    0.6366    1.0710   0.054   26
57430.270    0.858342782884    0.486698399982    0.1281    0.2133  -0.207  227
57435.227   -0.296986505310   -1.642899601961    0.5902    0.6756   0.480  218
57436.257   -0.429613065074    0.148500015484    0.8891    1.4431  -0.023   27
57437.269   -0.690556073715   -0.565498802985    0.1211    0.1537  -0.183  205
57442.236    0.777623382628    0.046299604151    0.3854    0.8471   0.659   21
57458.270   -0.948325133438    1.315501205568    0.1626    0.3293   0.104  234
57463.231    0.395220504053   -1.879200002008    0.5961    1.0678   0.424   10
57464.250  482.348480043999 -231.916399198440   40.7680   16.0357  -0.996    3
57465.269    4.407203626016   -2.522199588384    0.0986    0.1496   0.166  352
57469.206    0.265384093604    0.892598404789    0.0866    0.1450  -0.012  379
57470.229   -0.009010113948   -0.412199989341    0.4116    0.7740   0.255  253
57479.269   -0.001523013269    0.099298796385    0.0905    0.1188   0.049  294
57480.496   -4.707997653678    4.239000011808    0.6807    1.2020  -0.115    9
57481.497    0.450176720152   -3.250101602248    0.6688    1.1400   0.167   11
57483.206   -0.405753631271    1.276300818631    0.1588    0.1788   0.345  249
57484.229    0.862783878669   -1.445000381750    0.4781    0.4224  -0.412  105
57485.251   -0.289624286135    1.441501203203    0.8659    0.7279   0.300  227
57486.271   -0.046323809182    1.870398006076    0.0839    0.1266   0.162  300
57490.208    0.150016255103    0.018698412418    0.1244    0.1207  -0.058  338
57491.231   -0.214616158584    3.315398413406    0.3136    0.7298   0.598   25
57493.269    0.415656225930   -3.797499581992    0.1484    0.2353   0.450  159
57497.206    0.624813915693   -0.142498799960    0.1420    0.1489   0.044  315
57499.251   -1.849817776586  -11.361099581109    0.3703    0.7430  -0.250   94
57505.209   -1.950717043139   -1.912301996754    0.1626    0.1452   0.273  272
57507.269    1.551692057610   -0.430001992413    0.1036    0.1452   0.143  226
57520.250   14.227432592249  -22.482701984927    0.8883    1.7319  -0.033  151
57521.269   -0.773307179169    2.240600409209    0.2047    0.3060   0.052   77
57542.271   -0.500180107662   -0.274600796502    0.1820    0.1908  -0.016   77
57548.250    0.665429493045    7.961799616396    0.2832    0.9748   0.328   15
57549.269   -0.859609929751   -0.637199988773    0.1547    0.1982   0.089  127
57553.206   -1.638628392447    3.301498799146    0.1529    0.5486  -0.538  394
57554.229    0.301049894064   -3.704399986759    0.3497    1.2004   0.436   10
57556.271    1.113318652418    1.619798413799    0.1160    0.1539   0.016  144
57560.208   -0.304345683610    0.706499997705    0.1025    0.1900   0.251  233
57561.227   -0.391665807229    0.502498804167    0.6778    0.6196   0.566   92
57562.250   -0.031221663800   -0.546101992427    0.2318    0.4285   0.060  256
57567.206   -1.953763058855    2.233000805063    0.1599    0.2898  -0.320  408
57570.271   -0.997822891537    0.018298808868    0.0881    0.2555   0.057  187
57574.208   -0.176793782243    0.587401206076    0.1850    0.2712  -0.154  302
57577.269    5.113626392623    3.241198797355    0.2817    0.3152   0.414  125
57581.206    0.634332721570   -0.597200394736    0.1795    0.2975   0.510  515
57583.248    1.836747325581   -4.454398782627    1.5902    3.0977  -0.705    9
57584.271    0.816332147108    0.553500004230    0.1262    0.1826  -0.306  185
57588.208   -4.350090834036   -1.196301579398    0.2814    0.1871   0.357  331
57591.269   -0.208396193949   -2.135401180681    0.1282    0.2326  -0.146  179
57596.229   18.972363182432  -10.612699199442    1.0536    1.2911   0.879   98
57605.269   -0.439259804153   -1.446598795951    0.2219    0.3785  -0.110   81
57609.206   -1.088694660283   -2.059801187215    0.1447    0.1587   0.149  339
57612.271   -0.758329915292    4.972399196390    0.1416    0.2054   0.006  160
57623.206    0.237208456342   -0.951299992380    0.2272    0.2481  -0.667  196
57624.229    0.832451654704   -0.475300797120    0.7977    0.5421   0.783  219
57625.248    7.524166884171   -3.792999578422    0.5036    0.4227  -0.147   21
57630.208    0.864815573046   -0.374201994191    0.1245    0.1639   0.001  226
57636.998   -0.472513151508    0.353401199504    0.2884    0.4594  -0.373  365
57637.082    3.041574371875   -5.455501189999    0.3663    0.7121  -0.087   26
57646.250   -0.063585571320   -0.149399980387    0.0789    0.1127   0.277  393
57651.206   -0.534575720380   -6.924898798388    0.1130    0.3688   0.295  219
57652.229  -40.382550023784   11.854998007266    0.3121    0.4494   0.189   36
57653.248   -2.107206088403   -6.159301190678    0.9278    1.9049   0.694   11
57654.271   -0.173367018620   -0.764801981745    0.1419    0.1871   0.315   96
57667.230   -0.052035081887   -0.456400792359    0.1955    0.1842   0.034  115
57668.271    0.807574847864    0.527900411385    0.1682    0.1850   0.065  141
57669.345   -0.002665267810   -4.277699986233    0.4905    0.9267   0.387   40
57670.313    0.755286951272   -1.722898790035    0.5928    1.0107  -0.193   20
57674.228   31.497070088931  -66.044098778661    1.4964    1.1939  -0.103   30
57679.207   -0.566050198885   -0.368499598835    0.1256    0.1864   0.097  211
57680.229    0.594734517255    0.560401210237    0.6086    0.4653   0.076   33
57685.189   -1.692695168711    0.203698817813    0.3990    0.7703   0.159   30
57693.207    0.769499656818   -0.963899987028    0.1081    0.1512  -0.084  416
57694.229   -3.029134453428   -1.267999184051    0.3482    0.7768   0.161   21
57699.186    0.947057986571    5.006998796375    0.4782    0.9025   0.300   29
57701.227   -8.358519259176    7.555399199077    2.1287    2.0245  -0.869    3
57703.269    0.543841689909   -2.152601987859    0.1577    0.1939   0.161  124
57708.229   -0.165246344507    0.040298414206    0.3528    0.5209   0.038   26
57710.267    0.320340309703   -0.657900000078    0.1588    0.1336  -0.178  277
57714.208   -0.348132158183    0.620499619686    0.1240    0.1231  -0.193  190
57715.271    0.333157935181   -0.329399995280    0.1174    0.1339  -0.077  105
57717.313    1.146444066572    2.508998397843    0.5656    0.9658   0.145   37
57721.207    0.535465149394    0.631699211340    0.1044    0.1018   0.272  236
57722.229    0.992620289118   -0.584600400089    0.3740    0.3617  -0.556   19
57729.228   -0.987414656645    0.207500397664    0.3406    0.2721   0.026   41
57730.250   -3.575513477946   11.782800015681    0.6045    1.2641  -0.012   22
57731.269    0.608569515770   -0.147499190462    0.0415    0.0446   0.078  238
57732.292    3.014793803860   -3.012199181285    0.5694    1.0492   0.142   37
57735.207   -0.134405439435    0.430200003620    0.1161    0.1096   0.025  354
57736.229   -1.076766463819   -0.895100390608    0.2544    0.2751  -0.026   71
57743.209   -1.242137689830   -0.316198779160    0.1041    0.0904   0.246  273
57752.271    0.056732033252   -0.508301982904    0.0806    0.1226  -0.127  260
57757.209   -1.118521244015   -1.577401198460    0.1070    0.1384  -0.124  297
57764.207   -0.507667219163   -0.131698786277    0.1221    0.1360   0.080  270
57777.207 1656.914888282679  217.877500821828    0.0657    0.0698   0.164  414
57778.229    0.111941064056    0.682599602442    0.2127    0.2201   0.034   42
57784.209 9381.391807536002******************    0.1053    0.2285  -0.327  447
57786.247    5.715214447945   -3.607901996361    0.6529    1.1038   0.091   11
57787.269 1887.908837463362-1173.976599594084    0.0720    0.1512  -0.065  220
57791.207    0.574429780276   -1.359500390663    0.0706    0.1133  -0.194  738
57792.229   -0.096455129893   -0.390402001926    0.3990    0.4073   0.030  172
57793.249   -0.618974709786    0.767401220969    0.3070    0.3932   0.455  225
57798.209   -0.865829894385    0.084200397055    0.1861    0.3470  -0.631  410
57799.228   -5.326338790031    4.508200814257    1.1746    2.2378  -0.643    3
57800.250    4.364559405985   -2.815700389647    3.0403    1.9219  -0.921    3
57801.269   -1.622764740431    0.765198004160    0.1173    0.1210  -0.244  223
57805.189    4.452768969439   -0.402199182759    1.2049    0.7793  -0.396   23
57806.208   -0.730154278030    0.060300001792    0.2754    0.4528   0.308  425
57812.209    0.136945804098   -0.015400800635    0.1156    0.1331   0.163  316
57815.269    0.622404525106    0.575100006017    0.1878    0.2802   0.065  158
57819.207    0.320468242904    6.220400399570    0.2048    0.2922   0.194  366
57822.271    0.132376785934   -0.311500789962    0.2335    0.2697  -0.015   71
57829.269    0.190884647160   -1.110499187007    0.1381    0.1810   0.146  102
57833.207    2.926840106808   -2.100700797314    0.1539    0.2024  -0.058  126
57834.230   23.782907997435   -2.602601986723    2.2368    1.0797   0.102    4
57836.271   -0.691445513550    1.850299216244    0.1149    0.1608  -0.036  114
57841.228    0.568971322276    0.422798410682    0.5474    0.9198   0.336   35
57847.207    0.733456149327   -0.761101185276    0.1003    0.1189   0.003  476
57850.271   -0.102041521094   -0.296701185221    0.0824    0.1013  -0.198  286
57854.209   -1.257495701614    1.073300398957    0.1821    0.3260   0.253  380
57855.228 -194.166857671696   -3.670300799286    0.4498    0.5732  -0.179  124
57862.208    2.069386752937    0.308498417212    0.2685    0.4202  -0.465  483
57863.227   -6.908743830333   -2.397499184781    0.5652    0.4305   0.384   26
57864.271    0.002031694377   -2.911701599828    0.1108    0.1722   0.059  273
57868.209   -2.038037166758   -1.138100378739    0.1971    0.2648   0.605  258
57869.228   -1.947418201895   -0.233899197610    0.5350    0.3017   0.408  324
57875.167   -0.167783668294   -0.683899196474    0.2281    0.3032   0.544  225
57876.208   -0.818616656190   -0.229500003002    0.0704    0.0699   0.139  606
57878.271    0.167278028062    1.002499203651    0.0635    0.0904   0.063  254
57882.209   -0.390651485889   -0.137800785183    0.0915    0.0983   0.180  288
57885.270   -1.232618894774    3.343298399727    0.0927    0.1083  -0.100  239
57892.271   -0.190756724780    0.553298411887    0.0779    0.1100   0.112  265
57897.228    1.315117174702   -1.119898797697    0.5950    0.3668   0.032   55
57904.208    0.604381245512   -0.104500779230    0.2241    0.1255  -0.313  551
57914.628    1.053159844721    0.820198820861    0.1339    0.1939   0.076   66
57917.207   -0.228070409192   -1.930201202072    0.0943    0.0844   0.207  542
57919.271   -0.438626230719    0.311698801170    0.1201    0.1321   0.077  255
57925.228  -17.605588632874   11.559999600763    0.3412    0.3804  -0.313   82
57939.228   -0.270586696023   -1.459101588352    0.3120    0.6523  -0.058  129
57941.270   -0.907837500108   -0.160599597621    0.1051    0.1353  -0.232  330
57943.713    0.348135199058    0.082000812540    0.1171    0.1380  -0.043  111
57948.268   -0.727869768948    0.816001218595    0.0873    0.1155   0.013  309
57950.916    0.096458170768    0.067399219006    0.1826    0.3100   0.165   28
57952.187   -0.203321535553   -0.539701198932    0.2019    0.3206  -0.300  356
57976.272    1.205716486130    1.289898006007    0.1007    0.1480  -0.029  320
57980.209    1.758568289988   -0.198298798182    0.1316    0.1389   0.090  205
57983.270   -1.636596698070    0.189601217926    0.0833    0.1034   0.096  200
57990.272   -0.085288440064   -0.789001197177    0.0991    0.1418  -0.090  193
57997.270    4.471806570373    1.168200000734    0.1054    0.1127   0.243  234
58008.209   -0.000380758728   -0.890899181627    0.0881    0.0922   0.137  309
58009.228    3.417885219017    2.775797997856    2.3612    1.9281  -0.172    6
58011.270   -2.395563227671   10.082800821465    0.0762    0.1915  -0.416  177
58025.270   -0.006725604866   -0.418798794044    0.1000    0.1782  -0.067  320
58032.268   -0.442686567776   -0.723700779304    0.0704    0.0969  -0.014  229
58033.499   -4.514700564235    0.765298813121    0.1518    0.1323  -0.181  198
58037.206    1.166751855248    0.052898408853    0.0888    0.0871   0.030  225
58039.270   -0.243934061208   -0.528501581698    0.1246    0.1198   0.140  276
58044.230    0.370727496816   -0.164901589983    0.9630    1.1664  -0.543    3
58046.268   -2.238821367702    6.037200000719    0.2212    0.2472   0.202   15
58053.270   -1.122709525094    0.787600819763    0.1273    0.1392  -0.019  212
58060.272   -1.336692110245    1.900501209207    0.1454    0.1757   0.070   77
58065.228    3.379682083948   -4.265600378517    0.5168    0.8281  -0.383   12
58066.247   -0.481395332255    0.055299611290    0.4719    0.8258  -0.384   20
58071.207    0.778256945240   -0.114101982263    0.0886    0.0836   0.068  305
58073.249   37.195784270551  -42.347001578946    0.1720    0.1298   0.135  196
58079.272   -3.343635546403    1.419800418034    0.1521    0.2093  -0.264  262
58085.500   -0.909869194485    0.002898008233    0.0732    0.1972   0.663  370
58086.497    0.474292020358    0.113500811949    0.0451    0.0702  -0.112  343
58086.500    0.101916628768   -1.395601202603    0.0756    0.0716  -0.060  197
58087.498   -0.096835877799    0.701701199546    0.0684    0.0790   0.079  206
58088.498   -1.782680549318   -1.879401594351    0.1675    0.1427   0.781  206
58088.498    0.775847554654    0.368701216757    0.1788    0.1192  -0.148   29
58089.499   -0.517186014219   -2.120698778185    0.0483    0.0952   0.392  271
58089.499   -0.208143379244    3.193999202722    0.0613    0.0805  -0.030  383
58090.496   -0.244061994409    0.389300419101    0.0414    0.0677  -0.114  341
58090.500    0.538130417204    0.703598408336    0.0569    0.0661   0.012  285
58091.497   -1.240870553785    0.578498401183    0.1408    0.1188   0.263   47
58092.498    0.811001611487    1.517500800219    0.0355    0.0654   0.055  292
58092.498    6.718115038754    1.569499218590    0.3294    0.1324   0.337   21
58093.499   32.917274800443   43.616998806328    0.7310    1.1391  -0.317    3
58094.496    2.405337889129    0.650599216101    0.4175    0.1460   0.415   15
58095.500  -20.435970568913   -5.458600790575    0.4189    0.1610   0.285   15
58096.497    0.549805788141    0.347799613110    0.0421    0.0608  -0.033  242
58096.497    0.788665180132   -0.447800388770    0.0503    0.0599   0.047  467
58097.498    0.162075436465    0.508201199523    0.0385    0.0655  -0.141  264
58097.498   -0.336456776424    0.941101200169    0.0560    0.0650   0.036  355
58098.499    3.338813702712   -0.328798799387    0.1984    0.1350  -0.308   21
58099.496    0.106104899026   -0.200599191658    0.0498    0.0756  -0.175  285
58099.500    0.717211749405    2.732500817615    0.0972    0.0721  -0.138  184
58109.000   -0.339374858940   -1.012399201272    0.4572    0.7907   0.020   74
58116.268    0.166644454629   -0.645699583401    0.1187    0.2319   0.191  104
58123.270    0.831818081271    0.651600015544    0.1527    0.2807   0.306  121
58129.249    0.309932074811    0.000698398139    0.4770    0.3773   0.131   11
58134.209    0.322496885584    0.636998396430    0.1072    0.1467   0.065  246
58136.247    1.815681081968  -11.212099178692    1.0601    4.8335  -0.692    3
58137.270   -0.104706788904   -0.004201183401    0.1205    0.1443   0.038  163
58141.208    0.377833849589    0.047199620212    0.0908    0.0871  -0.050  348
58148.209    1.211933399067    1.093100419780    0.0992    0.2051  -0.088  273
58149.228   -0.218042922207   -0.843400792405    0.3504    0.3163   0.416   17
58156.227   -3.455323795754   -9.650901594682    3.2458    7.2974  -0.979    3
58158.272   -0.251549095089   -0.719801997207    0.0822    0.1190   0.073  118
58162.206   -0.202684921244   -0.213101984059    0.0852    0.1396   0.054  431
58163.229    0.321354631043   -1.933401586030    0.6899    0.5588  -0.114   38
58165.270    0.017389695339    0.972601199578    0.0916    0.1060   0.037  164
58172.272   -0.032744666248   -0.964699194128    0.1209    0.1119   0.112  101
58176.209    0.438501338394   -0.568501201315    0.1062    0.1271   0.260  294
58177.229 -617.162836951763   98.754300020687    3.9942    2.0239  -0.558   14
58183.208   -0.464136610993   -0.399499185733    0.1597    0.1953  -0.001   99
58186.272   -1.668707790885    0.150800408960    0.1145    0.1355  -0.073  219
58191.229   -0.717080775328   -0.840200382868    0.2299    0.6549   0.077   25
58193.270    2.113429093912   -1.754899201956    0.2906    0.3286  -0.033   34
58197.208    0.616312493673    0.510199217274    0.1497    0.2240   0.813  213
58204.206   -0.098106065542   -0.713501987093    0.0987    0.1033   0.063  139
58205.269    0.401693283393    0.675900014357    0.1316    0.1346  -0.071   39
58212.209   -0.103564523541    0.091900810162    0.1308    0.1562   0.058  143
58214.269   -0.012817636300   -0.258001185216    0.1327    0.1533  -0.070   38
58218.206    1.129690985542   -0.075200389915    0.1515    0.2069  -0.023  163
58220.248   -0.600698615487    3.667899596849    0.2215    0.6381  -0.070   19
58220.251   -0.816332147108    0.331099218442    0.3948    0.4661  -0.311   28
58221.270    1.441021181296   -0.253299589303    0.1114    0.1371   0.033  204
58225.208    0.460204196316   -0.079801202446    0.1765    0.3328   0.067  218
58232.210   -0.333538693909    0.043300812536    0.1767    0.1910  -0.170  211
58233.225    0.002665256988    0.615999616116    0.6586    0.6945  -0.054   12
58240.165    0.311583010460   -0.382499996476    0.1750    0.2936   0.292  245
58241.209    0.105849032623   -0.513702002536    0.0888    0.1606   0.325  497
58242.272    0.007362219175   -0.351298791657    0.0839    0.1161  -0.016  237
58246.082    0.256246046454   -0.147801591766    0.1151    0.2913   0.421  222
58249.270   -1.330091386882   -0.051501586995    0.1171    0.1443   0.293   60
58253.208    0.061176169912    0.716299211945    0.1149    0.3653   0.023  321
58254.227    0.487999085671   -1.164599987646    0.5053    0.3815   0.463   38
58260.166    0.845397224205    1.749099604353    0.5976    0.9189  -0.089  108
58261.207    0.124505874829   -0.007099191635    0.1463    0.1574   0.114  227
58263.270    1.079940412737   -0.011501992958    0.1339    0.2284   0.203   86
58274.210   -0.169053856036    0.274697998748    0.1589    0.2407   0.295  103
58277.271   -1.403195764080   -0.039401979279    0.1432    0.1449  -0.012   85
58282.227   -3.317872351425  -11.247501592493    0.2682    0.8653  -0.021   18
58288.206   -0.379862503091   -0.150400779830    0.1368    0.1325   0.273  113
58295.208    0.272746312779    0.189198007661    0.0969    0.1005  -0.015  352
58303.229    0.262974692196   -1.709600397248    0.5494    0.6170   0.437   15
58304.233    0.091508393876   -0.381401994787    0.1507    0.4517   0.236   66
58309.208    0.245584996857   -0.028800002383    0.1539    0.1871  -0.127  181
58316.206************************************    0.0978    0.1112  -0.007  214
58326.269    0.108514300433    0.302799602991    0.1758    0.1933   0.107  122
58330.206   -0.195450635270   -0.274201192951    0.1279    0.1284  -0.015  159
58331.229   -0.513378491868   -5.498499601231    0.7281    1.5761  -0.077    9
58332.255   -1.775699088870    2.161098001352    1.1509    2.3825  -0.439    3
58333.271   -0.119556108759    1.407700810319    0.1644    0.2202   0.013  115
58337.208   -0.128694155908    0.960098407177    0.2171    0.2405  -0.270  199
58338.227    0.876110196076    0.403999214882    0.3310    0.2894   0.310   37
58344.206    0.556278567481    1.124999997160    0.1755    0.1790   0.234   66
58347.271   -0.042388353629   -0.251701200682    0.1642    0.1843  -0.108   73
58351.208    0.360700009831    1.759600797868    0.1194    0.1306  -0.141  225
58358.206    0.511097023662    1.186398000641    0.2125    0.1978  -0.561  240
58365.208   -0.155346790723    1.284498011955    0.1213    0.1258  -0.048  244
58366.227   -0.805415231108    1.489298412594    0.7876    1.4759  -0.828    6
58372.206    0.383417189093    1.044000009642    0.1911    0.2065  -0.235  235
58375.271    4.578036350903   -5.005699202343    0.3538    0.6236  -0.058   21
58379.208    0.731933146880    2.376198003162    0.1093    0.1293  -0.002  371
58387.207    0.679261450684    1.976900409772    0.1741    0.1359  -0.010  205
58389.271    0.215252772892   -0.502199983998    0.3423    0.2554   0.044  112
58393.208    0.878141890453   -0.874400379303    0.1399    0.1631  -0.043  177
58400.206    0.155221898397   -0.088099179152    0.0801    0.0815   0.034  259
58401.229   -0.259797702403   -0.526399199430    0.0817    0.2221   0.253  159
58408.227   36.718321352973    7.038698404926    0.4543    0.2875  -0.077   81
58410.269-3647.960155404699-5285.550301181274    0.2118    0.2732  -0.278  196
58417.271    0.343566170073    0.382600805438    0.2532    0.1774  -0.105   42
58428.206    0.508812514580    0.745398008917    0.1130    0.1156  -0.056  125
58429.225   -2.018366003212    1.607799615044    0.9461    1.2154  -0.639   10
58430.248   -0.545742410209   -0.670798789315    0.5496    0.9361  -0.313   22
58435.208   -0.277440234090   -0.003301192919    0.1553    0.1207   0.140  266
58436.227    0.140372578542   -0.264700798880    0.2066    0.2720  -0.009  224
58438.269   -0.062062568872    0.072500418469    0.1143    0.1416  -0.030  256
58440.833    0.038583872154    0.865598408950    0.1077    0.1185  -0.005  117
58442.206   -1.360298729343   -8.908901980931    0.1800    1.1068   0.053   78
58449.208    0.207256980284   -0.405100797707    0.1315    0.2265   0.495  675
58452.269    0.880173584830   -0.411901194752    0.2845    0.2331  -0.591  167
58456.206    2.457753729744    2.245798810918    0.2229    0.5220  -0.105  139
58456.714   -0.325287034898   -0.191599184518    0.1326    0.1707  -0.208  100
58457.233    1.387968726372   -8.902900790986    0.9506    2.0934   0.575    4
58459.271   -0.170448936104    0.282999607748    0.1481    0.1528   0.162  114
58463.208   -0.888799899174   -0.105501578673    0.3648    1.8568   0.502  235
58464.227    0.692334942564    4.353598799867    0.5654    0.5518  -0.070   50
58464.227   16.119008200728    5.398099196441    8.2843    3.7754   0.960    7
58464.227    0.024748873639   -0.556300784638    0.0886    0.3136  -0.263  235
58465.250   -0.327446662476    1.944601203263    1.1532    1.9168  -0.152   33
58466.269    0.889692379886    0.173498412437    0.3718    0.2843   0.091   58
58486.208    0.489522098941    0.153000019054    0.1252    0.1414  -0.127  137
58498.207   -0.091505353001   -0.101098802929    0.0910    0.1144   0.021  106
58501.271   -0.286325455713    0.143499599403    0.2566    0.3153  -0.264  115
58506.209    0.315518466012   -0.095900401220    0.0808    0.0900   0.039  427
58512.207    0.068916096118    0.198698401732    0.0878    0.1215   0.001  322
58514.248    0.097981173216   -0.014101181023    0.0899    0.1905  -0.237  169
58519.208    0.564021545384    0.051400803613    0.0997    0.0876   0.005  543
58526.207    0.439262845028   -0.111801588787    0.1056    0.1106  -0.007  146
58527.229   -0.770513978158    4.974400820856    0.4082    0.3497   0.024   64
58534.209   -0.440529991895   -0.274302001912    0.0836    0.0965  -0.115  540
58540.207    0.337982830569    0.379098020176    0.0990    0.1061   0.155  238
58543.271    0.413752464755    0.003499204126    0.2147    0.1713  -0.088  157
58550.269   -0.275917220821   -0.284101190573    0.2551    0.3893  -0.097  104
58557.271   -1.185786404485   -0.286498786295    0.4104    0.7351   0.726  111
58564.269    0.090874820443   -0.518299182772    0.1807    0.2625   0.067  153
58568.207   -0.005455417124   -0.572101188823    0.1072    0.1270   0.000  146
58570.249   -0.661618929818    0.474098405334    1.0780    1.5601  -0.717    6
58576.228   -0.199258146800    0.501498004724    0.1461    0.2154  -0.549   31
58578.269    0.152047949479   -0.091198779728    0.0946    0.1070   0.140  281
58582.207   -0.035409934058    0.486500414354    0.0733    0.0944   0.039  460
58584.249    0.169943295872    2.085498007887    0.5886    0.5525   0.111    3
58590.228    0.234037548299    0.084798011812    0.2425    0.2967   0.817  159
58597.208    0.233781681897   -0.099701981071    0.1204    0.1248   0.284  266
58599.271   -0.040993273562   -0.262900792336    0.1465    0.1772   0.024  210
58603.209    0.358924181857    0.021898796376    0.0831    0.1664  -0.119  145
58606.269   -1.170556325902    0.239598011831    0.3753    0.2167  -0.015  164
58610.083   -0.139608031032   -0.668599179221    0.1402    0.2148  -0.209  178
58611.208    0.026271876086   -0.203299188684    0.1101    0.1660   0.411  392
58612.230   -0.169940254997    2.441800796760    0.2194    0.2581   0.078   46
58613.271   -0.184408826945   -0.107999983356    0.2044    0.1712  -0.381   96
58617.209    0.036299363072    0.036799210079    0.0808    0.1054  -0.022  298
58617.209    0.032619773922   -0.143701191746    0.0744    0.1064  -0.355  196
58618.228   -8.943101407941    3.598200009947    1.2059    0.8656   0.046   45
58624.207   -0.165246344507   -0.139399199384    0.1291    0.1209   0.027  398
58632.210   -0.044800795913    0.452098799997    0.0937    0.1342   0.005  186
58634.270    0.118794602124   -0.637099179812    0.2010    0.2321   0.038   37
58638.207   -0.222739884394   -0.100400379210    0.0945    0.1208   0.054  291
58648.270    0.089476699500    0.287100007768    0.1476    0.1653  -0.103  135
58652.207   -0.409561153622   -2.183900394925    0.3926    0.7097   0.387  294
58655.271    0.162328251170    0.325000800672    0.1187    0.1512  -0.039  146
58659.209    0.254723044007    0.106898400531    0.0893    0.1196  -0.031  198
58659.209    0.224390820042    0.246600001219    0.1783    0.1266  -0.156  229
58662.270   -0.186568454523   -0.264401978711    0.1374    0.1397   0.011   93
58668.249   -1.160912649342    3.338600410530    0.8273    1.0760  -0.347   19
58669.271   -0.067265160470   -0.080802001889    0.1469    0.1697   0.069  113
58673.209    0.249901200316   -0.014500784573    0.0740    0.1393  -0.058  202
58676.270    0.763026866657   -0.760499989383    0.2984    0.2160  -0.688  113
58687.209   -0.325287034898    0.258998403524    0.2395    0.4894  -0.302  288
58701.209    0.725969048648   -0.424799983989    0.3259    0.2611  -0.296  436
58701.209   -0.005202591597    0.242600410161    0.0956    0.1350   0.068  118
58703.251   -0.650957880221   -0.444898799401    0.2117    0.1901   0.292  224
58704.270   -0.194055555202    0.384901198913    0.2056    0.3491  -0.345  117
58718.270    0.114225573138    0.257299205941    0.1839    0.3301  -0.399  142
58725.272   -0.529498010287    0.006300010114    0.2400    0.3389   0.092  143
58730.228   -0.659334420736   -0.527399998873    0.0232    0.0404   0.030  352
58736.207    1.181220427196    0.119498420759    0.1075    0.1433   0.375  343
58737.230   -1.209012275676    1.639000819864    0.9140    1.0896   0.181   36
58743.209    0.066125946804   -0.221101191755    0.0859    0.0959   0.131  276
58753.268   -0.160296567615   -0.233801995364    0.1504    0.2277   0.108   57
58765.208    0.048483425938    2.045599197231    0.3896    0.3443   0.357  237
58771.209    0.803005829700    0.148201220895    0.2287    0.1672  -0.131  249
58771.209   -0.303203429069   -0.190101579278    0.1611    0.0787   0.214  427
58774.270    1.013180892500   -0.238499984562    0.1620    0.1778   0.084  187
58778.211   -0.162072395589    0.193798820192    0.1426    0.1624  -0.011  239
58781.272   -0.192660475134    0.191498401136    0.3103    0.2448   0.022  164
58785.209    0.216267094232    0.554299211331    0.1387    0.2380  -0.537  402
58787.269   -0.019418348840   -0.107801997729    0.2088    0.1784   0.067  181
58795.122   -1.510187051244    0.649198813107    0.1653    0.2291  -0.157  125
58795.272    0.234671121733    0.566398819046    0.1289    0.3700   0.325  268
58800.228 -163.090393574766    1.079200805520    2.4358    3.0446   0.213   13
58803.501    0.071581363928   -0.392101199509    0.1843    0.2203  -0.093   93
58807.230   -0.259672820899    0.155098820187    0.0673    0.0649   0.072   84
58808.249   -2.629472853591   -3.453598802139    0.3312    0.4528   0.294   23
58809.272    0.052543762994   -0.079099197592    0.1794    0.1888  -0.001  258
58813.209   -0.048736251465    0.382100418506    0.0579    0.0772   0.011  273
58813.249    0.269447482357   -0.188398800560    0.0327    0.0411   0.227  280
58814.272   -0.159026379873    0.142300814332    0.1257    0.1236   0.010  248
58816.084    0.890325953319   -0.539801982313    0.8789    0.7906   0.109   26
58821.230   -0.439893366764   -1.954501200885    1.9547    7.5297   0.764    5
58827.209    0.312853198202   -0.072201598300    0.0890    0.0819   0.098  365
58827.249   -0.067265160470    1.135800010843    0.1239    0.1675   0.016  154
58828.228    0.750842814612    1.412100004927    0.1193    0.1125   0.254   91
58829.247    3.363943324258    3.276500402194    2.8157    5.0445   0.506    3
58829.901   -0.201923414610   -0.722199592929    0.1471    0.1956  -0.059  135
58830.270   -0.059778059790    0.362700001233    0.2380    0.2009  -0.192  106
58834.083   -0.261320715672   -0.479699991729    0.1429    0.3948   0.653  140
58835.208   -0.104831670408   -0.723401984715    0.2013    0.2161   0.072  142
58837.272   -0.228576049424   -0.352900786993    0.1691    0.1870  -0.030   65
58841.206   -2.380461093111   -0.138700801244    1.0028    0.3966   0.595  145
58844.248   -0.062187450376   -0.013301999502    0.0904    0.1846   0.351  118
58848.207   -0.318942188760   -0.106801198285    0.2691    0.7098   0.310   97
58858.270    0.074627379645   -0.503499603610    0.1456    0.1638  -0.023  187
58865.272   -1.386698538630   -0.348001179873    0.3478    0.3592  -0.184   48
58868.833   -3.158970853056    0.054100800639    1.3117    1.8733   0.079   30
58870.206    0.252694390505    0.409100414345    0.0720    0.0842  -0.005  280
58872.270    0.150905694938   -0.169999182731    0.0856    0.1127  -0.140  224
58877.230   -4.015154019184    9.972799213642    0.2900    1.2899   0.068    9
58879.272    0.092141967310   -0.048499188665    0.1002    0.1214   0.124  248
58883.209    0.331254184827    0.432601206057    0.0722    0.1012  -0.146  468
58883.249   -0.232130746248    0.087001203042    0.1056    0.0885  -0.213  283
58886.270    0.128060582475   -0.262000801854    0.1176    0.1600  -0.091  143
58893.272   -0.217153493193    0.194299207124    0.1836    0.2558  -0.024  103
58897.209    0.058002220994   -0.089099978595    0.0875    0.0982   0.060  287
58900.248   -0.172352697280    0.236898014805    0.0326    0.0947  -0.572  510
58900.270    0.733456149327    0.192700818502    0.2536    0.2033  -0.014   74
58904.208    1.037676951433   -1.464299990062    0.1272    0.1568  -0.033  239
58905.227    0.626212036636    4.177800019534    0.4771    2.2665   0.225    9
58907.268   -0.511602663894    0.182098816026    0.1883    0.2353   0.046   69
58911.250    0.153318137222   -0.508201199523    0.0657    0.1083  -0.527  453
58914.270    0.207509805811   -0.196099188088    0.4189    0.3462   0.042  174
58918.208    0.135042042922    0.389199610140    0.1554    0.2037   0.248  192
58920.249    2.292635318438    0.219301210791    0.2304    0.8332  -0.100   21
58925.209    0.158901487547   -0.091101603061    0.0897    0.1261  -0.004  307
58925.250   -0.084526933429    0.036100811940    0.0904    0.1063  -0.238  476
58926.228   -0.260815075440   -0.028699193422    0.2201    0.3833  -0.054   40
58932.208   -0.025382447072    0.407897996979    0.0786    0.0818  -0.034  277
58935.268    0.130092276852    0.154998011226    0.1145    0.1405  -0.091  202
58939.209    0.000000000000    0.313300796506    0.0850    0.0981   0.134  417
58939.250    0.372375391590    0.103798799955    0.0679    0.1302   0.018  115
58941.251   -1.955666820031   -1.536699599569    0.4539    2.0794   0.040    6
58946.208    0.075897567387    0.163501212569    0.0695    0.0872   0.003  276
58947.227    0.809734475442   -1.534499989475    0.2529    0.4539  -0.206  163
58954.207    0.057240725181   -0.195501598910    0.0567    0.0903   0.078  473
58962.271   -0.129327729342    0.022100414299    0.1703    0.1886   0.140  273
58977.272   -0.209538448490    0.103899608916    0.1457    0.1710   0.041   54
58983.251    0.196343105160    0.256298406498    0.1507    0.2172   0.038  166
58988.208   -0.062187450376   -0.078501582834    0.0800    0.1020   0.363  473
58991.269   -0.072848510795    0.446400011356    0.2046    0.2414   0.042   65
58995.188   -1.401292002904   -0.264700798880    0.2570    0.8199  -0.007   23
58996.207    0.358162675222   -0.092599182722    0.1713    0.2630  -0.133  335
59009.210    0.357020420681    0.320500797102    0.1446    0.1722  -0.054  232
59009.250   -0.084018241500   -0.497199593497    0.1830    0.3802   0.497  178
59011.270    0.901367750823    0.252500407782    0.2290    0.3072   0.193   81
59016.208   -0.032363918341   -0.645598800020    0.4247    0.6666   0.311  170
59023.206   -0.035662748763   -0.029699992865    0.0717    0.0985   0.101  490
59023.250   -0.228576049424    0.337100408387    0.2607    0.2258   0.302  340
59025.251   -0.197482318825    0.253299614883    0.1854    0.2155   0.554  464
59026.270   -0.073229258701    0.160898417789    0.5149    0.4762  -0.168  223
59032.271    0.048102678032   -0.265201185812    0.2142    0.1751  -0.131  201
59037.250   -0.960762011009    0.529099196456    0.1688    0.2331   0.283  333
59039.251   -0.065742158022   -0.209901600101    0.4376    0.4484   0.826  451
59040.270    0.397760879537   -0.017899179738    0.2971    0.1648  -0.277  188
59044.208    0.169815362671   -0.322498789274    0.0910    0.0965   0.199  349
59047.269    0.195200850619   -0.163601995951    0.1763    0.2322   0.314  101
59051.210   -0.028809221517   -0.078001195902    0.0817    0.1041  -0.134  380
59051.250    0.292417487146   -1.104800398366    0.0997    0.1495   0.030  550
59053.248    6.423793790432   -5.262699588116    0.6015    0.5218  -0.157   47
59058.208   -1.602584884956   -0.191501982272    0.2160    0.1706   0.209  225
59061.269    0.476829354967   -0.511001979930    0.2430    0.2146   0.129   94
59065.206   -0.508937406905    0.487000801286    0.3896    0.4157   0.113   48
59071.916    6.291544937700    2.899097998466    0.9093    0.7813   0.521   14
59073.209    1.254324793572    0.401598012445    0.2847    0.3297  -0.123  129
59074.250    1.859339623339   -5.002401590559    0.6102    3.2479   0.262    4
59075.269    0.326813089042    0.045698408258    0.5491    0.5324   0.479  102
59080.207   -0.004441095784    0.003999616638    0.2136    0.1418  -0.406  458
59089.269    1.015593334783    1.743098414408    0.3525    0.4013  -0.041  169
59093.250   -0.078559783500   -0.176698796395    0.1905    0.1179   0.010  281
59096.271    0.565163799925    0.172299601786    0.3353    0.3503  -0.160   80
59101.209   -0.941980287299   -0.341801978720    0.2829    0.1654   0.649  388
59103.269    0.111560316150    0.057200401216    0.2032    0.2210   0.066  114
59107.206   -0.002918082515    0.157600806006    0.1160    0.1366   0.009  202
59110.271    0.221597619031   -0.924699600091    0.3453    0.4484  -0.580  107
59114.208   -0.026777527140    0.476499607771    0.2982    0.2938   0.087  174
59115.231   -0.075133019877    0.032598001098    0.0767    0.0944  -0.011  281
59116.250    0.451318974693   -1.019300381699    0.5850    0.5667   0.099   11
59117.269   -0.219313120770    0.707900400698    0.3598    0.4572   0.282   25
59121.206    0.058130154195    0.176900414317    0.1038    0.1120  -0.049  494
59121.250    0.702615244255    0.036198014186    0.0970    0.1016   0.117  316
59122.229    0.948453066639    0.231400818507    0.4779    2.5863   0.288    5
59124.271    0.163470505711    0.842400018541    0.2833    0.2838  -0.117   37
59128.208   -0.089476710321    0.183099615469    0.1329    0.3037   0.081  275
59130.250    1.286180030805   -1.938301193150    1.0033    0.7186  -0.316   14
59136.207    0.069171962521    0.179499602382    0.0676    0.1079   0.000  295
59138.271   -0.303331362270    0.068198400527    0.2892    0.3174   0.017   60
59142.208    0.969522351128    1.029600008451    0.3613    0.2891   0.061   69
59143.231   -0.408671713786    0.220298403519    0.5518    2.1819   0.436    9
59152.249   -3.481976430569   -3.186601190919    0.1874    0.2504  -0.142  390
59163.206    0.153190204020   -0.025901994150    0.0599    0.1076   0.017  771
59163.250   -0.257132445414   -0.052099201753    0.0528    0.0923   0.118  386
59165.248   -0.951499082355   -1.669201199661    0.5400    2.6862   0.560    9
59166.271    0.292926168254   -0.288799179771    0.2826    0.2923  -0.177   50
59171.227    1.350274283233   -0.154000792918    0.9961    0.5643   0.224   19
59172.250   -0.002790149314    0.015400800635    0.0696    0.0759  -0.065  263
59173.269   -0.116762907747   -0.234298801161    0.2407    0.3393  -0.082   27
59186.250    2.523118169914    8.438698802138    0.5033    1.9913   0.422    6
59187.269   -0.220074616583   -0.064799979782    0.2517    0.2667   0.005   57
59194.249   -0.149760399522   -0.133599601781    0.0370    0.0744   0.438  481
59198.208    0.189742392619   -0.523799985785    0.1348    0.1776  -0.124  332
59201.269    0.258405674032    0.183499219020    0.1689    0.2428   0.131   45
59205.206   -0.960637129505   -0.296899196428    0.2170    0.2610  -0.074  273
59206.251   -0.168417241728   -0.732801595404    0.0433    0.0905   0.378  541
59206.269    0.255103791913    0.332798416025    0.2362    0.2581   0.182   61
59212.208    0.084146174701    8.862699604606    0.2328    0.6647   0.254   60
59213.293   -0.147475890440   -0.566701194771    0.5776    0.6227  -0.043   18
59219.206    0.317927856598    0.144197997543    0.1439    0.1444   0.242  251
59222.249   -0.257260378615   -0.035899194017    0.0409    0.0749   0.335  456
59222.271    0.140878207953    0.087800410142    0.7209    0.5188  -0.516   89
59226.208    0.178191903186    0.054198002886    0.1430    0.0951   0.004  551
59229.269   -0.053430161955   -0.095202003081    0.1655    0.3156   0.003  113
59231.585   -0.630525199219   -0.526100379261    0.6502    0.8862  -0.335   18
59233.206   -0.277568156470    0.221101217335    0.1713    0.1720   0.057  183
59234.229    0.204719656497   -0.287999998250    0.3670    1.1082   0.366   25
59240.208    0.738025178313   -0.465501582880    0.1721    0.1750  -0.515  590
59243.269    0.375040648578    0.441799198825    0.1559    0.2499   0.067  114
59247.250    0.254342285278    0.766299612565    0.0369    0.0901  -0.079  336
59249.248   -0.822676993246   -0.640101603722    0.6100    0.6218   0.068   23
59250.271   -0.653751070411   -0.321299978623    0.2986    0.2152   0.057  109
59254.208    0.571764512466   -0.140601591170    0.2917    0.1838  -0.216  295
59262.207    0.985894684252   -1.056099591779    0.1620    0.2503  -0.283  417
59262.248   -0.266651240470   -0.897800387634    0.0542    0.1174  -0.231  256
59270.250    1.136419631284    1.769400012108    0.3066    0.8563   0.288   33
59271.737    0.660732530858    0.453700820913    0.0872    0.1191   0.003  171
59275.207    0.284930375645    0.839401201347    0.3241    0.2218  -0.283   88
59276.229    1.779381718896   -3.443500793310    0.5723    1.7676   0.608   12
59277.248    0.659337461612   -0.255801600701    0.4746    1.7124   0.529   12
59278.249   -0.085794069474    0.429497998766    0.0409    0.0938   0.228  247
59282.208    0.312091691567    0.564598812502    0.2063    0.1996   0.031  158
59283.227    1.893735225235    2.279401218175    0.5199    1.3501   0.497    6
59284.250   -1.436196296730   -3.833600393932    0.3457    1.2939   0.358   12
59285.269   -0.608185726988    0.708598798838    0.2098    0.3050   0.112   78
59289.207    0.469086377063   -0.023399982751    0.2436    0.2784   0.037  238
59289.250   -5.354005757007   -8.416299593250    0.0462    0.0690   0.685  327
59290.226    0.573921088347    1.048697998840    0.3412    1.0033   0.445   17
59291.248    0.211317317340    0.340801204857    0.2930    0.8915   0.468   15
59292.271    0.248758945775   -0.065998790433    0.2372    0.2616   0.110  143
59296.187   -0.700455627499   -0.027799202940    0.4563    0.3269   0.229   25
59297.209   -0.208776952677   -0.354801602498    0.1214    0.1129   0.134  467
59299.269   -0.091124605094   -0.385300802463    0.1377    0.2480   0.363  138
59303.207   -0.086049935877   -0.523299598854    0.3007    0.3480  -0.029  142
59304.229   -0.385826601323   -0.287301600110    0.3000    0.4791   0.275   60
59305.248    0.050006428385    1.212199211409    0.0458    0.0558  -0.096  484
59305.270   -0.192151794027    0.112201217917    0.3483    0.3099   0.516  109
59311.209   -0.542952260895   -0.212399979205    0.1579    0.3433   0.075  498
59313.269    0.121968551042    0.312800409574    0.3247    0.1692  -0.044  189
59317.207   -7.161435179963    0.115099200571    0.3617    0.5049   0.161   96
59320.249   -0.108005619326   -0.331300785206    0.0221    0.0578  -0.080  369
59320.271   -0.156741870791    0.269499597039    0.3258    0.3260   0.536  208
59324.209    0.222867806773   -0.052498779723    0.1206    0.1643   0.033  486
59325.217    1.077783836856   -0.659901598965    0.9099    1.7476   0.303    5
59326.250    0.907331849055   -2.052899981209    0.3467    1.1629   0.302   16
59327.269   -0.656797086127   -0.820900800136    0.4651    0.7808   0.860  243
59332.229    0.389128472620   -0.371901600715    0.4962    0.3606  -0.163   34
59333.248    1.092758049036   -1.477101602632    1.1078    0.9906  -0.332    9
59334.249   -2.142871878041   -2.199301195560    0.0479    0.0503   0.092  399
59334.271    0.055336964006    0.052300819675    0.2193    0.2477  -0.052   86
59338.209   -0.659081595209    0.303098397580    0.1181    0.1483  -0.114  466
59341.269   -0.220455375311    0.032400015471    0.2054    0.2074   0.206  145
59345.207   -0.111051635042   -0.155998785090    0.1814    0.2140   0.019  226
59346.229    1.700185310265    0.174898815430    0.4099    0.5152   0.162    8
59348.249   -0.041374032290   -0.521301581102    0.1629    0.3336  -0.324  227
59348.271   -0.761247997807   -0.184100389333    0.3100    0.1905  -0.247  227
59352.187    0.377072342955    0.122900397059    0.7206    0.4237   0.147   17
59353.209   -0.077036781053    0.242200806611    0.1050    0.1170   0.133  380
59355.269    0.000255866402    0.653799600059    0.1229    0.1727  -0.257  212
59360.208   -0.020685495707    0.007801196489    0.1191    0.1321   0.052  574
59361.249    0.282773799764    0.658998001768    0.2426    0.6719   0.185   17
59362.249   -0.008629366042    0.151200012510    0.1368    0.2492   0.053  349
59362.271    0.101280014459    0.574300798917    0.1779    0.2383  -0.050  164
59366.209   -0.291655980512    0.077000396459    0.3921    0.2736   0.135   41
59367.228    0.816332147108    3.157999199743    0.3868    1.1450   0.486   12
59369.269   -0.068916106940    0.442900807229    0.2226    0.3929  -0.448  114
59373.207   -0.210680703031   -0.182599202958    0.1611    0.2201   0.115  114
59375.249   -0.114731224192   -0.239500784005    0.1857    0.2594  -0.348  420
59375.270    0.049878506006   -0.561499186347    0.1134    0.1756  -0.161  197
59380.209    0.318945229635    0.000000000000    0.1829    0.2150  -0.043  138
59383.269    0.227184010232    0.312001202474    0.1347    0.1843   0.055  227
59390.249    0.188347323373   -0.757299579845    0.1695    0.3546   0.443  345
59390.271    0.020054963149    0.161100010132    0.1245    0.2435   0.175  173
59394.209   -0.216267105054    0.011199617234    0.1337    0.1351  -0.059  266
59397.269    0.158901487547   -0.135201597118    0.1026    0.1553   0.076  134
59402.208    1.512855359930    1.495098010196    0.1167    0.1266  -0.097  273
59404.249   -0.038200083372   -0.099799183317    0.2289    0.2125  -0.367  272
59404.271   -0.737769311910    0.885099609604    0.2244    0.2443  -0.283  110
59408.209    1.928002904752   -4.203899999311    0.6676    1.3334   0.213   14
59410.250   -0.089476710321    0.694800019119    0.5441    0.5429   0.087   16
59411.270   -0.243806128007    0.010098008829    0.1269    0.2246   0.143  102
59415.207   -0.575060312834    0.047098811251    0.1255    0.1864  -0.037  185
59417.249    0.210936569434   -0.225899989914    0.2874    1.1754  -0.257    8
59418.249    0.313233956930    0.013899614260    0.1482    0.1897   0.540  325
59418.271    0.104581896578   -0.153100802436    0.1451    0.1903   0.025  165
59422.209   -0.011803314960    0.705301212633    0.1317    0.1745   0.145  162
59425.251   -0.194055555202   -0.034300779816    0.0640    0.1007  -0.249  386
59425.270   -0.081733732418   -0.593301587060    0.1062    0.1702   0.081  161
59431.249    0.326051582408   -0.077299191048    0.5369    0.2617   0.865  255
59431.271    0.015610826489    0.310399207137    0.1398    0.2100   0.083  157
59437.210    0.332652305770    0.193500000023    0.1042    0.1332   0.050  387
59438.251    0.248250253845    2.671599619930    0.2820    0.8149   0.423   23
59439.270    0.444974117733    0.359100013725    0.2120    0.2628   0.485  175
59444.208    0.040359700128   -0.110800789344    0.0755    0.0993   0.021  351
59446.249   -0.364123732579   -1.055098792335    0.1429    0.2300   0.511  202
59446.271   -0.206367551270    0.057898799355    0.2103    0.3823   0.303  123
59450.209   -0.056984858779    0.493099219057    0.1864    0.2022   0.602  407
59451.228   -0.449287280316   -1.070999979902    0.6749    0.7400  -0.315   21
59453.270    0.978660398278    0.470898021376    0.3082    0.3312   0.337   95
59460.250    0.170071229073    0.117000016076    0.0453    0.0925  -0.267  175
59460.271    0.030968838273    0.313300796506    0.1057    0.1486   0.040  161
59467.270   -0.294065381919   -0.113698797577    0.2294    0.1800   0.005  162
59473.249    4.595170190661   -0.280198801761    1.0794    0.6087   0.007   10
59474.224    0.240254472058   -1.292299182865    0.3813    0.5471  -0.531  163
59474.271   -0.254342296100   -0.194399990505    0.1726    0.2117  -0.013   87
59481.270   -0.147856638346    1.159498813763    0.2878    0.5173  -0.255   59
59485.207    0.641314182018   -0.063100782199    0.2181    0.2139   0.418  342
59486.230    1.772019488899    4.042299602247    0.3822    1.5145   0.355   24
59488.250    0.470103750100   -0.480401996583    0.2616    0.3475  -0.640  242
59488.272    0.055209030804    0.328399221416    0.0908    0.1432   0.134  203
59492.209   -0.296097076296    0.408200398283    0.1169    0.1463  -0.091  234
59495.270    0.712006116932   -0.230000389934    0.2504    0.1580   0.313  265
59499.189   -0.231369239614    0.833299202441    0.4132    0.4786   0.096   90
59500.208   -0.254467177604   -0.110998800551    0.1020    0.1294   0.401  429
59502.272    0.003301882119    0.629499601246    0.1839    0.1524   0.070   86
59506.209    0.308789820270   -0.058100391698    0.1002    0.1363  -0.279  526
59507.228   -0.170068188198   -1.086400780537    0.1209    0.0986  -0.004  114
59508.251   -0.310184900338   -1.006200000120    0.3648    1.2870   0.396   20
59509.270   -4.215429539021   -7.550398782996    0.2088    0.2301   0.250  253
59514.230    0.182127358738   -2.333800787824    0.6485    2.4472   0.774   10
59516.250    0.079957904443   -0.573800386405    0.1097    0.5133  -0.320  339
59516.272    0.190375966052   -0.178300791731    0.1223    0.1716   0.189  317
59521.210   -0.024748873639   -0.131900378619    0.1999    0.2067   0.067  213
59522.229    0.584710081967   -0.967100396565    0.3428    1.7240   0.497   10
59523.270   -0.258274699955    0.433501196540    0.1740    0.1555   0.241  249
59527.207   -0.483174201105    0.312699600613    0.1659    0.1673  -0.071  134
59528.230    0.603491816498   -1.495799989470    0.2631    0.8128   0.254   29
59530.272    0.178067010860   -0.597700781668    0.2570    0.2404   0.492  125
59534.209   -1.371974100280   -0.031499999409    0.2235    0.2085   0.201  133
59537.270   -0.042769101536    0.081500400029    0.0741    0.1232   0.065  432
59542.208    0.217409348773    0.226501211387    0.0733    0.0947   0.128  324
59542.248   -0.199386080001    0.337697997566    0.0654    0.1213  -0.224   78
59544.272   -0.223754205733    0.540500406032    0.3019    0.2786   0.402  180
59548.209    0.245840863259    0.081298807686    0.1004    0.1252  -0.013  372
59551.270   -0.048736251465   -0.015501584016    0.1492    0.2342  -0.408  323
59555.207    0.222739873572   -0.308098788082    0.1117    0.1431   0.079  326
59555.207   -0.807066166757   -3.141900000969    0.3423    1.0513   0.414   23
59557.249   -0.914057464743    1.081800019165    0.2294    0.5674   0.185   35
59558.250   -0.075260953078   -0.161499588103    0.0609    0.1824   0.345  205
59558.268   -0.065233466093    0.395298002331    0.1185    0.3175   0.202  223
59564.251   -0.105721110244    0.264898810087    0.3009    0.4190  -0.147  195
59565.270    0.384815320858   -0.201999594651    0.1729    0.2672  -0.678  216
59571.271    0.367300722372   -0.015699595224    0.1946    0.4835  -0.757  249
59578.269   -0.341278620115    0.424501214980    0.1778    0.2250  -0.113  328
59583.207    0.167405961263   -0.194601582848    0.0892    0.0993  -0.037  359
59586.272   -0.266907106873   -0.003898782097    0.1136    0.1502   0.009  244
59590.209   -0.135419760775    0.240400800067    0.1417    0.1638   0.248  412
59592.284    0.284802442444    0.432698408304    0.6796    1.6125   0.013   12
59593.248    0.007490152376    0.329101200691    0.0423    0.1341   0.212  389
59593.270    0.136945804098   -0.027201588182    0.2271    0.1924   0.769  268
59594.585   -0.080591477877    0.525099605397    0.6364    0.7064  -0.381   29
59597.083    0.389256405821   -0.580500000069    0.2757    0.8028   0.118   27
59598.208    0.162328251170    0.019098015969    0.1516    0.2013   0.289   90
59600.250   -0.036424255398    0.097700407764    0.0378    0.0626  -0.404  111
59600.272    0.188219390172   -0.009601203033    0.0938    0.1135   0.143  205
59604.209    0.156744911666   -0.060800388724    0.1055    0.2171   0.129  272
59607.248    0.041629887870    1.265400021566    0.3417    0.2524  -0.140  220
59607.270   -0.205097363528    0.043801199467    0.1028    0.1732   0.149  294
59614.250    0.117271588855   -1.345499993022    0.0187    0.1519  -0.295  213
59614.272   -0.294321248322    0.574700402467    0.1255    0.3251   0.086  215
59618.209   -0.379734569889    0.302198407098    0.0922    0.1120   0.105  530
59621.248    3.591508093218   -3.049401601629    0.1946    0.1160   0.591  224
59621.270   -2.778090987750   -0.612500386410    0.1022    0.1394   0.034  324
59625.207   -0.132120919531    0.496198819633    0.1855    0.1795   0.406  282
59628.250   -0.963808026726   -0.074501991776    0.0453    0.0556  -0.147  315
59628.272    0.106104899026   -0.019601984036    0.0865    0.1310  -0.029  252
59633.228    0.060033915371   -4.163000389212    0.3615    1.0755   0.573   20
59635.248   -0.236827708435   -1.051099201277    0.0306    0.0775  -0.663  300
59635.270   -0.207129057904    0.161899217233    0.1527    0.1329  -0.435  393
59642.250   -0.049750572805   -0.048700781008    0.0179    0.0319   0.189  296
59642.272    0.190631832455    0.114598813639    0.1465    0.1945   0.104  187
59649.248   -0.201417774378    0.634298399405    0.0945    0.1129   0.313  185
59649.270   -0.234415255330    0.024299998813    0.1895    0.2141   0.596  399
59653.207    0.475687089604   -0.018701993554    0.2021    0.1295   0.274  234
59654.230   -0.414891678420   -0.430300787002    0.3575    1.4556   0.569   14
59655.249   -0.066122905929   -0.184399183922    0.2191    0.2891   0.168   81
59656.250   -0.188725030404   -0.024199189852    0.0454    0.0569  -0.031  171
59656.272   -0.258783381063    0.087699601181    0.1574    0.2243  -0.124  158
59663.270   -0.056095418943    0.172098009443    0.1703    0.2370  -0.147  282
59667.207    0.119050468526    0.037699200561    0.0965    0.1266   0.089  181
59670.272    0.381260613212    0.091198805308    0.1339    0.1683  -0.049  205
59677.248    0.291531088186    0.033699609503    0.0675    0.1297   0.283  194
59677.270    1.146444066572    0.356799620249    0.4160    0.4178  -0.500  199
59683.249    0.230863599382   -0.417700792354    0.3994    0.8672   0.368  135
59683.271    0.178700584294   -0.329000391730    0.1248    0.3144   0.371  145
59690.251   -0.347245770044   -0.320900400652    0.2109    0.8272   0.045   19
59691.248   -0.184156001418    0.248500816724    0.0230    0.0609   0.030  298
59691.270    0.049753613680    0.058201200659    0.1040    0.1617   0.072  149
59695.208   -0.028175648084   -0.074800786365    0.1530    0.1628   0.182  299
59698.272    0.842604023194   -0.431398788692    0.2900    0.3400  -0.024  242
59703.207   -0.753252216020   -0.006001189945    0.0948    0.1323   0.088  349
59704.251    1.079812479536    0.804099596508    0.0646    0.1119  -0.198  319
59705.248   -0.595876782618    0.730198800625    0.0527    0.0895  -0.236  135
59705.270    0.077039821928   -1.819501196110    0.3311    0.5554   0.067  203
59709.208   -0.108639192759    0.026899212457    0.1087    0.1759   0.114  168
59712.268    0.198880439769   -0.005900380984    0.1325    0.2413  -0.414  193
59716.209   -0.024748873639    0.240400800067    0.1570    0.1925   0.124   60
59719.248    0.159535060980    0.207399614283    0.2062    0.1362   0.052  270
59719.270    0.711119717971    0.102999618434    0.2170    0.3479  -0.396   63
59723.208   -0.147731756842   -0.083901602466    0.1274    0.1218  -0.005  325
59724.230    0.033886920789   -0.407699985772    0.2752    0.8641   0.184   19
59726.250    0.285183190350    0.817801199560    0.0925    0.1316  -0.115  147
59726.268    0.190631832455   -0.099500388728    0.1312    0.1434  -0.037  192
59730.082    0.099251360958    0.501098401173    0.7614    0.5805  -0.327   77
59731.207   -0.424663299003   -0.415601991222    0.2285    0.1988   0.168  208
59733.248    0.953530765911   -1.724101181821    0.5012    0.8243  -0.887  268
59733.270   -0.142906861454    0.275299220220    0.2391    0.1624  -0.005  224
59737.120    0.517441869800   -0.252399598821    0.2757    0.8078  -0.005   22
59738.208   -0.117777239909   -0.275299194641    0.1322    0.1750   0.054  183
59739.227    1.810603371874   -0.447598796427    0.6066    0.4369  -0.138   54
59740.250   -0.648292612411   -0.129999588694    0.0551    0.0950  -0.245  203
59740.268   -0.452077429631   -0.078800403003    0.2112    0.1856   0.124  129
59744.209   -0.734089733582    0.180100798275    0.2006    0.2258  -0.621  186
59747.248   -1.475413742317    1.982401212786    0.0531    0.0851  -0.321  315
59747.270   -0.205225296729    0.416199605979    0.1922    0.2959  -0.011  187
59752.208    0.252057776196   -0.203000394094    0.1151    0.1368  -0.070  281
59754.268    0.001142254541    0.097200020832    0.1315    0.1821  -0.134  100
59761.270    0.325290086595   -0.538901991831    0.2088    0.2077   0.219   59
59767.249   -0.160677315521   -0.007999182117    0.0554    0.1197   0.034  257
59767.271   -0.296858572109   -0.170600378624    0.2614    0.1876  -0.102  227
59772.210   -6.667980677167   -2.836000797402    0.5283    0.3327   0.769  230
59774.251    3.097164150586   -1.301000395415    1.2450    0.5321  -0.484   15
59775.248   -0.291528047311   -1.571000379386    0.0608    0.1642   0.468   85
59775.270    0.108008660201    0.237798005287    0.1271    0.1956   0.035  145
59779.208   -0.374279152765    0.543700815570    0.1787    0.1991  -0.279  213
59782.269   -0.277568156470    0.090799201757    0.1707    0.1779   0.057  126
59787.229   -0.760486501994   -0.524599192886    0.5798    0.5990   0.027   67
59789.270    1.145176930527    0.057898799355    0.3664    0.2820  -0.244  166
59793.208    0.513890224673   -0.077400000009    0.1469    0.1612   0.003  213
59794.230    0.525437662409    2.113898406719    0.2812    0.8076   0.184   28
59795.250    1.501179978171   -3.415499998027    0.0975    0.2182  -0.746   72
59795.271    0.273635752615   -0.078299990491    0.3208    0.1794  -0.205  172
59796.290    0.873572861467   -1.414699192992    0.8031    0.7103  -0.094  113
59803.248   -1.308644395362    1.562598012583    0.2128    0.4047  -0.583   63
59803.270   -0.315262599610    0.342000015507    0.2580    0.2771   0.478  283
59814.210   -0.114350465464   -0.037501189354    0.0861    0.1124  -0.075  381
59817.270    0.448653706883   -0.031399190448    0.3120    0.3714  -0.261  112
59821.208   -0.150397013831   -0.199799984557    0.0796    0.0932  -0.040  572
59824.250   -0.463119237956    0.065300417873    0.0542    0.2778  -0.406  250
59824.272    0.051276626949    0.070599602964    0.1135    0.1620  -0.219  161
59828.206   -0.043658541372    0.222699605956    0.0943    0.1393   0.161  354
59831.249   -0.378211556620   -1.646600398431    0.9154    1.8832  -0.992  101
59831.270   -0.716447212716   -0.227401201869    0.3017    0.3215   0.203   92
59835.208    0.466929801182   -0.649501188832    0.2182    0.2122  -0.113  374
59838.269   -0.079449223336   -0.150101985241    0.1923    0.1858   0.301  150
59842.210   -0.344705383738    0.077299216628    0.1541    0.1724  -0.161  145
59843.229   -1.002644724406    0.336600021456    0.3049    1.1149  -0.221   15
59845.249   -0.578742942859   -1.195498791162    0.0410    0.0953   0.060  276
59845.271    0.314120345069    0.695199597089    0.2230    0.2794   0.004   95
59852.269    0.200656267743    0.454899605984    0.1496    0.1828   0.076  162
59859.249    1.277297850058    2.630401215242    0.0628    0.1226   0.553  209
59859.271   -0.058127113320    0.222300002406    0.1728    0.1668  -0.457  182
59863.084    0.341790342098    0.427600815556    0.2229    0.6700  -0.018   23
59866.269   -0.010280301691   -0.036100786360    0.1696    0.2331   0.219  122
59870.210    0.286325455713    0.195598801156    0.0940    0.1245   0.056  241
59873.271   -0.318689374054    0.016300816696    0.2712    0.1812   0.196   49
59877.208   -0.175779460903   -0.254998786886    0.1515    0.3103  -0.006  207
59878.227   -2.077254612345   -0.629600384627    1.2711    0.7562  -0.305   63
59879.250   -0.097978132340   -0.361799985171    0.1913    0.3676  -0.086   56
59879.272    0.008885221623   -0.050799582141    0.1861    0.2064   0.032   68
59884.206   -0.205606044635   -0.366199179780    0.4795    0.5628   0.011   82
59887.271    0.078182076469    0.213901216739    0.1660    0.1750   0.110   73
59891.208   -0.020051922274    0.087598817800    0.1190    0.1519   0.012  132
59893.268    0.015358011784    0.404798396403    0.2686    0.3091  -0.017   65
59898.206   -0.697537544983    0.400798805344    0.1652    0.1764  -0.094  131
59899.229    1.302299538402   -1.639000794285    0.3522    1.3572   0.301   18
59901.271    0.253836655868    0.136000804218    0.1552    0.1604   0.026  157
59905.208    0.082751094633    0.230698813652    0.1498    0.1496   0.083  142
59908.269    0.034014853990    0.373698000544    0.1476    0.1814   0.312   82
59915.271   -0.035282000857    0.325501213183    0.1349    0.2109  -0.327  116
59922.269   -0.036932936505    0.282898798787    0.2553    0.1471   0.063  143
59926.206   -0.006853538068    0.100699199379    0.1330    0.1801   0.163  215
59928.270    0.022083605829    0.488998819037    0.1300    0.1733   0.112  104
59935.272   -0.059522193388    0.172997999925    0.1707    0.1530   0.097  140
59949.268   -0.396615584121   -0.675298792885    0.3330    0.3483   0.043   83
59954.206    0.841589701854   -0.365500781641    0.1680    0.1557  -0.164  250
59957.271   -0.001014321340   -0.188600392903    0.2625    0.2325   0.030   77
59961.208   -0.113716902852    0.493599605988    0.1695    0.1545   0.230  169
59962.227   -0.612249115741    0.088999220793    0.2532    0.2628  -0.089   40
59963.250    3.743172253915   -0.639799202418    0.4384    2.9766   0.516    6
59964.269    0.206876232377    0.171198018961    0.1396    0.1734  -0.005  107
59971.271    0.087067308913    0.310698001726    0.1374    0.1619   0.023  140
59977.250  -19.194338519315   92.936098803875    1.8773    7.1009  -0.698    3
59978.269    0.719877017215   -0.057999582737    0.2755    0.2809  -0.169   90
59982.206    0.219949724258    0.877798800047    0.2070    0.2470   0.249  148
59984.248    0.259800754100   -0.021401990580    0.1492    0.2896  -0.029  194
59985.271    0.259419995372   -0.154101601879    0.3275    0.2204  -0.316  122
59989.208   -0.004949776892    0.028699219001    0.0800    0.1203   0.145  245
59996.206    0.933984494691   -0.537901192388    0.1361    0.1835  -0.056  250
60019.268    0.718859644178   -0.347399983980    0.2973    0.2845   0.067   28
60024.206   -0.000505640232   -0.445600778676    0.2105    0.3339   0.173  291
60032.227    0.617198881812    0.199000803036    0.2312    0.2043   0.410   96
60038.207   -1.942087677097   -0.013399201748    0.4270    0.4665   0.573  172
60040.248    0.348263132260    0.129200407173    0.0222    0.0383   0.212  258
60048.269    0.000000000000    0.291797996965    0.1180    0.2154   0.073   61
60055.249    0.681545959766    0.753598808956    0.0134    0.0229   0.014  267
60055.271   -0.103817349068    0.416199605979    0.1718    0.2075  -0.180  125
60059.208    1.701074750101   -0.724302000776    0.1958    0.1877   0.049  390
60062.269   -0.159407127779    0.384199219639    0.1933    0.3541  -0.363   66
60069.271    1.458155010233    0.462398401169    0.4671    0.2577  -0.062  133
60081.229    0.184283934619   -0.830401194207    0.3574    1.0539   0.051    7
60087.208   -1.459802915828    0.303001220914    0.3348    0.2822   0.108   86
60101.208   -0.135672575480   -0.128199582150    0.3616    0.2523   0.008  166
60102.228    2.179932747747  -16.885799996658    1.1871    6.7377  -0.558    3
60106.041    0.023862485500   -0.179802003686    0.1951    0.2174   0.114   76
60108.207    0.362350956301    0.430300812582    0.3357    0.2761  -0.150   81
60159.250   -1.171698591265    0.254098796404    0.4152    1.7508  -0.351   11
60160.269   -0.845902864437   -0.170398786281    0.2362    0.2107   0.288   80
60164.207   -0.550567294776    0.710899217893    0.2569    0.2344  -0.042   80
60167.249    0.443575996790   -1.334001581199    0.0534    0.0643  -0.105  139
60167.271    0.220455364490   -0.353501982886    0.2129    0.2043   0.015   52
60181.271   -0.653495204008    0.525301197740    0.2812    0.2332  -0.178   28
60185.209   -0.661999677725    0.929401221583    0.2605    0.3411  -0.110  132
60188.269    0.095063090700   -0.478000794146    0.2313    0.2575  -0.024   58
60195.238    0.433804387028   -0.386301601907    0.2432    0.3683   0.695  132
60195.271   -0.312978090528    0.185698803534    0.1614    0.2012   0.107   80
60202.270   -2.635945632930    2.295698402577    0.1506    0.2009  -0.034   61
60207.230   -2.114315482051    0.910900820372    0.6321    1.6704   0.253    4
60208.249   -0.869890231442   -0.263001601297    0.0618    0.1513   0.528  123
60208.271   -0.055209030804   -0.148701582248    0.1510    0.2045   0.065   64
60220.207   -1.320572591826    0.142398016578    0.5788    0.3827  -0.143   27
60223.249    0.628877304446   -0.100101584621    0.1175    0.0834  -0.296  283
60223.271   -0.291655980512   -0.402800378652    0.1520    0.2146   0.266   52
60230.251   -1.341769809516    0.705099620291    0.0754    0.1545   0.208  171
60230.270    0.056098459819    0.245098814844    0.1476    0.1686   0.071  122
60237.271    0.776861875993    0.080398817204    0.2594    0.2391   0.063   69
