%-----------------------------------------------------------------------------
%                R.A. (mas)        Dec. (mas)        Err. (mas)     Corr. Del.
% Uncertainty in R.A. is in R.A. cos(Dec.)!!!!
%-----------------------------------------------------------------------------
44899.248    1.122192681153  -11.089602043057    2.9199    3.2256   0.251   16
44913.255    7.881336703507   10.675299569129    6.1182    8.2156   0.472    4
44933.260   -2.406757230595   -3.202502404065    8.1648    4.2876   0.709   11
44968.247    5.715087725500    5.360299161339    2.8817    2.4809   0.556   15
45079.254   -1.957829819801   -0.768402020412    1.8856    2.2958   0.126   18
45100.256    2.613880757107   14.650397963578    3.8383    4.2612   0.713   12
45140.379   -2.390670062628   -0.348300000041    0.8992    0.9807   0.061   61
45141.357    1.752253645146   -0.082299607129    0.3066    0.2637   0.232   69
45157.257   26.145573525768   21.800897957291    7.9030    5.7093   0.672    6
45275.258    1.772100362458    8.585298002117    4.6405    5.1004   0.570    7
45282.249    9.294930520722    0.860198389319   11.7129    6.6725   0.735    7
45296.253    7.935446627251    3.831598769466    4.2613    4.6232   0.727   11
45303.254   -0.193751974985   -6.276402041294    4.7751    4.4660   0.152    4
45310.070   -0.761136969580   -1.707400838313    3.9576    3.2078   0.688   10
45324.242   -8.154226870137   -7.235902808134    4.1086    3.1759   0.688   10
45359.247    7.200550325085    5.366797182660    2.9074    2.6100   0.577   13
45366.275  -10.070398730743   -4.578699633839    3.3513    3.1107   0.593   10
45380.264    1.262419381278    6.110499600709    2.3724    2.2619   0.510   13
45493.316    5.524761366453   15.376399187517    2.4754    2.3783   0.547   13
45514.259    2.708730050628    5.549097591029    3.4452    2.9983   0.496    7
45569.259    3.492806431863    6.227398756664    3.0797    3.0285   0.556    8
45601.284   -9.645162835285   -6.616501241297    7.7872    5.1772   0.298   21
45722.561  -29.443122749222   60.551100006023   10.0431   10.8343   0.099   22
45754.258    0.021018010204    1.698199162092    0.9346    0.9038   0.464   51
45755.251   -2.483096559369   -1.794600001404    0.3700    0.3798   0.220   43
45759.251   -2.469223612513   -0.461199641677    1.1301    1.0187   0.168   17
45764.244    0.519542672778   -1.411902019299    0.5256    0.6326   0.123   26
45769.259    3.913780363710    3.223699195587    1.7616    1.6846   0.724   23
45864.264    2.285124739208    0.471797960699    0.5376    0.6340  -0.025   32
45874.253   -0.167971596277    0.276598763094    0.5045    0.6267  -0.001   30
45879.250   -2.626038890185    2.163398369248    0.5027    0.6126   0.027   26
45884.250   -0.796444101792    0.174697197508    0.4470    0.5440   0.006   30
45889.258    2.349430280832    0.698299197666    0.5028    0.6755  -0.029   27
45894.291   -0.911725766197    0.237797979707    0.4522    0.6461  -0.054   32
45899.248   -1.436157162778   -2.751300013415    0.4250    0.5927  -0.079   28
45904.255    3.314179919434   -0.861202795477    1.8540    1.8771   0.233    8
45909.252    0.160325130476    6.108498001822    1.9551    2.0967   0.369    8
45939.250    0.397951295138   -1.155902407390    0.4758    0.6584   0.119   24
45944.254   -0.637706425109   -1.317999635830    0.4142    0.5715  -0.009   31
45949.254   -0.339619516845   -1.736200840696    0.3957    0.5873  -0.033   32
45954.251   -0.365442013985    0.947700004872    0.3889    0.4889   0.018   29
45959.247   -1.635090695477    0.053999991678    0.8150    1.0766   0.123   28
45964.251    1.171874162675    2.398399175263    0.9992    1.0527   0.174   19
45969.251    0.862964869213   -0.396899997668    0.3886    0.5004   0.006   29
45974.277   -0.446294014723    1.634497158420    0.4763    0.5528  -0.034   27
45979.263   -0.612803507821   -1.429902033578    0.4290    0.5239  -0.106   30
45984.281    0.917409731051    2.540897975223    0.5005    0.4926   0.098   33
45989.252    0.595882001553    1.304798394131    0.3756    0.3524   0.050   34
45994.245   -2.297909625353    2.560100381288    0.3595    0.4710  -0.033   30
45999.253   -1.323882944038   -1.504501227600    0.3875    0.4823   0.048   48
46004.242   -0.024359389275   -1.252202412161    0.3546    0.4809  -0.082   32
46009.250   -0.457951750033    1.340297984598    0.8067    1.1019   0.188   28
46014.254   -0.066812582395   -0.866401222765    0.4191    0.6127  -0.004   32
46019.250   -0.486950166570   -0.689000421517    0.5888    0.7945   0.153   54
46024.265   -0.227513771837    0.173897990408    0.3550    0.4565   0.013   33
46029.258   -0.506421829603    0.870800391795    0.3817    0.4994   0.022   33
46034.251   -0.972772163369   -0.229302042953    0.3353    0.4426  -0.047   33
46039.244   -0.362099630228   -0.102002400126    0.3256    0.4389  -0.041   32
46044.248   -0.240967543734    1.275397170275    0.3496    0.4500   0.039   35
46049.252   -0.485153118172   -0.554900407224    0.4342    0.5793  -0.014   26
46054.263    0.188488204027   -0.732200425091    0.4466    0.5548  -0.024   33
46057.492    0.296541572904    0.225399577403    0.3114    0.3913  -0.011   34
46064.249   -0.754451204504   -0.343400444081    0.6336    0.8907  -0.188   28
46069.253    1.127540696102   -0.149799609517    0.3499    0.4475   0.024   33
46074.246    1.610145659756   -0.342601236980    0.3343    0.4086  -0.030   30
46079.254    1.097916516932    1.272499162042    0.6349    0.7661   0.064   16
46084.247   -0.629475317548   -0.642902409709    0.5628    0.7545   0.243   20
46089.280    0.572023017171   -0.355701644139    0.9006    0.9488   0.039   32
46094.247    0.441949823618    0.778197602358    0.4316    0.5513   0.010   24
46099.233    0.019973079737   -1.015801228732    0.5169    0.6796   0.043   22
46104.266    0.026616733505    0.552599988168    0.3229    0.3908  -0.023   38
46109.252   -0.679908917002    0.944697580962    0.3300    0.4240  -0.021   39
46114.259   -0.050557945381    0.547297196363    0.3052    0.3911   0.000   40
46119.252    0.014582946355   -0.275101234593    0.3279    0.3985  -0.059   38
46124.263    0.064681600590    0.483598773826    0.2703    0.3672  -0.035   60
46129.238   -0.160742303189   -0.703501206090    0.5903    0.7435   0.101   54
46134.231    0.463969648294   -0.656701240587    1.0404    1.2833   0.300    6
46139.250    0.176620881237   -1.741802401511    0.6480    0.8772   0.231   30
46144.254   -1.871044157669   -0.526701626313    0.4713    0.6495  -0.004   30
46149.254    1.256068547170   -1.399899639409    0.2609    0.3217  -0.005   39
46154.247    0.279200884551    1.161197985766    0.2736    0.3388   0.005   38
46159.251   -0.604488163394   -1.119502826441    0.2974    0.3436   0.002   38
46164.266   -0.466475677254    0.770799590555    0.2789    0.3154  -0.070   40
46169.251   -0.040279088196   -0.288000023829    0.2968    0.3752  -0.105   36
46174.270   -1.791279205831   -1.339002022860    0.2865    0.3247  -0.037   39
46179.259   -0.888034250861    0.241700394099    0.2532    0.3202  -0.108   60
46184.245    0.052481349079   -1.010602801443    0.3876    0.3311   0.205   27
46189.230   -0.369077224528    0.132299982170    0.5435    0.8864  -0.104   31
46194.238   -0.123011369512    2.155100366963    0.4675    0.6220   0.013   52
46199.220   -1.909193268745    1.104699589405    0.3675    0.4589  -0.060   27
46201.331    0.099237619557    0.147898794012    0.1267    0.1137   0.087  148
46204.268   -2.572806427861   -1.773201643118    0.3398    0.4042  -0.102   36
46209.257   -1.253184449873   -0.156902433446    0.3184    0.3581  -0.113   38
46214.250   -0.391431987298    0.328399170257    0.3171    0.3942  -0.120   35
46219.276    0.415792381259   -0.638402406139    0.3435    0.3844  -0.054   31
46224.258   -0.183849176765    0.092199604751    0.2809    0.3251  -0.026   42
46229.258   -3.322494259175   -1.891299609724    0.4244    0.7321   0.204   31
46234.240   -0.006935468742    0.059900372662    0.3122    0.3870  -0.083   63
46239.251   -1.281513987784    1.999598362090    0.3331    0.3715  -0.099   38
46244.252   -1.518847325661   -1.225400427529    0.3632    0.3999  -0.021   37
46249.248   -0.650033039045   -0.203302795398    0.2706    0.3148   0.045   33
46254.238    1.117512540143    0.929897976221    0.3322    0.3909  -0.053   26
46259.238   -0.157316680126   -1.963800002613    0.2947    0.3556   0.051   32
46264.224    1.688825564941    0.981097161912    0.3261    0.3596   0.009   28
46269.209   -1.168656124845   -3.369999626557    0.3731    0.4195   0.080   31
46274.290   -1.782211750597   -0.938800832273    0.3422    0.4039  -0.045   28
46279.272   -0.247444726016    0.674798405953    0.3246    0.3736  -0.015   33
46284.261   -2.098181870540    0.029199605933    0.3495    0.3774   0.032   28
46289.247   -0.283378618421   -3.719502018384    0.5253    0.6422   0.007   30
46299.233    0.083317927761   -0.323600397678    0.3615    0.4069   0.117   23
46304.251    0.204449016695   -1.365699642975    0.3153    0.3974  -0.030   28
46309.230   -3.267088703737    1.019897996457    0.5716    0.7159   0.141   11
46314.237   -1.163223873029    0.505799971506    0.3492    0.4337  -0.028   30
46319.234    1.678963873343   -1.075100431081    0.2996    0.4371  -0.009   34
46324.245   -2.465003760210    1.657497563201    0.2916    0.4004   0.022   26
46329.242    0.101535072848    0.483800391748    0.2876    0.3821  -0.104   30
46334.235   -3.484825020843    2.083100361006    0.3090    0.3756  -0.043   28
46339.231   -1.869038526477    0.909899995349    0.3097    0.3820  -0.031   34
46344.246   -0.772501878104   -1.680400816895    0.3252    0.4492   0.030   29
46349.243    1.467745859392   -1.817100019252    0.3130    0.3815   0.039   26
46354.232   -1.206428179395    0.131399991687    0.2919    0.3676  -0.032   34
46359.243    0.069278509419    0.163098002304    0.2868    0.3613  -0.089   31
46364.240   -0.570559909306   -0.631501200132    0.2323    0.3198  -0.041   53
46369.237    0.491379599228    2.949598786017    0.4917    0.7570   0.029   28
46374.230   -0.399537744245    0.077299165469    0.7086    0.9277   0.169   28
46379.241   -2.239495626690   -0.172702812051    0.2934    0.3393  -0.036   33
46384.245    0.043957414733   -0.779702395448    0.3383    0.4259  -0.018   34
46389.296   -0.987856512178   -2.788700419387    0.5064    0.5757   0.227   45
46394.231    0.203739017196   -1.746302405081    0.5268    0.6698   0.153   24
46399.238   -0.810650989181   -0.026100030937    0.3904    0.4364  -0.001   20
46404.242   -1.975587673742   -0.212101235775    0.3524    0.4517  -0.039   22
46409.250   -0.535336009274   -1.468299632279    0.3758    0.5717   0.102   40
46414.276   -0.014707292282    0.549997167809    0.3817    0.5766  -0.030   25
46419.261    0.328255613006   -0.517701619174    0.3403    0.3955  -0.028   28
46422.775   -5.288096900077   -9.164001602358    8.3909   10.4955  -0.157    8
46429.229    0.147037822940    1.788998389429    0.6233    0.7073   0.203   20
46434.204   -0.201022388945   -2.813000418200    0.5380    0.7099  -0.017   26
46439.324   -0.916573376253   -1.286402408596    0.3576    0.3778   0.008   19
46444.233   -0.391098046765   -0.424900844109    0.2957    0.3528   0.011   30
46449.230    0.327293914720   -1.454500801401    0.3563    0.4452   0.069   27
46454.238    0.237584046229   -0.568299634551    0.3449    0.4112   0.060   26
46459.234    3.619203308251   -3.711902439818    0.3296    0.4573   0.012   30
46464.227    0.461044430124   -1.935201618153    0.2605    0.3328  -0.027   32
46469.275    0.643598972756   -1.044802797878    0.3283    0.4023   0.052   28
46474.261   -0.266748927127   -0.782600403681    0.2971    0.3837   0.018   26
46479.243   -0.353951754847    0.280198776181    0.3329    0.5040   0.066   27
46484.232    0.168139072449    0.360399582178    0.2621    0.3455   0.071   33
46489.232    0.249743183993   -0.290401226266    0.2698    0.3661   0.034   31
46494.236   -0.130366013213    0.015598760683    0.2982    0.3827   0.077   32
46499.236    2.249941952923   -1.320699607277    0.2798    0.3699  -0.025   29
46504.233    0.834259272336   -1.381600804962    0.4144    0.5205  -0.055   29
46509.230   -2.704049909619    1.251899959698    0.2664    0.3557  -0.046   50
46514.234   -1.296515104412   -1.860699626377    0.2643    0.3531  -0.012   34
46518.503   -1.396922007488   -1.292202006198    0.3092    0.3822  -0.071   26
46524.238    0.434261239384    0.196397957097    0.2274    0.2997  -0.017   59
46529.249   -0.677819048944    0.259999177388    0.2819    0.3504  -0.034   34
46534.235    0.922799864433    0.073400383371    0.2954    0.3660   0.058   24
46539.239   -0.007771816415    1.860998395387    0.2689    0.3322  -0.044   29
46544.239   -0.117830823609   -0.599101235821    0.3870    0.4355  -0.032   18
46549.246   -0.254923722770   -1.377000018010    0.2786    0.2922   0.074   32
46554.236   -2.163239530096   -4.880102414972    0.9482    1.0693   0.005    6
46559.236   -0.245773035357    1.520099988284    0.3029    0.3754  -0.008   26
46564.240    0.637582079181    2.313298762147    0.2542    0.3352  -0.001   51
46567.505   -2.259594049916   -0.897901196595    0.2946    0.3833  -0.003   26
46574.248    0.560615990214    0.926398797674    0.3023    0.3605  -0.001   30
46579.244   -1.040587557797   -0.112302001298    0.3023    0.3801  -0.029   25
46584.245   -0.597176635686   -0.290901613198    0.3223    0.3779  -0.170   19
46589.249   -0.876877925130   -0.011102440567    0.3322    0.4156  -0.028   30
46594.234    0.930320979621    0.236098782125    0.3655    0.4321  -0.080   30
46599.245    0.706317060588   -0.369802825162    0.2339    0.3077  -0.058   54
46604.235    0.431503497386    1.383397204791    0.3270    0.3961  -0.004   27
46609.253    0.481268211088    0.098899192835    0.3441    0.4474   0.023   27
46614.246    1.953443503138   -0.411202796613    0.3333    0.4474  -0.047   29
46619.243   -1.962676425171   -1.259200820414    0.3305    0.4412   0.075   29
46624.247    0.085448909567    1.206799191777    0.3123    0.4033  -0.020   31
46629.233   -1.468915135786   -1.753401596716    0.2909    0.3575   0.026   33
46634.247   -1.895111731970    2.882098783630    0.3473    0.3807  -0.066   25
46639.233   -0.402086903449    0.000000000000    0.2423    0.2971  -0.035   33
46644.241   -1.282558918250    1.062899963244    0.2719    0.3563  -0.042   33
46649.252   -0.286679881306    2.773997965733    0.3339    0.3775  -0.106   31
46654.234   -2.215094111857    0.734399958446    0.5209    0.6389  -0.114   27
46659.238   -2.716501874168   -1.866402021733    0.5998    0.7065   0.026   27
46664.234   -2.063334029474    1.880999957393    0.5273    0.7462  -0.051   26
46669.224    1.721249597417    2.782400383694    0.5546    0.6809   0.109   34
46674.242   -2.597751463581    0.323099959587    0.4651    0.5906  -0.179   26
46679.239   -0.774966800442   -0.824900416774    0.5052    0.6261   0.009   29
46684.236   -0.969136952826   -0.784602002568    0.2800    0.3618  -0.052   30
46689.247   -0.522675469056   -1.364101228774    0.2485    0.3820  -0.004   58
46694.232   -1.423788437534    0.467600358434    0.3553    0.5325  -0.095   31
46699.240   -0.718349843052   -0.008701238130    0.3143    0.4983  -0.160   23
46704.226   -1.179018221336    0.322398005892    0.3707    0.4853  -0.103   25
46709.241    0.636787849942   -0.342500402439    0.2931    0.3805  -0.034   32
46714.087   -0.161453293123   -0.070599628543    0.2927    0.3710  -0.108   29
46719.245   -0.815790421336    1.473998395340    0.3193    0.4280   0.089   53
46724.234    0.602651005935   -0.180601210786    0.3459    0.4959  -0.001   29
46729.234   -1.108111137252   -0.071200798857    0.3385    0.4256  -0.088   26
46734.242   -1.189798488101    2.493399586001    0.2846    0.3635  -0.044   28
46739.253   -0.542147132089    0.898700403695    0.2073    0.3297  -0.044   59
46744.231   -0.246106968764   -0.897001206113    0.2747    0.3849   0.025   24
46749.232   -1.556160089065    0.066898780915    0.2637    0.3581  -0.070   34
46754.239   -0.438731785788   -0.156301211973    0.2658    0.3941  -0.031   33
46759.236   -1.643697854878    0.213800382198    0.4880    0.6376   0.225   26
46764.236   -1.039376162970   -0.211201194134    0.2693    0.3454  -0.058   26
46769.240    0.124140536844    0.620499594106    0.3244    0.4950   0.079   27
46774.251    0.445166856762   -0.633801619188    0.3032    0.4465  -0.017   48
46779.263    0.389051301826   -1.688399999011    0.2661    0.3577   0.016   34
46784.256   -0.498900714415   -0.672602402574    0.2660    0.3533  -0.028   30
46787.499    1.204256076717    2.434798756212    0.2677    0.3860   0.022   31
46794.227   -0.752362334006    0.569498394043    0.2864    0.3961   0.015   34
46799.234    0.429079688795    1.147100385879    0.2671    0.4083  -0.065   29
46804.238   -0.212888707049   -0.521600401271    0.2794    0.3613  -0.111   27
46809.231   -0.184977339411    4.948999162480    0.6745    0.8085  -0.051   19
46814.235   -2.648226176782   -1.030100395383    0.5683    0.8443  -0.307   20
46819.217    0.466351331326   -0.540399622651    0.2865    0.3758   0.020   29
46824.229    1.065325015410   -0.983602831184    0.2510    0.3053   0.018   33
46829.240    1.077191333514    2.022397200108    0.4453    0.5247   0.108   16
46830.303    0.228684052917   -0.365601641761    0.3361    0.5296  -0.032   55
46834.273   -0.894260731916    0.446000382226    0.4837    0.6128  -0.055   25
46839.251    0.252333456945   -1.718600429967    0.5076    0.6074  -0.108   21
46844.244   -0.584181150249   -1.041800425128    0.3464    0.5447   0.167   23
46849.241   -0.687471145937    0.881600379898    0.2916    0.3731  -0.038   16
46854.237    0.490502137808    1.837897156065    0.3468    0.4261   0.101   15
46859.245   -0.260397088333   -2.046999600225    0.3266    0.4627  -0.020   14
46864.238    1.347407995013   -0.537202794249    0.2116    0.3223   0.055   34
46869.231    0.013788717115   -0.342500402439    0.2051    0.2852   0.039   30
46874.239   -0.904873529635    0.802598384553    0.2344    0.3115   0.085   28
46879.250   -1.059766408295    0.347198391637    0.2901    0.3659  -0.132   25
46880.327   -1.230078573858    0.621997173766    0.4035    0.8047   0.107   45
46884.239   -2.021341132186   -1.343401243048    0.6595    0.8615   0.216   22
46889.247    0.345303474574    1.298897961988    0.2805    0.3594  -0.080   27
46894.243   -0.049555133348    1.400997564360    0.1889    0.2645  -0.064   56
46899.247   -0.877839630542    0.109699180939    0.2994    0.3990  -0.095   18
46903.510    1.173336272980   -0.935802040658    0.4055    0.5339   0.077   32
46909.237   -1.873760785920    0.893098791721    0.2595    0.3547  -0.012   25
46914.237   -1.026214206048   -2.088100802666    0.8818    1.1685   0.119   11
46915.263    2.883846710253   -3.909402005320    0.6786    0.7079  -0.286   16
46919.226   -0.531241514710    0.733399184583    0.2446    0.3588  -0.105   52
46924.216   -0.096270290079   -0.025102838208    0.2627    0.3734  -0.064   26
46929.274    0.227054480691    2.005999181165    0.2783    0.3847   0.011   28
46934.256    0.508051408954    0.190598359495    0.3300    0.3916   0.008   22
46939.249    1.953819562104   -1.315000844215    0.3261    0.4377   0.014   27
46944.235    2.149201116440   -2.465100021709    0.3557    0.4309   0.003   18
46945.291   -1.696513144490   -0.527500833414    0.3339    0.3906  -0.303   32
46949.243    0.803380582345   -0.094701641729    0.2937    0.3856  -0.035   30
46952.512   -0.437770087502    2.783300374176    0.2626    0.3800  -0.026   28
46959.232    1.726973664206   -0.621702037051    0.3286    0.3837   0.011   28
46964.233    0.146495299614    2.765098793134    0.3486    0.4536  -0.062   23
46969.240   -0.776847081020    0.460097982113    0.2645    0.3683   0.021   41
46974.233   -0.056574838957    0.260398780938    0.3155    0.4180   0.171   30
46975.281    0.109140424902    0.386499561955    0.3540    0.4351  -0.179   35
46979.241    0.090629455469   -2.055402018186    0.5992    0.6278   0.034   18
46984.237   -0.551757117774    0.518900378665    0.2757    0.3013  -0.247   27
46989.238   -0.859036839010    0.119498395179    0.3527    0.3604  -0.214   27
46994.238   -4.903683620827   -1.987902015799    0.8429    0.8995   0.244   25
46998.212    0.722152522642    3.123997163357    0.3420    0.3516   0.252   32
46999.234   -0.781986513176   -0.740199607208    0.6589    0.8408  -0.177   24
47004.253   -1.021826884698    0.487497555923    0.6075    0.8148   0.003   22
47009.250   -0.181885664006    2.553098391900    0.5377    0.7821  -0.136   21
47010.922    0.067523579454   -0.993600031052    3.0783    1.6547   0.182    7
47014.239   -2.498848789243    1.364597983411    0.5552    0.7673  -0.020   25
47019.243   -4.543004972906   -3.356200795679    0.7891    1.0544   0.062   24
47023.246   -0.048594432623    0.115397995160    2.3619    1.9515   0.135    3
47024.232   -0.385707913383   -0.867999636966    0.5281    0.7237  -0.095   26
47029.236   -0.245940504403   -0.776901640620    0.5922    0.7973   0.048   28
47034.236    0.094850305333    0.092797193929    0.2293    0.3180  -0.142   39
47035.292    3.581221666221   -2.396901595603    0.3572    0.4399   0.075   30
47039.233    1.385097814943   -1.709802040750    0.3004    0.3751  -0.050   34
47044.241    0.503288035765    0.085798785676    0.2688    0.3546  -0.011   33
47049.237   -0.351068662236   -0.105102026282    0.2970    0.3750   0.078   28
47054.234    0.364482325071   -2.374700397922    0.1978    0.2817   0.021   49
47059.230   -2.608155678506   -0.829299636962    0.5710    0.7363   0.186   28
47064.234   -0.199685636380   -0.671202025160    0.3559    0.4752   0.021   28
47065.294   -0.961991896604    1.157399987051    0.3848    0.6386  -0.290   27
47069.231    0.419135769703   -2.351602842054    0.5378    0.7697   0.139   25
47074.231   -0.290857615175   -0.567701994214    0.7994    1.0879   0.577   17
47079.261   -0.051728233587    0.141199205927    0.3522    0.4686  -0.004   25
47084.235   -0.360888228275    1.661497179839    0.1782    0.2397  -0.032   66
47089.236   -1.209395508873    0.513500384614    0.2620    0.3348  -0.079   34
47090.306    0.038065871771    3.391297201460    0.2683    0.3697   0.247   36
47094.236    0.076464686514   -0.765802832348    0.2504    0.3478  -0.022   32
47098.356   -7.462326284418   -6.381201615113    2.7500    2.9413  -0.228    5
47099.240   -0.157274561693   -0.310802442982    0.2434    0.3258   0.042   28
47104.251   -0.738238685923    0.608698780979    0.1851    0.2601  -0.115   71
47109.255   -1.174714132167   -2.052000041886    0.2871    0.4198  -0.025   21
47114.255    0.763811486523   -0.273801640560    0.2466    0.3142  -0.037   25
47119.248   -0.013663359376   -0.944902831179    0.3493    0.4517  -0.145   23
47124.241   -1.816056772505   -0.619401617996    0.4389    0.7916   0.150   30
47129.242    0.098986918330   -0.058600829789    0.2462    0.3147  -0.134   32
47130.293    0.475669494912    0.607798790497    0.3840    0.4329   0.103   36
47134.245    0.770036962892   -1.016099997742    0.2410    0.3353  -0.090   33
47138.183    0.020850541157   -0.143402422736    0.4310    0.2620   0.391   90
47139.253    0.454986422802    0.385398004710    0.2047    0.2846   0.033   88
47144.253   -0.686427220156    0.689597959536    0.2264    0.2984  -0.032   30
47149.243    0.043037834880    0.309200396487    0.6906    0.7933   0.198    8
47150.276    0.226761661031   -0.523900820326    0.3215    0.4461  -0.262   30
47152.482   -1.208475929020   -0.742899629813    0.5115    0.6458   0.128   27
47159.239    0.103708173086   -1.267200002530    0.3244    0.3763   0.200   24
47164.251   -0.965501749408    1.551599962113    0.2447    0.3391  -0.032   29
47169.240   -0.547829087571   -0.202100403612    0.4022    0.5151   0.007   17
47174.251   -0.157107092646    1.351598359633    0.3469    0.4400   0.073   29
47177.911   -1.757392065490   -1.036400431076    1.3244    0.9699   0.516    5
47179.233    0.034764608886    0.160498763080    0.2780    0.3528  -0.060   29
47180.252   -2.382104009848    0.809899194110    0.2618    0.3162   0.190   35
47181.918   -1.248797128523    0.134697603471    1.8495    0.7123   0.786    5
47184.248    0.722069290462   -0.470401215580    0.2251    0.3047  -0.084   27
47188.912   -2.085062039176   -1.509102014552    0.7504    0.5079   1.000    5
47189.230   -1.221094350804   -2.068200024041    0.4158    0.6930   0.219   10
47194.256    0.791180323709    0.812897985725    0.2438    0.3326  -0.038   62
47199.231   -0.400123390691    0.101098777350    0.2905    0.4114   0.075   31
47201.915   -0.735606294539   -2.573200839606    2.8253    7.9750  -0.021   11
47204.249   -0.761094858272    0.342097166595    0.3082    0.4036  -0.017   30
47207.339   -0.224756022714   -1.596301228801    1.2159    1.5906   0.021    5
47209.253   -0.866557954198    1.932199194243    0.2368    0.3247  -0.005   32
47214.250   -0.253878792304    0.074797179650    0.2518    0.3564   0.022   32
47215.298    0.084278621361   -0.330501603685    0.3014    0.4297  -0.116   33
47216.916   -0.403633243495    0.069598803520    0.8710    1.2613   0.483   11
47219.235   -0.788880868171   -0.174099608330    0.2640    0.3348  -0.047   31
47224.239    0.136091091814    0.273099584547    0.2724    0.4064   0.117   35
47224.926    4.191477026649  -16.353201596075   12.9137   21.9611   0.294    9
47227.903   -3.332439182953   -4.155102016057    2.7039    5.8141   0.001    8
47229.251   -0.070739607912   -1.113699596544    0.2090    0.2764  -0.067   55
47234.244    1.767253757088    0.464097598751    0.6215    0.6188  -0.085   16
47235.296   -0.468606666185   -0.652802407330    0.3202    0.3961   0.140   37
47236.917   -1.727056896387    2.296699176441    5.6369    2.0914   0.837    3
47239.258   -0.100364784643   -1.055700039387    0.3873    0.4070   0.066   21
47244.244    1.124449013571   -0.027802809655    0.2231    0.2994   0.093   40
47244.934   -3.953432691713    4.459597158757    2.0702    1.9291  -0.822    4
47249.263   -0.682039898807    0.284000356032    0.2142    0.2967  -0.024   37
47251.900   -2.958472229936    2.198098803774    2.3852    2.2499  -0.297    7
47253.511    0.481184978908   -2.483100035988    0.2269    0.2902   0.035   39
47259.234   -1.883621472832   -1.400900413273    0.5195    0.7081   0.083   30
47264.249   -0.092885787888    0.397097983296    0.2371    0.2970   0.007   63
47265.911    5.476793694023   -3.584800833778   16.3965   10.3263  -0.631    3
47269.235   -0.004428435096   -2.147799608565    0.2711    0.3740   0.053   32
47270.279   -5.280450434276    3.052699162254    0.4027    0.3320  -0.124   22
47274.253    0.050726419114    1.128797970296    0.2510    0.3309  -0.075   38
47274.253    1.583529930937    1.310097604801    1.0980    0.6680  -0.134    9
47278.256    0.249993885220    1.532300404961    0.9380    0.7969  -0.249   10
47279.246   -0.370122154995   -1.058101241824    0.4352    0.4478  -0.068   23
47279.337    0.139892766718    4.913697557640    1.3612    1.5476   0.152    7
47284.243    0.015209706548   -0.949302000208    0.2107    0.2280   0.005   68
47285.178    2.347465763387    0.020897971353    1.4299    1.4466  -0.247    6
47288.249   -1.544251652528    1.416898777507    2.4858    3.0744  -0.530    5
47289.243    0.817629581042    1.167897573850    0.2213    0.2807  -0.081   65
47294.269   -0.010445328672    0.392497196344    0.2183    0.2665  -0.067   68
47299.262    1.739508860936    4.859398796953    0.5044    0.7740   0.122   32
47300.208   -0.114612785779   -0.048801615549    0.4661    0.4399  -0.194   18
47302.527    0.450306281792   -2.514801627740    0.2389    0.3358  -0.042   34
47309.251    0.106047744811   -0.334602003704    0.2535    0.3153  -0.072   32
47314.244   -1.461686840259   -0.853200032225    0.2188    0.2867  -0.173   32
47319.241   -0.138304301114   -1.068501626378    0.2774    0.3288  -0.140   41
47324.245   -0.702221561338    1.063497603582    0.2309    0.2896  -0.156   39
47329.234    2.940547904509    1.520697577462    0.2463    0.2707  -0.148   48
47334.253    0.928315348429   -1.063800004886    0.3189    0.3829   0.037   29
47335.294    0.642596160723   -0.345301208426    0.4537    0.3655   0.281   26
47339.238   -2.435253232867   -1.079402397863    0.3914    0.5954   0.124   27
47344.246   -1.075770336957    1.070697578598    0.6731    0.9281   0.068   28
47349.239    0.307906481429   -1.258502396695    0.4445    0.6708   0.091   25
47354.239    4.095708146150    1.075798803640    0.7479    0.8795   0.225   22
47358.502   -3.149425349175   -2.601601238439    0.9338    0.9745   0.476   22
47359.250   -3.303482884849   -0.680601635850    1.1040    0.8530   0.362   17
47363.473   -3.000674714703   -2.075000395507    2.9024    5.4861  -0.106   20
47364.243    3.043211147129   -0.737499635761    0.3859    0.5848  -0.136   19
47368.283   -0.160450481090   -0.292899630949    0.5533    0.4545  -0.040   21
47369.247    3.217533577514    0.565199957236    0.8380    0.7801  -0.101   23
47374.251   -0.013453771897   -1.053000016782    0.6507    0.7604   0.216   22
47379.241   -0.298086908264    0.990597555983    0.2866    0.3305  -0.041   47
47384.244   -1.218754786205   -0.602402428740    0.2823    0.3267  -0.126   30
47389.237   -1.207932401007   -2.040102026513    0.2980    0.3311   0.024   36
47394.249   -1.186581454957    1.505599203711    0.1828    0.2157  -0.035   63
47399.249    0.113819561225   -0.806702416867    0.2588    0.2807  -0.102   35
47403.157   -1.421657455729   -0.428702423960    1.2964    1.0663   0.053    7
47404.260   -2.307227788939   -0.408902428717    0.2337    0.2497  -0.121   46
47409.249   -0.996463678704   -1.229000440617    0.3351    0.4199  -0.060   32
47414.242    1.113751978987   -0.311000428610    0.3144    0.3622   0.026   25
47415.251   -2.360000952992    0.959799587008    1.8377    2.2050  -0.317    8
47419.254   -0.399120571532   -0.007401644098    0.2456    0.2847  -0.136   30
47424.254    0.813869027011    0.040697966597    0.2407    0.2507  -0.157   37
47425.335    1.587707664806    0.690498001177    0.4192    0.3900   0.201   22
47426.077   33.494414189493    5.764597170810   23.1244   14.3461  -0.507    3
47429.236    0.606870858237    0.653198378586    0.2405    0.2771  -0.058   36
47434.244    1.029682945105   -0.708501596591    0.2506    0.2864  -0.150   37
47439.247    0.547997561303   -0.530701242951    0.2439    0.3043  -0.104   37
47444.251   -0.604948459226   -2.015402424149    0.6276    0.6957   0.140   23
47448.160    3.487751236573  -11.537499608494    4.0933    5.6325  -0.469    3
47449.252    0.118708285029    5.475099567320    1.5737    2.4570  -0.295   14
47454.197    0.571897666558   -3.778002013632    0.6066    0.8031  -0.231   17
47459.249   -1.188921019556   -1.595901625251    0.4107    0.6595   0.194   25
47459.252    6.437950240515   -5.753501994832    2.8754    3.9596  -0.267    4
47463.179    1.519976500119    0.784400384646    3.2139    4.4502  -0.359    3
47464.256    0.655048118147    0.416498374989    0.3164    0.3998   0.094   35
47465.016  -11.961749901556   -0.644202003741    5.8161    3.9346   0.033    4
47469.238   -0.424567016832   -0.412200040500    0.3516    0.4734   0.086   22
47470.338    0.424107732812   -1.608102041928    0.3157    0.2484  -0.072   24
47473.497   14.803103309628   -3.931700405246    2.7712    0.8076   0.048    3
47474.249   -0.475041730033    1.869699582357    0.2108    0.2639  -0.064   47
47475.330   -0.245271625777   -0.726901214421    0.2630    0.2542  -0.223   36
47479.246   -1.047481919918    0.597297571403    0.4401    0.4393  -0.138   30
47484.246    0.474875265673    0.291999589308    0.3349    0.4752   0.059   27
47489.254   -0.751902045300    0.745099163169    0.3038    0.4531  -0.056   31
47494.236    0.899567633119    0.706597199951    0.2766    0.3471  -0.122   40
47499.254   -0.543609242393   -0.338900440511    0.5180    0.6573  -0.143   22
47504.266   -0.385749034255    0.137397574917    0.4588    0.7875   0.032   23
47509.255    0.314633367377    0.116999990496    0.2726    0.3389   0.021   28
47510.840   -1.383341880292    5.041097983849    5.7213    5.3903   0.117    3
47512.641    2.687713045111    4.799699991054    2.1423    5.5877  -0.128   19
47514.241   -0.167052016424    0.497700006008    0.1987    0.2293  -0.101   39
47515.267   -2.203644973591    3.941798388496    0.6811    0.7960   0.073   13
47518.525   -0.522592229751   -0.260002809682    0.1674    0.2222  -0.111   43
47524.237   -0.004595904143    1.697900393083    0.2077    0.2485  -0.191   38
47529.256    0.100657611428    0.108997176085    0.1832    0.2189  -0.144   36
47531.926   -2.810139772863    0.696898769093    4.1885    1.8238  -0.474   15
47534.242   -1.206219589476   -1.348102813381    0.2471    0.3233  -0.111   27
47535.001    1.788020061379   20.673097179724    1.2405    1.9075   0.368   12
47539.253    1.009375931960    0.572299200030    0.2097    0.2593  -0.062   34
47540.962    4.036792730782    1.964797195342    0.7287    1.1497   0.210   20
47544.257    0.413034639261    0.155199603569    0.1641    0.1789  -0.107   59
47549.242   -0.600435787263    2.140599582390    0.3173    0.4135  -0.094   25
47550.272    0.058623593268    3.362997586009    0.4939    0.3724  -0.303   14
47553.673    3.963252257753  -29.184800393978    1.4974    1.5981  -0.189   12
47554.246   -0.181592837221    2.525597983549    0.4416    0.5090  -0.244   27
47559.247   -0.296039158639   -2.808500414631    0.5475    0.8489  -0.179   19
47564.232   -0.855610218386   -0.192002420363    0.3568    0.4686   0.051   27
47568.100   -0.273267223156   -0.305701217940    0.4092    0.3590   0.167   15
47569.255   -3.191376135155   -1.750600841888    0.3441    0.4365   0.023   29
47574.244   -0.920166468363   -0.204300039286    0.3588    0.4186  -0.042   26
47577.107    2.433666783760   -5.214801620923    1.3612    2.2791  -0.535    6
47579.255    0.186691155629   -0.444801622734    0.2384    0.2750  -0.153   46
47584.106    3.453237336040    3.433597163394    0.8777    1.0300   0.354   17
47585.271    0.340999392530   -2.986200036048    0.2988    0.2280  -0.022   28
47589.237   -1.174129497533    1.010599169149    0.3103    0.4135   0.070   27
47594.249   -1.283519618976    0.865997986921    0.3620    0.4605   0.045   25
47599.253    6.388561578653    4.516199970794    0.2411    0.2903  -0.087   35
47604.242   -0.772334409058   -0.862102837118    0.4958    1.0064   0.439   31
47605.009  -10.163493101425    8.960000383240    1.2531    1.1700  -0.385   12
47609.249    0.250327825753    0.692697585691    0.3167    0.4372   0.118   27
47610.794    6.429009140581   30.586499963192    1.0542    1.6324  -0.129   11
47614.242    2.556637032399    1.828699163298    0.3681    0.7008   0.349   32
47617.274   -3.482402216938   -0.929502004965    0.2896    0.2232  -0.091   25
47619.254    0.290440442462   -1.334700004918    0.3079    0.5265   0.191   32
47624.243   -0.633403347751    0.739699169117    0.3880    0.3569  -0.039   38
47629.247    0.185019464970   -0.172501194129    0.1686    0.2206  -0.101   40
47634.251   -0.896266363108    0.259397955915    0.1881    0.2514  -0.136   39
47635.277    1.209186926079   -0.574200015535    0.3234    0.2376  -0.210   27
47639.240    1.725093390754   -1.887800431177    0.2406    0.2970  -0.102   33
47644.244    0.311709161018    0.585197989267    0.1826    0.1942  -0.067   57
47649.226    1.639352659087    0.202399172622    0.2759    0.3308   0.089   39
47649.252    7.399734559011   18.331898405677    1.4166    1.1536  -0.250    6
47654.248   -0.876543991723    0.443199576239    0.1886    0.2662  -0.145   41
47654.263    2.618811599344   -2.246799635941    3.6799    6.1687   0.174    3
47659.245   -0.205409710295    0.850899562010    0.1838    0.2229  -0.150   49
47659.248   15.381017869761  -32.866801223008    0.5732    0.6595   0.127   11
47660.341   16.816297571120  -14.020002004145    0.7325    0.8053  -0.006   13
47664.234    3.086081505837   -3.064500026539    0.4578    0.5336   0.150   14
47664.245    0.909136497931   -2.602202408752    0.1944    0.2437  -0.184   44
47669.242    0.039527982076   -0.808002010899    0.2006    0.2535  -0.129   40
47670.275   -0.473830328081   -0.281800822677    0.4096    0.3360   0.001   26
47674.242    0.386460031314   -0.218800823859    0.2043    0.2566  -0.175   41
47679.246   -0.564417665117    0.051800356005    0.2084    0.2321  -0.090   51
47684.243   -1.865152614707    0.453499177411    0.2175    0.2902  -0.107   42
47689.246   -0.826779270895   -1.198000802560    0.1968    0.2398  -0.187   41
47694.254    1.145675606569   -0.461102439431    0.2381    0.3407  -0.063   43
47700.266    0.265996816321   -0.295902003700    0.4556    0.3721   0.113   19
47709.240    0.251999516412    0.193100396473    0.1972    0.2624  -0.135   63
47717.290    3.610637255471    4.126100395752    0.3602    0.3072  -0.114   16
47724.234   -1.170619637603    0.361198789278    0.2608    0.3753  -0.150   37
47729.245   -0.520753070045   -0.622202423983    0.1707    0.2053  -0.157   37
47734.242    0.260105273359    0.239097573740    0.3002    0.4326  -0.123   56
47735.268   -0.347851629092    0.255297555896    0.4907    0.4396  -0.018   19
47744.257   -8.449222102995  -13.344901196888    0.1947    0.2953  -0.096   57
47749.257   -1.863356570995   -0.873500414400    0.2526    0.3863  -0.163   29
47754.239    0.145157549487    1.911599991899    0.3749    0.8605   0.546   48
47764.247   -0.111939280647   -0.002800805987    0.1963    0.2749  -0.127   58
47779.251    6.366248934316    2.119499993114    0.5197    0.6528   0.131   60
47780.311   -2.694230343579   -6.508101603231    0.5996    0.4894  -0.095    6
47789.248   -1.952941088873   -0.371800842913    0.5504    0.4747   0.172   59
47790.275    1.089057651618   -0.201200413130    0.3898    0.3214   0.154   23
47794.252    0.375847233596   -0.838000823933    0.1936    0.2789  -0.124   60
47799.242   -3.874293495382    0.443397561867    0.2046    0.2798  -0.132   59
47804.238    0.181760313393   -0.396702012040    0.1849    0.2716  -0.114   63
47809.249   -0.328046025527   -0.156801598905    0.1567    0.2035  -0.131   57
47814.250    1.519516204287   -0.974901644213    0.2624    0.3693  -0.090   38
47819.250   -0.489624676388    0.442497571385    0.2725    0.3882  -0.179   46
47822.314    0.692235523812   -1.866700841902    1.0566    0.6540  -0.325   56
47823.180   -1.300191428703    4.101497995634    1.1082    1.1048   0.205    7
47824.250   -0.009276045153    0.144698384474    0.1833    0.2326  -0.116   58
47829.254   -0.293406767254   -0.830502028748    0.2877    0.3784   0.004   47
47830.343    0.327419265334    1.508900396630    1.2635    1.5340  -0.064    5
47834.247    0.012785897957    0.569599177425    0.1781    0.2530  -0.116   61
47834.422    0.472034291495    0.683600376306    0.6543    0.6121  -0.027   13
47839.251    0.171857508047    0.362700001233    0.2336    0.3388  -0.186   55
47844.255   -1.584782446636   -1.371600023958    0.1705    0.2554  -0.184   51
47844.660    0.222040406274    0.259498790456    0.5279    0.5372  -0.112   24
47849.252    0.467813434506    0.371998777382    0.1529    0.2122  -0.146   57
47850.219   -0.337071362327    0.357800394113    0.3609    0.2893  -0.336   20
47854.248    0.278281304698    0.872398805996    0.1748    0.2558  -0.128   59
47859.256   -0.179336504802    0.186497959476    0.1932    0.2533  -0.157   34
47864.183    0.334147155968   -0.234601202465    0.1940    0.2772   0.019   51
47874.260    0.357713320690    0.467899178602    0.1765    0.2304  -0.159   31
47879.250    0.479430056069   -0.098902825130    0.1926    0.2561  -0.131   46
47880.290   -0.404927877628    0.296600376259    0.1796    0.1714  -0.059   26
47882.453    0.003928030203   -0.932799616749    0.2595    0.2403  -0.073    9
47883.512   -0.018969255893    0.723797955970    0.1674    0.2742   0.105   49
47889.257   -0.069235386300    0.964198756037    0.2564    0.5960   0.575   48
47894.254    0.179253272622   -0.027802809655    0.1539    0.1464   0.100   41
47899.258   -2.220901417952   -1.564102831253    0.1727    0.1861   0.056   37
47904.262   -1.359357545297   -0.203702398949    0.1468    0.1418   0.044   41
47909.251    0.073916531995    0.686300398911    0.1505    0.1515   0.106   41
47914.251   -1.667347258906    0.778100400112    0.1503    0.1496   0.079   39
47914.255    0.187360034255    0.258397182051    0.6147    0.6822   0.115    8
47915.311    0.108262963482    2.468098762165    0.6495    1.0291  -0.118   27
47916.352   -2.954837026518    2.856499190784    1.4647    1.3642  -0.032    8
47919.244    2.053432235940    1.885697997750    1.6370    1.9410   0.606   12
47919.248    0.712835363742   -0.610300827475    0.1459    0.1482   0.075   65
47921.096   -0.719185186039   -0.659501995415    0.1707    0.1781  -0.150   23
47923.083   -3.037778888188    6.912197994779    1.2431    1.2510   0.193    5
47924.248   -0.347308101079    0.408999579804    0.2014    0.2074   0.066   28
47924.263   -2.154507012956    0.031697959457    1.0797    0.8797   0.226   15
47929.249   -1.190091307761   -0.168400794109    0.1662    0.1647   0.047   33
47930.330    1.548263919597   -0.570600002447    0.2789    0.3526  -0.206    6
47931.082    0.155937816252   -0.725702403770    1.1834    0.8698  -0.207    8
47934.253   -0.877338220963    0.894099565585    0.1640    0.1710   0.079   32
47934.253   -1.133473345685    0.150897585627    1.0103    0.9196  -0.176   12
47935.272   -0.262612314130    0.321098360700    0.1536    0.1747  -0.007   27
47936.210   -0.479136224597    0.235198791643    0.3226    0.3387  -0.151   24
47939.256    0.237667278409    1.573599593030    0.1625    0.1674   0.064   32
47940.250   -1.672612034549   -2.156601630077    0.5714    0.4800   0.505   28
47941.189   -1.328939136888    0.931399188175    0.4695    0.4595   0.267   27
47942.124    0.292279609294   -0.405900004807    0.7320    0.9071   0.234   25
47944.249   -1.276875965208    1.401397167911    0.1862    0.1796   0.122   52
47949.246   -1.410083964411    0.013100356000    0.2482    0.2521   0.048   20
47954.250   -0.689100725288   -0.261100836951    0.1820    0.1930  -0.004   30
47959.250   -1.494320467339    0.139499957186    0.1784    0.1827   0.038   30
47964.247    1.060436291607   -0.743500800127    0.1835    0.1832   0.130   31
47969.251    0.423857024459    1.103399995372    0.4257    0.4516  -0.095   18
47974.247    0.408271266071    0.326797174921    0.1597    0.1657   0.058   32
47978.167    0.740538141461   -0.773902797846    0.1140    0.1039  -0.081   47
47979.251   -0.357920898798    1.701899958562    0.3194    0.3123  -0.020   50
47984.248   -0.044750639286    0.189197982081    0.2047    0.2035   0.062   44
47989.248   -1.645912075989    1.903197573938    0.2720    0.2725   0.039   36
47994.252    0.661983594015   -0.167500803627    0.1875    0.1744   0.051   41
47995.341   -0.546617685618    0.045698357098    0.2116    0.2188   0.150   27
47999.249   -1.051409942995   -1.737702001492    0.1754    0.2116   0.149   59
48004.249    0.219575483937    0.248597967811    0.2182    0.1967   0.055   31
48005.337   -0.203612661897    0.583297173762    0.1580    0.1440  -0.169   19
48009.246   -0.434761637152   -0.552700822709    0.2100    0.1964   0.166   41
48014.250   -1.617290715978   -0.352202414433    0.1851    0.1672   0.076   41
48018.169   -0.458412038740   -0.285901222696    0.3856    0.3437   0.015    9
48019.250   -0.418758706051    0.222098384484    0.3506    0.2469   0.220   28
48024.250    0.360554294868    1.110599970389    0.2191    0.1998   0.083   45
48029.250   -0.205911119874   -1.071100814443    0.2177    0.2015   0.233   42
48033.173   -0.158194148671    0.441197977352    0.1287    0.1099  -0.185   27
48034.254   -0.270509481158    0.545597998780    0.1798    0.1619   0.151   55
48036.333   -0.412407879068   -0.050202044122    0.2659    0.2543  -0.034   64
48039.247    1.591969628417    0.667997983328    0.2115    0.2007   0.137   41
48044.251    0.460209087138    2.165399968135    0.1946    0.1873   0.203   41
48049.251   -0.276777083086   -0.365101203670    0.3223    0.2805   0.291   45
48054.248    0.079473129739   -0.072201623880    0.1965    0.1877   0.141   43
48059.252   -1.042552075242    0.931499971557    0.1826    0.1741   0.128   40
48064.252   -1.870501634342   -1.449000023968    0.2098    0.1894   0.159   39
48065.333    2.006299906497    0.225698397571    0.3044    0.2954  -0.092   21
48068.164   -0.777599191827    0.526197555928    0.1618    0.1701  -0.083   12
48069.253   -1.162053591949   -0.019299608311    0.1823    0.1819   0.195   54
48071.229   -0.028204187298   -0.390402027506    0.6455    0.5596  -0.031   19
48072.503   -0.486114816459   -7.165400432996   57.2412  194.2932  -0.004    9
48072.503    5.783446655066    0.038998769014    1.2430    1.1290  -0.043   66
48074.249    1.039919690983    2.814800399165    0.1755    0.1668   0.303   56
48079.249   -0.386209322962   -1.443700813297    0.1484    0.1497   0.143   58
48082.248   -1.483581314321  -13.468701610009    1.5230    1.5626   0.113    4
48084.246   -1.748910256702   -1.011502843085    0.1786    0.1648   0.157   57
48089.246   -2.192321178814   -1.402902012160    0.2915    0.2849   0.469   29
48092.092    3.948252145811    0.180197974942    0.2693    0.2653   0.033   15
48093.165    2.678144180298   -1.825801206223    0.4369    0.4745  -0.248   18
48094.250   -3.499616549991   -1.579802426477    0.2034    0.1918   0.232   37
48097.245   -5.403336453174   -2.454901203919    1.0026    0.9464  -0.098    6
48099.247   -0.139850641160   -1.363402805055    0.1695    0.1660   0.155   55
48104.251   -3.248035210978   -3.017001637318    0.4616    0.4516   0.089   10
48104.265    5.987310018190    2.195899168100    0.6583    0.6107  -0.033   35
48109.258  -28.858815243673  -14.536000844600    1.5297    1.1607  -0.136   12
48114.251    0.547662623210    0.046097960649    0.4493    0.4138   0.235   55
48115.333   -2.227419721107    2.524597158526    0.8733    0.8862  -0.811   24
48117.239   -5.020511625277   -2.205201627703    0.4450    0.4412   0.297   11
48119.248    3.838067788003   -1.455202806255    0.3745    0.3790  -0.120   49
48124.252   -2.577402332004    4.550097565925    0.6991    0.6506   0.074   33
48129.249   -2.106622572706    1.661000374042    0.8531    0.7902   0.111   31
48134.245    0.708781982926    1.745099962136    0.4767    0.3941   0.222   51
48139.256   -3.423402571830   -0.979700416792    0.3801    0.3840   0.065   45
48143.165   -0.638626012087   -0.410400008377    0.4362    0.4283  -0.075    9
48144.253    3.690779263836    1.374199160864    0.3858    0.3174   0.215   58
48145.334    1.553486583933    0.395899172645    1.4802    0.8554   0.270    9
48149.250   -1.471547527171   -1.079902835954    0.2945    0.2907   0.358   49
48154.254    0.728044065604    0.878000366811    0.4853    0.4250   0.135   56
48159.247   -0.704853952722   -0.372200395304    0.1991    0.1840   0.149   72
48162.169    1.071383022733   -1.111302026402    0.2779    0.2947   0.134   14
48164.247   -1.834107453231    1.473397173868    0.2082    0.1767   0.176   67
48169.247    0.452771204130    0.322297171351    0.4711    0.4734  -0.525    9
48169.251    1.655607296101    2.604697181141    0.2877    0.2448   0.196   37
48170.339   -0.672052856595    0.441097193971    0.2272    0.2218  -0.132   23
48174.255    1.008498470541    0.397799988150    2.1297    2.2322  -0.559    6
48174.258   -0.413368572668    1.110697172635    0.2406    0.2239   0.140   53
48179.244   -1.456589533662   -1.505800821633    1.0560    1.0055  -0.036    6
48179.251   -1.669813178804   -1.097600397770    0.2142    0.1921   0.114   71
48183.159    1.526369445535   -0.621702037051    0.1565    0.1921   0.105   25
48184.252    0.685173699771    0.567597578538    0.2326    0.1786   0.209   70
48188.346   -1.078694550441   -2.895102039702    1.1828    1.0886  -0.080    6
48189.248   -1.462689659417   -0.862502440668    0.2079    0.1771   0.161   65
48194.245    0.488831444709    0.103597182033    1.3928    1.3066  -0.210    9
48194.248    1.412800592662   -0.161402437016    0.1959    0.1622   0.132   70
48195.337    1.076271753661    0.218699989318    1.6929    2.1458  -0.334    7
48199.249    0.052439230646    0.711799157216    0.2038    0.1877   0.117   43
48204.245    0.940264898713   -0.081702017951    0.2136    0.2000   0.085   32
48204.253    0.876210058316   -0.476701200114    0.5229    0.4372  -0.368    6
48209.249   -1.663670934615    1.742497192936    0.1802    0.1663   0.086   45
48213.168    8.438943245809    6.494997563777    0.5615    0.5372   0.684   21
48214.250    0.783659208521    1.350698369151    0.1966    0.1843   0.079   44
48219.246   -1.959250809233    0.150800383381    0.1895    0.1862   0.117   61
48222.077   -0.215813918094    0.615200383436    0.1192    0.1084  -0.003   26
48224.250   -0.467312024926   -1.170500394210    0.2039    0.1795   0.147   43
48229.258   -1.196149315084    0.392198376176    0.3354    0.3954  -0.191   40
48234.254   -0.071366368105    0.315698366649    0.1994    0.1843   0.082   42
48236.252    1.021451837544   -0.036100811940    0.1230    0.1061  -0.066   25
48239.251   -1.745483636078    0.822999601269    0.1971    0.1801   0.136   38
48243.170    0.827156334547    0.374900366751    0.3970    0.3355   0.236   11
48244.251    0.325623221622    0.313898385684    0.2205    0.1998   0.259   90
48248.517   -3.505758794180   -0.492699615506    0.2611    0.2449   0.041   18
48254.252   -1.030225468431   -0.396302408490    0.2015    0.1821   0.145   48
48259.248    0.384120459590    0.524098805954    0.3261    0.2763   0.273   39
48264.249    0.432840249952    0.031100370279    0.2685    0.2363   0.244   63
48267.167   -0.236413758024    0.248399982183    0.4046    0.3984   0.055   10
48269.253    1.229619289837    0.133099189270    0.8503    0.7253  -0.110   39
48273.168   -0.933411650340    0.005997583230    0.3346    0.2371   0.199   25
48274.249    0.495766920577    0.217699164295    0.2605    0.2320   0.154   40
48279.249   -0.249032186934    0.023900395263    0.2684    0.2013   0.134   38
48284.253   -0.189657480421    0.284997599920    0.2804    0.2385   0.126   41
48289.243   -0.222875749261    0.419000360807    0.8219    0.7990  -0.071   56
48294.250   -0.019178843372   -0.040201211959    0.3400    0.2662   0.282   70
48299.247    0.030001235696    0.076597160614    0.2293    0.2089   0.205   63
48301.416   -0.790427208217   -0.003002423909    0.2282    0.1641   0.141   31
48304.258   -2.274260228451   -0.423900019086    1.0520    0.7480   0.241   34
48309.247   -0.069904264926    0.464497202302    0.2703    0.2321   0.244   42
48312.246   -0.077968908126   -0.264002426320    0.3745    0.2871  -0.018   10
48314.248    0.255592608522    0.368600382217    0.2747    0.2387   0.154   41
48319.248    0.344091075061    0.346100364368    0.4722    0.3996   0.062   31
48324.252   -0.182219597413    0.288799179771    0.2539    0.2183   0.142   43
48329.252   -0.423020676787   -0.229500028581    0.2890    0.2569   0.187   44
48331.414    0.040196860701   -0.277801206039    0.3001    0.2995   0.091   18
48334.249   -0.256678652735    0.293299183340    0.3327    0.2860   0.121   41
48339.249    0.084529329714   -0.157802423928    0.3181    0.2895   0.200   42
48341.167   -0.317557573736    0.495399586953    0.3111    0.1989   0.181   31
48344.249   -0.272974403496    0.408398358331    0.3525    0.3405   0.121   33
48348.165    1.491938777182    1.324098002442    0.2915    0.2734   0.078   19
48349.253    0.909094379498    0.112597189172    0.5687    0.6104   0.204   16
48354.250   -0.341541915856    0.371797159460    0.3189    0.2822   0.168   45
48357.336   -1.168405423618    0.098499589285    0.8654    0.8276  -0.301   12
48358.417    1.493903294626    0.477997161852    0.9717    0.9024  -0.304   12
48359.250   -0.135337976322   -0.548301602521    0.3185    0.4604   0.395   41
48364.243    0.107009443097    0.332798390446    0.3142    0.2723   0.161   61
48368.831    0.022605471122   -0.123300026189    0.3548    0.3103   0.282   47
48370.335    0.254047266037   -0.045399639248    0.2531    0.1608   0.128   34
48371.249   -0.416251672405    0.703897177345    1.5853    0.9922  -0.211    7
48375.832   -0.032967560488    0.218098767846    0.3042    0.2638   0.088   68
48382.834   -0.175032422758   -0.499600821513    0.3389    0.3089   0.242   73
48384.164    0.004722259443   -0.276001225075    0.2794    0.1914   0.035   29
48389.832   -0.794355238420   -0.266702397766    0.3183    0.2754   0.127   65
48390.914   -1.350291087624    0.402199157179    0.2786    0.3238   0.033   12
48393.251    0.153765713574   -0.715402802598    0.4667    0.5131   0.217   21
48396.834    0.135589682235    0.202399172622    0.3175    0.2621   0.205   62
48400.257    1.212654660450    0.601797574973    0.3247    0.3075  -0.179   27
48403.833    0.191830587785    0.447800363190    0.3639    0.3157   0.263   73
48406.261   -0.904414238489    1.358600400181    1.2677    0.9693  -0.276   11
48410.834    0.340121931110    0.277999191667    0.3052    0.2588   0.096   83
48414.271   -0.888201719908   -0.803800827498    0.3297    0.3231  -0.171   25
48417.833   -1.790066806318    0.638398773845    0.2298    0.1920   0.165   93
48419.169   -0.106298446038   -0.078699594042    0.3014    0.2113   0.036   30
48419.250    2.721432716405    3.304897194312    0.3391    0.3409   0.018   18
48421.262   -1.162137828816    0.761399979865    0.3066    0.2942  -0.092   28
48424.834   -0.898229875867   -0.471999629781    0.2485    0.1976   0.212   85
48428.257   -2.161443486384    0.844199973926    0.3144    0.3049  -0.116   26
48431.833    2.351393793590   -0.739101631098    0.2524    0.2020   0.197   76
48433.173    0.867184714390   -0.038602797758    0.5620    0.5687   0.045    8
48434.247    1.164854457066   -1.250200813274    0.7380    0.8378   0.334   24
48435.350    0.397114947466   -0.111301227435    0.5326    0.4795  -0.360   25
48438.834   -0.014581941669    0.099500363149    0.2940    0.2526   0.149   78
48439.163   -5.757915972900   -5.851602031726    0.6591    0.5483  -0.207   24
48440.281    0.091757618116    0.038397598701    0.3966    0.3867   0.115   24
48445.833   -0.878883556322   -0.734400009605    0.2680    0.2171   0.222   83
48447.085   -0.203780130943    0.719298003560    0.4111    0.3703   0.105   16
48449.266   -0.902825780010   -0.229500028581    0.3282    0.3166  -0.010   27
48452.834    1.383342884978   -0.232599603578    0.2342    0.2075   0.218   87
48454.175   -1.163140640849   -0.550602021576    0.2113    0.1473   0.101   46
48454.270   -2.749134489438   -4.811601638721    0.4029    0.4090  -0.017   21
48456.334   -1.172625268795    1.346497185750    0.8157    0.8630   0.395   15
48457.429    4.915259121517   -1.172901596647    0.3729    0.3574  -0.168   25
48459.248    1.022329298964   -0.634802444210    0.2473    0.2077   0.061   82
48463.259    0.451392333131    1.105898400056    1.0735    0.6917   0.090    9
48467.251    0.613055220859   -2.640600007453    0.2551    0.2063   0.040   79
48470.261   -2.948528310843    0.660200367975    0.5665    0.5787  -0.050   12
48473.833    0.658181919111   -0.046800016662    0.3791    0.3028   0.180   60
48475.085    1.997818090584   -0.363002402537    0.2020    0.1619   0.042   38
48475.254    1.143335037284   -1.855299632325    0.2882    0.3598  -0.057   37
48477.262   -1.282934977216    1.508299175157    0.6200    0.4356  -0.015   16
48480.831    1.290081045250   -0.511599620268    0.3486    0.2905   0.119   64
48482.255    0.694032572210   -2.454699637155    1.9911    2.2455  -0.167    3
48484.279    0.814871839044    0.496299577435    0.3395    0.3265  -0.252   23
48487.836    1.329231963673    0.177897555886    0.5226    0.4528   0.249   40
48489.166   -0.579543127673    0.659797183289    0.5095    0.6142   0.073   10
48491.343   -0.572440189884   -0.590302795445    0.3424    0.3576  -0.066   28
48494.835   -0.046004159671   -0.293302815635    0.3201    0.2756   0.168   68
48495.423    0.083902569521    1.596200394260    0.4875    0.5390  -0.055    6
48497.253    0.407895214231   -0.462200415541    0.6392    0.5520  -0.417   20
48498.359    0.835805612381   -0.309301231027    0.3624    0.3487  -0.099   26
48501.833    0.593541432268   -0.264099628566    0.3962    0.3398   0.071   53
48504.167   -0.693404807332    0.010497586800    0.2203    0.1557   0.115   54
48504.254   -1.597275524933    0.561797980936    0.4003    0.4393  -0.030   33
48505.357    0.767990217953   -0.207302412036    0.3249    0.3368  -0.102   24
48509.247    0.436559690236   -0.052902015568    0.3358    0.2934   0.169   89
48509.247    1.984195844954   -1.944201625292    2.6025    3.1251  -0.903    9
48512.272    0.871990206013   -0.555602412078    0.3161    0.3082  -0.211   22
48515.836    0.183013833778    0.243698360691    0.3316    0.2801   0.091   65
48519.266    2.164451936734    0.141699592859    0.3252    0.3258  -0.127   27
48522.835    1.108571433084   -0.065300417873    0.3736    0.3065   0.136   65
48524.255   -0.565754417683   -0.495900025044    0.5632    0.5017  -0.104    9
48525.245    0.420430403835   -0.344800821495    0.6099    0.6612  -0.218   13
48526.286    0.009987042212   -0.611802039430    0.3541    0.3457  -0.055   26
48529.833    0.516408871815   -0.049899642818    0.3330    0.2767   0.077   64
48532.247   -0.036811353825   -0.195800419078    0.6798    0.5407  -0.115   18
48533.332   -0.514444354370    0.174697197508    0.3401    0.3022  -0.224   23
48536.831    0.106841974050   -0.363301222706    0.3327    0.2844   0.034   70
48538.255   -0.341917967697   -1.282802395508    0.9847    0.6595  -0.270   15
48540.257    0.221831816355   -0.005601611974    0.3376    0.2927  -0.150   24
48543.833    0.673934141860    0.201297564217    0.2962    0.2586   0.071   73
48547.332    0.019095611192    0.525798003537    0.4244    0.3722  -0.142   22
48550.835    0.059166116594   -0.348300000041    0.3709    0.3092   0.190   57
48554.334   -1.649255464433   -3.093001208754    2.4090    1.5887   0.264    3
48557.833    0.222792517081   -0.235299626183    0.2851    0.2351   0.065   73
48559.166   -1.114169151700   -0.576302397803    0.2446    0.2052   0.185   32
48559.250    0.031422225128   -0.387000000046    0.4122    0.4284  -0.129    9
48561.255    0.339244469691    0.267598755954    0.3741    0.2902  -0.170   21
48564.835    0.224213506513    0.051699572623    0.3067    0.2484   0.087   64
48565.247   -1.080198772053    0.286999198806    0.6464    0.5297  -0.267   18
48568.253    0.537509116638    0.153698391614    0.2851    0.2783  -0.103   27
48571.837    1.309886648815   -0.213602396570    1.9784    0.7366   0.332   23
48573.170    0.581215830144    0.420699558390    0.2615    0.1768   0.167   35
48573.254    0.538386578058    0.683600376306    0.6777    0.5387   0.444    5
48575.252    0.300051425708    0.510598795245    0.3254    0.2958  -0.144   25
48578.835    0.599266503744   -0.078102004863    0.3590    0.2764   0.093   56
48580.241    0.012451964550    0.445399160753    0.4230    0.3926  -0.160   18
48580.256   -2.648268295216   -1.786402833659    1.2323    1.0355   0.724    4
48582.253   -0.021059123951    0.178797597528    0.3999    0.3394  -0.013   20
48585.833   -0.234366008399   -0.163900841699    0.4003    0.3695   0.533   47
48587.254    0.696664963595   -0.262702832288    0.3990    0.3312  -0.162   22
48592.835   -1.019779142199    0.640400372731    0.9524    0.8581   0.034   66
48593.423   -2.122709733548   -0.559602028716    1.5442    1.0821  -0.004    8
48594.325    0.418717599429    0.250297165394    0.6261    0.5110  -0.137   12
48596.334    0.402630431462    0.619297202320    0.3581    0.3649  -0.218   19
48599.833    0.236999404470   -0.010299601172    0.3500    0.3664   0.166   25
48602.233    0.597176635686    1.800097197702    0.1988    0.2252   0.203   25
48602.255   -0.140895578751    0.246297599915    0.3129    0.3204  -0.070   21
48603.277    0.615186202665   -0.251701226262    0.3630    0.2991  -0.283   18
48606.831   -0.096604223486    0.072097157044    0.2329    0.2370  -0.016   32
48610.334    0.563582322131   -0.379702822784    0.4350    0.3378  -0.109   18
48613.504    0.101493959101    0.466599584570    0.3100    0.2445   0.035   48
48617.252    0.892129750111    0.452797172557    0.3670    0.2974  -0.068   15
48620.839   -3.007694427437   -2.027700043072    1.0301    0.7383   0.615   10
48624.254    0.274981039374    0.244299582164    0.3416    0.2915  -0.055   19
48627.837   -0.411696882009   -0.321699633332    0.2773    0.2758   0.110   27
48631.252    0.363730214265    0.582998404752    0.3618    0.3416  -0.164   18
48634.831    0.148751639158    0.037400405972    0.2372    0.2294   0.300   63
48635.134   -5.432209511972    1.372499963281    1.6942    1.4728  -0.045   17
48636.252    0.016505338241    0.680097565464    0.5246    0.4566   0.117    3
48638.250    0.742459535787    0.008600403589    0.6526    0.4272   0.469   20
48639.331    0.064473017796    0.340199983384    0.3884    0.3142   0.114   14
48641.833   -0.123304189172    0.312299971483    0.1981    0.1741   0.091   67
48643.331    0.000919579853    0.052797599892    0.2572    0.3885  -0.282   21
48645.248    0.000000000000    0.402598760729    0.2700    0.2778  -0.238   22
48648.831    0.236664459251    0.348998372601    0.2075    0.1552   0.077   63
48649.255    1.395919195455    1.145300404914    0.9011    1.0677   0.355   12
48650.252    1.047482924604   -0.517100397701    0.2242    0.1930  -0.019   25
48650.340   -0.187902557581    0.245098789264    0.9233    0.4434  -0.409    9
48652.250    0.143862915355    0.270097160637    0.3325    0.2935  -0.176   21
48655.840    0.854232352073    0.133999179752    0.2639    0.2380   0.015   44
48659.252    0.266582462767    0.139697993973    0.2992    0.2588  -0.152   21
48664.248   -0.012117019331    0.437698798805    0.3416    0.3305  -0.067   28
48666.082   -0.296874508751    0.638697594013    0.8975    0.7081   0.206    6
48667.335   -0.260355974586    0.380498397590    0.1897    0.1673  -0.027   24
48669.840    0.119502514268    0.745797586887    0.4807    0.4821  -0.039   15
48673.259    0.103624940906   -0.037400405972    0.2919    0.2591  -0.217   23
48676.835   -0.005431247130    0.266698765472    0.2265    0.1926   0.130   66
48678.168    0.244520519657    0.473000403645    0.2692    0.2299   0.071   39
48678.259    0.928231111563   -2.212102833710    0.6591    1.0277  -0.489   11
48680.250    0.313547316038    0.053600388128    0.2332    0.2160  -0.213   24
48683.830   -0.767696386481    0.188100005971    0.3073    0.3061   0.160   48
48687.248    0.390972696152   -0.250002028679    0.2966    0.2796  -0.267   19
48688.333    0.046254868024    0.391500003616    0.2211    0.1908  -0.127   24
48690.831    0.230522215062    0.082497592757    0.2172    0.2045  -0.004   49
48692.165    0.678739633483   -1.010102414511    0.4206    0.2885   0.075   33
48692.256    0.169016533869    0.802299564384    0.2378    0.3136   0.186   41
48694.254   -0.727542656025    0.331397961872    0.3544    0.3672  -0.329   13
48697.833    0.880430908179    1.663797598894    0.6989    0.5487   0.013   54
48701.252    0.152888252155    0.350600367938    0.3122    0.3326  -0.430   16
48704.835   -1.141871929418    0.673999198852    0.7467    0.6071  -0.055   60
48708.254    0.035934889966    0.177199183327    0.2726    0.2932  -0.201   20
48711.833    1.703993145930    2.451898780009    1.2351    1.3501  -0.327   27
48713.258   -0.346263170613    0.610397978562    0.7887    0.4617  -0.333   13
48715.248   -0.195674373996    0.231397160633    0.2859    0.3379  -0.328   19
48718.835    1.069795568940    0.057099566675    0.4922    0.4199   0.050   35
48722.250    0.501742700405   -0.011602827499    0.3078    0.3102  -0.265   18
48725.837    1.346990822300    0.187898388049    0.9374    1.2693  -0.074    8
48727.166   -0.079807063146   -0.029901610787    0.2442    0.2662  -0.028   19
48728.248    0.657136981519    0.750297590457    0.3495    0.3404  -0.468   13
48732.835   -0.121549259207    0.079099197592    0.2369    0.1960   0.146   61
48733.251   -0.115866306164    0.031899577380    0.8428    0.4821   0.393   19
48736.250    0.699422705593    0.001799980964    0.3598    0.3055  -0.388   19
48739.833    0.251289524039   -0.028602016755    0.2773    0.2298   0.137   45
48741.250    0.030878697116    0.312897560661    0.3529    0.3415   0.012    9
48743.256   -0.139557821499    0.213299995266    0.2401    0.2391  -0.288   26
48746.835   -1.136942084742    0.115599561923    0.9082    0.9430   0.357    9
48750.250    0.091215094790   -0.404100023843    0.3004    0.2576  -0.227   23
48753.833   -4.510998113143    8.833499998673    3.4519    2.7587  -0.261    5
48754.257   -0.318351802975    0.208400388146    0.7333    0.5744   0.244   12
48757.267    0.298003676083    0.344897972582    0.3331    0.3019  -0.331   21
48758.337    8.436019039451   -0.069501601274    4.7415    4.5367   0.630    7
48759.422    4.123995565628    0.866599157234    3.4006    2.7511   0.260    9
48760.832   -1.004486203471   -0.452401201301    0.3852    0.2659   0.465   58
48764.250    0.125477289410    0.135298773785    0.3648    0.3092  -0.369   19
48765.331   -0.076923970534    0.153597557073    0.2535    0.2239  -0.081   25
48767.837   -0.160951890669   -0.152802033426    0.3323    0.3207   0.189   41
48771.241    0.048427968262   -0.152301595335    0.3036    0.2606  -0.415   20
48778.250   -0.536004887900    0.890899156047    0.7669    0.6837  -0.257    8
48781.837    0.375805115163    0.353897979721    0.5048    0.4794   0.468   41
48786.337   -0.100782954916   -0.114501636972    0.3709    0.3889  -0.279   16
48787.411    1.279509361278   -0.814402829974    0.8317    0.6244  -0.077   24
48788.832    7.763839820430    5.694397196976    6.6571   13.9120  -0.336    5
48792.250   -0.695493670704    0.354697186822    0.3516    0.3972  -0.185   16
48793.335    4.440927383857   -6.229900793642    0.5793    0.6135   0.084   14
48794.420   -2.346546183534    3.307798783680    0.6840    0.8174   0.024   13
48795.833   -1.517426336229   -1.437102008595    0.5910    0.5254   0.344   50
48797.251   -1.556536140905   -2.655302409948    0.4996    0.5003   0.156    8
48799.252    0.353409238646    0.501299967937    0.3936    0.3750  -0.296   19
48802.832    0.108889723675   -0.281700039295    0.4059    0.3108   0.401   82
48805.502    0.716345216547    0.167097567783    0.3425    0.3173  -0.314   19
48809.837    1.462063903910    0.699199188148    1.1567    1.2233  -0.076   13
48810.082    3.366410560160    0.278697564227    1.0439    0.8096  -0.102   24
48812.251    5.907252246692   -1.021600826334    0.5844    0.5867   0.210    8
48813.329   -0.298754782204    0.521798386899    0.3781    0.3349  -0.303   23
48816.835    0.326040394335   -0.074700028563    0.2670    0.2201   0.306  107
48820.250   -0.009442509513    0.302198355939    0.3692    0.3468  -0.236   20
48821.332    1.364497975013   -0.063802838213    0.3418    0.2745  -0.038   21
48823.844    0.374676945391    0.800398800038    1.0132    1.1571  -0.071   10
48827.420    0.115198432224   -0.119102423923    0.4012    0.3681  -0.325   20
48830.835    0.215689572166    2.324599188341    1.0594    1.3672  -0.305   13
48831.876   -1.015977467295    1.882097984662    0.3951    0.2906  -0.284   21
48833.125   -1.104601284447    1.024700401331    0.1946    0.2084   0.039   42
48834.250   -0.705230011688    0.142297182038    0.4842    0.4528   0.103   22
48837.837    0.558818948941   -0.255200404808    0.3353    0.2714   0.258   83
48838.878    0.221205056162   -0.858700809658    0.2854    0.3193  -0.179   15
48840.135   -0.605992385006   -1.345701610944    0.1868    0.2452  -0.032   43
48841.252    0.640339821179    0.599000401280    0.3035    0.2674   0.022   28
48844.832    0.264075421996   -0.595602006115    0.3142    0.2649   0.238   85
48845.190   -0.041407250842    0.488797201115    0.1975    0.2111   0.009   43
48848.250    0.131285600192    0.562798805959    0.3378    0.2951  -0.280   17
48851.837   -1.159087260032    0.320597973769    1.8469    1.7042   0.106    7
48853.258    2.706432604463    0.932399962039    1.2544    1.1158   0.000    8
48855.252    0.897562001927   -0.167500803627    0.3227    0.3204  -0.259   23
48856.333    6.176215394930    6.871798797192    3.6181    4.0596  -0.021    6
48857.422   -2.268075865829    3.515900402817    3.5814    4.4807   0.132    6
48858.835   -0.041783309808   -0.299700002415    0.6389    0.6787  -0.284   34
48862.254    0.255133317376   -0.505702820419    0.3297    0.3536  -0.272   20
48865.834    0.551507421233    0.068497195116    0.4841    0.4035   0.201   85
48874.421   -0.342920786855    0.608399960811    0.5783    0.7663  -0.001   12
48888.249    0.437603623141   -0.239000422653    0.2715    0.2975   0.024   35
48916.253   -0.200187045959   -0.171500420265    0.4260    0.3690  -0.055   13
48931.254   -0.289896914450    0.779900381076    0.2753    0.3374  -0.022   26
49022.175   -0.148959217265   -0.793900829876    0.9785    0.7682   0.574    8
49028.085    0.997216794196   -1.358200796631    0.5458    0.7170  -0.242   12
49056.085   -1.074600055877    0.014097599887    0.5927    0.5131  -0.288    4
49063.083   -0.783741436015    1.870599572840    0.6778    0.7062  -0.305   10
49064.164   -0.919497589737    0.846399558441    0.7441    0.5917  -0.185   12
49121.421    0.754953611644    0.571697978557    0.6624    0.5742   0.101   24
49125.168    0.452771204130   -0.785502044209    0.2819    0.3644   0.098    8
49148.340   -0.539013338250   -0.088002002485    1.4846    1.4405  -0.615    5
49153.168    1.968067563240   -0.346201198909    0.2226    0.2130  -0.091   13
49176.292    1.747740973183    2.744297972868    0.4192    0.6134  -0.137   16
49184.423   -0.353324994655    1.445997600058    0.4271    0.3441  -0.052   10
49209.169   -3.872329982623    4.506199189791    0.4891    0.5843   0.313   17
49216.170    2.117319607291    0.617698788119    0.2248    0.2147   0.297   22
49253.335    0.088540584972   -0.195300032146    0.4838    0.6073   0.018    9
49254.416   -0.803631283572    0.849599967978    0.4293    0.4788  -0.097    9
49268.412   -1.075268934503    2.490397162092    0.5670    0.3340   0.017    6
49272.167    0.156732045492    0.255200404808    0.2819    0.2772  -0.123   26
49328.167    0.394524674515   -0.192099622609    0.2091    0.2314   0.032   43
49373.363    1.673908678054   -1.120899622720    1.2088    0.7077   0.070    3
49374.360    3.402302334132   -0.075402033417    0.6171    0.5001  -0.048    4
49377.308    1.539697866818    0.004798772579    0.5230    0.5111  -0.150    3
49391.165   -0.783114675823    0.627598785741    0.9312    1.0328   0.082   18
49426.167    0.578207379793   -0.133102821565    0.4334    0.3007   0.097   33
49456.333    1.368927414795   -2.112400801479    1.1705    1.1084  -0.089    9
49541.751    0.266791045560    0.110797157049    0.1177    0.1166   0.106  415
49715.000    0.384496518556   -0.079001995346    0.0761    0.0631   0.070  450
49826.960    0.882311181632   -0.219200427409    0.2534    0.3077   0.091  135
49930.168    0.580797652745    1.345100389472    0.8430    0.8747  -0.003   14
49938.251    0.948747712187    0.191498401136    0.2167    0.2275   0.128   26
49980.252    0.356209099077   -0.490402828746    0.3034    0.2354  -0.060   39
50295.254    0.514945763949   -0.145501223869    0.2027    0.1939   0.100   19
50505.251    0.816835351803    0.030099596415    0.2405    0.2438   0.113   29
50778.253    0.606035508125   -0.266302794216    0.2704    0.3454  -0.530   56
51093.252    0.867602891789   -0.144201629837    0.2670    0.3053  -0.046   26
51284.084    0.530656880076   -0.463600844114    0.0759    0.1039   0.077 1027
51359.249    0.944318279530    0.305197198713    0.2350    0.2053   0.095   38
51562.252    0.192499466411   -0.190602042949    0.1665    0.1871   0.077   52
51786.252    0.634824337183   -0.015699595224    0.2153    0.2073   0.110   35
51870.249    0.368451469022   -0.018900004761    0.1802    0.1763  -0.123   30
52039.272    1.118599589043   -0.508899597662    0.0951    0.0736   0.120  443
52991.252    0.805721151630   -0.365400023838    0.0394    0.0428  -0.015  469
53131.252    0.778352307319   -0.691200006031    0.0914    0.0928   0.223  273
53332.206    0.843702786535   -0.443199627398    0.5163    0.2470  -0.379   18
53472.206    0.927813938850   -0.250502415611    0.1384    0.1093  -0.016   35
53668.206    0.897102710781   -2.354702417051    0.4847    1.6871  -0.033   30
53696.203    1.815346780132   -0.387702004900    0.6668    0.3974  -0.777    6
54004.207    0.935794345184   -0.536101237003    0.1528    0.1563   0.110   57
54067.209    0.633946875763   -0.398199642859    0.2169    0.3067   0.705   56
54125.251    0.648445585252   -0.396399610736    0.0760    0.0708   0.120  149
54278.229    1.031395756637   -1.461402007408    0.2733    0.3140  -0.317   74
54473.206    0.551047125401   -0.305600434558    0.1516    0.2044   0.696   56
54620.209    0.764270770543   -0.416800827452    0.0848    0.0852  -0.153   82
54810.208    0.626217170656   -0.417401997765    0.1094    0.1087  -0.318   53
54943.228    0.454651484709    0.376700398874    0.7048    0.3074  -0.833  433
55159.208    0.723197453108   -0.608601629892    0.2234    0.1867  -0.203   61
55847.251    0.108178726616   -0.100800008340    0.0608    0.0619  -0.039  424
56581.207   -0.216398559854    0.178797597528    0.2017    0.1633  -0.257   45
56583.270   -0.051686115153   -0.078501608414    0.2815    0.2550  -0.276   34
56587.208   -0.524723218681   -0.985701632317    0.2582    0.2748   0.160   35
56590.272    0.305775499623   -0.240901238158    0.2449    0.2513   0.063   35
56594.206    0.019764489818   -0.203799601195    0.1242    0.1342  -0.135   50
56783.497   -0.270384130545   -0.236001631038    0.1147    0.0902   0.472  370
56784.497    0.255175435809    0.097199995253    0.1276    0.0989   0.642  122
56785.498   -0.037856284291   -0.318801625099    0.0667    0.0755  -0.314  345
56786.499    0.030001235696   -0.101401229813    0.0572    0.0533  -0.157  504
56787.500   -0.085447904881   -0.123400809571    0.0617    0.0427   0.385  612
56788.501    0.312753086799    0.834397178551    1.4335    0.2507   0.345  467
56789.498   -0.038566276664   -0.182800795301    0.0465    0.0443   0.169  619
56790.498    0.049222197502    0.015199157133    0.0655    0.0676   0.268  497
56791.499   -0.173612438012   -0.278402427512    0.2772    0.5213  -0.950  403
56792.500   -0.900444089852   -1.205701215667    0.6540    0.6587   0.923  532
56793.497   -0.286344943213   -0.081201631019    0.0848    0.0570   0.026  529
56794.498    0.081729462157   -0.121802395370    0.0433    0.0383   0.145  612
56795.499    0.029081648718   -0.143600408364    0.0485    0.0395   0.280  580
56796.500   -0.231608266401   -0.131400042847    0.0793    0.0936  -0.615  595
56797.500   -0.056032315630    0.051199185691    0.3753    0.3680   0.980  842
57102.499    3.969980148387    7.181697566239    0.4208    0.6512  -0.034   32
57169.208    1.105896923266   -0.713001600161    0.1120    0.1118   0.041   41
57231.205   -0.544110644847    0.846500392981    0.1198    0.1227  -0.190   71
57291.501 -244.076646558231 -800.605202408633    4.5889    5.5304   0.359   44
57294.207    0.270760189511    0.580597202315    0.0680    0.0702  -0.139  134
57345.580 2761.544459450973-1101.518002826651    9.8142   10.8992   0.188   28
57441.206   -0.976867662619   -0.911602825227    0.0746    0.0728  -0.076  108
57464.250  -72.461985850653  -14.686300841049    1.5580    0.9425  -0.184   96
57499.251   -4.314153450942   -5.639900399501    0.7584    1.5675   0.525    7
57630.208    0.780483289124   -0.834202825217    0.1460    0.1678  -0.023   43
57646.250    0.452520502903   -0.249001203656    0.1058    0.1091   0.415  194
57714.208    0.362559926060   -0.115401627454    0.1219    0.1230  -0.024   43
57723.248   -0.155644989467   -0.059202000102    0.1379    0.1098   0.112  253
57770.187  -64.008209961948   84.506900395809    0.6310    0.5159   0.129   63
57834.230    1.194019337965   -5.132300395871    0.5274    0.5545   0.011   68
57855.228  357.123246101294   62.257100364604    0.8904    0.7022  -0.003   18
58022.209    0.923509856806    3.282098356294    0.1802    0.1824   0.286   61
58116.268    0.105295626879   -0.176202041757    0.1773    0.1989  -0.002   46
58177.229   40.589709994320-1602.072201620786   18.8169   27.0708   0.095   24
58214.269    1.048485736637    0.027997162988    0.1272    0.1243   0.088   67
58443.269    0.364440206638    0.445399160753    0.3741    0.3943   0.065   35
58459.271   -0.451224864085    0.073299599990    0.1521    0.1514   0.157   62
58466.269    0.524389278148   -0.002001598887    0.3262    0.2542  -0.234   23
58471.226    0.347350226638   -0.702802833530    0.1318    0.1649  -0.438  116
58473.271   -0.115490247198   -0.032302813224    0.1253    0.1672   0.324  104
58494.386   -0.062090322953   -0.356601634621    0.1268    0.1571  -0.104   98
58513.226   -0.118373346935   -1.458201597870    0.1614    0.4123  -0.129  154
58569.229   -0.162288643235    0.662097602344    0.0900    0.0533  -0.357  110
58599.271    0.393855795889    0.090997161806    0.1680    0.2009   0.030   39
58618.228   13.028161972992   56.249600356750   29.3279   40.2320   0.045   11
58625.230    0.435974043790   -0.320702440604    0.0414    0.0410  -0.136  325
58627.271    0.267877096899   -0.083602833456    0.1532    0.2387   0.404   41
58634.270   -0.778310188886   -0.700300796552    0.2442    0.2441  -0.025   24
58744.228   18.372291195824  107.660599155679   19.9825   34.1370   0.451    3
58751.230    1.382841475399   -2.639401196802    0.1205    0.1999  -0.880  486
58767.272   -0.213223645143   -0.714099627430    0.1521    0.1273  -0.184   64
58891.230    2.315209199958  -26.670099600778    0.5522    0.4453  -0.247   12
59017.230 -132.649092661111   42.072299999063    7.1209    1.6665  -0.504    5
59346.229    1.211109317965   -2.260000826482    0.2665    0.3513  -0.049    5
59415.207    0.237709396843   -0.616500028627    0.1447    0.1637  -0.023   84
59507.228    0.373966953018   -0.962301623986    0.0978    0.0804  -0.036   61
