%-----------------------------------------------------------------------------
%                R.A. (mas)        Dec. (mas)        Err. (mas)     Corr. Del.
% Uncertainty in R.A. is in R.A. cos(Dec.)!!!!
%-----------------------------------------------------------------------------
51449.166   -1.782904371886    1.355198398301    0.7190    0.8831  -0.152   10
53068.250   -0.697253975330   -1.169899198317    0.3016    0.3479   0.224   35
57920.301    0.000000000000    0.000000000000    0.1486    0.1658  -0.006  126
58256.272    0.989759286120    1.128797995875    0.4822    0.3650  -0.043    4
58340.948    1.300149366634    0.120600003584    0.2000    0.2651   0.259  134
58368.269    0.441503085474   -0.997300801941    0.7213    0.6187  -0.182    7
58757.209   -0.465091407740    1.060599595348    0.5643    0.4824  -0.114  327
58757.209    1.926854271125    0.066398393983    1.3312    0.5299   0.344   17
58829.901    0.036317296631   -0.567100798321    0.1698    0.1904  -0.037  133
