%-----------------------------------------------------------------------------
%                R.A. (mas)        Dec. (mas)        Err. (mas)     Corr. Del.
% Uncertainty in R.A. is in R.A. cos(Dec.)!!!!
%-----------------------------------------------------------------------------
54723.348    1.290887166054  -10.458097210631    0.5622    8.0442  -0.482    7
57402.270   -1.032084749171    5.272901987041    0.3457    0.5286  -0.136    3
57548.250    0.942132134713    0.000000000000    0.2985    0.2784   0.040   33
57694.229   14.084568282323    4.119001204117    1.4569    1.0750   0.431    5
57730.250   -1.232578044579    1.170000007278    0.7699    0.6810  -0.025    9
57828.250   -0.960782053051    4.285303197094    0.2439    0.4562  -0.361   16
58016.230    1.303544566125   -0.303598810092    0.1874    0.2407   0.018   35
58422.271    0.000000000000   -0.362498408890    0.4746    0.9627  -0.080    4
