%-----------------------------------------------------------------------------
%                R.A. (mas)        Dec. (mas)        Err. (mas)     Corr. Del.
% Uncertainty in R.A. is in R.A. cos(Dec.)!!!!
%-----------------------------------------------------------------------------
53125.576   -0.296872469463    0.225900002704    0.3280    0.7661  -0.189   51
53382.230   -0.299085166911   11.351401201409    0.6903    6.1953   0.187    3
53446.251    0.170477380503   -0.266597994880    1.3056    4.7310   0.110    4
53568.621    2.609694038451   17.821202408186    0.7321    7.0381   0.639    9
53850.956    8.015684980599  -10.585198791091    0.9733    1.3702  -0.155    7
54118.253   -3.717342821436   -3.728498393230    2.8687    3.8566  -0.222    5
54173.241    0.123664359132   -0.314398798196    0.7541    1.0179   0.399    9
54264.229   -2.435318697674   -0.936298795295    1.4051    1.2103   0.488   12
54391.230    0.217028225733   -0.515397593404    0.6913    0.9868   0.555    7
54446.229   -0.837562696663   -2.621800798863    2.0254    5.8123   0.443    4
54523.231    0.923255488499    1.433901599057    0.7898    1.0299   0.203    7
54621.228   -0.209750359741    1.379401207657    1.5452    0.9276   0.167    4
54741.249    1.650417503962   -0.826700397738    1.4437    1.3684   0.080    9
54971.232    0.756030063419   -0.771699593827    0.7939    1.0191   0.428    9
55035.249    1.654708695185   -0.951199196209    0.7914    0.9596   0.360   12
55174.227    0.419884592542    0.000201605133    0.7239    0.9206   0.138   15
55412.228   -0.835612153182   -4.752197995117    0.8307    4.0214   0.725    3
55545.241    0.687630008947    1.674702002674    0.8530    0.7951   0.149    8
55614.207   -0.376454581402   -0.180698400243    0.5232    0.6122  -0.649    5
55861.251    0.570207384520   -0.173199592268    1.4989    0.8120  -0.234    4
56036.250   -0.657204670635    0.727700408731    0.2120    0.3899   0.007   81
56085.252    2.251705611709   -4.286098797479    1.3389    4.7567   0.276   12
56638.251    0.000000000000   -0.282797989826    0.2342    0.4767  -0.243   77
56666.248    0.023534472068    0.021499205616    0.5930    0.5313  -0.027   17
56749.229   -0.153574747401    0.195400802738    0.2126    0.6360   0.359   26
56809.214   -0.532760102981   -0.083699997333    0.1971    0.4371   0.060   81
56817.881   -0.343947644801    0.441900007786    0.2471    0.6740   0.369   49
56840.253   -1.560305592783    6.431702402665    0.8613    1.7657   0.436    4
56904.248    0.960315770289   -1.433199594203    1.4196    2.2947  -0.976    3
56995.250   -0.657984879158    1.281999607272    0.1800    0.3746  -0.254  123
57046.458    0.331851175140    0.586101599254    0.2048    0.3669  -0.011  131
57092.232   -0.113393587170    0.660499200933    0.3743    0.3789  -0.190   23
57098.832   -1.151990057456    1.677600010908    0.2304    0.4509  -0.214  115
57379.271  -19.289171337794    1.691301601170    0.7592    0.5087   0.079    4
57443.251    0.026786405316   -6.716199590073    0.2505    0.2513  -0.003   39
57526.207    0.681257197259   15.315501609336    0.7427    3.3609  -0.457    9
57618.228   94.817141683825   23.385801608811   16.5999    3.7164   0.961    4
57770.475    0.070478548248   -0.188600392903    0.2151    0.4368  -0.356   70
57775.461    0.007412069663    0.202600803334    0.1790    0.4019  -0.158   85
57804.381   -0.514034898868    0.244400403915    0.1786    0.3765  -0.111  106
57809.367    0.380093536573   -0.054399595228    0.1487    0.3335   0.030  109
57836.293    1.121561614631   -0.317897989532    0.7120    1.2014  -0.868   21
57870.247   -8.260807232616   -2.211497992732    0.4414    0.4522  -0.017   13
57872.197    0.040440209684   -1.586098791506    0.2159    0.5038  -0.401   40
57901.417   -1.825448207480    2.861802008169    0.1521    0.3362   0.033   87
57904.690    0.298301853875   -0.303598797302    0.1609    0.3498  -0.086  109
57914.628   -0.045514713943    1.076101204944    0.1836    0.3327  -0.312  109
57920.301   -0.075031871262    0.250200001517    0.1686    0.3806   0.058   82
57943.713   -0.275157486068   -0.869799592351    0.1470    0.3306   0.037  121
57950.916    0.049412696392   -0.292100398269    0.2178    0.4713  -0.144   83
57954.251    0.625081607094   -0.013298392787    1.5610    1.5838   0.370    7
57970.691    0.495175513258   -0.030700792308    0.1488    0.3347   0.018  135
57978.131   -0.268135542841    0.020300407755    0.1749    0.3611  -0.188  141
58015.324    0.296610337672    0.387000000046    0.5042    1.8829  -0.501   36
58036.001    1.600742675779    0.000000000000    0.5655    2.0012  -0.536   15
58048.076   -2.003596662749    2.672600406584    0.3216    1.0562  -0.429   40
58137.058   12.891259594196   -1.424800795746    0.4613    1.5124   0.433   27
58216.836   -1.201274803553    5.292201608142    0.2207    0.5352  -0.311   45
58245.742    0.915974495819    4.384602006269    0.1695    0.3711  -0.179  143
58258.146    0.494526359543    4.687599607678    0.2286    0.4419   0.158   72
58272.782   -1.055505334590    6.081800407287    0.1688    0.3648  -0.017   65
58301.297    0.073858453965   -0.525700788501    0.1990    0.4350   0.120   49
58305.026   -2.762878659415    4.639701602116    0.4923    1.8771   0.285   10
58326.959    0.248236899256    1.387202404146    0.4105    1.3591  -0.544   24
58340.948    0.085171588416    0.774000000092    0.2190    0.4124   0.246  144
58363.696    0.454994330852   -0.690497988387    0.2164    0.5091  -0.233   49
58382.002    0.371383181656    0.615999603326    0.2292    0.5130   0.243   71
58386.484    0.340433557587    1.264802406808    0.2218    0.4275  -0.020   82
58425.726   -0.924166751829    1.854702004778    0.2893    0.6509   0.391   61
58440.833   -0.091416427634    1.267801211213    0.1742    0.4038  -0.028   76
58472.708   -8.254693448206    3.021800409897    0.3165    0.6915   0.334   18
58481.840   -3.586656496903   -2.517897596022    0.4813    1.0459   0.475   53
58510.833    0.186340733455   -0.216298799671    0.1768    0.4643   0.141   49
58551.686   -2.081749412451   -0.389998791661    0.3977    0.8339  -0.426   28
58645.413   -1.359658796733    1.200700799586    0.4798    1.3422  -0.670   19
58861.959    0.341993974631   -1.655798391198    0.2968    0.7879  -0.224   54
58871.905   -0.427430821527   -2.297397600159    0.2732    0.6739   0.019   52
58899.905   -1.213499223509   -0.845999993260    0.1764    0.4471  -0.044   54
59230.577   -0.415727582815    5.051901604247    0.1639    0.4282  -0.139   34
59501.227   -0.338223964652   -0.913600791819    0.5712    5.4746   0.677   11
59550.251   -0.161376921325   -0.111499200273    0.2968    0.6752  -0.013   10
