%-----------------------------------------------------------------------------
%                R.A. (mas)        Dec. (mas)        Err. (mas)     Corr. Del.
% Uncertainty in R.A. is in R.A. cos(Dec.)!!!!
%-----------------------------------------------------------------------------
57152.498   -1.148764992407   -5.909698791129    0.1290    3.1708  -0.124   53
57155.223    9.370039917364    2.876702396293    0.3254    2.3739   0.462   63
57156.249   -0.933967786982    0.000000000000    0.1945    0.5387   0.456   97
57158.499   10.169939768646   14.284202390513    0.7159    4.9005   0.519   61
57442.236   -0.118476973770    4.920001200048    0.3039    0.3057   0.254   39
58010.244    1.351560621896    5.669701201327    0.2259    0.5127   0.085   10
58143.856   28.563000872003  -12.754799993786    0.6518    1.7657  -0.788   14
58276.251    0.857239013417   -4.991997599291    0.4525    0.7667   0.310    6
58500.248   -0.168226218768    2.516601608704    1.2275    4.2919   0.827    3
58588.274    0.000000000000    0.169401593553    0.5383    0.9420  -0.052   62
58674.228    3.025624781056   -3.174199207479    0.3034    0.5666  -0.414   14
