%-----------------------------------------------------------------------------
%                R.A. (mas)        Dec. (mas)        Err. (mas)     Corr. Del.
% Uncertainty in R.A. is in R.A. cos(Dec.)!!!!
%-----------------------------------------------------------------------------
50155.831    4.739733198930   -2.369901612553    1.3415    2.4984  -0.695   12
57011.551    0.491496111857    0.000000000000    0.1596    0.2424  -0.288   90
57978.131    0.113467266188    0.369100794728    0.1406    0.2132  -0.116  124
58386.484    0.000000000000    1.654700389508    0.1633    0.2411  -0.104   71
58530.834    0.758477554246    1.403701193681    0.1816    0.3946   0.121   93
58712.722   -1.325237955684   -3.056500806053    0.1480    0.2497  -0.180  133
58737.230   -1.633118311777    0.641401197754    0.8357    1.2460   0.226   15
