%-----------------------------------------------------------------------------
%                R.A. (mas)        Dec. (mas)        Err. (mas)     Corr. Del.
% Uncertainty in R.A. is in R.A. cos(Dec.)!!!!
%-----------------------------------------------------------------------------
50575.751   -0.000151198093    0.626400000070    0.1978    0.3993  -0.180   73
54292.229   -0.078151074025    0.448797599883    0.1377    0.2189  -0.141  104
54608.250   -0.182099315544   -3.156800400084    0.2229    1.0024   0.428   11
54803.228    0.465439733542   -0.397699199972    0.3014    0.8092   0.028   13
54872.205    0.639439195080    0.735199199919    0.2199    0.6306   0.425   19
54880.208    0.107396995592    0.646700400031    0.2041    0.2459   0.089   25
54893.207   -0.027600724653    0.386499599925    0.1933    0.4654   0.428   19
54894.230    0.047699199943    0.168098400000    0.3873    0.4686  -0.058   19
54907.207   -0.067948847748   -0.053701200087    0.1190    0.1766   0.163   29
54936.208    0.002847568354    0.156999599921    0.1388    0.5765   0.278   23
54985.207   -0.368244964226    0.344498400007    0.1681    0.1015   0.067   20
55012.206   -0.304644845803   -0.295002000028    0.2327    0.6303   0.241   11
55034.208   -0.115950418299   -0.038001600067    0.5899    0.3144  -0.160    7
55040.206   -0.709040401893    2.347099199995    0.3608    0.7829  -0.184   21
55168.252   -0.132747730956    0.128498399921    0.0913    0.2745   0.170  203
55180.206   -0.050251534260    0.395600400038    0.1495    0.2495  -0.202   16
55244.209   -0.079951024529    0.236998799985    0.2120    0.2529   0.048   48
55306.206    0.063898933535    0.389300399917    0.8954    0.4508   0.427    4
55313.208   -0.390294588114   -0.374299200034    0.5244    0.2784   0.197    9
55321.229   -0.355943972334    0.971398799998    0.3701    0.6490  -0.162   12
55400.269   -0.752837253483   -0.472201199941    0.2995    0.9095   0.040   19
55413.250   -0.007502274941    0.066797999931    0.1096    0.2466  -0.022  211
55428.269   -0.100499487446   -0.744501599970    0.3997    0.4352   0.201    4
55447.208   -0.446392431597   -0.195299999972    0.3780    0.3267  -0.204    6
55482.206    0.130346594733    0.471297599947    0.2081    0.2319  -0.094   13
55523.209    0.568340382791    0.677098800028    0.4609    0.7073   0.162    6
55538.228    0.024749600803   -0.184802399983    0.0986    0.1639  -0.268  230
55551.209   -0.214347559054   -1.084301999987    0.1623    0.5886   0.082    5
55593.209    0.446090060989    0.060598799978    0.3002    0.2172   0.024   10
55615.230   -0.411595434844   -0.127000800076    0.2385    0.3229  -0.406    6
55616.249   -1.138631914179    1.276099199909    0.0919    0.2009  -0.194  117
55621.209    1.475373830978   -0.625499999996    0.6890    0.6165  -0.804    3
55645.272    0.560388120224    0.629099999894    0.3529    0.3815   0.192   17
55649.205   -0.243147074071    0.329698800061    0.1900    0.3509  -0.202    8
55663.209    0.339294276695   -0.011901600105    0.2632    0.4201  -0.020    9
55665.247   -0.430495094192    0.200700000019    0.1752    0.6927   0.389    6
55670.207    0.190195588475   -0.129499199963    0.4423    0.2891   0.061   10
55671.270    0.086996149694    0.413600399929    0.2971    0.7975   0.232   17
55678.210    0.297894980254    0.661697999993    0.2351    0.9003   0.264   15
55680.270    0.351292872401    0.092098799986    4.0660    2.7044  -0.971    3
55687.272    0.220193893855   -0.810799199980    5.6651    3.2559  -0.967    4
55691.206   -0.179996943274   -0.141699600054    0.4530    0.3147  -0.104   26
55694.270    0.264293141632    0.987598799940    0.2470    0.7949   0.142   37
55705.209   -0.352196428728   -0.406699200117    0.3105    0.3701   0.133   18
55727.208    0.240745937847    0.043397999994    0.3408    0.2451  -0.162   14
55743.268   -9.330894480936    6.933099600026   14.0030    9.9165  -0.996    3
55755.230    0.054747880604    0.425998800035    0.2699    0.8330   0.499    9
55757.268   -0.410695434013    3.021897599953    1.6632    2.9986  -0.197    5
55764.270    0.170547126389   -5.472399600071    1.4142    3.2626   0.634    6
55771.268   -2.346710281581  -10.511802000046    5.9342   22.2271   0.990    3
55778.270   -7.294977750566    3.664299599948    3.9901    4.0482  -0.872    4
55792.270    0.883183873795   -0.548701200076    0.6668    1.3357  -0.079   16
55819.500    0.081898617631    0.037299600009    0.0990    0.1208   0.001   39
55820.497    0.343794204114   -0.267199199966    0.0993    0.1401  -0.237   45
55821.498    0.259944412307    0.099198000014    0.0945    0.1114  -0.005   61
55822.498    0.000000000000    0.242398800032    0.2339    0.1612  -0.094   18
55823.499   -0.108599341452    0.047599199982    0.1431    0.1549   0.031   14
55824.500    0.098397140755    0.027698399974    0.1028    0.1562   0.275   65
55825.497    0.159444899282   -0.344800800112    0.1659    0.2157   0.244   11
55826.498    0.057599030033    0.179697600000    0.1769    0.1567  -0.036   33
55827.499    0.123596729184    0.014799599946    0.0797    0.1230   0.087   85
55828.499   -0.191847947540    0.111398399905    0.1005    0.1775   0.354   69
55829.500    0.122095542633    0.035798400044    0.1457    0.0922   0.184   89
55830.501    0.188996823690   -0.028601999968    0.0697    0.0907  -0.001  113
55831.498   -0.118200382009   -0.280900800020    0.1202    0.2088   0.471   73
55832.499    0.103645845332    0.008600399992    0.0692    0.0839   0.077   94
55833.500   -0.403045567633   -0.184201200093    0.1240    0.1964   0.167   49
55847.251    0.106345822247    0.253299599895    0.0710    0.1165   0.018  227
55859.206    0.098245942662   -0.854899200031    0.2264    0.3674  -0.025   11
55876.270   -0.787637856889   -0.434599200028    1.4738    1.7462   0.224    3
55880.208   -0.127797815912   -0.055699200052    0.1227    0.1458   0.034   22
55887.206   -0.107850564293    1.313099999933    0.3726    0.7219  -0.648   47
55888.269    0.211795224737   -0.919900799934    0.8881    0.7472  -0.354    3
55894.208    0.060748994573   -0.207799200047    0.2752    0.2838  -0.104    4
55895.231   -0.191397959914   -0.075999600013    0.4966    0.3466   0.349   11
55897.269   -4.303129581702    2.692198799892    5.9232    3.3842  -0.956    3
55902.229   -0.292347434986   -0.657900000078    0.1416    0.6251   0.514   21
55904.270    0.172645892005    0.257000399961    0.2503    0.5104   0.049   26
55911.269    0.661787608501    0.869500799960    0.6679    2.5153   0.871    5
55923.209    0.677537354466    2.364497999996    0.3189    0.9949   0.699    7
55951.227    0.168297162680   -0.057700799938    0.1618    0.3325   0.158    7
55957.210    0.378292411334    0.010997999911    0.1821    0.2646   0.231    8
55966.250   -0.043350445039    0.382100399920    0.0670    0.1529   0.100  181
55981.272   -0.396144478411    0.480999599950    0.5487    0.9196  -0.441    7
55995.273   -0.131700164265   -0.957902400001    1.0788    1.1835   0.650    4
56021.249   -0.006001088390   -0.125099999959    0.1704    0.3648  -0.335    9
56022.268   -0.829487140957   -1.200999599971    0.6610    1.4015   0.052   18
56036.250   -0.291595051173    0.476100000024    0.1838    0.2630  -0.217  276
56041.206    0.321143368927   -0.023299199969    0.2082    0.1873  -0.084   21
56055.206   -0.086099729937    0.087998399967    0.1687    0.2372   0.035   44
56069.206    0.435891441367    0.356299199944    0.5308    0.2792  -0.226   12
56072.271   -0.036751777583   -0.199101600007    0.2146    0.3913   0.064   27
56078.250    1.885316906757    7.886998800055    0.8698    3.6694   0.932    5
56091.205    0.544638399837   -0.439999200075    0.3307    0.6048   0.351    5
56097.206    0.259044437055    0.246798000036    0.5243    0.3128   0.163    6
56104.208    0.283495222746    0.084297599900    0.3066    0.3718  -0.096    8
56119.231    0.789736648085    0.603100799901    0.2819    0.2789   0.142    5
56125.207   -0.148497476922   -0.638301599976    0.2279    0.2912  -0.014    7
56168.229   -1.856369774722   -0.300301200107    0.8274    0.4116   0.630    4
56175.209    0.475191972192   -0.153000000069    0.1614    0.1948   0.008   28
56188.209    0.489739321140    0.000000000000    0.2918    0.4773  -0.387    7
56191.269   -0.211946397252    0.062600400064    0.4499    0.5243   0.247    8
56196.229    0.490941692579    0.359200799904    0.8276    0.2265   0.640    4
56203.224    0.256945671439    0.468399599907    0.2498    0.2078  -0.090   16
56233.269   -1.748072803878    0.168800400058    0.7727    0.2564  -0.105    5
56237.207    0.375142472373   -3.951900000043    0.6263    1.2451   0.164    5
56252.266    0.104398254724   -0.131702399986    0.5296    0.4370  -0.249    3
56273.231   -0.081301012986   -0.342000000120    0.1887    0.2569   0.215   15
56317.270   -0.224996191882    0.990698399916    0.3111    0.7807   0.172   22
56342.209   -0.357445133305   -0.077400000009    1.1657    0.3576  -0.484    8
56364.208    0.121796753101   -0.232999199934    0.2047    0.3444  -0.099   14
56415.270   -0.406645519799    0.507600000033    0.3774    0.4868  -0.140   21
56427.228   -0.299846103272    0.549399600014    0.2535    0.2287  -0.270    9
56429.270    0.178794571835   -0.108201600080    0.2132    0.7026   0.252   34
56461.207   -0.831737104666   -1.590699600040    0.3501    0.6273   0.472    8
56510.209   -0.434393835891   -0.160700399987    0.1841    0.2912  -0.274   11
56622.210    0.119697987484    0.070797599983    0.2049    0.3078  -0.167    8
56625.329    1.284728280456   -0.447699599992    1.0829    1.1297   0.160    3
56627.283    0.684438418108    1.681599599967    0.9561    2.7538   0.742    3
56631.271   -0.406195506594    0.726598799927    0.6170    1.1099   0.232    4
56633.266    0.578690226085   -1.414799999955    0.5680    0.9001   0.359    6
56635.260    0.419990497308   -0.722599200076    0.6886    1.0607   0.375    6
56637.254   -0.027150737026    0.344300399990    0.6993    1.0134   0.247    6
56640.268   -0.449243581025   -1.436299199975    0.5646    0.7411   0.141    6
56642.207   -0.404093159903   -1.620799200053    0.6807    1.0598   0.357    6
56650.206   -0.247045815770   -2.084299200034    0.8811    3.1743   0.930    3
56664.210   -0.154948578517   -0.119502000095    0.0999    0.1910  -0.126   38
56716.269    0.273894182189    0.299700000017    0.2822    0.2621  -0.248   10
56734.206   -0.044099247777   -0.139802400057    0.3123    0.1982  -0.097   13
56744.269    0.720887799505   -0.043199999977    0.6953    0.3264   0.756    5
56749.229    0.214343977979   -0.023900400059    0.0996    0.2127   0.170   90
56814.269    0.070198811458    0.058500000044    0.3749    0.3124   0.096    4
56834.248    1.118529883392    0.847299599882    0.0820    0.1668   0.121  229
56904.248    0.137395275394   -0.205902000050    0.0915    0.1729  -0.028  151
56995.250   -0.236098393410    0.802497599972    0.1129    0.1994  -0.145  208
57022.268   -1.793669631551   -0.015800399988    0.3924    2.0184  -0.391    6
57051.250    0.988633276285   -0.259401600000    0.4413    2.0997   0.232   58
57085.208   -0.340795412088   -0.445600800059    0.2993    0.2192  -0.151    6
57161.209   -0.276896504132   -0.262000800055    0.1785    0.2673  -0.001   19
57205.269   -0.122700309427   -0.118602000021    0.2266    0.1829  -0.235   19
57224.207    1.409826145032    0.616500000050    0.2446    0.3946  -0.046    7
57227.272    0.111446935385   -0.488599200099    0.2429    0.2718  -0.250   42
57234.270    0.642286737854   -0.380901600061    0.3320    0.2065  -0.076   12
57259.209    1.005880576568   -3.968802000043    0.3390    0.3735   0.038    5
57274.206    3.116794860926   -7.477801200051    0.3130    0.2893  -0.176    6
57283.268    0.820933718250   -0.075402000044    0.2884    0.2480   0.124   28
57290.270   -0.562342875475    1.011599999967    0.2809    0.3814  -0.219   18
57318.270    1.046232306318    3.486398399977    0.2786    0.3953   0.014    9
57337.227    0.888583776466   -0.446900400086    0.7552    0.7706   0.036    6
57386.269    3.966531675267    5.283298800052    0.4908    1.5472   0.905    5
57392.208    0.107098206060    0.976600800029    0.2946    0.2974  -0.246    7
57395.272   -3.129247025333    1.371999599931    0.3564    0.3343  -0.067   18
57416.270   -0.312445910276   -0.354499199995    0.3723    0.5996  -0.592    4
57420.208    0.022949624720   -0.854499600078    0.2174    0.2565  -0.100    8
57434.208    1.845566388306    0.460699199989    0.5886    0.4255   0.426    3
57451.269    1.418973591309    0.612799199984    0.3386    0.4678   0.326    5
57471.270  -31.870861843354   28.602298800018    0.5069    1.4848   0.654    4
57500.271   -0.596689884602    0.078098399947    0.1805    0.2515   0.060   46
57507.269    1.417623628431    0.100900799915    0.2680    0.2477   0.120   16
57526.207  -37.447617478405   95.572699199886    2.0285    4.0820  -0.860   10
57528.271    2.621504439022   -1.692799200015    0.5380    0.6175  -0.637   17
57532.208    1.339476135481    0.124797600054    0.2903    0.8224  -0.081   33
57547.209   -5.412058398958   -0.750401999938    0.3165    0.2578  -0.204   34
57549.269   -0.372446076533   -2.092500000073    0.3044    0.3228   0.274   19
57568.229   -2.475559296417   -2.181600000051    0.3382    0.3650  -0.051    5
57577.269    4.159427215078    0.715298399911    0.2950    0.3842  -0.291   25
57588.208   -1.555926066805    1.740398399996    0.2461    0.2681   0.018   28
57589.227   -3.050649570336    1.952298000063    0.5729    0.4731  -0.045    4
57636.998    0.630439340242   -5.866902000018    0.3983    2.4004  -0.660    6
57667.230   -0.066750057385    0.547498799897    0.2645    0.2336   0.138   17
57673.209   -1.026735016747   -0.559202399986    0.4802    0.4045  -0.127   10
57674.228   -0.041251679423  -38.263701600005    1.0899    1.3715   0.134   17
57682.271   -0.193946713156   -0.682099200122    0.3229    0.5166  -0.216    7
57689.269   -1.377876665475   -0.714700799942    0.2982    0.3098  -0.206    8
57721.207    1.977565342103    1.193000400068    0.3863    0.2802  -0.039    5
57744.272   -0.253648089880   -0.612302399983    0.1148    0.1915   0.024   63
57752.271   -0.089998471637   -1.330502400054    0.1555    0.2310  -0.358   40
57766.271 5255.910904432555-9801.979300800112    0.3581    0.6090  -0.474   11
57822.271    2.217411279119    1.172498399971    0.9273    0.8489  -0.466    4
57862.208   -3.505743067237    3.736800000032    1.9113    2.5396  -0.971    7
57892.271   -1.888020439167    2.414498400016    0.1297    0.1657  -0.187   31
57952.187   -0.042299271693   -0.684201599976    0.1326    0.3758  -0.146  182
57976.272    1.121381032821    0.929898000002    0.3014    0.3777   0.205    7
57990.272    0.623988238647    0.085399199912    0.1352    0.1711  -0.121   36
58015.207   -1.401276277821   -4.203100800004    0.2116    0.3076   0.134   11
58043.207   -0.367344963395    0.060598799978    0.5956    0.3645  -0.235    3
58109.000    1.396175190262   -5.896900800062    7.9515   12.0348  -0.968    3
58246.082   -1.066633152217    1.839898799916    0.5066    1.9998   0.322    3
58249.270    0.655937718204    0.063799199923    0.2706    0.2437  -0.199    8
58263.270    1.471475114858    1.179298800014    0.2877    0.3368  -0.204   10
58310.227    0.025498377962    1.436698799928    0.4163    0.5441   0.303   18
58312.269   -0.299547313740    0.289000799891    0.4552    0.3568   0.345    8
58401.229   -0.031949453978   -0.729500400087    0.1631    0.8235  -0.284   42
58403.271   -0.862786583392    0.005500800015    1.6976    0.4224   0.147    8
58407.208    0.097497165503   -1.124701199973    0.3864    0.2719  -0.154    5
58437.250   -0.106648192854    0.397400399987    0.0965    0.1772  -0.329  141
58451.250   -0.993734363844    2.480598000010    0.5557    0.8954   0.101    5
58480.269   -0.131998953798    0.150800399967    0.2113    0.5573  -0.077   16
58487.271    0.043199272525   -0.491299200123    0.4989    0.4569  -0.092    6
58501.271   -0.354143996250   -0.112302000099    0.2621    0.3810  -0.066   41
58508.269    0.170997114015    0.197099999921    0.1487    0.1847  -0.102   49
58529.271   -0.021149623057   -0.179301599967    0.2420    0.2683  -0.355    8
58585.271   -1.348328373300    0.715298399911    0.5360    0.9352  -0.508    6
58597.208   -0.072599973260   -0.101102400052    0.4047    0.5174   0.150    3
58620.269    0.711437982621   -0.365500800026    2.3807    0.7318   0.806    5
58622.004   -0.445492456345   -0.588200399987    0.2409    0.5150  -0.320   64
58631.757   -0.819886125979   -1.910401200034    0.4135    1.0700   0.716   70
58655.271    0.309144773222   -0.206200800035    0.2259    0.2280  -0.215   32
58669.271   -0.474741958987   -0.068299200096    0.5604    0.3845  -0.512    6
58676.270    0.280345258205    0.383000399995    0.3067    1.1261  -0.278    6
58690.270    1.423325927288    0.786200399983   15.1430   10.0246   0.998    3
58701.209    0.388793427143    0.749998800065    0.0669    0.1635  -0.069  324
58711.272   -0.124500285511    0.025199999887    0.2230    0.2297  -0.128   21
58723.230    0.339744264321    1.900598400062    0.2828    0.2968  -0.089   33
58738.249    0.980681013718    0.917798399880    0.4101    0.2774   0.101   22
58739.272    0.351141674308   -0.066200399962    0.6214    0.3815  -0.314    4
58767.272    0.647089061460   -0.320101199947    0.2867    0.2434  -0.001   12
58774.270    0.698236989897    0.166298400051    0.2480    0.2952  -0.121   11
58781.272   -0.150599849192   -0.465001199945    0.5864    0.4692  -0.336    7
58787.269   -0.514193687906   -0.759600000100    0.3346    0.3323   0.069   11
58795.272   -0.106799390948    0.944899199884    0.3537    0.4626  -0.227    7
58799.205   -2.296163538863    0.926600400009    0.5709    0.5894  -0.386   12
58803.501   -0.631191698476    0.200199599898    0.1922    0.3946  -0.106   51
58814.272    0.155697381255    0.106700399916    0.4336    0.2608   0.046   11
58837.272    0.357891565436   -0.893199600083    0.4456    0.5671  -0.038    4
58844.270    0.570287950313   -0.808002000108    0.2163    0.4787  -0.144   47
58858.248    4.324574438796    1.478998800031    0.2722    2.1525  -0.536    3
58864.249    0.942582854332   -0.967399199947    0.8329    0.5443  -0.395    6
58865.272   -0.404993135155   -0.786402000119    0.3343    0.5064  -0.082   10
58870.206   -0.717590243525    1.001498400011    0.1801    0.1688  -0.261   27
58870.250   -2.826254564174  -11.970702000053    0.4146    1.7323   0.941    8
58872.270   -0.068100045842   -0.230500800047    0.1971    0.2467  -0.292   22
58879.272    0.052649114988   -0.078699600037    0.2079    0.2060   0.051   22
58886.270    0.085196173611    0.271497600002    0.3603    0.3253  -0.080    8
58932.208    0.173247077725   -0.358700399983    0.1651    0.1768  -0.089   27
58935.268   -0.153897379593    0.365698800042    0.2312    0.2286   0.054   27
58942.270   -0.340345424462   -0.019900800008    0.1649    0.2303  -0.188   49
58956.270    0.179244585040   -0.345099600096    0.4151    0.2999   0.100   10
58962.271   -0.203097740507   -0.371901600116    0.3775    0.3798   0.204    8
58981.210   -0.406343123613    0.118497599932    0.4894    0.5739  -0.320    6
58981.988   -4.058931308707    5.998197600010    0.4737    1.3269   0.522   81
58983.251   -0.417744114674   -0.386899200078    0.2073    0.2731   0.176   39
59023.206    0.079047468202   -0.102700800064    0.1213    0.1747  -0.143   58
59026.270    0.230093723945    0.013899600071    0.3878    0.5697  -0.078   26
59032.271    0.207295297319    0.417700799948    0.3872    0.3959   0.128    7
59037.210    0.094196028448   -0.512402400110    0.2963    0.2549  -0.427   19
59040.270    0.532488606038   -0.208602000074    0.6862    0.3960   0.490    6
59044.208    0.158094936404   -0.816602400100    0.3040    0.2211   0.045   15
59058.208   95.548081880892   21.556299599923    9.2344    2.0633   0.977    3
59061.269   -0.345594129039   -1.590102000071    0.3383    0.3724   0.073   12
59177.188   -0.020102056366   -0.709401600063    1.0280    0.6986  -0.236    6
59206.269    0.542089646595    0.168800400058    0.6971    0.5932  -0.462    3
59236.249    0.030747082539   -0.252500399989    0.0863    0.5154   0.489   14
59247.207   -0.312294712183   -0.655401599992    0.4259    0.2623   0.211   11
59416.230   -1.014434024854   -0.350402400096    0.5332    0.5067   0.285   15
59429.207    0.094048411429    5.693598000067    0.3811    3.4818   0.236    4
59480.083    1.577223306881   -1.439499600120    0.3319    0.7641   0.003   20
59487.249   -0.558141737589    2.106100799959    0.4426    0.6040   0.009    6
59494.251   -1.216181802484    1.059699600070    1.0058    0.7859  -0.066   12
59536.251   -0.780139188603    0.984297600026    0.4792    0.8012  -0.007   26
59548.209    0.305393648541    0.093499199982    0.1701    0.2101  -0.002   53
59592.251   -0.300897302197   -0.680702400047    0.2950    0.3949   0.263   29
59711.249   -2.979251968514    0.653997599875    1.2654    1.8933   0.120   14
59765.208    0.039898135470   -0.271299599985    0.1530    0.1833  -0.153   74
59779.208   -0.690590704592    0.314999999884    0.3735    0.3403  -0.281    9
59837.250    4.343924111349   -3.671200799960    1.7857    1.3453  -0.059    5
59913.207    0.233096071467   -0.556401599994    0.4409    0.5260  -0.026    7
59954.206    1.266876162220   -0.834699600039    0.3442    0.2761   0.092   10
59975.208    4.336274219390    1.946599200031    4.8298    1.7226   0.891    5
59984.248    1.356874659436  -21.343499999982    1.3225   49.7006  -0.985    3
60075.250   -0.679790873671   -2.081199600057    0.8411    1.5709   0.065   28
