%-----------------------------------------------------------------------------
%                R.A. (mas)        Dec. (mas)        Err. (mas)     Corr. Del.
% Uncertainty in R.A. is in R.A. cos(Dec.)!!!!
%-----------------------------------------------------------------------------
49629.086    1.108895111736   -1.757699995153    0.6586    1.0157  -0.250    3
49973.250    0.294270517805   -0.812401192718    0.2982    0.5451  -0.069   16
50113.250    1.801673292396   -0.605998796743    0.9461    1.1648   0.144    3
50168.169    2.988537498784    5.265899997653   14.8033    3.3607   0.785    3
50182.081   -2.952765625686    0.105400795292    1.1147    2.4163   0.151    4
50183.250   -0.289099386388    0.880300798656    0.4185    1.2693   0.049    4
50218.252    0.166977972758   -0.693799194096    0.6124    1.1658   0.302    5
50295.254    0.611737235982    0.077601605142    0.4622    0.6278   0.277   14
50456.253    0.292456268411    0.815000406362    0.3693    0.8782  -0.089    4
50470.253   -1.201951672957   -0.723499199751    0.7950    1.0716   0.447    4
50568.253    0.674756399986    1.136998795914    0.7214    1.2978   0.102    6
50631.755   -0.286725104638   -0.723797994340    0.4919    1.0071   0.644   81
50666.253    1.204329290643   -4.244799596620    0.5913    2.1621  -0.821    9
50687.836   -0.516578057434   -0.800600392381    0.2603    0.5308  -0.080   81
50764.253   -0.534183965891    0.372898806233    0.9142    3.0757  -0.811    4
50862.254    0.004054402644   -1.205798392334    0.4125    0.9189   0.008   11
50974.254   -0.277083769845   -0.340498803553    0.8421    0.8960   0.409    5
51100.250    0.129529314703    2.449501197077    0.4016    1.1073  -0.022    8
51226.251   -0.413876801655   -1.486000800810    0.3644    0.7689  -0.113   11
51351.086   -0.873029346764   -0.584798398506    0.2008    0.3789   0.160  210
51352.251    0.899159885069    0.121798801445    0.4712    0.8293   0.223    6
51464.251   -0.382437643668    0.317502005487    0.4033    0.8717   0.003    7
51590.252   -0.803303162072   -0.550699198243    0.6449    0.7774   0.490   11
52212.082   -0.521749165023   -0.686998797050    0.1379    0.3125  -0.088   95
54292.229    0.388031295348    0.583199997095    0.1474    0.2831  -0.028  154
54720.251   -0.144757629302    4.661398806149    0.6380    3.9002  -0.618    9
54760.209    0.155381540541    0.249199202074    0.1965    0.3227   0.387   47
54830.205   -0.680900028554    1.568098802807    0.2968    1.3028  -0.418   12
54880.208   -3.758446405445    0.868798805698    3.7633    0.5666   0.732    4
54894.230    0.818538148545    5.170201201565    5.0468    4.6471   0.670    3
54943.228   -0.404936347248   -0.185000392605    0.3285    0.6521   0.489   65
54978.208   -1.791891085745   -7.676798396972    1.1553    4.5823   0.678    6
55026.206    0.136937215777    0.314600403328    0.8803    0.3358   0.170   13
55034.208   -0.318583446951    0.036601198872    0.3668    0.3388  -0.309   16
55061.208   -0.565066451287    0.000000000000    0.3435    0.2959   0.008   15
55077.250   -0.210291923086    0.236001605458    0.4497    0.4185   0.010   31
55103.208   -0.368745265997   -0.372898793444    0.3753    0.4715  -0.165   11
55110.206    1.794547063555    0.045799204429    1.1100    4.4039   0.641    8
55112.251    0.129529314703    0.133902003085    0.1481    0.2822   0.201  223
55152.206    0.432324462356   -0.144100795296    0.7962    0.4633   0.015    3
55161.998    2.308891687269   -2.729199599116    2.1864    4.6311  -0.460   15
55168.252    0.425758289698   -0.506300396808    0.1589    0.3579  -0.175  145
55236.206   -0.338285324690    1.177599598634    1.2706    2.7567  -0.597    8
55264.206    0.666650978292    2.029701603590    0.4809    1.6410   0.817    8
55313.208   -1.951742853490    0.389501998654    1.2380    0.7497   0.100    3
55362.207    0.082301833590    0.296100002117    0.5185    1.6686   0.635    8
55428.269   -8.016284120363   -2.631499204142    9.4815    3.5420   0.995    4
55454.228   -0.489471614557    1.433700006714    0.2242    0.4241  -0.542   90
55470.269    2.551883657254  -19.684000797326   12.0140   61.7600  -0.969    3
55518.249   -0.074893932517   -0.226900802147    0.1714    0.2857  -0.286  103
55547.271    0.000000000000   -2.406301193503    0.5711    2.3587   0.090   14
55560.271    2.549506015740  -31.357000797527    2.1026   22.4381  -0.882    3
55650.228    0.172427416643   -0.258699596145    0.3273    0.2897  -0.105   17
55652.270    2.475869660027   -1.330700401070    1.8641    5.4026   0.361    5
55657.230    0.153842267677    0.027201600972    0.1631    0.3078   0.176   44
55665.247    0.362739125694   -1.523098792688    0.2855    1.2782   0.197   12
55666.270   -2.000647095732   -1.903600796993    1.2697    3.4913   0.111    6
55671.270   -0.438330602659  -21.568201202626    1.4335   20.7777   0.211    4
55678.210    0.444759263224    3.333499198277    0.6257    2.3045   0.729    8
55694.270   -1.386954762325   -0.751499995033    1.6564    1.3918   0.606    5
55698.207   -0.152722202966    1.548500399906    0.6291    2.1478   0.830    8
55729.272    9.904732833319    1.112601607645    9.1256    7.0360   0.522    3
55736.270    0.637029405636   10.752501596301    1.3907    8.9094  -0.088    6
55743.268    1.542195431008  -13.164901194784    1.6138    7.5958   0.132    7
55791.251   -1.162688765508   -1.568300395149    0.9143    4.2962   0.014   11
55813.272    2.297154383193    1.635299997815    1.4569    1.2280   0.736    8
55838.208   -0.394875804301    0.552999604508    0.4192    0.4158  -0.509    7
55847.251   -0.352396910515    0.812700000097    0.1643    0.3613  -0.139  148
55859.206    0.636747709576    0.060901197685    0.7725    0.5648  -0.197    8
55888.269  -11.725407099241   -6.348398402167    7.0282    6.3468   0.871    5
55953.269   -1.287187820652    5.542498799116    1.9492    8.6906  -0.698    3
55966.250   -0.092221528507    0.124700403603    0.1651    0.3696  -0.267  114
56028.211   -0.852069892221    0.903200407265    0.4247    0.3663  -0.325    5
56030.271    0.681463420675    0.343501201883    0.6030    1.5490   0.079    6
56044.267    2.992031869073   12.878398801774   14.5908    7.0831   0.291    4
56139.207   -0.002793466075    0.234399597332    0.4404    0.3169   0.349    5
56146.208    2.030272004325    0.341701195339    0.9268    0.4187   0.647   13
56148.247    0.527621152998    3.745101598440    1.2273    6.3726   0.102    5
56156.271   -0.309917992901   -0.071200798857    0.5537    0.5379   0.232   10
56191.269   -0.143640900528    1.338300005216    0.7301    3.0455   0.792    7
56212.271    0.884769962949   -1.645397993855    1.2171    3.8772   0.644    6
56233.269    0.250396535122    0.644000398609    0.4687    0.7640   0.279    3
56237.207    6.956997467192   11.131002001719   15.2821   18.0176   0.981    3
56247.269    0.711504177656    2.186899199330    0.9603    3.4839   0.141    6
56265.207    0.118352066811    0.148399206523    0.3695    0.4023   0.204    3
56280.208   -0.806237476177    6.706900801134    1.1901    2.6413  -0.660    8
56317.270   -2.041727588512  -10.734598797058    3.0072    7.0284   0.623    3
56321.207    0.567863277127    2.147000401465    1.0188    3.5718   0.952    5
56328.209    0.043736470590    0.274100396780    0.3884    0.4747   0.203    5
56359.270   -6.607531558672   -0.812599203925    3.8992    3.4479   0.569    6
56385.206   -2.782014946345    7.739802002504    2.0115    5.3426  -0.615    4
56387.270   -0.333533401426   -3.560698795013    1.1051    4.5036   0.132    5
56391.207   -0.131625283986    4.278099602573    2.1256    4.1372  -0.911    5
56393.249   -0.051979404377   -0.288298792839    0.2310    0.5760  -0.322   68
56408.268   -0.269119196181    1.836702003288    0.6659    2.2183   0.373    7
56429.270    0.999906043423   -5.371199996773    1.1188    5.9940  -0.402    5
56436.268    5.746940372541   10.112799596129    8.2909    9.1792   0.906    4
56463.249    0.630181536918    2.696900405397    0.3487    1.2500   0.770   80
56464.272    0.263532240204    0.523699202404    0.8103    4.2441   0.089    9
56471.270   -0.338982869139    5.993999997145    0.8162    3.4845  -0.479    8
56849.267    0.765720375517   -0.952099199480    0.7555    3.0775  -0.418    9
56945.229    0.600697476355   -1.924397997755    0.1985    0.3592  -0.087  141
57059.271    0.715696044736    0.602499605407    1.2804    0.6407   0.282    3
57105.209    6.112892172463   -0.243698399061    1.5995    1.0188  -0.185    4
57112.207  -12.722935501149   -2.586898797574    2.3312    0.7816   0.005    5
57157.268    1.438099133989   -3.303900001583    1.3999    5.1146   0.484    3
57169.208    5.981404400570    3.787999200711    0.9272    0.4317   0.378    5
57185.268    5.403064755936   -0.451598400275    6.6596    0.7309   0.555    6
57199.272    0.124499055144    0.079401598896    0.5661    0.2831   0.416    5
57252.207    1.327852488872    0.879102000795    0.4865    0.2727  -0.243    4
57261.251   -1.160451972023    0.654400795952    0.4578    0.3624  -0.148   40
57262.270   -0.150626257512   -0.088498795492    0.6340    0.5059  -0.734    5
57274.206    3.554442318722    3.156102003743    0.7411    0.3494   0.421    6
57280.207    3.253464804057   -1.250200800484    0.7830    0.1892   0.325    7
57290.270   -0.140428226300   -0.089499594935    0.4481    0.6627   0.502   11
57339.268   -2.794731443273   -0.842500801923    0.5750    0.2632   0.592   10
57351.270   23.843738265124  -63.868100401976    1.1714    3.4591  -0.886    7
57357.209   -1.412944452600    0.188499596732    0.8771    0.4215   0.588    4
57364.208    2.062130346637   -0.085600800048    1.1506    0.3521   0.763    8
57374.270   19.462934048395    4.168400396054    2.2291    0.5131   0.870    6
57378.208   -0.859893641683   -5.271699595255    2.4197    0.8722   0.234    3
57400.207   20.118826963121    1.338800404938    1.9096    0.3428   0.620   13
57406.208    0.646949100553   -0.309200396487    1.3847    0.3875   0.717    8
57414.207    0.738191412379    0.264499206537    1.6034    0.3293   0.120    5
57428.229    0.187099034823   -0.029401198276    0.1449    0.3412   0.210   86
57430.270  -32.919312374596   11.701900798755    6.9036    5.8995  -0.210    3
57458.270   58.492341769614  -59.464299596357    4.8483    4.6747  -0.977    3
57465.269    2.972467479598   57.008098798406    0.3846    1.6675  -0.152   36
57490.208   -7.355505153874    2.607400797672    2.4925    1.4189  -0.525    8
57526.207    3.127986508404   -2.761397996665    0.7139    0.6197  -0.013   18
57547.209    6.836690302956  -10.056398402014    1.5114    5.6676   0.054   14
57553.206   -0.754818104155    3.225099598581    0.4433    0.6873  -0.048   24
57577.269   28.065525746822  -50.639000397723    3.9642    7.9594  -0.951    4
57581.206   -0.874286899740  -10.943600393887    0.6696    1.4593   0.311   20
57584.271   -6.819919403384    5.668498796751    1.0663    1.1987  -0.913   11
57591.269   15.356842655699    3.305599199166    3.8268    1.8822   0.945    5
57605.269   -4.177913499015   -2.640898802042    0.8723    0.7119   0.467    4
57630.208   23.901864657834    3.642901199896    3.3842    0.6679   0.732    3
57633.269    1.531997423625   -6.016899592964    0.5888    0.9611  -0.467    8
57640.271    1.499857385252   -5.999698798576    0.2927    1.4934  -0.177   25
57646.250    0.135538814771   -0.190400399447    0.1651    0.2347   0.035   84
57658.208   -1.127198564642    0.816501605527    1.5115    0.9582   0.777    4
57714.208   12.397507521418    2.430201601555    5.0775    1.2939   0.970    6
57723.248   -0.101024494649   -0.096001197392    0.1693    0.2270   0.095  144
57731.269    0.507218394873    0.165301206323    0.4864    0.2680  -0.048    4
57735.207    1.828920559474    1.923001201476    1.9329    0.5749   0.702    6
57744.272    2.980713773150   -2.731698003799    0.5904    0.3550  -0.365   18
57773.269 -991.286535950200 -972.192499202151    0.2424    0.1997   0.250   29
57787.269-1716.237584106295-1950.645301195664    0.3548    0.4544  -0.026   16
57798.209   51.811033007199   13.398699596223   12.8684    3.2301   0.981    4
57801.269    0.339824597554   -0.772898404477    0.4268    0.3224  -0.171   14
57808.271    9.467378111404    0.780199201245    6.1980    0.5016   0.439    9
57815.269  -11.054285893745  -20.614600803981    4.2387    4.1485   0.768    8
57869.228   -1.688210637114    1.080799206932    0.3634    0.3597  -0.014  109
57913.270  -37.568954091446   -3.359098803912    3.8754    0.7233   0.796    5
57927.270   -4.091000590190   -3.902598001559    0.7717    0.4429   0.635    8
57941.270    3.473260549843   -0.439801193863    0.6207    0.3957   0.310    7
57959.207   13.803607465064    0.687301198354    1.5843    0.3946   0.606    8
57974.230   51.498878220814 -192.702798000255    0.7120    1.6922   0.665   43
57976.272  -10.610224151141  -52.425298802916    0.9262    4.9471   0.544    6
57983.270   -0.626965526753   -1.316998798018    0.6703    0.3166   0.059    6
58032.268    3.631713916581    0.226299606254    0.7266    0.4722   0.457    6
58142.227   -1.062502663337   -1.239400799591    0.3588    1.1613   0.329   30
58165.270   -0.913690655219   -1.302498000655    0.7456    0.5625   0.368    3
58170.230   -2.759519602530   -0.993898800061    0.2176    0.4366   0.005  143
58186.272    4.161427655268    1.748401206214    1.6599    0.4295   0.844   12
58200.272    3.765435122193    3.908599204294    0.6475    0.4187   0.249    9
58225.208   -0.684672735137    3.234301198063    0.9589    4.4255  -0.266    6
58249.270    0.809594334372    2.097201605977    0.4658    0.2673   0.135   11
58253.208   -4.760166698262   -0.183200398851    3.4792    0.5144   0.384    7
58291.271   -0.793943499511   -1.387098001260    0.6639    2.2576   0.713    9
58298.269    0.163765298530    0.894099603954    0.9176    0.3513   0.247    5
58324.227    1.009128193891    2.555701199469    0.5130    1.0439   0.346   20
58352.231    0.217840648362    0.754099195888    0.2363    0.3569  -0.165  242
58368.269    1.615694322284   -0.318700803348    0.6819    0.4625   0.203   13
58445.165   -2.819044396246   -2.052198001934    0.3058    0.9509   0.244   69
58515.271   -0.831388797801    0.002001598887    0.8898    0.4100   0.408    6
58563.250   -1.386394729970   -0.359701196828    0.4619    1.1839   0.356   24
58564.269    0.034792656417   -4.027600793677    1.0275    2.3493   0.533   11
58577.250   -1.769395741931   -4.302500397557    0.4615    1.3482   0.265   29
58701.209   -0.307543711152   -0.303699593474    0.6062    0.5235   0.222   16
58715.209    0.191988446352    0.578800802487    0.6907    1.8218   0.579   11
58802.270   -0.566880700682   -4.768498799024    1.9775    6.2051   0.945    3
58827.209   -0.666090945937   -0.661100396826    0.1325    0.2682   0.077  238
58851.268  -35.592059916333   -1.584198001581   25.3741  145.9619   0.263    5
58969.270   -0.447831089422   -0.743198398823    0.9952    2.6455   0.186    6
58984.270    2.042009284572   -0.434401199811    1.2404    0.4371   0.003    5
59019.269   -2.935159693401   -0.153698404404    1.0987    0.4563   0.486   12
59038.229    0.055752110960   -0.032900402402    0.1493    0.4092  -0.106  132
59054.270   -0.330877423616    0.547300803078    0.5476    0.3272   0.385   41
59081.252   -0.217837312425   -0.188499596732    0.1412    0.2845  -0.094  153
59115.231   -0.123100654138    0.374299196437    0.1348    0.2424   0.010  112
59173.269    0.268280803703    0.169801197103    0.8114    0.3783  -0.054   19
59180.271   -0.870095008831   -0.640699192900    0.9407    0.7712   0.360   21
59187.269   -0.376988199784   -0.341398794035    0.6179    0.3104   0.013   29
59194.271    0.599020739054   -0.442198802375    0.9324    0.6251   0.483   92
59236.271    1.079830235499    1.217800797804    9.3063    2.5426   0.983   10
59242.250    0.116675329510   -0.088599604453    0.3041    0.7021  -0.563   92
59297.209   -0.211408628031   -0.559900797725    0.8271    0.3832   0.214   16
59467.270    4.892633686835    1.172800800475    6.8957    1.3612   0.939    3
59481.270   -1.722865805266    2.528301600080    1.5390    4.7730  -0.848    8
59502.272    8.940739534852    2.970702007588    6.2160    1.2801   0.932    3
59537.270   -1.122027457053   -0.373600798298    0.5563    0.5446   0.345    7
59571.271   -1.845547251251   -0.633301193886    5.2969    0.8770   0.388    4
59586.272   -0.370422027126   -0.130201193826    1.2999    0.7452   0.634    5
59635.248   -0.633531699411    4.844700001172    0.8653    2.9594  -0.945    3
59677.248   -0.040520460425   -2.183399995204    0.7192    2.0500  -0.955    7
59691.270   -1.143265247891   -0.400399201794    0.7406    0.5844   0.673    7
59733.248  -40.797405062144   62.920501206065   22.4568   38.7670  -0.999    3
59740.250   -0.505122449418   -2.485900803606    0.7803    2.0634  -0.921   15
59747.248    6.210982329179  -14.356097993584    1.2681    2.7596  -0.959    8
59766.230    0.301815907144   -1.080298794420    0.2071    0.4798  -0.388   75
59789.270   -0.177595188295    0.060901197685    1.2747    0.6308   0.414    7
59803.248   23.191618056982  -31.942299595755    5.6593    9.2033  -0.965    7
59817.270   14.315715295294    4.380300001117   32.9800    9.4296   0.998    3
59829.229    1.474427703505    0.771598797655    0.3195    0.4224   0.377  139
59831.249  -24.354585158785   38.005401603414   42.4398   76.1286  -1.000    4
59859.249   -0.583510752223    8.852299207263    1.9615    2.5891   0.290    3
59982.206   -0.717651165989    1.065700807601    5.2445    1.4526   0.950    5
60167.249   -0.062459131649    2.894000405718    0.5371    1.7886  -0.910    8
60223.249   -0.027384755343    8.087500806653    1.0204    3.2954  -0.890    3
60223.271    4.910937139741    0.750499195590    4.4418    0.7298   0.710    3
60230.251   -1.747178758240    8.665002002317    0.8344    2.6213  -0.963    9
