%-----------------------------------------------------------------------------
%                R.A. (mas)        Dec. (mas)        Err. (mas)     Corr. Del.
% Uncertainty in R.A. is in R.A. cos(Dec.)!!!!
%-----------------------------------------------------------------------------
50687.836   -0.615417742728   -0.554399994712    0.2705    0.5751  -0.071   73
54566.250    0.062751356026    0.872600398338    0.3240    0.9431   0.404    7
54754.208   -0.684269436127   -0.684399596196    0.6133    1.0349   0.616    9
54781.207    0.008755702229    0.447199205666    0.1371    0.2560  -0.153   44
54789.228   -0.321971115959    0.050000400620    0.3915    0.3680  -0.101   57
54795.207    0.167154374922   -0.093499198783    0.6040    0.6520  -0.256   10
54818.251    0.039668130775   -0.541097995210    0.1346    0.3520  -0.345  153
54844.205    0.754318266413    0.882702001093    0.8948    1.4531  -0.581    3
54845.228    0.319452687619    1.008201599006    0.3294    0.4948   0.127   13
54853.249    0.257497318920   -0.348199203870    0.1385    0.3740  -0.220  104
54872.205    0.776207521986    0.679302003448    0.3333    0.8820   0.497    5
54901.206    0.301275830065    0.084898795194    0.2246    0.2725  -0.094   16
55005.208    0.007959737526    0.654800399502    0.3966    0.2896  -0.117   11
55012.206    0.009685413616    1.310101198726    0.2424    0.6355   0.153   14
55047.208   -0.650574298328    2.064499201992    2.7305    2.4202  -0.953    6
55054.206   -0.737997619179    0.843001201645    0.5949    0.4731  -0.515   11
55119.250    0.484085399125    0.444700800983    0.2809    0.5283   0.108   89
55154.248    0.419611556840    0.289900800965    0.1767    0.2168  -0.270   39
55166.206   -0.114352668181    0.128700007451    0.6631    0.2650   0.278    5
55180.206    0.159726343810    0.362401206644    0.1853    0.2222  -0.063   27
55229.208    0.371190936290   -0.592898402374    0.2889    0.5542   0.066   26
55250.206   -0.019765597130    1.211202005891    0.2376    0.3607  -0.151   26
55281.895    0.548027512374    0.031899602959    0.7951    0.9647  -0.676    3
55285.208    0.189575336908    0.225298806811    0.2607    0.2405  -0.028   11
55287.897    1.171672440750   -1.871798396280    0.8745    1.4581  -0.711    7
55369.208    1.157478641789    0.229500003002    0.9906    0.4065  -0.232    3
55376.207    0.131205044451   -0.293299196130    0.3688    0.3081   0.037   16
55386.269   -1.259095738978   -0.326199598533    1.1056    0.9729  -0.738    7
55411.209    0.040862077830   -0.140799602377    0.9291    0.8544  -0.819    4
55418.207   -0.466042243008   -0.706399201533    2.3230    1.6752  -0.934    3
55421.271    0.061687920577   -0.779000403384    0.4182    0.6300   0.150   11
55453.209   -0.347970774524    0.371901600715    0.3927    0.3511   0.105    6
55498.273    1.767194052118   -6.504497996218    1.0646    1.9682  -0.305    7
55530.207    0.455430353082   -0.105001204531    0.2945    0.2692   0.035    5
55539.251    0.933412225001   -4.796298001963    0.8846    5.7249   0.409    4
55663.209    0.194615428664    0.507600003630    0.3632    0.6223   0.021    7
55670.207   -1.180428120356   -0.217900795008    0.6137    0.3823   0.034   14
55687.272    4.057075008856   -1.192899603097    2.8641    1.3377  -0.749    4
55715.272   -0.432477662061    0.130798795794    0.9730    1.1808  -0.053    4
55719.206   -4.093954005469   -1.101898796207    5.6446    0.6659   0.690    8
55741.230   -0.038206690352   -0.380599193761    0.2349    0.2385  -0.228  135
55755.230    0.296767444720    1.525701600258    0.3470    1.3321   0.467   11
55761.206    3.490211610739    0.314200799778   15.5047    1.6778   0.957    7
55764.270    7.024596525143   -8.787797996490    2.3784    6.5648  -0.196    4
55778.270   -2.350639165928  -11.358799200423    7.2599    7.5090   0.387    3
55819.500    0.199922991166   -0.344800795915    0.3535    0.4107  -0.341    4
55820.497   -0.367870118338    0.146901601283    0.3190    0.2057  -0.018   10
55822.498    1.511422431911    0.591598795552    0.5262    0.2485   0.225    5
55824.500    0.416029693051    4.596101994991    0.5261    3.9741   0.743    4
55826.498   -0.435795267559    1.110700804929    0.3978    0.4705  -0.397    4
55827.499   -0.962064058590   -4.596098401066    0.8903    4.2796   0.907    3
55828.499    0.020431050227    0.161600397064    0.4569    0.2437   0.242    9
55829.500   -0.363094284872    0.186800399149    0.2971    0.1948   0.326   10
55830.501   -0.420538055773   -0.409500005105    0.2791    0.1795   0.314   15
55831.498   -0.850761525162   -0.204199204745    0.3177    0.3813   0.139    6
55832.499   -0.148050995812    0.173098796097    0.2488    0.1589   0.265   15
55833.500   -0.723670096158   -0.124498798471    0.4916    0.3747   0.071    4
55887.206   -0.438845447557    1.328799598355    0.6070    0.6710  -0.601   13
55902.229   -0.007030026138    1.461200402275    0.2658    1.0853   0.486    9
55917.270   -0.674985194694    0.411800398581    3.8192    2.5159   0.952    3
55964.208   -0.367074131012   -0.245098802054    0.3679    0.3842   0.005    7
55981.272    1.534903639514   -2.842898396693    2.9488    4.1166  -0.970    5
56020.208   -0.121118436028   -0.013298392787    0.6543    0.4351   0.623    3
56058.267    0.623246968647   -0.711500400996    0.4328    0.8936  -0.028   10
56063.242    2.374785826627    6.922101599116    3.6463    9.6477   0.958    4
56104.208   -0.496289241081   -0.233100003300    0.4409    0.6661   0.009    3
56114.271    4.195574337735    8.418099599794    2.9859   11.0450   0.807    3
56121.269   11.236090315307   16.023499199491   12.4116   13.6874   0.884    3
56184.271   -3.393895651143    3.258500400705    1.9480    1.4012  -0.938    3
56189.228   -0.508228824746    4.277502000605    1.5544    1.4813   0.076    5
56195.207   -0.140091258286    0.547498801495    0.3463    0.3942  -0.021   13
56251.207    1.438192910020   -1.787299204636    2.6572    3.3727  -0.987    3
56259.228    0.584511716467    0.539801995103    0.4549    0.5183   0.503    3
56261.269   -7.060014126579   -4.587598793648    8.6118    5.8515   0.993    4
56282.271    0.019768786961   -0.165797999330    0.3593    0.4638   0.021   10
56392.230    1.143415399681   -1.100401203757    2.9594    4.1512  -0.991    3
56470.251    0.034624849187    0.757299605425    0.3846    0.6103   0.190    7
56553.207   -0.409792419162   -0.176500797977    1.9043    0.9189  -0.626    6
56562.272    0.210006364511   -0.487299595875    0.2990    0.3045  -0.035   37
56566.206    0.188117108939   -0.185900395877    0.4662    0.3707   0.431    8
56567.228   -0.500533368134   -2.404699198166    0.8953    0.5157  -0.115   56
56583.270    0.662915076799   -0.490600801584    0.5944    0.4702  -0.235   25
56587.208   -0.510218759128   -0.954500401917    0.3615    0.3750  -0.266   51
56594.206   -0.164234706531    0.395899198224    0.2705    0.3276  -0.333   52
56596.269   -0.679229321748    0.820800003964    0.4049    0.3146  -0.627   42
56602.208    0.049350331937   -0.488300395318    0.2552    0.2633  -0.512   74
56603.249    0.531843779032   -0.283798802059    0.2693    0.2440  -0.495   63
56608.188    0.719693439849    0.578800802487    0.5312    0.4786  -0.477   32
56610.229    0.397324318915   -0.795499192918    0.4383    0.4482  -0.392   58
56611.270    0.441898817387    0.122698804716    0.3208    0.4773  -0.024   59
56616.227   -0.507034877691   -1.033498803338    1.0649    0.8008  -0.265    9
56617.249   -0.242638066863    0.341899206546    0.4229    0.4004  -0.314   52
56618.272   -0.674453488281    0.170200800653    0.4632    0.4902  -0.309   30
56625.329   -1.139037525944   -0.397800000940    0.3063    0.4752   0.065   15
56627.283   -0.031042940153    0.107398800253    0.3723    0.7109   0.466   13
56629.208   -0.343990928384    0.415602004011    0.2688    0.2050  -0.202   50
56630.230   -0.083309728028   -2.355199197268    1.0081    1.3722   0.020    9
56631.271   -0.520432689325   -0.340397994592    0.3765    0.4503   0.151   16
56632.269   -0.559435367004    0.904701606430    0.5099    0.6589  -0.650   18
56633.266   -0.621919252285   -0.677998802701    0.2897    0.5183   0.477   24
56635.260   -0.210932863444   -0.321400800374    0.3229    0.5537   0.417   23
56637.254   -0.169542269033   -0.160398005278    0.3768    0.4493   0.399   21
56638.251   -0.106262396426   -0.384300003020    0.2294    0.4267  -0.075  123
56640.268    0.081854689890   -0.020401203926    0.2804    0.4516   0.262   19
56642.207   -0.768642576981   -1.663498804305    0.4141    0.5382   0.127   15
56644.227   -0.589816066515    1.283900397198    1.3906    1.3232  -0.139    7
56645.250    0.055985565555   -0.447300001838    0.2145    0.3718  -0.227   10
56667.270    0.068323154195    0.087299997631    1.9747    0.9625   0.092    3
56706.206   -0.620461046939    0.276901202767    3.7785    0.7244  -0.709    4
56817.881   -0.135579683111   -0.253299602093    0.2499    0.5143   0.412   71
56875.043   -0.312947965608   -0.834699592644    0.3423    0.7198   0.553   72
56878.498    0.117937744423   -0.193798794612    0.2965    0.6257   0.544   57
56987.270   -0.465510536596    1.427201998183    0.4876    0.9174  -0.578    5
57037.250   -0.972679138348   -0.738698395253    0.5369    0.5681  -0.146   36
57101.271    5.723578462717    1.264701597847    2.5879    0.5910   0.766    4
57107.251   -0.420538055773    0.188801998036    0.1449    0.3413  -0.115   93
57129.272   -2.976672011037    1.164999603986    2.4199    0.6533  -0.863    4
57163.251    2.544328095659   -0.489200398590    1.6971    1.9738  -0.833    4
57275.229   -1.030517747015   -3.419899192636    0.1541    0.3346  -0.033  117
57297.272    2.461018367632   -0.994399199783    0.6474    0.3562  -0.386    5
57304.241    5.981473741366    2.348801997698    0.7493    0.2564   0.459    6
57332.270   76.279033902666   18.587199606657    4.2390    0.9350   0.906    4
57359.251    1.550291385529   -1.035298797092    0.1582    0.4985  -0.542   54
57365.227   -1.226327122734    2.592298804416    0.4625    2.0441   0.282   14
57401.233    1.483827631486    9.467600399660    0.2246    0.1997  -0.106   44
57520.253 -160.510367775545  -47.674900801553   14.0609    3.0826   0.918    4
57574.208   -2.360588815212  -35.493400794451    2.3439    9.9765  -0.666    6
57686.208   30.761708951195  -34.688599193089    3.4615    3.4330  -0.969   13
57693.207    0.691436398781    0.205099195227    0.4956    0.3288   0.015    7
57700.208   88.414306386307  -49.844498397533   94.1726  126.1248  -0.510    4
57710.267   -4.355431193152   -0.441100800685    0.9072    0.4144   0.602   15
57715.271   39.057872528017   10.089399600588    3.7730    1.0232   0.961    5
57770.475   -0.109178852363    0.781200000688    0.3304    0.8293  -0.276   23
57772.228    9.824963689131    7.126498802279    0.3776    0.3776   0.055   48
57775.461    0.276336394494    0.464698807434    0.1649    0.3295  -0.121  135
57804.381   -0.457286540779   -0.423198001442    0.1659    0.3373   0.040   99
57809.367    0.415895968990    0.747000004253    0.1582    0.3459  -0.151   74
57839.792    0.410855854611    1.317301199322    0.2081    0.3843  -0.143   45
57849.249   -4.326511888818  -17.620999200574    1.6047    1.0649   0.038    6
57850.271   -1.273159003709   -1.115297997956    0.3625    0.2178   0.012   14
57856.272   -1.331663020227   -8.673901200495    1.9006    0.6793   0.814    6
57872.197    0.256039090951   -3.089800799216    0.2148    0.5925  -0.227   36
57875.189    0.340810236779   -0.049399204727    0.2972    0.7072   0.304   37
57878.271    0.306583392566   -0.070700399135    0.6072    0.4110  -0.158    3
57885.270  -20.786172625458  -75.586100399505    0.9308    3.0442   0.788    4
57892.271    1.147264734214   -2.844100801269    0.4700    0.8897  -0.596    4
57914.628   -0.185859703813    3.324200396548    0.2934    0.7984  -0.711   26
57920.301    0.209210399808    0.329101200691    0.1941    0.4313   0.122   28
57943.713   -0.014060052277   -0.963601205228    0.1402    0.2971   0.043   88
57950.916   -0.182675822376   -0.626400000669    1.4868    2.0869   0.834    3
57970.691    1.127365390400   -0.559097996700    0.2149    0.7089   0.022   57
57978.131    0.703509706507   -1.725800404984    0.2957    0.7785  -0.130   28
58010.244   -0.437253495527   -3.310599602457    0.3684    2.4259   0.601    3
58015.324   -0.395331194703    3.548599200087    0.4867    1.6428   0.331   29
58029.207  -14.704807440371   -2.290798795457    2.1923    0.4562   0.855    4
58044.230   -6.155524395743   -1.870300803830   18.9359    3.5434   0.879    6
58048.076   -2.665978238101    2.680902002794    0.2651    0.7326  -0.299   72
58064.209    0.936729830499   -0.185198403813    0.3855    0.3828   0.255    6
58066.247   -8.194275819057    0.796701597494    5.8564    0.8246  -0.817    3
58078.209   14.003290858076    4.091799603145    2.7840    0.5278   0.834    8
58085.500   -2.939926715861    1.244098801578    0.1519    0.2335  -0.257   91
58086.497    0.294112079865    2.116198800195    0.1127    0.2014   0.038  111
58087.498   -0.396658865819    1.008298801253    0.1445    0.2437   0.007   68
58088.498    1.384862709320    0.167201996248    0.1300    0.2578  -0.283   76
58089.499    1.467510174083   -0.007397999013    0.1303    0.2425  -0.244   75
58090.496   -1.430363684102    1.204300799884    0.0932    0.1809  -0.101  114
58091.497   -0.329265423011    2.729699998838    0.1029    0.2386  -0.352   91
58094.496    0.612899314388    3.079699196462    0.1350    0.2687  -0.354   51
58096.497    0.042186581738   -2.060798392733    0.1254    0.3262  -0.607   73
58098.499    1.446152624923   -0.064598400229    0.1102    0.2229  -0.248   86
58099.496   -1.090881163685   -0.367999199113    0.1349    0.2959   0.074   83
58137.058    9.910263351540    5.424400806930    0.2221    0.4393  -0.624   72
58142.227   -1.325693217083   -1.244199597750    0.3282    1.0854   0.128   36
58143.856   -2.220895539278    2.465200805091    0.2661    0.6728  -0.589   37
58159.408   -0.874376456825    1.634000403783    0.2766    0.4953  -0.532   36
58185.249   -1.523358825746    3.494098795898    0.4687    1.7121   0.078    6
58203.797    0.094720817735    0.326501999837    0.6593    0.6647   0.636   36
58213.231   -0.260283195382   -0.368499598835    0.1189    0.2500   0.023  137
58219.229   -1.453313185291    1.597302002665    1.5100    1.0384  -0.904    3
58235.270   -9.600629801598   -0.794199598886    1.2582    0.7745  -0.429    3
58256.272   -0.425049630948    0.118198801147    0.3232    0.3318  -0.232    6
58270.269    0.765726143666   -0.994399199783    0.9706    0.2983   0.307    7
58301.297    0.641423803578    1.882501194927    0.2553    0.6469   0.085   28
58324.227   -0.588886377750    2.028401996768    0.5840    0.9501   0.277   17
58326.269   -4.555618419986   -0.735998398227    1.5611    0.5826   0.537    4
58340.948    0.524282023858    0.833000395062    0.2139    0.4471   0.142   70
58363.696    0.992578482162   -0.435499201501    0.2197    0.6081  -0.162   22
58379.208   -0.650838556618    1.401699594794    0.4968    0.3602  -0.168    4
58382.002    0.240253362584   -0.158500796488    0.2817    0.5926   0.059   37
58386.484    1.129355324782   -1.050199198005    0.3730    1.0333  -0.269   15
58407.208    8.850294593779    1.864900796988    2.9843    0.6829   0.872    3
58422.271    1.454376620739   -0.103100401816    1.1851    0.4700   0.124    6
58445.165   -3.123796507915   -2.470298397839    0.3391    0.8887   0.107   31
58449.208    0.092730883353   -0.964299603368    0.6014    0.4008   0.437   10
58456.714   -0.139957534225    0.142999199682    0.1655    0.3685  -0.137   87
58470.207  217.714303837877  572.160599999449   25.0158   57.7676   0.350    5
58473.271   -0.095383035754    0.078400799453    0.2054    0.2536   0.113  102
58486.208    1.462868064678    1.044702001707    1.5738    4.3946   0.958    3
58491.208    0.825424129862    0.313099204163    0.1462    0.2611   0.157  136
58505.161    0.888175463265    5.013298806489    0.6001    1.6263   0.381   15
58510.833    0.231363913671   -0.778600799833    0.1766    0.4889   0.039   57
58522.269   -0.565007187796    0.535899606291    0.5383    0.3704  -0.329    6
58532.913    1.028133020113   -0.691199993241    0.3628    2.8907  -0.196   16
58563.250   -1.370000267432   -0.947898003290    0.4301    1.1337   0.255   48
58577.250   -1.611578111301   -4.615700397892    0.4802    1.2599   0.114   28
58591.269    0.230567948968    0.083800806294    0.5873    0.3846   0.188    6
58603.209   -0.849303319816    2.309101198250    0.3428    0.8856  -0.756   41
58613.271   -0.816002974537   -1.544198394754    0.5451    2.6691   0.584    3
58659.209   -0.821444261099    2.073999596064    0.4352    1.2524  -0.666   21
58660.228   -0.138365582196   -5.764697992561    0.4217    3.5254   0.120    8
58673.209   -0.126823980882    1.011999597722    0.2013    0.3893   0.210   23
58704.270    0.072169298897   -4.795498794863    0.6946    6.0791   0.448    6
58711.272   -0.197003345398   -0.115199996742    0.1840    0.2110   0.100   40
58732.270   -1.073369736604   -0.144601195018    0.4633    0.4073   0.366    9
58746.270   -2.860329408474    6.233000407008    4.3376    3.7543  -0.054    3
58813.209    0.324359055315   -0.587300397115    0.1047    0.2311  -0.222   79
58857.229   -0.543251656285   -0.675298792885    0.0871    0.1877  -0.038  157
58922.379   -0.008621978168    2.639800800353    0.5711    1.1312   0.708   61
58942.270   -0.351950643287    0.110700005962    0.5253    0.4776   0.336    4
58942.891   -0.175642606407    0.744699597988    0.2339    0.5488   0.059   67
58989.230    0.935004154408    0.007099204424    0.1083    0.2039  -0.094  119
59114.208    6.700371193889    0.896500806391    4.8042    1.0559   0.675    5
59177.188    0.578408211885   -0.507798002047    0.8210    0.7717  -0.259   10
59228.250    0.138633052941   -1.013000397165    0.3834    0.5261  -0.080   12
59250.271    2.297445879120    0.653698803887    5.0367    1.2778   0.850    6
59262.248    0.513670111309   14.790402003939    0.4503    4.3588  -0.705    4
59285.269    0.908339065369    0.225601195325    2.2663    0.4956   0.115    3
59289.250   -6.026974738770  -35.682998392872    0.0448    0.3539   0.428   12
59299.269    0.365883373788    0.732301195683    0.4148    0.4135   0.321   13
59305.248   -1.930632793945  -27.953701203387    0.0962    0.9140   0.113   13
59313.269   -0.607725475947    0.866300401015    0.6265    0.4750   0.121    6
59320.249   -0.557579156684   -9.808898397523    0.1746    0.6056  -0.869    4
59320.271    0.913248622897    0.284601603084    0.7708    0.5219   0.364   11
59325.217    0.131335578680   -0.024199202642    0.1427    0.3105   0.106   34
59327.269    0.402233876443   -0.331498796413    0.3700    0.7626  -0.275   74
59334.249    9.175978153001 -196.928999993418    0.1887    1.4917  -0.907    4
59334.271   -9.223071079812   -2.219198393050   15.1965    4.4403   0.991   11
59341.269   31.126528912157    9.095900404077   15.4060    4.5519   0.990    5
59345.207    0.073894974988    0.476801996285    0.3801    0.4256   0.037   13
59348.249   -9.889966025374   18.269701195095    5.9669    9.3624  -0.994    3
59353.209   -0.117536572240    0.411901194752    0.1760    0.2120  -0.030   36
59355.269   -7.378537102811   -0.281998795515    0.3324    0.4243   0.257    7
59360.208    0.111834239841   -0.285497999641    0.2700    0.2946   0.080   13
59361.249    0.267714416326    0.632599201822    0.1367    0.3438   0.289   15
59362.249   -2.673406269214  -12.345497999888    0.3534    2.5213  -0.041    5
59375.249   -0.343328665119    1.901401199689    0.3051    1.0490  -0.470   11
59390.249   -0.450520772932   -2.613599998824    0.4286    1.4775  -0.670    5
59395.228    0.212524838097   -0.009698405279    0.2215    0.2842   0.057   34
59397.269    1.204176798703    0.369900001829    0.5628    0.4759   0.670    7
59404.249   -1.564749420157   12.413599198169    0.5216    4.0184  -0.870    3
59410.250    0.397722301267    0.414601204568    0.3690    0.2338  -0.306   69
59411.270    0.133061254771    0.529700405139    0.3351    0.2960  -0.118    9
59415.207    0.878225813981   -1.080698397971    0.3136    0.2505   0.047   16
59416.230    1.361381501718    0.315500406600    0.5046    0.5405   0.064   41
59417.249   -0.554659533538   -0.233600403021    0.1283    0.3830   0.005   25
59422.209   -0.679095597687   -0.218498396976    0.4120    0.2911  -0.251   20
59425.270   -0.619795616465   -0.244000800365    0.3986    0.2821   0.152    7
59431.271    0.841741587265   -0.178599599110    0.7048    0.3926   0.657   12
59439.270    0.080660742835    0.070700399135    0.3279    0.4266   0.130   21
59445.230   -0.289068775654   -3.872300393937    0.4409    2.4236  -0.042    5
59446.249   -0.221942758345    1.989000004698    0.4501    1.5395  -0.867   15
59446.271   -2.688001217734    0.029401198276    0.7134    0.9930  -0.442   10
59457.207    0.133990943535    0.683802007018    0.2084    0.2914   0.033   28
59474.224    2.787233610644   -3.409200000704    0.6706    2.1586  -0.809   11
59478.209    0.239587909487   -0.201200400340    0.1541    0.3141  -0.159   67
59486.230   -0.232688394956   -0.477698392842    0.2000    0.5726   0.024   21
59487.249   -0.212257367352    2.217301197049    0.3475    0.5818   0.069   10
59488.250    0.960873278743   -2.552198401418    0.3861    1.0318  -0.595   18
59488.272    0.139031035292   -0.273797995476    0.3231    0.4260   0.314   13
59493.228    0.115285569399    0.824799595023    0.1328    0.3948   0.235   24
59495.270    0.726325483636    0.200800796790    0.3015    0.3911   0.239   18
59499.189    0.522690094452    0.664801206085    0.6758    0.7388   0.208    9
59507.228   -2.095663487802   -2.412298802312    0.4336    0.2586   0.635    5
59508.251    0.009551689555   -0.122198404995    0.1953    0.2698   0.240   46
59509.270    3.962089932830   -3.343698003277    0.4591    0.4343  -0.018   10
59513.207    0.179491940940    0.814399197679    0.2520    0.3622   0.146   17
59514.230    0.368535571435    0.933199194719    0.1456    0.5067   0.264   22
59516.272    0.022818966960   -0.236800799769    0.3502    0.2969   0.331   15
59521.210   -0.135445959050   -0.677998802701    0.2575    0.2886   0.173   18
59522.229   -0.218360894557    1.037401204940    0.1343    0.3730   0.222   21
59523.270    1.142090895774    2.024899198716    0.5390    0.3809   0.546   11
59528.230   -0.182144115963   -0.559000794453    0.1305    0.3093   0.267   44
59541.189    0.291195623928    0.032000399131    0.0909    0.1970   0.200   74
59542.248   -0.057440603693   -0.187700402421    0.2953    1.2397  -0.863    8
59551.270   -0.213849319382   -0.330699602102    0.2916    0.3601   0.064   20
59557.249   -0.294242591472    0.136799998529    0.1107    0.2398   0.182   51
59558.250   -0.477316418823    0.445798802673    0.4160    0.9905  -0.634   15
59558.268   -0.025999658565    0.124801199775    0.6356    0.3728  -0.206   11
59562.209    0.258293283623   -0.460598394625    0.1480    0.1822  -0.071   89
59564.251   -0.234678329337   -0.122698804716    0.3374    0.4552   0.067   40
59565.270    1.453446931975   -1.216501203771    0.3767    0.6161  -0.378    9
59569.207   -0.081055535356   -0.557398799117    0.1486    0.2982   0.228   69
59578.269   -0.064473819662    1.474002002055    0.4165    0.5190  -0.020    6
59590.209   -0.047758379908   -0.356198398777    0.2263    0.2547   0.221   43
59593.270   -0.514994592594   -0.513399601232    0.3119    0.2308   0.345   16
59594.585    0.605869288250    0.516700806941    0.6294    0.7144   0.017   78
59597.083    0.400906205327   -0.039898797866    0.1397    0.3211   0.193   26
59600.272    0.000000000000   -0.290199595554    0.1917    0.2096   0.268   29
59604.209   -0.207748982008   -0.338198397287    0.1412    0.2639   0.121   81
59611.207   -0.245821970922   -0.832100404580    0.1387    0.2190   0.068   71
59614.272   -0.535422452989   -0.078199194320    0.4486    0.6406   0.087   17
59621.270   -0.223534710375   -2.244700796439    0.3294    0.3244   0.099   14
59625.207   -0.423721959832    0.653000405748    0.2182    0.2803   0.038   57
59626.230    0.485279346180   -0.133300794403    0.7538    0.4986  -0.051   12
59632.209    0.042718288151   -2.548699197291    0.1426    0.4644  -0.082  150
59633.228    0.405815762854    0.781401605821    0.2154    0.6671   0.671    9
59635.270    0.567000312009    0.341701195339    0.3379    0.3029   0.263   21
59649.270    2.440721041466   -0.085201196498    0.4533    0.2845   0.079   18
59654.230    0.307379357270   -0.132901203642    0.2096    0.2914  -0.208   57
59655.249    0.156408738312    0.332301597439    0.1649    0.1644   0.305  125
59656.272    0.949197953369   -0.016801203628    1.1098    0.5941  -0.764    8
59663.270   -0.737733360889    1.235700003122    0.5913    0.4393   0.046   16
59667.207    0.044841946593   -0.410399995587    0.1417    0.2770   0.086   78
59669.249    0.523884041507    0.219301198001    0.4988    0.3625   0.294   18
59674.209    0.103212261673    0.150299996449    0.1273    0.2057   0.076   79
59677.270    0.262406876447    0.059101203931    0.2761    0.6606  -0.437   16
59683.271   -0.086627333525    0.099100797968    0.1501    0.3317   0.065   44
59690.251    0.386046975892   -0.177400801249    0.0979    0.1851   0.173   93
59691.248   -0.574692578790    1.588399197772    0.0616    0.1225  -0.155   74
59695.208    0.336034380690    0.073900795883    0.2329    0.3416   0.233   17
59712.268   -0.215839253763   -0.376898397292    0.2036    0.3766   0.249   18
59718.251    0.702844276034    6.589900797849    0.8765    5.8698  -0.032    6
59719.270    0.221414264387    0.708800403970    0.2305    0.4196   0.286   22
59724.230    0.220752001122   -0.184798800262    0.1008    0.2145   0.059  101
59726.268   -0.468162734242   -0.017099998217    0.2106    0.2319   0.303   41
59730.082   -0.798227311788    0.144900002397    0.7282    0.4489  -0.594   98
59733.270   -0.191297800544    0.516099598258    0.2049    0.3157   0.209   31
59737.120    0.100292615904    0.755899202431    0.1327    0.2513   0.028   61
59738.208   -0.055450669311   -0.344897998161    0.1927    0.2492  -0.083   54
59739.227   -0.551077647127   -0.159400799760    0.5521    0.3442  -0.101  101
59740.268   -0.691302652097    0.649601997793    0.3158    0.3783   0.152   10
59744.209   -1.165568913544    0.160200006860    0.3917    0.3495   0.311   57
59747.270   -0.471614063801    1.005299996848    0.3382    0.6311  -0.069   27
59754.268    0.191698995350   -0.819601193314    0.2154    0.3669  -0.026   20
59761.270   -0.075617438624   -0.496097997882    0.1890    0.3157   0.144   43
59767.271   -0.423855683893    0.210401999823    0.2607    0.4479  -0.164   12
59774.251    0.788013404213    0.769201201933    0.5911    0.3077  -0.035   26
59775.248    0.126429188361   -3.402601196001    0.0867    0.5290  -0.249   14
59775.270   -0.597775804040    0.447300001838    0.2633    0.3715  -0.004   19
59782.269   -0.308570114494    0.092401197094    0.2077    0.3147   0.086   39
59794.230    0.236006045699   -0.720197994042    0.1305    0.3049  -0.097   99
59795.271   -0.057042598718   -0.065800804805    0.2450    0.3374   0.002   39
59803.270   -0.377421785270    0.104799599399    0.2371    0.2167  -0.100   63
59821.208   -0.117138589889   -0.199299597625    0.1355    0.2423   0.119   34
59824.272    0.159592619749    0.199799997347    0.1588    0.2762   0.177   43
59828.206    0.481299477417    0.879800398934    0.2092    0.2460   0.177   43
59838.269    0.280580544170   -0.097898393392    0.1887    0.2581   0.187   66
59842.210   -0.130670125584    0.203900397366    0.1885    0.2092   0.026   45
59843.229    0.890295954499    1.168300796905    0.1965    0.4275   0.490   45
59852.269    0.084108905185   -0.334998000540    0.2364    0.3186  -0.294   16
59859.271   -0.020163579482    0.973501202850    0.2276    0.2656  -0.228   27
59863.084   -0.072035552213    0.033598800542    0.1526    0.2974   0.598   79
59866.269   -0.102413084515    0.092199604751    0.2097    0.2508  -0.147   38
59878.227    2.658948211962    0.366598796120    1.4224    0.7973   0.074   99
59891.208   -0.046166427878    0.024598806192    0.1668    0.2035  -0.057   55
59899.229   -0.136639928728   -0.372898793444    0.1775    0.4618   0.171   30
59901.271    0.350361903711   -0.017099998217    0.2338    0.3354  -0.099   23
59908.269   -0.100292593281   -0.072500392889    0.1480    0.2030   0.047   45
59913.207    0.189839595198   -0.374198400266    0.3075    0.2835   0.055   30
59915.271    0.123111582864    0.428000406316    0.1326    0.2463  -0.293   61
59922.269   -0.529850632197   -0.072899996439    0.1564    0.2402   0.097   61
59926.206   -0.088750991968    0.033001198574    0.2053    0.2755  -0.157   35
59928.270    0.048025850653    0.548301602521    0.1435    0.2061  -0.075   44
59935.272    0.065269806988   -0.631098002657    0.2550    0.2269  -0.034   32
59949.268   -0.644340236893   -0.381499197033    0.4529    0.4612   0.165   23
59956.248    1.078279316754   -0.897199204530    0.6447    0.9427   0.103   32
59961.208   -0.359512398461    0.207702002797    0.2443    0.2112  -0.004   33
59963.250   -2.984501214332   -2.969499603012    0.1344    0.4696   0.332   59
59977.250    0.623514416769   -3.046399203299    0.2816    0.8089   0.165   27
59989.208    0.342137907895    0.120499207412    0.1426    0.2039   0.015   82
60032.227    0.508760553782    0.139701600688    0.2181    0.1979   0.346  102
60048.269   -0.649778311001   -0.285998399363    0.2973    0.3349   0.133    8
60055.271    0.132265267445    0.000201605133    0.5529    0.4150  -0.252    5
60059.208   -0.578404999431   -0.996400798670    2.3938    0.6992   0.733    4
60069.271    1.154294760353    0.273200406298    0.5629    0.3541  -0.035   25
60081.229    0.277530364172    0.453999602712    0.1139    0.2728   0.103   41
60102.228    0.044310240180   -1.644300004955    0.2051    0.6435   0.139   16
60160.269   -1.179234173301   -1.082098800964    0.3354    0.3777   0.292   20
60167.271    0.116610073307    0.581400003341    0.3045    0.4951   0.009   18
60195.271   -0.214514749855    0.600001200723    0.4020    0.4112  -0.318   19
60202.270   -0.026665089039    2.599599601183    0.2534    0.5191   0.091   23
60207.230    0.542853673933    0.000000000000    0.1884    0.3813   0.086   20
60208.271   -0.623113221963    0.065901600976    0.3223    0.3464  -0.141   16
60223.271   -0.297028513180   -0.369197996974    0.2947    0.3302   0.236   12
60230.270   -0.479838059617    0.531298806550    0.2671    0.4020  -0.118   15
60235.211   -0.114750650533   -0.312901192956    0.2115    0.2767   0.044   20
60237.271    1.107068086858   -0.539499593799    0.4483    0.4075   0.108   14
60241.209    0.177237748268    0.337399202976    0.2826    0.2884   0.094   34
