%-----------------------------------------------------------------------------
%                R.A. (mas)        Dec. (mas)        Err. (mas)     Corr. Del.
% Uncertainty in R.A. is in R.A. cos(Dec.)!!!!
%-----------------------------------------------------------------------------
48161.906   -4.780644447049    0.000000000000    3.4210    2.4014  -0.116    4
48865.304   -1.406399607562   -4.681299597564    0.8182    2.2990   0.806    3
50182.081   -1.850475302680    2.034900018089    1.3619    3.6690   0.645    4
57804.381    0.242532842624    0.209998802347    0.3441    1.4240   0.261    9
58010.244    1.746006524292    3.957001203503    0.2507    0.5673  -0.059   10
58185.249    0.891148121368    2.497701603943    0.2962    0.7240   0.486   10
58227.250    0.380692854082   -1.242201605578    0.3225    0.5242   0.140   47
59066.229    0.000000000000   -2.668499993774    0.4205    1.0674   0.085   17
