%-----------------------------------------------------------------------------
%                R.A. (mas)        Dec. (mas)        Err. (mas)     Corr. Del.
% Uncertainty in R.A. is in R.A. cos(Dec.)!!!!
%-----------------------------------------------------------------------------
47459.252   -1.416648537816    1.858899600649    2.7562   16.5744  -0.130    3
47463.179    1.121915306511    0.053999998073    2.6153    2.4672  -0.009    4
47562.238   -3.485929762010   -1.795802399585    2.4948    1.9635   0.357    3
47649.252   -9.912582712704  117.092599200674    1.4784    5.1293   0.124    9
47914.255   -0.647504241802   -2.238199200377    0.9991    2.8503   0.188    6
47924.263   -0.249298475443   -1.631199604191    0.7704    3.1755   0.039   15
48497.253   -0.355261328759    3.445099194721    0.7861    1.6858   0.329    9
48754.257   -0.624640880301    1.887299999481    0.8426    3.4108  -0.029    8
49176.292    9.298641895783   -6.455599204003    1.1165    3.5038  -0.126   36
49456.333   -3.104875053273    2.868299997516    3.7768    2.2341  -0.792    5
50003.416    0.343829648008    0.020998799499    0.2091    0.4372  -0.320   71
50177.333    0.813699701431    0.546497995657    0.3176    1.2009  -0.018   26
50255.288   -0.790400188707    1.918799998890    0.3430    0.6882  -0.146   21
50324.335   -0.808866747997    0.733100396388    0.7371    0.6684  -0.225    8
50919.324    0.729428917023    0.777898794979    0.0742    0.1412  -0.239  317
51157.708    2.045534988247   -0.548899204489    0.8150    0.8415   0.228    5
52453.272    0.711254299881   -1.395799201021    0.2778    0.5721  -0.399   17
52457.205    0.162825765929    0.230500796050    0.1968    0.3460  -0.179   24
52619.230   -1.557346108608   -0.521200804116    1.2236    1.3233  -0.088    4
53178.205   -0.084418542475   -1.239901199312    0.2013    0.7349  -0.133   12
53185.207    0.961724092910    1.290499195505    0.1852    0.6870  -0.096   26
53193.206   -0.315250458627   -0.835099202590    0.2689    0.5231   0.077   21
53199.225   -0.289165136500    1.400997596335    0.3063    0.8915  -0.131    7
53206.205    0.028431456307   -0.615200402621    0.2846    0.7747  -0.279    5
53220.202    0.460344831630    0.713300394750    0.2770    0.3215   0.063   16
53551.250    0.371089811721    0.808999197233    0.0978    0.2205  -0.434  152
53557.207    0.326534406304    0.831297597159    0.2666    0.5410   0.145   27
53899.205    0.000000000000    0.000000000000    0.4269    0.7652  -0.713   34
53964.209   -0.120620018692   -0.125701203046    0.2661    0.4474  -0.293   26
53978.249    0.013630081857   -0.043099201008    0.1252    0.2027  -0.496  193
54305.206    0.095702490152   -0.437702399125    0.3203    0.3247  -0.172   16
54461.208   -0.061702914047   -0.051901203335    0.1622    0.7441   0.306   27
54725.207    0.375486613932   -0.165700803478    0.8464    0.4023   0.579   11
54810.208    0.154619594796   -0.166899601339    0.1857    0.2215   0.071   20
55083.207    0.270255377987   -0.704599201384    0.5744    0.4829   0.315    7
55250.206   -0.207384695346    1.060999198899    0.2883    0.4236   0.181    5
58425.726   -0.171330927211    0.206999997943    0.1433    0.5455   0.378  133
59340.250   -1.461643618456    2.649297600499    0.8564    1.4918  -0.485   33
59921.250    0.734265394457   -0.635202002996    0.2439    0.5324   0.196   27
60075.250    0.699530676982   -1.270400399278    0.7391    1.2408  -0.197   53
