%-----------------------------------------------------------------------------
%                R.A. (mas)        Dec. (mas)        Err. (mas)     Corr. Del.
% Uncertainty in R.A. is in R.A. cos(Dec.)!!!!
%-----------------------------------------------------------------------------
54965.249    4.451089516086   19.435100415421    1.6452    7.0219  -0.024   13
57943.713    1.422800194052   -0.053398795785    0.2122    0.5727   0.167   51
58036.001    1.561540672293    3.776900405228    0.7499    1.6826  -0.776   32
58048.076   -1.938015727819    4.168000805294    0.7879    1.6954  -0.822   15
58142.227    0.551915446374    0.000000000000    0.4046    1.0324  -0.211   94
58305.026    0.000000000000    3.648801606460    0.2508    0.6793  -0.097   41
58445.165   -1.931002819295   -2.100398396010    0.3957    0.8402  -0.118   90
58551.686    0.062647658201    2.409202795661    0.4010    1.0938   0.024   30
58563.250   -0.463785730769   -1.006397985748    0.5137    1.1335   0.067   89
58577.250   -0.568628637458   -3.354800392685    0.4607    1.1803  -0.127   84
