%-----------------------------------------------------------------------------
%                R.A. (mas)        Dec. (mas)        Err. (mas)     Corr. Del.
% Uncertainty in R.A. is in R.A. cos(Dec.)!!!!
%-----------------------------------------------------------------------------
50084.998    0.000000000000   -0.858499204526    0.5947    1.6472  -0.728   39
50155.831    0.138426397840    2.350800002660    0.6056    1.4527  -0.721   62
50561.251   -0.367391115231   -1.156100393018    0.3634    0.7745  -0.310   13
50624.253   -0.454904526413    3.405700796577    0.7127    1.0984   0.031    3
51380.251   -1.404616455080   -1.418198397118    0.7292    1.1853   0.510    6
51927.334    3.249415411774    2.812302007271    2.0709    4.7807   0.691    4
53080.205   -0.078983306613    0.295999205946    0.4891    1.0683  -0.406    8
53087.207   -0.350053550868   -0.512398801789    0.3446    0.7154  -0.136   11
57479.269   -0.362989051342    0.174301200673    0.2626    0.7447  -0.837    4
57623.206   -0.633095028620   -0.231001202167    0.2705    0.4660  -0.287   15
57646.250   -0.069211532911   -0.472298398790    0.0896    0.1120  -0.045  222
58057.207    1.128592627711    0.475401606082    0.2649    0.2104  -0.166    9
58435.208    2.544767427746    0.240699594656    2.2269    0.3859   0.801    3
58530.834    0.205712634954   -1.427000393051    0.1742    0.6194   0.098  102
58561.209    0.056827598591    0.607399199737    0.0663    0.1117  -0.043  222
58575.209    0.270934898659   -0.038800796176    0.0804    0.1183  -0.269  197
58712.722   -1.835304538218   -5.885701193620    0.1473    0.2447  -0.249  129
58795.272    0.001925295797    0.951102006752    0.2451    0.3532   0.067    5
58872.270    0.169934514707    0.000000000000    0.1557    0.2273  -0.206   23
58879.272    0.132369823206    0.138898799662    0.1883    0.2424  -0.129   18
59032.271    1.766641239445    1.888599599909    0.8169    2.2933   0.795    3
