%-----------------------------------------------------------------------------
%                R.A. (mas)        Dec. (mas)        Err. (mas)     Corr. Del.
% Uncertainty in R.A. is in R.A. cos(Dec.)!!!!
%-----------------------------------------------------------------------------
53561.356    7.682377649018   -4.088300400218    0.3384    0.6791  -0.363   59
56817.881    6.117196799418    1.159401599926    0.1441    0.2646   0.144   81
57159.507  -49.273389726736   37.867500000077    0.9429    2.7994  -0.798    8
57582.229  -26.592347468446   -5.892098399984    1.6199    0.9533   0.224    3
57597.248    7.125506392015    3.035001600038    1.3858    1.2988   0.099   52
57610.229    0.000000000000    1.691301599971    0.5241    0.4383   0.094   48
58203.797    6.477596628841    0.000000000000    0.3370    0.6842   0.836  134
