%-----------------------------------------------------------------------------
%                R.A. (mas)        Dec. (mas)        Err. (mas)     Corr. Del.
% Uncertainty in R.A. is in R.A. cos(Dec.)!!!!
%-----------------------------------------------------------------------------
47164.912    4.520431931603   -3.414398389623    2.8817    1.8297  -0.326    6
47625.992    0.174904256806    1.846400408567    1.1099    1.3366   0.017    3
48043.320   -5.487861285308    3.548001598119    2.8959    2.5609  -0.270    7
48161.906    0.181204176780   -4.261899607627    2.0427    1.8743   0.189    7
48235.708    7.017920397825   -9.987598792804    9.1420   29.3043  -0.156    5
48437.140   -5.272743899791    0.331801197717    3.8285   21.9500   0.861   11
48657.250   -1.083595070008   -0.756997178541    0.7229    0.5926   0.521   16
48749.078    0.275776032784    0.071200798857    0.3511    0.5127   0.166    3
48766.383    2.280872537942   -3.224098799137    2.6704    2.6977  -0.118    4
48768.089   -0.032671561531    0.105202809664    0.5591    0.6331  -0.124    7
48782.253   -0.216217968220    0.117601211969    0.3620    0.5869   0.127   12
49020.002   -0.326293987404    0.074102388226    1.1843    1.1965  -0.071    4
49895.086    0.594692570295    1.527602415763    0.8374    0.8254  -0.014   10
50259.083   -1.379255087170    0.529801201310    0.9114    0.9684   0.010   13
52353.230   -7.398409546392   12.165202809911    8.7851    9.1420  -0.849    4
52430.228    0.760931065288    0.864702025183    1.0967    1.0364  -0.185   15
52522.238   -0.744958122236    0.242402398953    1.4591    0.8554   0.291   16
52971.087    0.265517863600    0.198802791829    0.9865    0.6800   0.187    3
53124.013   -0.554830744917   -0.281098766663    0.5446    0.4421  -0.097    4
53248.001    0.325029279426   -0.118097966606    0.4589    0.3308   0.169    4
53255.003   -0.136307139407   -0.401900388169    0.3702    0.3317   0.203    4
53335.018   -0.636217071697    1.632600026369    2.5225    2.4798   0.160    5
53360.001    0.883631095494   -0.722699979860    0.4688    0.4055   0.075    5
53388.001   -0.281303077435   -0.173897990408    0.4947    0.4147   0.082    5
53445.229    0.686547840271   -0.480999585761    0.4887    0.5371  -0.018    5
53472.001    0.322640392791   -0.734900396537    0.5612    0.6347  -0.086   11
53501.437    1.215054167490   -0.711698373834    0.4272    0.4343  -0.067    7
53543.999    0.554221994870    0.194399990505    0.3668    0.4221  -0.057    5
53555.874    2.848538075883   -0.627199182190   15.1102    4.0330   0.977    7
53605.000    0.407024348266   -0.789098373843    0.7305    0.7590  -0.333    9
53619.033    0.825829004431   -0.139597210591    0.3443    0.3339  -0.060    5
53661.084   -0.305121699094    0.225802813247    0.5344    0.8519  -0.385    9
53699.001   -1.869866903659    1.210302002619    2.1974    1.6603   0.184    5
53885.000   -0.041290107473   -0.429897602316    0.4393    0.3987  -0.105    5
53908.241   -0.055904477938    0.727001997802    0.4456    0.5002  -0.078    4
53913.201    0.522253055983   -0.544698008298    0.6243    0.4758   0.112    5
53989.999   -0.477426279277    0.023900395263    0.4149    0.3868   0.000    7
53999.744    0.396204085760    0.451702828741    0.3714    0.4292   0.123    7
54012.360   -0.149656801894    0.020502000098    0.7141    0.8245  -0.466    5
54062.001    0.333203208584    1.040000393004    0.4512    0.4485   0.466    4
54213.999    0.078036819630   -0.428198404734    0.4469    0.4796  -0.434    5
54427.002   -0.096304784708   -0.597297571403    0.3980    0.5364  -0.227    5
54515.126   -0.419249832096    0.000000000000    0.8456    0.6320   0.150    5
54593.228   -1.172733194811   -0.779597979772    0.7114    0.5200   0.294   14
54726.237   -0.454685195525    0.164001625080    0.4148    0.4758  -0.289    7
55460.207    0.152513909255   -0.032799567862    0.3136    0.2794  -0.022    8
55762.228   -1.432184973221    0.960400808481    2.9898    2.3717  -0.241    4
55784.249   -0.996728363290    0.251402406093    1.0148    0.9120   0.222   32
55882.250    0.388147633140    3.141900026549    2.2122    1.7987   0.000    9
55959.248    0.408499838244    0.141102003681    0.9036    0.8990   0.032    5
56007.541    0.592982686386   -1.462697969146    0.7434    0.8397   0.079   20
56058.033    0.579797149175    0.871502396649    2.6692    1.9182   0.917   14
56075.540   -1.145963601183   -0.736797579748    3.4525    2.1393   0.877   25
56111.543    0.416064458209    0.706899601255    0.5095    0.5212  -0.002   32
56134.250   -0.072556431704    0.484199995299    0.8015    0.5562  -0.374   11
56260.258   -4.051038501005    5.003002786452    1.5042    1.2214  -0.210   15
56280.540   -1.601163666171    1.186700427525    0.8974    0.8515   0.114   15
56313.540    0.081386318792   -1.021798811962    0.7882    0.7571   0.252   36
56376.831    3.259075497428    1.564102831253    3.2047    1.7710   0.901   15
56439.541   -0.862013631254    0.438001200109    0.6322    0.6134  -0.126   39
56504.230    1.202875332398    1.021899595344    1.2014    0.6705   0.907   45
56602.208    0.551083844842   -0.050399978591    0.2889    0.3104   0.051   25
56603.249    0.251793285850   -0.155998810669    0.2986    0.2642  -0.230   35
56609.207    0.007307181239    0.041302820364    0.2524    0.2271  -0.057   37
56624.291   -0.395548135817    0.243500426222    1.5426    0.5948   0.777   35
56625.329   -0.206263894488   -0.020897971353    0.1862    0.1846   0.054  113
56627.283   -0.069605451747    0.509101215584    0.2716    0.3050  -0.308  102
56631.271    0.011405951782   -0.271497589210    0.1818    0.2311   0.165  124
56633.266    0.294043997862   -0.766400370367    0.1781    0.3843  -0.638  200
56635.260   -0.218115030188    0.167000416695    0.1943    0.3836  -0.517  201
56637.254    0.000000000000    0.141400823850    0.1611    0.1992  -0.059  192
56640.268    0.354866770404   -0.156697183229    0.2536    0.2351  -0.110  129
56642.207   -0.316504046934    0.040100428578    0.1564    0.1966  -0.028  156
56754.795   -1.166011710836   -0.545997602330    1.3527    0.8268   0.658   24
56812.790    0.261887880916    0.025901994150    0.1446    0.1236   0.049  184
56833.229    0.405057025632    0.219999634510    0.1351    0.1406  -0.049  136
56838.792   -0.081573496851    0.046501196493    0.1202    0.1050   0.216  132
56842.291    0.226827432751    0.097902000107    0.1473    0.1758  -0.069   73
56850.498   -0.086234360717   -0.251899211889    0.1550    0.1073  -0.053  217
56851.499   -0.010398690517   -0.389699971493    0.1079    0.1124   0.116  161
56857.500   -0.051454963206   -0.104497172515    0.2711    0.2690   0.038   89
56858.501    0.533471278548    0.318402021549    0.2262    0.2498   0.074   87
56875.792   -0.059206761229   -0.012599969068    0.0953    0.0892   0.101  216
56878.498    0.690412216885   -0.343699213090    0.4359    0.3178  -0.073   50
56879.503    0.522417189246   -1.797598793019    0.4301    0.8961  -0.314   51
56890.792   12.570117528955    5.296701624502    0.6839    0.4521   0.902   64
56899.496   -0.325848811474   -0.327099576225    0.3579    0.3138  -0.054   33
56900.501   -0.384259652585   -0.034797585613    0.2945    0.2818  -0.026   36
56901.790    0.241113544677   -0.274500013120    0.1051    0.1130  -0.092  204
56901.794   -0.091480354713    0.690602416853    0.3508    0.3547  -0.019    9
56904.665   -0.398101147727   -0.230299184523    0.2140    0.2159   0.045   48
56905.662   -2.539622268830    0.152402429876    0.3937    0.2348   0.092   51
56906.659    2.334856909117   -1.568498367988    0.3201    0.2230   0.101   50
56907.656   -3.960190500281    0.036500415490    0.4133    0.3433  -0.090   50
56908.412    1.258709549669    0.339299992902    0.3754    0.2912  -0.022   28
56910.969    1.815039388506   -1.449500410899    0.4088    0.3661  -0.155   13
56911.645    0.351213175790   -0.682498767901    0.3218    0.2326   0.141   49
56912.642    0.890118193527   -0.827697590466    0.3241    0.2450   0.127   47
56913.639    1.052398998456    1.431201627611    0.3139    0.2429   0.129   48
56914.636    0.995369782716   -0.075898788054    0.3103    0.2379   0.084   45
56915.399    2.888563475377    0.625899588158    0.3488    0.3859   0.042   22
56916.959   -0.024778675040   -0.970199971562    0.4922    0.5234  -0.015    6
56917.627   -0.205959799037   -0.432298804753    0.4045    0.2537   0.311   44
56918.625    1.290748749223    1.209002408586    0.3285    0.2604   0.082   49
56919.603    0.982067328112   -1.574297965590    0.3581    0.3083   0.187   39
56920.619   -5.021699877335   -3.420298770607    0.3220    0.2942   0.247   43
56921.616    3.680948610089    1.779400793112    0.4278    0.3716   0.114   23
56924.790   -0.303061070997   -1.026399598913    0.4278    0.4783   0.193   52
56934.498    0.386250579160   -0.135500391707    0.2637    0.2847   0.203   25
56935.499    2.840504668059   -0.711399604825    0.3061    0.2612  -0.046   30
56939.250    0.906699886626    0.974501989504    0.2217    0.1972   0.019  123
56941.496    1.280069016038   -1.689800376425    0.3951    0.3172  -0.058   46
56942.501   -1.567344881188   -8.295598780705    0.4131    1.1088   0.031   30
56945.792   -0.130405179492    1.159002033546    0.2166    0.2205  -0.322  115
56948.498   -2.254407598910   -0.496198794053    0.2826    0.2801  -0.061   89
56962.502    0.191766992573   -0.609300002452    0.1292    0.1211  -0.046  180
56963.503   -0.205444362440    0.575499609567    0.1375    0.1331  -0.036  191
56976.498    0.416509634139   -0.179398767841    0.1468    0.1592   0.119  127
56977.499   -0.455856030907    0.401000397687    0.1260    0.1284  -0.019  197
56983.497    0.739407465655    3.012400799207    0.5584    0.4622   0.018   39
56984.501    0.117781727615   -1.946098808503    0.2837    0.2801  -0.043   65
56986.167   -0.191719784689    0.062002806089    0.1937    0.1829  -0.112   31
56990.498    0.248139691237   -0.359600375077    0.1454    0.1719   0.010  189
56991.503   -1.653625890642   -0.520099189316    0.1626    0.1546   0.088  170
56997.497   -0.566494143413    2.076901211012    0.3381    0.4058   0.027   41
56998.501   -0.670457979827    0.330102000135    0.3648    0.4389  -0.059   35
57001.208    9.034891083479    6.450300031702    0.8588    0.4809   0.879   35
57006.792   -1.137602485979   -0.247100388151    0.2074    0.1612   0.332   34
57046.499   -3.150334446889   -3.654597571767    0.5083    0.6973  -0.037   43
57047.499   -2.345747432290    0.485600423872    0.3478    0.5991   0.068   38
57057.230   -1.099801847844   -0.495500370334    0.2187    0.1515   0.119  269
57060.342    0.034217304188   -0.499298369050    0.1989    0.1544  -0.255  259
57061.291   -0.115463109635   -0.169397986838    0.1222    0.1055   0.021  310
57062.230   -0.609306948748    0.225500411943    0.2256    0.1915  -0.702  246
57067.289    0.103401183946   -0.655398014260    0.1977    0.1229   0.076  291
57068.289    0.233946884772   -0.025099205914    0.1208    0.1226  -0.213  294
57069.228    0.597807683515   -0.165499204741    0.1982    0.1330   0.035  238
57072.249   -0.167316024912   -0.508100390562    0.1241    0.1221  -0.263  283
57074.290    0.306222832955    0.352202414433    0.1474    0.1186  -0.209  267
57075.291    0.457355124827   -0.279698389249    0.1956    0.1419   0.089  230
57076.394   -0.920564993698    0.483901226289    0.2673    0.2663  -0.614  237
57078.228   -1.080690746776   -0.330699589313    0.1843    0.1083   0.194  274
57079.229   -1.290233879759    0.136400433348    0.1819    0.1203   0.040  280
57081.289    0.674907494559    0.299102413237    0.1908    0.2543   0.044  298
57082.293   -0.250692711135    1.418302787215    0.1689    0.2106  -0.303  234
57093.251   -0.565791528757    0.554302818045    0.2060    0.1655  -0.142  256
57095.497   -1.180555820635    0.099201594139    0.2924    0.2875   0.013  100
57096.501    0.439110204545    0.105699615460    0.2442    0.2364   0.040  102
57113.230   -1.644327774840   -0.753199179826    1.0227    0.5516   0.878   59
57247.229   11.672738802926    8.176302003449    0.8412    0.5734   0.915   43
57307.795    0.787817576308    0.998002832375    0.3706    0.3139   0.273   30
57415.229    1.097834525210   -0.343699213090    0.6113    0.3589   0.846   50
57479.269   -0.408640359578   -0.713498405958    0.1972    0.2139   0.030   39
57525.082   -5.983789364447    0.600299995313    0.6060    0.4235   0.624   26
57588.208    3.528785437034    4.055500818367    0.4180    0.3291   0.598   70
57651.206    4.433729350160   -3.207297595509    0.2285    0.3570  -0.528   92
57659.231   -1.011928439007   -2.201198378771    0.3742    0.2682   0.696   64
57815.269   -3.062249680930   -0.563900414363    0.4260    0.3070   0.073   34
57821.249    3.082251133859   -0.830498396454    0.1707    0.1685   0.398   90
57828.250    0.968858186959    0.464900386987    0.1260    0.1005  -0.287  165
57848.230   -2.240355313780   -0.787899614352    0.7339    0.4776   0.936   72
57849.249    0.065436979682   -0.802299564384    0.1117    0.1217  -0.025  142
57855.228   -8.344900997729   21.210901195445    0.6371    0.8039   0.043   27
57912.251    0.163779347691   -0.449697597560    0.1043    0.1210  -0.027  134
57954.247   -0.339151825223   -0.254498399954    0.1638    0.1120   0.012  161
57961.249   -7.169193219019   -4.234597184904    1.1476    0.7656   0.930   47
57982.247   -0.155207458474   -0.724100408434    0.1560    0.1533   0.070  305
58016.230    0.815828833119    0.003902414392    0.1442    0.1229   0.135  239
58024.251   -1.319322099356   -2.051697589422    0.4045    0.2754   0.691   37
58030.230    7.484713600642   -6.156298792348    0.1711    0.5807   0.112  109
58036.187    0.135393734763   -0.109998001108    0.1571    0.1621  -0.098  177
58085.500   -0.998976728591    0.174002406084    0.1458    0.1475  -0.753  111
58086.500   -1.409443881482   -0.597499189325    0.1257    0.2990  -0.043   15
58087.498    1.117835418992    0.848401208486    0.2410    0.1654  -0.423   17
58088.498    7.675496935892   -2.983597164530    0.4737    0.2877  -0.806    9
58089.499   -1.758736958497    6.227402388959    0.5210    0.4241  -0.291    8
58090.500   -9.774907866316  -21.701199608515    0.2912    0.4221   0.772    6
58091.497   -2.847811857285   -4.247100002885    0.2238    0.2955   0.633   10
58092.498    2.725486742342    1.570600801415    0.1439    0.1286  -0.149   20
58093.499   -1.235101717998    2.377800024078    0.2287    0.3186   0.016   14
58094.496    0.095531909385   -0.101199611890    0.1964    0.2366   0.635    6
58095.500   -1.300796136406    2.543799615751    0.1696    0.1713  -0.133   15
58096.497   11.044555147041    8.150799612849    0.2915    0.2345   0.520   10
58097.498   -0.419085706821   -0.017499576188    0.1711    0.1610  -0.044   10
58098.499   -6.359758170482    1.167202833585    0.1691    0.1384  -0.291   15
58099.500    4.971041401381   -6.926799613893    0.5733    0.4507   0.892    4
58101.249    1.259459380196   -0.398199591700    0.1652    0.1611   0.166  203
58143.231    0.996283179372   -3.664299583761    0.7174    0.5037  -0.267   18
58177.229   48.548268924154  167.663800795026    1.8446    1.5658  -0.054   27
58255.250    0.602280802188    0.196801192942    1.1825    0.4947   0.333   88
58289.229   -0.681699806334   -1.005497995266    0.4295    0.4126   0.227  275
58290.248   -0.496724558403    0.128102431063    0.3355    0.3408   0.453   34
58499.226   -0.718680353275    1.454101197851    0.7822    0.7342  -0.349   11
58519.208    0.199472141858    0.166100426213    0.1433    0.1446  -0.017   80
58569.229    0.101246691241   -0.405997207054    0.0840    0.1602   0.236   24
58570.249    1.495584369603    0.063702003672    0.4588    0.8116  -0.795   36
58576.228   -0.004356209269    0.081302414401    0.1255    0.0884  -0.301   54
58610.083    0.664977591901    4.044801613645    0.4074    1.8152  -0.850   52
58618.228   -3.195840226322   -1.786298366824    0.4723    0.6371  -0.175  148
58625.230    0.409061923579    0.535701633453    0.1390    0.1253   0.179   23
58744.228   -7.042043674081   -1.348498784637    0.4525    0.4074   0.052   56
58766.227    0.737018579020    2.271600021686    0.4548    2.0776   0.186    4
58802.270    0.219894599642    0.570999605998    0.3347    0.3103  -0.011   15
58823.272   -1.368926657320    0.275702404906    0.6940    0.4731  -0.173   11
58928.270   -0.359621506866    1.913302821777    0.4040    0.5971   0.228   10
59017.230  -11.777990400103    4.575902408988   16.2399    6.7592  -0.992    3
59019.269    0.551575669509   -0.595699208361    0.2740    0.2489   0.103   16
59054.270   -0.191157691367    0.216100801254    0.2633    0.2883  -0.072   14
59177.188   -3.053420352988    2.075601616980    1.1564    1.0611  -0.202    6
59248.229   -0.712731744623    0.055702821555    0.3819    0.5715   0.270   13
59313.269    0.393651065862    0.662601621571    0.4829    1.6142   0.698    6
59320.271    0.866698099061    0.268300811967    0.5860    0.6947   0.442    6
59339.228    0.344913255817   -0.750697194007    0.1859    0.9867  -0.045   47
59348.271    0.008103668491    0.071002813229    0.3105    0.3548   0.233   15
59423.228   -0.766973554524   -0.525999570300    2.5235    1.4621   0.959   18
59445.230    0.307065968944   -0.525999570300    0.7985    0.8970  -0.155   11
59501.227   -0.175091434865   -0.033598774962    0.9010    0.9825   0.682    6
59550.251   -0.416837341519   -0.549799182181    0.3926    0.3907   0.139   15
59605.228   -0.649191818921   -1.990097968019    0.3296    0.3977   0.299   16
59718.251    1.208542898382    0.208000835755    1.4021    1.8264  -0.350    4
59780.234   -0.449860198396   -0.832798764350    0.5785    0.5298   0.090   13
59969.229    0.648606680803    2.726600411052    0.5761    0.9379   0.265   37
