%-----------------------------------------------------------------------------
%                R.A. (mas)        Dec. (mas)        Err. (mas)     Corr. Del.
% Uncertainty in R.A. is in R.A. cos(Dec.)!!!!
%-----------------------------------------------------------------------------
49848.331    0.960568963850   -0.537796795896    0.8012    2.1484   0.400    6
50003.416    0.362943986439   -0.981399595190    0.3063    0.5122  -0.335  113
51073.711    1.884017167888    3.267802802753    1.3177    2.1743   0.223    5
51883.083   -0.066533578795   -0.452498397152    0.1041    0.2285   0.106   81
52767.244    0.000000000000   -0.126298798619    0.0908    0.1732   0.058  180
53243.249   -0.078909482556    0.191001601735    0.1114    0.2016   0.117  107
53325.226   -0.080509761005   -1.877896794866    0.3255    1.2457   0.156   11
53411.253    0.165383655972   -0.130197599901    0.1632    0.3794  -0.087   47
53719.250    0.074101745390    0.497502001195    0.1995    0.2770   0.217   52
54201.208   -0.431371295097    1.674900001092    0.4852    1.2178   0.516    3
55154.248    0.022711302299    0.000000000000    0.1434    0.2659   0.004   31
55792.270    0.046002605608    0.657601205489    0.6087    1.0522  -0.064   11
55861.251   -0.367311496830    0.304199999590    1.1062    1.2934   0.415    4
55923.209   -0.361490433697    2.230603202946    1.4728    3.6742  -0.797    3
56139.207    0.365564492673   -2.213297999276    0.4814    1.1138   0.575    5
56202.209   -0.791257974609   -1.109699999091    0.5341    0.7397   0.788    4
56666.248   -0.978479430802   -1.470797998593    0.5642    1.0006   0.083   14
56945.229   -0.048189836540   -1.933498794671    0.1950    0.2093  -0.174  167
57092.232    0.333534593540    0.186001204838    0.4336    0.6614   0.101   10
57443.251    7.893191545204   -4.209598794347    0.3061    0.4492  -0.051   21
57794.271   -9.690881265383    2.628702004870    0.6312    0.7118  -0.275    5
57804.381   -0.469805833416   -0.661597196228    0.2015    0.3618  -0.022   36
57856.272    0.169897991377   -1.020898795900    0.1846    0.3017  -0.004   20
57870.247    7.004977272935   25.159100403016    1.3207    2.8035   0.592    5
58048.076   -0.191008965574    0.714700804139    0.2929    0.5194  -0.254   49
58258.146    1.248100951782    5.736700803993    0.3618    0.4924   0.484   28
58332.248   -3.934878446308  -14.749297194783    2.2207    5.7983   0.802    3
58701.209    0.299177639586    0.185702403854    0.0719    0.1402  -0.004  328
58771.209   -0.217651027224    0.112302001298    0.0944    0.2238  -0.505  322
59023.206   -0.183874123934    0.504302404636    0.2670    0.3498   0.260   12
59086.208    0.316064353363    1.294700404486    0.3018    0.4443   0.049    9
59569.207    0.274425832063   -0.647099999185    0.2571    0.6177   0.277   12
