%-----------------------------------------------------------------------------
%                R.A. (mas)        Dec. (mas)        Err. (mas)     Corr. Del.
% Uncertainty in R.A. is in R.A. cos(Dec.)!!!!
%-----------------------------------------------------------------------------
54125.251    0.102545185664    0.000000000000    0.1388    0.2414  -0.158   67
56498.251    0.861461119598    0.812199600375    0.2234    0.3043   0.104   56
56661.920   -0.261519588289   -0.065998803223    0.3122    0.4386  -0.332   25
57498.229    0.008815606449    1.139198393219    0.1338    0.2588  -0.074   81
58258.146    1.060988061336    4.331599194529    0.2184    0.3104   0.269  108
58631.757   -1.906582310644   -0.484898406228    0.5644    1.0663   0.531  100
58922.379    0.000000000000    0.522698390171    0.3015    0.9677   0.779   92
