%-----------------------------------------------------------------------------
%                R.A. (mas)        Dec. (mas)        Err. (mas)     Corr. Del.
% Uncertainty in R.A. is in R.A. cos(Dec.)!!!!
%-----------------------------------------------------------------------------
49914.167    0.273593800945   -0.537299999692    0.4730    0.8948  -0.294  133
56701.250    0.692863069089   -0.598499998361    0.1074    0.1925   0.010   81
56817.881   -0.168963667962    0.758199602302    0.1562    0.2476   0.079   81
57359.251    0.000000000000    4.048300801784    0.1039    0.2015  -0.223   54
58030.230  -10.901363020414   40.421998800966    0.4493    2.0891  -0.555    5
58142.227    3.546717664888   -0.900500397449    0.8721    1.7516  -0.061   25
58248.229    0.035521495659   -3.123799200111    0.3390    2.1016  -0.353    5
58324.227    0.036567527183    4.909798801123    1.0336    1.8555  -0.189   15
58425.726    0.000146865921   -0.337600798517    0.1373    0.5354   0.545  134
58563.250   -1.840825040428    1.506599999956    0.8250    1.6659  -0.249   16
58577.250    0.117615778467   -5.882500800070    0.8409    1.9988  -0.043   35
58619.250   -0.827050312318    2.292199201648    0.7366    1.8771  -0.440    3
59186.250   -0.520768535310    0.247298402556    0.9182    1.6632   0.143   18
59230.577   -0.151500215446    1.341799202947    0.1106    0.2003  -0.057   64
59271.737    0.844660579849    0.406699202316    0.0991    0.1770  -0.142  102
59340.250   -0.714807892108    2.227100401697    0.8889    1.5887  -0.536   48
59389.249   -1.602906778912    0.415501201445    0.7504    0.6409  -0.285   23
59452.251   -0.364940993131   -2.073999599261    0.9214    1.0194  -0.121   29
59494.251   -0.832276804654    1.389700802434    0.7441    0.6423  -0.267   33
59563.228    5.130964530367   -9.647099998844    1.0928    0.8429   0.250   15
59613.249    0.081048251284    0.000000000000    0.1783    0.2944  -0.018   98
60026.248    0.351804867348   -1.939201199619    0.6257    1.1290   0.006   62
60075.250    0.856603808186   -1.608199199410    0.7051    1.3790  -0.207   80
