%-----------------------------------------------------------------------------
%                R.A. (mas)        Dec. (mas)        Err. (mas)     Corr. Del.
% Uncertainty in R.A. is in R.A. cos(Dec.)!!!!
%-----------------------------------------------------------------------------
53222.919   -2.401665686436    1.112702403816    0.7187    0.7983   0.022    8
53382.230   -0.663613265286   -5.556798004136    1.4032    2.9613  -0.325    9
53446.251    0.980325939072   -1.038898784600    0.8585    2.7800  -0.097    8
53520.200   -0.128165481221    1.798603199177    0.8936    1.2428   0.593    4
53568.621   -0.575136147889    7.970702395710    0.8562    3.0810   0.737   12
54123.998   -0.190960435750    0.399103214477    0.4939    1.6143   0.703    4
54249.188   -0.026808608444   -0.651398397622    0.4002    1.0194   0.574    3
54439.231   -0.214548164929   -0.805096789236    0.4037    1.7275   0.688    5
54552.195    0.007245578013    0.965901611494    0.3544    0.9227   0.278    5
54670.230    0.128650463749   -0.400096800490    0.2543    0.4828   0.255    6
55384.209    0.187098065979   -0.513298792271    0.5873    0.6530  -0.127    7
55442.269    0.489800694754    0.797803218688    0.4022    0.5882   0.084    9
55505.271   -1.668976032665    1.363100403751    2.2884    1.3277  -0.792    5
55509.209   -0.751767729132    1.525701600258    1.7132    1.1064  -0.861    4
55840.253   -0.203921328160    1.316001618079    1.0581    2.7302   0.356    4
55889.295   -0.317597575383   -1.465999187644    0.6946    0.5567   0.185    9
55904.270    1.090620927538   -1.434499188235    2.1382    2.6368  -0.905    3
55943.170   -0.640750113129    1.667300409736    1.0916    2.1833   0.123    3
56000.207    1.574462869346   -2.136697193578    2.2519    1.6258  -0.852    4
56007.541    0.492215887425   -2.345097581724    0.7241    1.1165   0.103   15
56058.033    0.884765517722    4.504802419092    2.1450    8.3177   0.969   12
56075.540    0.878808686804   -1.656399587091    3.3429    2.7762   0.894   19
56111.543   -0.110776099482    0.705600007223    0.4970    0.5594  -0.013   20
56183.248    0.983305301816    5.393401207243    1.0031    4.0366   0.865   11
56280.540   -1.902847633532    0.245901603080    1.1821    0.8111   0.235   17
56306.834    0.672147590394    4.210801205318    1.8713    8.1306   0.959   15
56313.540    0.002254813180   -2.302696785250    1.0685    0.8438   0.024   25
56421.245    0.548652115024   -0.344098791061    0.9909    2.8435   0.749    8
56524.209   -0.137101674883    0.190101604858    0.2750    0.3510   0.163   14
56538.187   -0.870755472712   -2.751897602593    0.6787    2.9267   0.927   34
56700.789   -0.425233932629    0.000000000000    0.3514    0.7436   0.604   11
56702.265    1.332460733954    0.597002409108    1.1566    0.8920   0.436    6
56800.269    0.064002564594   -0.205397989816    0.3947    0.6148   0.162    9
56834.792   -1.586538805244  -15.319598389851    0.4595    1.8199   0.895   22
56926.269    0.121646402257    0.950900414409    0.1664    0.2157   0.078   19
56936.792   -3.707317811946  -20.497499991734    0.5926    1.7697   0.889   23
57038.269   -0.725925186773   -0.396597596364    0.3712    0.7025   0.241   12
57050.231   -0.962453524290   -1.332698380452    0.3287    0.5427   0.460   17
57162.228   -2.309082733260   -4.572899985078    0.5545    1.6757   0.933   18
57274.206    0.029948378137    3.896002803572    0.1788    0.2523  -0.121   27
57288.228    2.288393229795    3.399001195703    0.3269    0.9839   0.628   16
57485.251   -2.834869746642  -19.594699188019    0.4212    1.7892   0.935   39
57590.254    0.301980001239   -1.721397603660    0.2765    0.8869   0.783   27
57673.209   -6.278448744072   -3.702797991423    2.8323    1.4234  -0.848    5
57716.294    5.569994076069   18.797101219548    0.4486    1.5797   0.909   19
57791.207   -0.957783490981    1.910800810379    0.1896    0.2213   0.498    6
57854.209    0.157953479867    1.591401596102    0.4692    0.4261   0.168    6
57891.252    0.398264944694    1.719601203831    0.2240    0.5550   0.619   16
57981.232   -1.043200108604   -2.691698384183    0.8740    3.3676   0.946   11
57988.230   -0.335790721689   -0.563097600548    0.2169    0.5152   0.179   15
58057.207    0.690503038219   -0.681598802998    0.1997    0.2187  -0.079   15
58080.996    0.793712828163    1.487300420422    0.5904    1.3655   0.920   36
58190.206    0.402693461482    0.526003202594    0.3347    0.4236   0.337    8
58199.246    0.367914698003   16.400401216288    0.4284    6.5226   0.317   44
58200.272   -4.665907016979    9.471700812469    0.6376    1.0105  -0.701    5
58227.250   -0.908673978425   -0.597196788021    0.4545    0.5358   0.196   10
58248.229   -2.521217627546    5.109501609013    0.5082    1.1567  -0.306   30
58276.251    1.744171553586   -3.904696802692    0.3888    0.5394   0.154   15
58345.225   -0.694688088999    8.851701605295    0.3599    0.9186  -0.292   24
58388.226    0.588261263845   -6.126098386972    0.4354    3.8676   0.033   55
58396.269    0.000000000000    1.275800406120    0.3620    0.4254   0.012   11
58529.271    0.497368926319    1.109602803240    0.4152    0.7451   0.014    6
58532.913    0.230892238123   -0.509698804763    0.1917    1.0387  -0.186   33
58591.269    1.203731082660   -0.694799993539    1.2295    1.1381  -0.780    6
58660.228   -0.849181067649   -2.184098380553    0.2945    1.2555   0.609   35
58827.209   -0.055145558477    0.628902012068    0.3875    0.3375  -0.545   17
58890.208    0.948607702825    0.660700806066    0.3000    0.4627   0.477    9
58954.207   -0.567005640821   -0.024796804610    0.2001    0.1949   0.316   20
59066.229   -0.080746584314   -0.946497587506    0.2227    0.6208   0.259   29
59254.208    0.363084312661    0.601801207267    0.3421    0.4842  -0.016   10
59444.208    0.284750998990    0.989503212168    0.7885    0.7379  -0.768    4
59625.207    0.089041314928    0.100101610201    0.3332    0.3359   0.289    8
59738.208   -0.561209189394   -0.660599997104    0.8368    0.4851   0.257    4
59752.208    0.426039646681    0.076701601870    0.2845    0.3152   0.281    7
59814.210    0.442142203354   -1.785196783999    2.3389    0.9806   0.295    3
