%-----------------------------------------------------------------------------
%                R.A. (mas)        Dec. (mas)        Err. (mas)     Corr. Del.
% Uncertainty in R.A. is in R.A. cos(Dec.)!!!!
%-----------------------------------------------------------------------------
57597.248   -2.329571836335    0.318697209423    1.5346    1.1636  -0.221   58
57610.229  -21.442107311669  -12.015802803944    3.8471    2.0972   0.887    3
57809.367    1.038231682111    3.651098393220    0.4117    1.6069  -0.282   25
57869.228   -0.763950931433    1.151600415028    0.4634    1.5211  -0.266   17
58010.244    0.565217050162    7.793798400257    0.3045    0.8741   0.151   12
58142.227    0.418538802822   -0.482000385205    0.5893    1.0413  -0.348   20
58203.797    1.500078512849    2.681297999629    0.6439    1.4282   0.533   31
58324.227    0.515586714670    0.130100397655    0.8572    1.0041  -0.070   21
58445.165   -3.034302683291   -4.110202789320    0.6929    0.9311  -0.171    8
58577.250    0.000000000000   -5.069199588092    0.6713    1.1849  -0.269   24
58588.274    3.711106498138    0.000000000000    0.6298    1.0121   0.086   21
