%-----------------------------------------------------------------------------
%                R.A. (mas)        Dec. (mas)        Err. (mas)     Corr. Del.
% Uncertainty in R.A. is in R.A. cos(Dec.)!!!!
%-----------------------------------------------------------------------------
50631.755    0.474390870940   -1.170201599621    0.2932    1.1031   0.621   85
54643.249    4.384248145988    3.659198409878    5.4990    2.0113   0.406    7
57872.197   -0.137789899796    0.642196810929    0.1392    0.2941  -0.075   87
57954.247    0.545291710058    2.098998005806    0.2897    0.5577   0.020   18
58216.836   -0.911541991560    2.712697202867    0.1495    0.3577   0.102   81
58561.209   -0.453479814116    0.000000000000    0.0784    0.1754  -0.300  187
58575.209    0.375989159202   -0.671201999580    0.1159    0.2315  -0.020  159
58677.683   -2.405041292454    1.532998803100    0.3852    1.0270  -0.634   42
59131.269    0.876736215681    0.259599599417    1.8039    0.3893   0.734   11
59152.271    0.000000000000    0.654098407438    1.9472    0.4479   0.691    9
59159.269    1.094306291106   -0.027702000693    2.3547    0.5296   0.765   11
59180.271   -1.959584839813   -0.184100389333    1.5002    0.6950   0.321   24
59257.269    4.423925094943    1.498499999286   10.2955    0.7192   0.770    5
59418.271   -0.621922970335   -0.719600392074    0.6141    0.3705   0.332    7
59453.270   -0.461929502159    0.884397604750    7.1591    1.0673   0.856    3
59460.271   -1.157761192840    1.154098806921    0.7593    0.6708  -0.757    4
59474.271   -1.064945595090   -0.483101993609    1.0917    0.7598   0.751    5
59562.209    0.072764033265   -0.491900395616    0.2941    0.3841   0.311   11
59569.207    0.204108424438   -0.915101990984    0.3011    1.4598   0.338    7
59607.270    0.027645326345   -0.166201196805    0.6554    0.4936   0.627    8
59683.271   -1.014381710603    0.616597205294    0.8111    0.4988  -0.742    3
59766.230    1.444802079007   -0.891302391892    0.2128    0.3894  -0.576  117
59829.229    1.126822692824    3.376800010813    0.1964    0.7180   0.564  169
60062.269   -1.744304236252  -11.880302399447    2.1690   14.1307   0.956    3
