%-----------------------------------------------------------------------------
%                R.A. (mas)        Dec. (mas)        Err. (mas)     Corr. Del.
% Uncertainty in R.A. is in R.A. cos(Dec.)!!!!
%-----------------------------------------------------------------------------
52306.248   -0.148813182400   -6.532502411005    0.6598    1.4368  -0.098   18
52409.164    2.999516221094    9.037598394457    2.3949    6.5615   0.880   13
56817.881    0.000000000000   -1.642302012783    0.4568    1.2081   0.686   28
57359.251    0.123679716540    0.833597997030    0.1295    0.3423  -0.274   43
58203.797   -0.066878243060    0.000000000000    0.5553    1.0712   0.649   35
58540.733    7.857092900949   13.283899190242    0.3364    1.0710   0.052   16
59230.577    0.265405724323    3.498400801050    0.2182    0.6799  -0.128   16
