%-----------------------------------------------------------------------------
%                R.A. (mas)        Dec. (mas)        Err. (mas)     Corr. Del.
% Uncertainty in R.A. is in R.A. cos(Dec.)!!!!
%-----------------------------------------------------------------------------
49750.334    0.461625256209    0.040298414206    0.2585    0.3404   0.202   37
49826.960    0.148060372520   -0.689302771661    0.3206    0.3380   0.205  134
50177.333   -0.523438177582    0.060397229618    0.2558    0.2517   0.003   32
50255.288   -0.400333661759   -0.330901156076    0.3046    0.2910   0.042   29
50868.167    0.486004362983   -0.185201997738    0.2292    0.2872  -0.058   55
51309.086    0.235809347655   -0.317401196526    0.1234    0.1445  -0.829 1260
51680.001    0.207157231856   -1.818601180048    0.3992    0.3736  -0.155  249
51704.001   -0.104156075140   -0.579801576350    0.2338    0.2640   0.028   27
51764.001    0.704136649582   -2.841501600415    1.0307    1.0636  -0.216   54
51792.001    0.788535990881   -1.976000368131    0.4511    0.8284  -0.314   81
51885.998   -1.285053721012   -0.250603198992    1.1030    1.0263  -0.666   77
51967.168    0.056902143925   -0.630601158491    0.2584    0.4555  -0.492   18
52078.996    2.062556436400   -1.852502356314    0.2822    0.2607  -0.187   99
52253.999   -0.434243140866    0.700498833339    0.6238    0.5838  -0.595  131
52401.205    0.230956810660   -0.047699955985    0.1492    0.2106   0.129  184
52408.203    0.160075224251    0.033397208199    0.1308    0.1820  -0.073  105
52415.216    0.037895482491   -0.094003166851    0.0812    0.1090  -0.063   93
52423.204   -0.165679212825    0.068299209488    0.1726    0.2576  -0.197  153
52429.205    0.088616887918    0.087796803427    0.0865    0.1185  -0.110  109
52436.203    0.067415491370   -0.113302775162    0.1423    0.1768  -0.255  111
52443.216   -0.218998800508   -0.181900753660    0.1415    0.1879   0.044   68
52450.207   -0.199300307120    0.305596802264    0.3215    0.2109  -0.106  163
52457.205   -0.320728617002   -0.008301583421    0.0858    0.1011  -0.056  102
52464.204    0.051413237381   -0.717400769190    0.1723    0.2125  -0.015  132
52471.213    0.541691988561   -0.514202389468    0.1943    0.2377  -0.492  107
52471.688   15.140757645219  -83.601701970792    5.2354    4.6669  -0.013    8
52478.204    0.155974158538   -0.252802783507    0.1421    0.1681  -0.302  173
52485.209   -0.099015173035   -0.349700377456    0.3755    0.2401  -0.018  127
52492.204    0.169723436960    0.492998435675    0.4210    0.1758  -0.063  184
52492.708   47.233999366354   33.514898427711    2.4283    2.3677   0.060   20
52499.213    1.072408942082   -0.190400373867    0.3825    0.1578  -0.018  109
52506.204   -0.155800855756    0.232696805824    0.1156    0.2169  -0.296   55
52513.205   -0.112532927924   -0.399902370418    0.1043    0.1977  -0.298   56
52521.204    0.077755536034    1.181397635719    0.1705    0.3201  -0.192   13
52527.216    0.310388552635   -0.207601181046    0.3983    0.3752   0.581   11
52534.204   -0.035874050159   -0.094201152478    0.0997    0.1264   0.013   64
52541.206    0.154702778911    0.240498002313    0.6368    0.1553   0.346  138
52548.204    0.037953703242    0.119998833270    0.1154    0.1341  -0.020   46
52555.206    0.033852617826    0.076597211773    0.1149    0.1541  -0.281   53
52562.207    0.015309023160   -0.106700389324    0.1048    0.1262   0.141   56
52564.242   -0.185089341103   -0.257201952536    0.1005    0.1541   0.162  104
52565.243    0.039455227229   -0.327401977529    0.0961    0.1621  -0.199   97
52566.236    0.094855847166   -0.045500371471    0.0934    0.1085  -0.167   99
52567.241   -0.042401413923    0.082098040366    0.0863    0.1146  -0.057   74
52568.241    0.062389651594    0.045698408258    0.0697    0.0874  -0.162  109
52569.238    0.055342399187   -0.293000363172    0.0788    0.1035  -0.025   80
52570.243    0.089483401826   -0.031802375133    0.0806    0.1267  -0.055   94
52571.244    0.087172225211   -0.014702402495    0.1071    0.2380  -0.357   79
52572.237    0.054071039262   -0.002800754828    0.1096    0.2438  -0.407   74
52573.242   -0.016810547147    0.009496812936    0.1095    0.2140  -0.316  104
52574.242   -0.145517652671    0.315298814257    0.1949    0.1796   0.191   45
52575.236    0.139278673719   -0.206301587014    0.2079    0.4067   0.755   58
52576.244   -0.181276640501    0.049899642818    0.1367    0.1471  -0.220   58
52577.245    0.073307845056   -0.146401163192    0.0855    0.1213   0.019   77
52578.242   -0.037548876928   -0.017600359570    0.0894    0.1556  -0.133   81
52583.206   -0.817304567883   -0.057103198969    0.1967    0.2070  -0.033   90
52590.204   -0.091909680175    0.450399602414    0.1407    0.2483  -0.188   20
52597.206   -0.036220675425   -0.242099997649    0.1596    0.1406  -0.402   92
52604.204   -0.089020354762    0.439696816557    0.1105    0.2304  -0.340   36
52611.228    0.170243365007    0.165798024909    0.1535    0.1475  -0.254   85
52618.204    0.022067910456   -0.081403197782    0.0967    0.1070  -0.155   86
52625.202   -0.063429487986    0.079297234379    0.3076    0.1415   0.020  103
52639.202    0.128303638679    0.108000034515    0.2154    0.2583  -0.114   10
52646.204    0.029520008879   -0.110300402412    0.0667    0.0815  -0.126   96
52653.202    0.424769610111    0.091299614269    0.5622    0.4498   0.916   24
52661.205    0.252909658787   -0.024299998813    0.1993    0.2007  -0.059    7
52666.585    0.877267960830   12.821896837067    2.1370    1.9602  -0.036   27
52667.206    0.020854771282    0.002098801133    0.0888    0.1281  -0.001   42
52674.208    0.512519964417   -0.034502397739    0.2148    0.1756  -0.523   18
52681.206    0.069841750017   -0.141602390613    0.1487    0.1186  -0.311   37
52683.584    9.263131642561   -8.885401189218    1.2270    1.1981   0.176   33
52689.205   -0.021143175797   -0.164300394090    0.0859    0.1337  -0.014   38
52695.206    0.026227216622   -0.117899980978    0.0876    0.1274  -0.030   49
52702.204    0.052337991743    0.238798804730    0.0726    0.0929   0.037   52
52709.206   -0.007337036094    0.111600047603    0.0681    0.0875   0.001   81
52716.204    0.027497197375    0.085698002295    0.0811    0.0932  -0.111   47
52723.202   -0.027093750233    0.140097597523    0.0947    0.1124  -0.013   46
52724.229    0.318995569482   -0.455201956129    3.6083    3.3742  -0.991  176
52730.204   -0.176944011851    0.200599242817    0.0874    0.1119  -0.099   72
52737.202    0.034719151437    0.140698818996    0.0786    0.1042  -0.051   57
52739.584   19.376090890157    3.627799219430    1.7198    1.5347  -0.155   24
52744.204    0.048640353469    0.180000040473    0.0540    0.0691  -0.015  173
52751.202   -0.029173403315   -0.103701597709    0.0849    0.0931   0.126  111
52758.204   -0.064237781144    0.161697624890    0.0997    0.1492  -0.174   39
52765.202    0.240141956602   -0.103903164472    0.1872    0.1400   0.222   42
52766.225   -7.030159917544    3.515598001513    0.8561    0.4059  -0.323    9
52772.204   -0.062274589265   -0.042299961933    0.0903    0.0967  -0.124   37
52779.206    0.009416669474    0.127497628455    0.1212    0.1484  -0.208   49
52787.205    0.158631940716    0.162000026194    0.2397    0.1324   0.154   20
52793.206    0.064527545129   -0.053002798950    0.0872    0.0929  -0.211   55
52800.204   -0.166025818389   -0.063403183503    0.1433    0.1672   0.046   34
52807.206    0.247710516229   -0.037202369185    0.1309    0.1661  -0.245   24
52814.204   -0.017388695945    0.029898029652    0.1301    0.1483   0.017   47
52821.206   -0.140261668534   -0.025502390599    0.1055    0.1311   0.024   48
52828.204   -0.089886868671   -0.083102395365    0.1504    0.1950   0.009   29
52835.203   -0.175672651926   -0.001202391786    0.1082    0.1289  -0.061   25
52836.583   -3.470020063234   -4.422103182833    2.2841    2.0393   0.153   26
52842.204    0.348110732345    0.081496818893    0.4718    0.2027   0.117   16
52849.206    0.041304716249   -0.059500769112    0.1679    0.2136  -0.087   16
52856.208   -0.341871773096   -0.243802776367    0.1469    0.2938  -0.213   25
52863.206    0.443833113122   -0.522899995303    0.6540    0.2257   0.043   21
52870.204   -0.182663062754   -0.139903193030    0.3847    0.1952   0.119   13
52877.203    0.011726486620    0.397299601218    0.4551    0.3082   0.005   16
52885.205   -0.068340245732   -0.033602356098    0.1095    0.1470  -0.145   26
52891.203   -0.056902143925   -0.258299979805    0.0982    0.1628  -0.185   32
52898.205   -0.036105593393    0.019800046402    0.1504    0.1863  -0.237   10
52905.206   -0.083012919046    0.068097642725    0.1184    0.1363  -0.268   26
52912.205    0.006700646843   -0.178901962045    0.0894    0.1114  -0.076   51
52914.586   65.416887975221  -42.832900771828    3.3296    2.6382  -0.013    6
52919.203   -0.194852616141   -0.018201581042    0.1168    0.1155  -0.043   38
52921.241   -0.724528373799   -0.328802354943    0.4734    0.6545   0.584    4
52926.205    0.090523238219   -0.056001590565    0.0750    0.1011  -0.099   49
52933.203   -0.077062324908   -0.171899972656    0.0897    0.1297  -0.180   32
52934.240    0.319227093014    0.060098409449    1.9180    1.4511   0.867    3
52940.205   -0.329278772568   -0.023000353622    0.1103    0.1257  -0.172   46
52947.203    0.057017206254   -0.164602795394    0.1578    0.1475  -0.242   27
52954.227    0.074116138214   -0.084401989398    0.1344    0.1823  -0.342   25
52955.582  -14.291969876578  -20.191100401235    3.4474    2.2455  -0.095    7
52961.203    0.059731849713   -0.040701598891    0.0962    0.1273   0.009   38
52968.205   -0.042401413923   -0.295801169159    0.1015    0.1316  -0.064   41
52975.203    0.032696339933   -0.195001160819    0.1066    0.1406  -0.130   43
52983.227   -0.029173403315   -0.124901970366    0.0738    0.0941  -0.091   37
52989.229    0.124721082437   -0.047001583425    0.1214    0.1471  -0.370   27
52990.229   -0.001501523987   -0.489902390655    0.2511    0.3310   0.166  139
52996.205   -0.002887946241   -0.180601159627    0.0901    0.1136   0.035   32
53003.203    0.041824644297    0.028897204629    0.0903    0.0973  -0.056   37
53010.205   -0.021143175797    0.024098432050    0.1035    0.1300  -0.015   27
53017.203   -0.006007435717   -0.010799988104    0.1143    0.1062   0.133   46
53025.206   -0.011033275493   -0.067402800141    0.0685    0.0795  -0.078   54
53031.203    0.033101185949   -0.033001185784    0.0554    0.0614  -0.174   95
53038.205   -0.106062425441    0.046198846348    0.3445    0.2002  -0.037   58
53045.207   -0.041593120765   -0.009601177453    0.1607    0.1459  -0.356   29
53052.205   -0.051356395803   -0.009403191825    0.1254    0.1064  -0.181  130
53059.203    0.041361577530    0.130996807002    0.1253    0.1006  -0.160  125
53065.873   -0.613325026550   -1.530500372837    1.0937    1.2862  -0.019   12
53066.205   -0.085265874910   -0.194803175191    0.1205    0.1563  -0.166   12
53066.585   15.340809403919  -16.709000391302    2.3045    1.9009  -0.018   12
53073.203    0.047080628434   -0.372599998855    0.1519    0.1675  -0.562  102
53074.237    0.922500459713  -24.870200388705    2.3689   52.6779  -0.949    3
53080.205    0.017215373461   -0.228502784694    0.2870    0.2075  -0.107   42
53087.207    0.064700847911   -0.427903165701    0.1853    0.1784  -0.166   78
53094.209    0.039801832793   -0.025700376227    0.0712    0.0735  -0.017  134
53101.207   -0.151526467559   -0.079102778727    0.1606    0.1404  -0.151   83
53101.583  -16.555963134461   15.164499620823    1.4103    1.3495  -0.001   27
53102.230    0.881427266996   -0.364003176401    1.8856    0.7907   0.590    8
53108.205    0.075387498138   -0.077702401313    0.1642    0.1695   0.003   37
53109.246    0.083821192501   -0.050101158422    0.1522    0.1361  -0.347  433
53115.229   -0.027786981062   -0.065001597704    0.2073    0.1552  -0.313   44
53122.205   -0.277865535186    0.102297639160    0.1080    0.1718  -0.180  187
53129.207   -0.048640373172   -0.054701996532    0.1264    0.1084   0.048   66
53131.252   -0.439385441846    0.219499247578    0.0924    0.0857  -0.179  183
53136.227   -0.007220574891    0.066499228524    0.0947    0.0963   0.009   60
53137.224   -0.049565127533   -0.170701162006    0.2106    0.2047  -0.321  113
53143.207    0.194736154938   -0.103201159618    0.1123    0.1089  -0.071   56
53145.581  -46.593927195135   19.334998830800    5.5484    5.3335   0.072    6
53150.205    0.101209888446    0.446997626113    0.2159    0.3169   0.192   10
53158.208    0.041534880312    0.256298432078    0.1331    0.1328  -0.137   32
53164.205   -0.138297077780   -0.258501597727    0.1647    0.1811  -0.297   41
53171.203   -0.108315381306   -0.122302782302    0.1477    0.2029  -0.001   32
53172.237   -0.719387451991    0.159300003588    0.3574    0.2520  -0.069   96
53178.205   -0.421188452743   -0.183401965614    0.1488    0.1343   0.114   61
53185.207    0.940409064003    0.821296822551    0.2219    0.3529   0.419  104
53193.206   -0.692063557398   -0.231501576309    0.3860    0.2464  -0.460  118
53199.225   -0.361108598592   -0.295401565609    0.1841    0.2376  -0.155   31
53200.230    0.559022444053   -0.720899998896    0.7318    0.5384   0.248   17
53201.256    0.121601612664    0.069498020139    0.0834    0.1105  -0.250  308
53206.205    0.094970929198   -0.091000794100    0.1619    0.1503  -0.082   45
53207.228    1.939798545843    0.014400001191    0.3802    0.6807   0.248  184
53213.207   -0.167065654781   -0.291700769139    0.1577    0.1974   0.038   41
53220.202    0.000000000000   -0.108601153670    0.1591    0.1639   0.035   46
53227.225   -0.139741760188   -0.144802800151    0.1310    0.1609  -0.029   28
53229.285   -0.893500359179  -35.460601162640    1.8544    1.4426  -0.201   17
53234.205   -0.125241010484    0.094996829603    0.1298    0.1527  -0.062   44
53235.228   -0.202131411782    0.513900039323    0.4274    0.3120  -0.247   95
53241.225   -0.061176532122    0.018298834448    0.1968    0.2615  -0.108   32
53248.205   -0.489527319303   -1.808600399045    0.3083    0.3327   0.048   52
53254.995    1.453100952031   -1.208800790664    1.0354    0.8221   0.074   43
53263.228   -1.413934129317    0.059698805899    0.5060    0.6621  -0.129   23
53264.247    0.097685572657   -1.106902755055    0.2341    0.2530  -0.176   34
53269.204    0.861958917968   -0.160502395374    0.0903    0.1292  -0.076   48
53278.247   -0.201553262984    0.266497198709    0.2163    0.2421  -0.203   45
53283.207   -0.303802987823   -0.009899997622    0.1018    0.1238  -0.122   65
53284.226   -0.321133463018    0.754297207095    0.4263    1.6876  -0.315  219
53285.253   -0.255797624730   -0.250401581070    0.0882    0.0702  -0.054  249
53290.205    0.127263821989   -0.164901564403    0.1284    0.1160  -0.183   62
53297.204    0.008665217895    0.001800032123    0.1252    0.1411  -0.071   68
53304.224   -0.091446613408   -0.032201978684    0.1355    0.1195  -0.161  104
53311.204    0.035700747377    0.146700034520    0.1210    0.2300   0.364   53
53325.226    0.037260492115   -0.107999983356    0.1361    0.1960  -0.048   49
53326.223    0.055169096405   -0.074401157235    0.2929    0.3520  -0.254   51
53332.206   -0.040841669185   -0.205199978609    0.2389    0.2584   0.034   38
53339.204   -0.761442240649    0.256197597537    0.4517    0.5265  -0.700   14
53346.228   -0.315414412114    0.398498411869    0.2442    0.3261  -0.057   32
53347.225    0.006700646843   -0.231901179859    0.4685    0.4342  -0.409   19
53353.204    0.244591046455   -0.045500371471    0.2317    0.2170  -0.393  112
53354.223    3.052414166733   -0.224402384674    1.2997    0.6969   0.437  185
53360.206   -0.377515678895    0.182797214165    0.1393    0.1138  -0.187   65
53367.226   -0.065509141069   -0.153100802436    0.2325    0.2354   0.015   39
53374.206    0.353599638888   -0.009500394071    0.2460    0.1966   0.247   45
53389.206   -0.250886847283    0.054900033319    0.1097    0.1576  -0.301  116
53390.247    0.023281049630    0.137599243999    0.1537    0.1899   0.279   51
53395.204    0.043672754145    0.046098011808    0.1417    0.1561  -0.107   48
53402.206   -0.004505931432    0.176997616563    0.1380    0.1654  -0.216   53
53409.204    0.235116136528   -0.046101592943    0.1024    0.1297  -0.099   50
53410.227    0.429275521840   -1.522000752630    0.1185    0.1547  -0.109  117
53416.206   -0.149157050491   -0.346701585840    0.1531    0.2231   0.035   45
53423.208    0.242279850138    0.656596824911    0.5448    0.3886   0.533  100
53430.206    0.179658655310    0.012697222473    0.0737    0.0826  -0.009  121
53437.204   -0.151988155154    0.193798820192    0.0772    0.0986  -0.010   85
53444.206    0.007740463534   -0.243601158445    0.1356    0.1666   0.049   75
53451.208    0.256490816155    0.325396797507    0.0969    0.1338  -0.008   62
53452.223   -0.441638397711    0.284896816538    0.4480    0.6716   0.022  198
53458.206    0.132693108907   -0.484401562062    0.1267    0.1857  -0.256   55
53460.248   -0.313739585345    4.627800018397    0.1130    0.1858   0.394  172
53465.204   -0.390282001908    0.293997607059    0.3094    0.4532  -0.195   44
53466.227    0.165505910044    0.381600005994    0.2536    0.3409  -0.058   41
53467.246    1.112962226454    1.573099206098    0.1122    0.1568  -0.059   93
53472.206   -0.010803111431    0.164098827327    0.0986    0.1312  -0.291   83
53479.204   -0.121833155898    0.396399610736    0.1330    0.3344   0.075   46
53486.206    0.923251911293    0.690598835718    0.3820    0.3157   0.644   93
53488.251    0.038242088055   -0.670402766900    0.2502    0.2310   0.014  112
53493.204   -0.124547799358    0.154198829705    0.1094    0.1217  -0.084   53
53500.206    0.275612559619    0.315900035730    0.5103    0.3214  -0.276   85
53503.201    1.933617807344   -8.405701197489    0.4760    0.7158  -0.149   45
53507.204   -0.050663184676   -0.592199978655    0.2511    0.3840  -0.224   26
53509.246    0.087230445962   -0.064799979782    0.1862    0.1777   0.406   97
53514.206   -0.221368217576    0.350197234411    0.1342    0.1636  -0.284   84
53522.205   -0.128187197178   -0.323503195432    0.3294    0.3155  -0.258   10
53523.418    5.031784401008    0.425498433287    0.3296    0.3715   0.063   80
53528.206    0.364806217163   -0.143701191746    0.2558    0.1787  -0.668   86
53535.204   -0.294097933536    0.150598816617    0.1525    0.2183   0.116   46
53542.206    0.089598483858   -0.342899954831    0.1396    0.1771  -0.023   76
53543.225    0.269950350294   -0.249501590588    0.2847    0.3276   0.277  103
53549.208   -0.246554238335    0.095497216535    0.1229    0.1442  -0.133   51
53550.223   -0.028595274220    1.759298447723    0.4694    0.4628   0.134   25
53551.250   -0.728284232823    0.746100039350    0.1524    0.2786  -0.785  273
53552.287   -5.736556040966   -7.084101599730    0.3994    0.5201   0.207   45
53555.994    1.131679123902   -2.108401184842    0.6742    0.7644  -0.142   77
53557.207   -0.030501624521    0.165499204741    0.3564    0.1391  -0.131  135
53563.204   -0.123507962965    0.042796818889    0.1209    0.1488  -0.150  118
53564.223    0.608125883992    2.337998415669    0.1690    0.2125   0.200   88
53570.206   -0.149966722821    0.058500046407    0.1301    0.2223  -0.151   52
53577.204   -0.180236804108    0.152697617750    0.1149    0.1440  -0.167   61
53584.202    0.051183093021   -0.092203185886    0.1544    0.1539  -0.129   56
53591.204   -0.264636145407   -0.326001600115    0.1802    0.2611  -0.257   82
53600.248    0.516736131864   -0.254203160921    0.2053    0.3199  -0.034  140
53607.250   -0.488430641331   -0.212500788166    0.0996    0.1083  -0.124  247
53626.195    0.009070063911   -0.125902795389    0.0620    0.0887  -0.096  142
53626.498    0.038531852040   -0.075502765640    0.0751    0.1037  -0.372  169
53627.196   -0.185782552230   -0.182001588200    0.1098    0.1738  -0.565  190
53627.499    0.072729696258   -0.358801167977    0.0892    0.1237  -0.200  166
53628.197    0.054590947607   -0.019501175075    0.0758    0.1021  -0.279  125
53628.500    0.008376852784    0.074998797572    0.0870    0.1289  -0.312  138
53629.198   -0.047253931216   -0.161402385856    0.0689    0.0931  -0.287  140
53629.501   -0.029520028581   -0.238201164393    0.0821    0.1306   0.056  146
53630.195    0.025822390308   -0.131601558451    0.0601    0.0926   0.133  221
53630.498    0.051876304148   -0.138902368008    0.0725    0.1199   0.104  205
53631.196   -0.037492035349    0.021600027367    0.0494    0.0676  -0.170  225
53631.499   -0.122814751838    0.091396816515    0.0736    0.1067  -0.308  253
53632.196   -0.076138969420    0.021898847535    0.0645    0.0911  -0.266  161
53632.500   -0.057652216332   -0.084502772779    0.0867    0.1265  -0.471  123
53633.197    0.079258439194    0.026697620115    0.0634    0.0843  -0.238  164
53633.500   -0.055225937984   -0.284000356032    0.0867    0.1381   0.093  165
53634.205   -0.001039836393   -0.145702790633    0.2644    0.1185  -0.133  128
53634.501    0.020854771282    0.013996816506    0.1086    0.1006  -0.078  133
53635.195   -0.056555538361    0.083296799858    0.0640    0.0813  -0.243  180
53635.498   -0.085844023708    0.027597610597    0.0758    0.1074  -0.221  209
53636.196   -0.049103439938   -0.029300389315    0.0672    0.0887  -0.065  176
53636.499   -0.190461766741   -0.149000402416    0.1096    0.1484  -0.024  139
53637.197    0.074289440995    0.071197217721    0.1052    0.1057  -0.306  116
53637.500   -0.009993439101    0.035100038076    0.1255    0.1535  -0.406  116
53638.197   -0.101094826117   -0.202903191848    0.0936    0.1367  -0.254   55
53638.497   -0.164870919667   -0.043300786956    0.0929    0.1310  -0.084   76
53639.198    0.006180738498   -0.103701597709    0.0615    0.1046   0.069  170
53639.501   -0.046157253244    0.007200026175    0.0765    0.1046  -0.305  160
53640.199   -0.313912888127    0.172997999925    0.0885    0.1671  -0.559  136
53642.248    0.615116294820    0.306597627286    0.1167    0.1922  -0.727  294
53647.208   -0.524073167958   -0.782503201435    1.1542    0.9372   0.864   82
53654.206   -0.089771786639   -0.007199975016    0.1653    0.1732  -0.445   71
53655.225   -0.226797504494   -0.418701591798    0.2044    0.2408  -0.429   82
53662.227   -1.944824385619    0.540496824897    0.3388    0.4530  -0.222   20
53668.206   -1.359632925992   -0.680201981140    1.1978    0.8385   0.767  102
53675.205    0.347764126782   -0.187801185803    0.4118    0.1876  -0.221   35
53682.203    1.075123585541    1.042797617856    1.0982    0.8070   0.914   77
53689.216   -0.526730950137    0.218098819005    0.3463    0.2795  -0.217   51
53690.227   -0.887492943165    0.135399608325    0.3242    0.2071  -0.081  101
53696.203    0.246150771491    0.432496841540    0.2620    0.3054  -0.147   14
53703.205   -0.504374654868    0.182998832088    0.1711    0.1963  -0.198   78
53704.242    0.307615688426    0.810997221379    0.3038    0.4438  -0.219   29
53710.203    0.057652196630   -0.131803176373    0.1284    0.2037   0.496  129
53711.225    0.826721237357    0.330998409481    0.1189    0.1632  -0.087   56
53712.248    0.137488784621   -0.265100402430    0.1458    0.2001  -0.099   98
53717.205   -0.612226969407    0.208299604765    0.3296    0.3233   0.009   13
53718.224   -1.680188240212    0.474397199923    0.9312    0.6435  -0.451   52
53719.250    0.122584587775   -0.261500389342    0.1656    0.1432   0.238  136
53724.203   -0.590563904967    0.119599229720    0.2918    0.2338  -0.075   26
53725.226   -0.561911789169   -0.551501960899    0.3642    0.4000   0.479  173
53732.205    0.193754558998   -0.002800754828    0.2489    0.2253   0.036   64
53739.207    0.124721082437    0.220197620138    0.1485    0.1792  -0.054   33
53745.205    0.024435948352    0.355096841531    0.1194    0.1438   0.061   55
53753.204   -0.503911588101   -0.114703152576    0.3125    0.2727  -0.203   94
53759.201    0.344182969414   -0.453599960792    0.1658    0.1940   0.070   31
53761.246   -0.424191461313   -0.082501173893    0.2476    0.2988  -0.069   12
53766.207    0.067242188589    0.083098814230    0.0910    0.1066  -0.131   76
53768.252   -0.120100108379    0.342198001135    0.2791    0.1306  -0.572  151
53774.227    4.775350426432   -5.129902774570    0.9710    0.9152  -0.587   10
53787.205    0.307962293989   -0.083699984543    0.1559    0.1991  -0.438   69
53794.229   -0.083764370625    0.099698399936    0.1734    0.1414  -0.201   88
53801.205   -0.088616887918    0.086097605845    0.1041    0.1360  -0.229   96
53808.203   -0.119118512439    0.644400040528    0.2151    0.2447  -0.507   45
53815.205   -0.240200197055   -0.164300394090    0.2334    0.1888  -0.118   35
53816.224    0.660002207842    1.447200043003    1.2133    1.5983   0.486    6
53822.207   -0.099476860629    0.132699636879    0.0981    0.1166  -0.108  129
53824.248    0.159786859140   -0.168001190559    0.2060    0.2339   0.053   23
53836.207   -0.336384265427    0.190299641645    0.2754    0.2165   0.091   55
53844.206    0.042286312189    0.229698014209    0.1516    0.1332  -0.086  106
53850.203   -0.634873028661    0.673099208370    0.3695    0.3830  -0.442   13
53851.229   -0.484906305840    0.345600028595    0.0866    0.1419  -0.478  233
53852.249   -0.187920445765    0.543898801197    0.2142    0.2452   0.132   29
53858.202   -0.016405720833    0.029296808179    0.2771    0.1692  -0.226   51
53864.207   -0.484039791931    0.123199242807    0.2615    0.2859  -0.189   79
53871.205   -0.628980674976    0.200296841513    0.3240    0.3502   0.071   39
53878.207   -0.123161357402    0.369900027408    0.1320    0.1904  -0.270   54
53879.226   -1.425718836687    1.318298404840    0.3423    0.4120  -0.293   32
53884.997    0.442273368385    0.663897634468    0.6883    0.6843  -0.295   77
53886.206   -0.047427233997   -0.051800356005    0.0820    0.1405  -0.233  158
53893.204   -0.312526446171    0.568299634551    0.1708    0.4248  -0.345  143
53899.205    0.050258338660    0.002797224852    0.3625    0.4365   0.592  201
53906.203   -0.952597238218   -0.157802372769    0.5924    0.3218   0.683  126
53913.205   -0.068743712576    0.104097620124    0.1925    0.1980   0.086  192
53914.224   -1.080380968552   -0.805402771675    0.4615    0.6171  -0.629   12
53915.247   -0.026920447451    0.384300028600    0.2230    0.2656   0.273   24
53919.995    1.700003194804   -0.685303155024    1.3455    2.0803  -0.061   17
53922.205    0.139336914172   -0.703601989471    0.2568    0.3125  -0.621  112
53927.205    0.117038839654   -0.873701981163    0.1918    0.2331  -0.288  104
53928.228    0.080298255884   -0.181501201268    0.1575    0.2064  -0.348  204
53936.245   -0.225584385022    0.595800042902    1.4588    1.4250  -0.921    5
53941.205   -0.266947341724    0.640497626136    0.2008    0.2673  -0.184   37
53948.203    0.313969729706   -0.476099978641    0.3014    0.3719  -0.318   44
53949.226    0.323213096398   -0.729201582317    0.2863    0.3892  -0.101   29
53964.209   -0.424538086579    0.234496837948    0.1917    0.2793  -0.621  122
53969.238   -0.106004204691   -0.343400392921    0.5266    0.1736   0.200   74
53976.207    0.086478994382    0.165697241528    0.1443    0.1491   0.089  136
53978.249   -0.149215271242    0.233499645219    0.1638    0.2197  -0.784  239
53982.993   -3.425885621494   -1.434902372921    0.5936    0.4808   0.090   23
53984.210   -0.429910531919    0.111499213062    0.1507    0.1620  -0.118  119
53990.207   -0.025880630761   -0.263203168060    0.1492    0.2297   0.578  180
53991.230   -0.010686650227   -0.054802779914    0.2950    0.4130  -0.150   19
54004.207   -0.220211939682   -0.034502397739    0.1316    0.1376  -0.082  176
54018.218   -0.084514423331   -0.425102359713    0.2057    0.1477   0.123  174
54019.230   -0.470753560573    0.299998822584    0.3539    0.3792  -0.102   22
54032.207   -0.040033376027   -0.470699984589    0.2033    0.4225   0.337  148
54039.209   -0.111954779127   -0.108100766738    0.2637    0.1489  -0.050   71
54048.249    0.285374475188   -0.096101967983    0.0959    0.0773  -0.318  366
54053.205    0.436669399512   -0.479001568010    0.2059    0.2013  -0.158  166
54054.224    0.024840794368   -0.330901156076    0.7487    0.5054  -0.306  140
54055.251   -0.137662107106    0.308098839241    0.2149    0.5214  -0.470    6
54060.207   -0.090926705063   -0.259300753669    0.0992    0.2308  -0.479  175
54067.209   -0.258108801345    0.212400004784    0.3280    0.1283  -0.031  140
54068.224   -0.165910756060   -0.130600784587    0.2343    0.2105   0.375  102
54074.207    0.017850363837    0.364298415434    0.1157    0.1562   0.290  100
54075.226   -3.523802737385    3.365899226537    0.2119    0.2175  -0.282  165
54081.205    0.028768557299   -0.008301583421    0.1731    0.1990  -0.330  117
54082.228   -0.110048428825   -0.078602391795    0.2524    0.2594  -0.457   21
54087.561    1.881568200415   -4.588603161437    0.2300    0.3384  -0.264   67
54088.207   -0.374511271451   -0.138700801244    0.2065    0.2047  -0.474  180
54097.207    0.164754458464    0.383400038118    0.2157    0.2402  -0.006   41
54103.208    0.101788037244   -1.835503167058    0.2483    0.3839  -0.345   23
54108.997    0.937924564904   -1.260100759737    0.6466    0.5506  -0.223   33
54110.206   -0.248865434653    0.407898022559    0.0748    0.1058  -0.364  242
54112.274    0.284681244359   -0.780703169312    0.3534    0.5603   0.003   21
54116.207    0.595069816696   -0.337600795319    0.1955    0.2359   0.269   16
54123.209   -0.137372323418   -0.131302789441    0.0759    0.3724  -0.434  139
54130.207    0.037838640913   -0.130003195409    0.1918    0.2092  -0.111   44
54137.209   -0.206579102761   -0.217702796590    0.0794    0.0848   0.112  172
54138.225    0.941102275130   -0.622900796543    0.1532    0.2253   0.044   90
54144.207   -0.580050557521    0.238197634417    0.1870    0.1339  -0.284  114
54150.994    1.356570278095    0.288097226075    1.4258    0.9460   0.415   33
54152.206    0.086017306787   -0.159001183420    0.0863    0.0929  -0.117  117
54158.207    0.396232576343    0.215899234490    0.1661    0.1389   0.040   77
54165.206   -0.193234650653    0.223599647597    0.1361    0.1410  -0.705  147
54172.208   -0.008491934816    0.265298439217    0.1435    0.2350  -0.741   96
54179.206    0.221771664718   -0.021599976208    0.1321    0.1277  -0.096  124
54186.208    0.149503656055   -0.564703202599    0.0915    0.1057   0.062  160
54187.230    0.135524213570   -0.154202359681    0.1301    0.1338  -0.360  298
54188.249    0.085554240021    0.183898822570    0.1747    0.1678  -0.346   12
54193.209    0.022761121583   -0.034603181120    0.1061    0.1229   0.408  234
54201.208    0.025475765042   -0.332402368031    0.0903    0.1092  -0.114  121
54208.207    0.146154022219   -0.053902789432    0.1044    0.1477  -0.258   52
54214.208   -0.249443583450   -0.216201584635    0.1330    0.1178   0.040  166
54216.249    0.743071948764   -0.335102390636    0.2703    0.2541   0.227   40
54223.207    0.225989211336    0.163198836844    0.1992    0.2539   0.004   56
54228.208   -0.127263821989   -0.210103166864    0.1520    0.2048  -0.511  115
54236.225   -0.055919168813   -0.462599967932    0.1554    0.1778   0.119  219
54242.208   -0.262671574356   -0.302201988234    0.0918    0.1050  -0.057   92
54243.227    2.563868463073   -1.223600395406    1.1936    1.0382  -0.366   14
54250.207   -0.077352088892    0.143100021432    0.1143    0.1171  -0.180   63
54256.208   -0.068050481747    0.008499620208    0.1055    0.1560  -0.245   32
54263.206   -0.181391702829   -0.079199980973    0.1599    0.2164  -0.460   34
54270.208    0.075560800920    0.114598839218    0.1179    0.1536  -0.297   57
54278.229    0.124779322890   -0.085701583430    0.1276    0.1273  -0.274  219
54285.223   -0.771320617420   -0.766000766816    1.1179    1.1198   0.176   21
54291.206    0.021028093766   -0.065001597704    0.1365    0.2134  -0.192   21
54292.229    0.261805040745    0.005299210670    0.1584    0.2011  -0.108  203
54298.208   -0.231939805474   -0.087001177462    0.4188    0.5513   0.015   10
54305.206   -0.506800933216   -0.184100389333    0.2384    0.4740   0.001    9
54312.208   -0.052222929414   -0.308501972768    0.2054    0.3048  -0.361   11
54313.227   -0.268333783681    0.419997604695    0.2498    0.3667   0.185   27
54314.250   -0.083244442578    0.032799619021    0.4776    0.4897  -0.191  107
54319.206   -0.370756811301   -0.178001971562    0.1776    0.2865   0.085   18
54321.248    5.816564532865    1.332496839268    0.3614    0.5513  -0.164   19
54326.208   -0.132924652142   -0.261701956106    0.1906    0.2511  -0.219   28
54333.206    0.380576927918   -0.205801200082    0.2573    0.1829   0.452   75
54340.208   -0.012709461732   -0.063601169131    0.1720    0.2023  -0.306   21
54346.994    0.104560901454   -0.365201987051    0.5960    0.9380  -0.171   22
54348.207    0.048871896704   -0.180302390618    0.1906    0.2627  -0.556   32
54361.206   -0.552610182023    0.331099244022    0.4779    0.5137   0.040   17
54368.208   -0.286760917144   -0.131900378619    0.1902    0.2543  -0.231   27
54383.209   -0.000693230829   -0.285602402528    0.1168    0.1663  -0.103   43
54384.228   -1.537558533783   -1.145001584746    1.6579    0.9407   0.549    6
54396.208    0.060021613698    0.110700005962    0.1117    0.2103  -0.277   58
54403.206    0.149850261618   -0.048401960839    0.1933    0.1614  -0.550   53
54410.208    0.028537033767    0.182199624987    0.0962    0.1618  -0.333   33
54417.206   -0.216919147425   -0.076201189358    0.1188    0.1842  -0.255   42
54424.208    0.076427334531   -0.343900779853    0.1252    0.1601  -0.435   79
54426.999   -1.364485462987   -0.170002789446    1.1006    1.1487  -0.285   10
54431.206    0.208080607046   -0.446900372708    0.1295    0.2229  -0.269  116
54432.225   -0.376590924534    0.440697641579    0.4219    0.5937  -0.731   11
54433.288   -0.809620926225    1.024797603577    0.1852    0.2279  -0.181    6
54438.208   -0.079605044757   -0.059302783484    0.0966    0.2558  -0.161   51
54445.206   -0.000461687595   -0.164602795394    0.0766    0.1033  -0.233  103
54452.208    0.015482345644   -0.187700402421    0.0669    0.0843  -0.068  103
54461.208    0.070476740393   -0.358700384595    0.1059    0.1368  -0.072   94
54468.206    0.106467251755   -0.358700384595    0.1437    0.1767  -0.242   48
54473.206   -0.068801933326   -0.284302757336    0.2547    0.1090   0.171   68
54480.208    0.091736357691    0.853099197684    0.3189    0.4174  -0.026   14
54486.995   -2.776108395987   -1.649602796761    1.7318    1.3311  -0.382    5
54488.207   -0.763984980200   -2.249999994319    1.8668    1.6785  -0.461    4
54489.248    0.204384367647    0.097797635590    0.1138    0.1251   0.053  314
54494.208   -0.153721202673    0.468799220243    0.1427    0.5271  -0.411   11
54501.206    0.132519786423   -0.327801581079    0.1709    0.2068   0.065   17
54502.225    2.017150634735    2.848698045455    0.1842    0.5116  -0.050   57
54508.208    0.256837441421   -0.869601581144    1.1110    1.7927  -0.946    4
54516.207    0.458275622374   -0.843101997816    0.2063    0.2316  -0.520   19
54529.207    0.046157253244    0.255099621427    0.2110    0.4251  -0.219    5
54537.205    0.557694242550    0.016398018943    0.3979    0.7526  -0.231    7
54551.209    0.000115062329   -0.353501957306    0.2441    0.4524  -0.730   10
54558.226    0.063717872799   -0.117601160809    0.9763    0.5486   0.783   25
54559.230    0.298892230078   -0.215099976231    0.1420    0.2007  -0.513  166
54564.208   -0.369832056940    1.773799232296    0.3991    0.9705  -0.644    6
54566.250   -0.000578148798    0.099399630926    0.1278    0.1664  -0.266   46
54599.207    0.707487662590   -1.200103184829    0.3474    0.8001  -0.766    4
54601.248    0.605757846096    0.194299207124    0.3047    0.3883   0.854  115
54608.250    0.341410085502   -0.384602378745    0.1480    0.1911  -0.193   34
54612.995    1.263332396417   -1.554703169404    0.5180    0.5822   0.368   40
54620.209    0.059905152495   -0.485402387085    0.1040    0.1450  -0.132   37
54627.207    0.311140004215   -0.397202398972    0.2563    0.4274   0.205   11
54634.209   -0.059790090166    0.025398026082    0.1413    0.2212  -0.132   21
54641.207    0.835616619315   -0.281901554899    0.3374    0.3616  -0.015   43
54642.226   -0.434589746430   -0.287902770424    0.3948    0.3788  -0.231  166
54648.209    0.310908480683   -0.647503196660    0.1702    0.2091  -0.319   54
54655.207   -0.266080808113   -0.258501597727    0.1440    0.1890  -0.048  120
54657.249    0.397560777847   -0.509900371526    0.1331    0.1929  -0.378  283
54662.209    0.032754560683   -0.015001171505    0.1552    0.1374   0.160  106
54669.207   -0.060078474979   -0.155001566782    0.1739    0.2355  -0.205   61
54676.209   -0.084167817767   -0.049802389412    0.1682    0.3230  -0.230   41
54677.224    0.343084892568    5.270299243421    0.6743    0.4863   0.130  232
54690.497   -0.151006559214   -0.876401952610    0.4434    0.6538  -0.353    5
54691.502    0.461568414631    0.460598420204    0.5076    0.6727  -0.407    9
54692.499   -0.154934322145   -0.345700760818    0.3216    0.2625  -0.261   11
54693.500    0.155627533272    1.102096820205    0.2776    1.3299   0.532    8
54694.500    0.147770608535   -1.072202371688    0.2313    0.3118  -0.070   22
54695.501    0.003119469773   -0.383399986958    0.2856    0.4427   0.121   21
54696.502   -0.292479968048   -0.153201585817    0.4449    0.4310  -0.315   14
54697.499    0.033794397076    0.081197998725    0.6350    0.9491   0.115    3
54698.500   -0.311255086246    0.258598799974    0.2691    0.6395  -0.311    6
54699.501   -0.187227214936    0.506098842834    0.7189    1.3021  -0.920    7
54700.501   -0.369947119269   -1.018000762087    0.3218    0.4064   0.247   14
54701.499   -0.072094725584   -0.808700383459    0.3840    1.7272   0.580    4
54702.499   -0.026920447451   -0.750200388211    0.6360    0.5113  -0.392    8
54703.500    1.443107512930    1.100397622622    0.7851    0.5383   0.352    5
54704.501    0.334189530313   -0.834101990677    0.3450    0.4624  -0.596    5
54710.999    1.207413247306   -4.031701155327    0.7260    1.0317  -0.226   55
54719.239   -0.072383110397   -0.635803166915    0.4367    0.5552  -0.329   21
54725.207    0.295715899024   -3.018600000360    0.4465    1.8009  -0.224    6
54732.209    0.213279749604   -0.450302400168    0.1330    0.2187  -0.332   45
54733.224    0.329567137678   -0.156002391805    0.1830    0.2948   0.052   32
54739.207   -0.018601835119   -0.130301964418    0.3187    0.2490   0.604   32
54746.209    0.564221586612   -0.498801563253    0.3170    0.3156  -0.270   25
54747.228    1.074200230054   -1.135303153887    0.8309    0.9333  -0.047   14
54748.247    0.437305769061   -1.066600759714    0.3326    0.7267  -0.112   14
54774.209    0.710317388080   -0.146800766743    0.4154    0.3659   0.405    5
54777.270    0.135870819133    0.736999197670    0.3348    0.4370  -0.234   10
54781.207    0.029288485347    0.007898398735    0.1110    0.1747  -0.309   37
54782.226   -1.222375684605   -5.249602787671    0.4320    0.9040   0.656    7
54784.268    0.027728740609   -0.202301970376    0.2649    0.3461  -0.171   35
54789.228    0.042228091439    0.228898807109    0.8369    1.1428   0.172    5
54791.273    0.259032156832   -0.188801959666    0.1772    0.2497  -0.196   38
54796.270   -0.112013019579    0.023799611881    0.2228    0.3553  -0.135   19
54797.998    5.790222234212    4.767998399302    2.0201    4.7069   0.843   87
54802.209   -0.290690078949    0.829897226140    0.3918    0.4856  -0.515    6
54803.228   -0.184281047945    0.003999616638    0.3704    0.3924  -0.550   16
54805.270   -0.025187399931    0.174898815430    0.2938    0.4258  -0.329   28
54810.208    0.128707085821   -0.379000766770    0.1625    0.2327  -0.372    9
54812.272    0.088616887918   -0.088901992967    0.2399    0.2736  -0.371   40
54816.209    0.437940759437    0.018000014279    0.3370    0.2704  -0.101    4
54817.228   -1.078186233438   -0.056901581047    0.6638    0.5046  -0.360   14
54819.270   -0.049565127533    0.158698833275    0.2875    0.3743  -0.220   34
54824.266    0.393863159276   -0.769802397826    0.3666    0.3813  -0.017   35
54831.294   -1.254263731380    0.844696830882    0.7376    0.9283  -0.243   10
54840.268   -0.152796448312   -0.111301176275    0.1759    0.2257  -0.228   37
54844.205   -0.049506887080   -0.201401979893    0.2523    0.2942   0.147  176
54847.266   -0.089193657544    0.206596826047    0.3992    0.3295  -0.278   90
54850.999    7.061758200334   -4.481503168563    0.4618    0.3287  -0.114   36
54853.249    0.126280827175   -0.213202793020    0.1625    0.2040  -0.114  201
54854.272   -0.037087189333   -0.144802800151    0.3541    0.3506  -0.565   44
54861.270    0.155222706958    0.184197642739    0.1812    0.2109  -0.223   42
54866.226    1.267088255441    0.809697627346    1.3170    0.5312  -0.432    6
54868.272    0.177695463430   -0.110699954803    0.1494    0.1952  -0.269   47
54872.205   -0.025244241510    0.041299239228    0.1676    0.2103  -0.227  167
54875.270    0.277922376765   -0.176101156057    0.2441    0.1763  -0.017   70
54881.249    0.462318467336   -0.917801975220    0.4680    0.3932  -0.082   54
54882.272    0.107160482584    0.035596843873    0.1958    0.2344  -0.369   49
54886.187   -0.413619893117   -0.441601162038    0.3362    0.6018   0.231   65
54889.270   -1.041965577716   -0.025300772677    0.6487    0.4501   0.106   34
54896.268   -0.007337036094    0.150397198695    0.2401    0.3996   0.154   32
54901.206   -0.202073191032   -0.312602372787    0.1450    0.2097   0.483  118
54903.270   -0.000693230829   -0.247100388151    0.1582    0.2196  -0.218   57
54907.207    0.115535936494    0.038898036792    0.0845    0.0873   0.209   53
54910.268    0.093816030476    0.370598399968    0.2964    0.2594  -0.232   45
54915.999    1.675047318404   -0.374900366751    0.5508    0.5978   0.305   39
54917.270   -0.114439278226   -0.137401156053    0.2020    0.2286  -0.367   74
54924.268    0.375146261827   -0.328402802552    0.2299    0.2762  -0.105   38
54928.206    0.397272393034   -0.257302787077    0.2348    0.1845  -0.258  145
54929.228   -0.124432717326   -0.427701598937    0.4834    0.4132   0.115   27
54930.269   -0.761847086665    0.123199242807    0.3802    0.3512  -0.253   31
54936.208    0.118078676046    0.175899640453    0.1183    0.1450   0.153  159
54937.249    0.405879409881    0.225496830808    0.2398    0.2760  -0.025   49
54938.272   -0.084687726112    0.168598830896    0.1987    0.2618  -0.172   52
54943.228    0.248287285855    0.484297197545    0.1965    0.7660  -0.755  372
54945.270   -0.727244396431    0.053798424915    0.3661    0.3206  -0.318   27
54951.267    0.201553262984   -0.305701166781    0.2647    0.2227  -0.153   71
54956.209    0.522340100736    0.401896807034    0.4020    0.5408  -0.498  176
54958.269    0.242684696154   -0.174801562025    0.2006    0.2290  -0.262   83
54966.268    0.217439055770   -0.195001160819    0.2356    0.2047   0.057   64
54973.270    0.033506012263    0.097498815421    0.2531    0.3146  -0.325   29
54976.999    2.817991261034    1.458597620285    2.3643    2.0088   0.934  228
54978.208    0.115825700479    0.018197999907    0.3102    0.2371   0.471  260
54980.268    0.037318712865    0.238996841517    0.3289    0.2405  -0.356   50
54987.270   -0.552956807289    1.128196799982    0.4071    0.3688  -0.362   35
54991.208   -0.077235627689   -0.066200357196    0.1041    0.0996  -0.022  232
54993.271    0.494496297798    0.302698845189    0.2251    0.2486  -0.235   49
55001.270    0.364401371147    0.020296801040    0.2504    0.3670   0.039   44
55005.208    0.093064578897   -0.244501200086    0.2370    0.2502  -0.390   34
55008.268   -0.095086011229    0.392997634435    0.3439    0.6110   0.017    9
55012.206   -0.132924652142    0.168598830896    0.1781    0.2033  -0.085  156
55014.269    0.059155099789   -0.233200773891    0.2161    0.2431  -0.056   48
55021.249    0.310561855417    0.141397242714    0.1733    0.1963  -0.024   32
55022.268    1.111922409764    0.120898823752    0.6934    0.4225  -0.118   25
55029.270   -1.845405765443    0.345297627291    1.8221    1.4233  -0.396   59
55032.999    3.240391454077    2.809299621731    0.6813    0.5475  -0.294   38
55036.268   -0.116172325745    0.036698401118    0.2287    0.2838  -0.083   65
55042.251    0.326620970687    0.054799198779    0.1831    0.2081   0.389  347
55043.270    0.873108634962   -0.328499953639    0.4789    0.3985  -0.032   22
55050.269   -0.061696440467   -0.435700781054    0.1897    0.1919  -0.067   31
55054.206    0.102538089950   -1.297101562159    0.2938    0.5114  -0.313   35
55057.270    0.250945068033   -0.666403201421    0.2097    0.3201  -0.349  115
55064.269    0.310215249854    0.180000040473    0.2556    0.3395  -0.211   21
55071.292   -0.555902974280   -0.455702394220    0.6427    0.8592   0.119    5
55078.269   -0.083821212204   -0.124102763266    0.2452    0.2402   0.058   70
55082.001   -0.821868720065    0.245797212983    0.6794    0.8423  -0.101   55
55085.270    0.284624402780    0.729997208282    0.3379    0.3635  -0.145   21
55092.269    1.057216380125    0.680299234546    0.6904    0.5550   0.607   39
55098.248    0.018081907072   -0.405403199011    0.2480    0.3243  -0.133   33
55099.270    0.042171249860    0.561697197554    0.2901    0.2928  -0.234   58
55106.269    0.198665316743    0.216298838041    0.3437    0.3939   0.009   22
55111.229   -0.125587616048   -0.348001179873    0.3509    0.4809   0.059   41
55112.251    0.028017105720    0.229798797591    0.1537    0.2450  -0.385  331
55113.270   -0.529560675627    0.162496831990    0.4142    0.3294  -0.614  108
55120.269   -0.090984925814   -0.439901964455    0.1929    0.2652   0.029   46
55127.274   -0.547469279917   -0.396601177499    0.3850    0.2712  -0.326   46
55131.208    0.247017305102   -0.087400781013    0.1224    0.1039   0.380  441
55134.269    0.005834113232    0.269697608246    0.2373    0.2548  -0.250   35
55141.271    0.441465075226   -0.016502383460    0.1715    0.2298  -0.089  107
55145.208    0.107217324163   -0.140803183513    0.2981    0.4036  -0.450  204
55148.269   -0.047485474450   -0.067201182219    0.2366    0.3215  -0.125   44
55155.271    0.399120522584    0.077299216628    0.2662    0.3426  -0.203   38
55160.271   -0.416104392216    0.415097997575    0.4785    0.5673  -0.186   65
55161.998    2.039680232786    2.903698810997    2.9448    1.4319   0.168  131
55168.252    0.324657778807    0.261496808207    0.2353    0.1633   0.300  360
55169.271   -0.110973183187   -0.080200754837    0.1918    0.1831  -0.078   90
55173.208    0.239738509460   -0.111002356107    0.0761    0.0896   0.112  310
55176.269    0.103174479200   -0.178102754944    0.2380    0.2260  -0.249   60
55183.271   -0.157938729589    0.366796820117    0.2181    0.2576  -0.168   73
55188.271    0.247825598260   -0.026301597700    0.1984    0.1971  -0.285   99
55194.206    0.180178563655    0.083296799858    0.1495    0.1580  -0.322  168
55195.273   -0.088270282354    0.108698407075    0.2422    0.2741  -0.153   36
55204.273   -0.245687724427    0.650998845231    0.1820    0.2164  -0.151   37
55211.271    0.664161514008   -0.131302789441    0.2810    0.1622  -0.137   82
55216.209   -0.135639295601    0.294397210610    0.1477    0.1391  -0.212   81
55218.269    0.205424204039   -0.058003189451    0.1659    0.1599  -0.253   74
55225.271    0.227953802090    0.150897636786    0.2398    0.1859   0.013   66
55229.208    0.200686749076   -0.195901202460    0.2139    0.2002  -0.004   54
55232.269    2.341750173089   -1.382500795444    0.4256    0.4895  -0.187   35
55236.206    0.985468260105   -0.657900000078    0.8293    0.9634  -0.156  274
55239.271   -0.025129179181   -0.098301552498    0.3731    0.4138  -0.608   34
55244.209    0.183298053131    0.287499636897    0.1961    0.1195  -0.081   43
55246.269    0.038646934071   -0.058802396552    0.1012    0.1186   0.068   75
55253.271   -0.238698692770   -0.143999960756    0.6381    0.4022  -0.390   54
55258.227   -0.406745943491   -0.177602368012    0.6731    0.6368  -0.605   11
55264.206    0.186417522904    0.166298411841    0.2215    0.1335  -0.021  143
55267.271   -0.268448846009   -0.269002765663    0.3130    0.1989  -0.427  127
55271.208    0.241528398559   -0.393400767962    0.1425    0.1962  -0.258   21
55278.206   -0.150486631166   -0.041201985823    0.1011    0.0928   0.035  151
55281.271    0.302301483538   -0.016801152469    0.1331    0.1430  -0.321  159
55287.272   -0.029576870160    0.093697235570    0.3956    0.3777  -0.779   32
55294.230    0.059616787384   -0.147002384665    0.1192    0.1521   0.114   68
55295.271   -0.177522160649    0.020199598794    0.1901    0.1967  -0.201  116
55302.269   -0.078333684832   -0.268603162112    0.1937    0.1452   0.057   72
55309.271   -0.112416466721   -0.138103160907    0.1326    0.1316   0.008  119
55316.269    0.263134621420    0.391899607166    0.2384    0.2122  -0.215  114
55320.207    0.014730894064    0.075099632113    0.1002    0.1484   0.356  130
55323.271   -0.048930137156    0.202996812959    0.1659    0.1808  -0.025   64
55327.208    0.178618818917    0.517597203498    0.2346    0.3742  -0.106   19
55330.269    0.185724311777    0.042497998720    0.3828    0.3665  -0.654   81
55336.248    0.179370270497    0.686498435698    0.6225    1.7018   0.352    7
55337.271    0.553881541948   -0.372700782236    0.2189    0.3090  -0.472  185
55344.269    0.663583365210   -0.252403179957    0.3047    0.3260  -0.022    8
55351.271   -0.000924754361    0.050198411827    0.3497    0.3490  -0.086   25
55355.208   -0.137199020637    0.368798419004    0.2452    0.2815  -0.481   14
55358.269   -3.829338772728    0.236599220216    0.5538    0.2523   0.099   26
55362.207   -0.213222908026    0.114397221296    0.2088    0.2348  -0.250   75
55365.271   -0.027902043391    0.002098801133    0.4987    0.6576  -0.257    8
55371.250   -0.211893307648    1.044097211889    0.2227    0.3351   0.034  322
55372.269    1.012214025602    0.375598841629    0.6250    0.7547   0.399   38
55379.271    0.007220555189   -0.322401587027    0.2625    0.3239   0.211   42
55384.209    0.205019358023    0.213796801063    0.4174    0.3918  -0.315   36
55398.228   -0.279771885488    0.443199627398    0.7993    1.2052  -0.398    5
55400.269   -0.018255209854    0.046098011808    0.3201    0.2616   0.010   78
55404.207   -0.455964445759    0.462798004719    0.2171    0.3579  -0.141   19
55407.271   -0.053262746104   -1.067302764568    0.3329    0.4763   0.220   29
55425.209   -0.532969929088    0.321598798791    0.2536    0.4253   0.605   48
55432.207   -0.241586639011   -0.212803189470    0.3174    0.2896  -0.408   53
55435.271    0.240141956602    0.000000000000    0.4589    0.3200   0.106   77
55449.271   -0.091736377393   -0.302500757243    0.2134    0.2904  -0.043   41
55454.228    0.093006338444    0.060699630922    0.0881    0.1252  -0.280  242
55467.209    0.144477816278    0.286599646415    0.1477    0.2167  -0.145   55
55477.268    0.094451001150   -0.083401164375    0.1654    0.1601  -0.259   81
55482.206    0.233961218104   -0.273301202469    0.1238    0.1424  -0.117   79
55484.270    0.139163591688    0.137098805908    0.1830    0.2091  -0.270  110
55498.273   -1.116023495179    0.222998426125    0.6269    0.5931  -0.059    3
55516.207   -0.052222929414    0.045198021326    0.1227    0.1159   0.062   70
55518.249    0.160711613501   -0.033901176266    0.2162    0.1675  -0.705  295
55523.209    0.345049483322   -0.749800784661    0.4116    0.6274   0.129   32
55525.999    0.815859885474    0.506498446384    1.3302    1.0223   0.669    7
55530.207   -0.216572541862    0.017899230897    0.2494    0.2445  -0.208   13
55533.271   -2.121826637923   -1.085803165779    0.4276    0.5877   0.211   56
55544.207    0.147135618159    0.141796846265    0.1200    0.1690   0.111   60
55546.249   -0.633774971518    0.158299229724    0.7349    0.5364  -0.072   35
55547.271   -0.447760895756    0.738997215421    0.3740    0.3532   0.063  100
55560.271   -0.316280926023    0.990698441683    0.3810    0.4978   0.226   87
55568.270   -2.319682262634    0.223898416607    0.2873    0.4547   0.087  173
55589.272    0.528232454421   -0.262202394197    0.3290    0.3656  -0.153   55
55610.270    0.215649166672   -0.232200000028    0.5385    0.9063  -0.826  170
55614.207   -0.042054788657    0.130597203452    0.1203    0.1157   0.228  229
55615.230   -0.043961138958    0.086198440385    0.0882    0.1085   0.008   40
55621.209    0.360473588513   -0.215099976231    0.1698    0.2388  -0.054   50
55631.272   -0.691658711382   -0.049701554872    0.4050    0.5172   0.148    7
55642.207    0.588195867071   -0.496601978739    0.7630    0.6918  -0.523   31
55652.270    0.616617818807    0.465699645247    0.4380    0.2967   0.302   91
55659.272   -1.425545533906    2.170098008492    0.5795    0.6124  -0.484   67
55666.270   -0.766411238847   -0.529199979837    0.9677    0.8628   0.040   44
55691.206   -0.272319787065    0.622997998789    0.2610    0.3012  -0.101   22
55701.272   -0.369080605360    0.137296842695    0.3369    0.1878  -0.400  190
55708.270    0.153316356657   -0.285001181055    0.6292    0.8491  -0.518    6
55715.272   -0.549087245405    0.372599998855    0.4611    0.5388  -0.615    3
55722.270    1.351314313661    0.007099242794    1.3182    0.9579  -0.732    4
55727.208   -0.095664160027    0.263599241634    0.1549    0.1625  -0.215   67
55736.270    0.071113109941    0.349696847479    0.5867    0.6059  -0.307   23
55750.270   -0.381501682279   -0.017002770392    0.4034    0.4001  -0.088   35
55754.208   -1.133932099469    0.225997217740    0.5260    0.3350  -0.538   45
55757.268   -0.205539286071    0.265597208227    0.3375    0.3256   0.010   64
55761.206   -0.333496319186    0.187200015489    0.2149    0.3204   0.527   78
55764.270   -1.239589678894   -0.007001989388    0.3824    0.4348   0.025  114
55806.270    0.443428267106    0.416599209530    0.3071    0.2405  -0.153   85
55811.208    0.798472588403   -0.315403178774    0.3882    0.3240   0.150  191
55813.272    0.334016227531   -0.199400381007    0.3168    0.3399   0.197   82
55841.272   -0.598189306172    0.011098808272    0.3859    0.2487   0.088   33
55846.229    6.304706789384    4.950900029144    3.3255    4.2105   0.097    5
55847.251    0.002426258646    0.223099209506    0.0637    0.0862  -0.075  361
55848.270    0.050258338660   -0.305999986949    0.2292    0.2537  -0.191   66
55869.269   -0.170763273352    0.829998009522    0.5316    0.5765  -0.377   18
55876.270   -0.398600614239    0.711799208375    0.4916    0.5189  -0.152   25
55880.208   -0.108200318977    0.209098811865    0.0878    0.1041  -0.015   69
55882.250    3.021334413116   -4.344202795892    7.5945    4.9010  -0.852    3
55887.206    0.986045029731    0.575798429736    0.5570    0.3625   0.686  168
55894.208    0.146904074924    0.180997233201    0.0935    0.1000  -0.072   89
55901.206    0.188267031626    0.410997597555    0.1289    0.1126  -0.019  223
55908.208   -0.129863383417    0.410598045164    0.1244    0.1402   0.290  149
55930.207    0.015885792786    0.441698415443    0.0843    0.0967   0.107  141
55936.208   -0.036740583770    0.056998834452    0.0859    0.0885  -0.018  178
55939.269   -1.040059227414   -0.030103177551    0.7245    0.5743  -0.096    9
55942.998    2.066889065050   -2.220602402758    1.4719    1.3219  -0.076    4
55953.269    0.131249825373    0.396000007186    0.3168    0.2468   0.490  175
55957.210    0.015424105191    0.108097236762    0.1222    0.1356  -0.198  197
55960.271    0.183124750349    0.247096807016    0.3061    0.2748  -0.145   49
55966.250    0.019063503012   -0.041500754833    0.0902    0.0991   0.189  251
55967.272   -1.050399272079   -0.395701187017    0.8050    1.0017   0.102    7
55979.209   -0.067010665057    0.510598846404    0.1932    0.2164  -0.108   33
55985.206    0.308943889929    0.589899610759    0.1628    0.3428   0.265   73
55995.273   -0.023684496772   -0.386701179877    0.2461    0.2903  -0.112   44
56000.207   -0.400680267322    0.140598035614    0.2211    0.2476  -0.182   22
56028.211   -0.099418620177    0.401198434474    0.1049    0.1249  -0.131  201
56037.269   -0.072094725584    0.175698022531    0.1489    0.1934   0.069   47
56044.267   -0.276652396012    0.777797998808    0.2113    0.2873   0.297   71
56058.267    0.054706029639   -0.088102785867    0.1416    0.1236  -0.053  239
56077.209    0.546197919993    0.675799230976    0.1583    0.2982   0.397   57
56106.250   -0.018948440683   -0.102700772686    0.1101    0.1539  -0.207  390
56111.207   -0.053089443322   -0.018302364424    0.1643    0.1220   0.027  189
56112.229   -2.034481109930   -2.170799962187    2.1598    1.2127   0.400    6
56118.208   -0.089656724310   -0.309002359700    0.1854    0.2403  -0.507  222
56125.207   -0.125125928453    0.218599205937    0.0923    0.0963  -0.090  159
56133.227    4.160003967549   -9.007199952293    5.5717   11.1086  -0.963    3
56135.273   -0.125125928453    0.557298028525    0.1510    0.1730  -0.233  189
56139.207    1.114926817208   -0.520001987070    0.1902    0.1419  -0.652  149
56146.208    0.355794374002    0.393699639289    0.2336    0.3123  -0.643  172
56163.269   -0.011784727073    0.192398442778    0.1485    0.2032  -0.243  151
56167.207   -0.937924584607   -1.019001587110    0.3009    0.3672   0.512  197
56170.271    0.283237960824    0.231098442782    0.1639    0.2140   0.253  106
56175.209   -0.083937673407   -0.141800376241    0.0833    0.1001   0.159  281
56188.209    0.271453253454    0.710899217893    0.1355    0.2087   0.416  106
56198.271   -0.229975234423    0.560998824994    0.1961    0.1828  -0.203   87
56205.269   -0.081858020324    0.324597641566    0.1387    0.2399   0.059  140
56212.271    0.230436902315    0.141598809478    0.1597    0.1509   0.209  212
56226.271   -0.006990410828    0.018000014279    0.8146    1.5610  -0.367    7
56230.209   -0.091619916190    0.092700042842    0.1185    0.1564  -0.144   57
56233.269   -0.059675027837   -0.052502360859    0.1880    0.2434  -0.105   20
56258.205    0.005257363309    0.050198411827    0.1086    0.1308  -0.357  383
56261.269    0.261054968337    0.355197624913    0.2312    0.2444   0.176   96
56280.208   -0.245514421645   -0.022802367994    0.2097    0.1397  -0.127  387
56282.271    0.026920447451    0.018298834448    0.1973    0.2432  -0.106   43
56289.273   -0.094855866869    0.034297198681    0.1500    0.2371   0.350  205
56296.271    0.023742737225   -0.255401971572    0.4321    0.2640  -0.043   41
56302.251   -0.400160358977   -0.045100767920    0.1794    0.4156   0.302  421
56303.270    0.381038615512    0.109800015480    0.2408    0.3021  -0.005   47
56315.210    0.197452177569   -0.103100376236    0.1061    0.1287   0.149  236
56321.207   -0.055689024453    0.114498004677    0.1599    0.1407   0.304  249
56322.230   -0.120966622287    0.907099240521    0.1363    0.2062   0.090   47
56324.271    0.278500505860   -0.303400798884    0.3337    0.3948  -0.171   24
56331.270   -0.789170981258    0.596599198843    0.4193    0.4578  -0.428   17
56345.270   -0.277055843154    0.151898410650    0.3567    0.5037  -0.248   19
56352.272    0.784723290279   -0.497001582289    0.3601    0.5818  -0.649   22
56359.270    0.150833236730    0.190800028577    0.1900    0.3227  -0.189   26
56364.208   -0.378265751303    0.145998029666    0.1366    0.1580  -0.140   72
56378.270   -0.041534880312   -0.010303182307    0.1888    0.1398  -0.154  169
56392.230   -0.221309996825    0.325699198811    0.1120    0.1498  -0.079  153
56415.270   -0.619505765048    0.284698830910    0.4455    0.3238   0.062    9
56433.185   -0.722738484701    1.502298010791    0.6696    0.9209  -0.322    9
56434.208   -0.352328278964    0.144997204643    0.3168    0.3534  -0.065   17
56441.206   -0.569190584810    0.863499633397    0.6023    0.3034  -0.300   22
56443.270    0.616039670009    0.214200036908    0.9925    0.6567  -0.107    3
56447.207   -0.054995793623    0.223099209506    0.1478    0.1843  -0.149   59
56450.268   -3.723738015179    1.088499607249    4.0799    0.9815  -0.723    4
56461.207    0.031483200759    0.386398829733    0.1993    0.2632  -0.247   33
56463.249    0.870740616769    1.081299632233    0.7597    1.3073   0.165  337
56464.272   -0.128245417929    0.448297220146    0.1373    0.1919   0.090  253
56470.251    0.211258317272    0.339897633239    0.1892    0.1733  -0.151   45
56492.272   -0.283353042855    0.647798435693    0.1958    0.2824  -0.237   78
56499.270   -0.030328302037    0.443797216576    0.1656    0.4442  -0.241  102
56513.270   -0.366424182651    0.308700009555    0.2545    0.3545  -0.111   21
56517.207    1.032144042523    0.216496823668    0.6018    0.6549   0.049    3
56531.208    0.026747144669    0.556498821425    0.2293    0.2938   0.332   12
56539.206    0.085497398442   -0.064400376232    0.1765    0.2427  -0.138   27
56541.270    0.224256163817    0.097398032040    0.3578    0.3112  -0.024   51
56548.272   -0.023742737225   -0.075700802427    0.2990    0.2738   0.065   54
56553.207    0.071633037989    0.825098402402    0.2743    0.3009  -0.197   15
56555.270   -0.162098055457   -0.192103152585    0.1832    0.2474  -0.184   47
56562.272    0.434763049211    0.153000019054    0.1471    0.1802   0.116   52
56569.270    0.223447870658    0.158997602284    0.4421    0.4117  -0.203   18
56596.269   -0.291325069326    0.256996804637    0.2255    0.3350  -0.005   21
56602.208    0.139395134923   -0.091202360863    0.2143    0.1884   0.090   19
56603.249   -0.116692234090    0.420998429718    0.1374    0.1402  -0.061   37
56609.207    0.095144231979   -0.495802771638    0.2370    0.2379  -0.013   11
56611.270   -0.410385321610    0.074797230809    0.4883    0.2728   0.174   95
56615.208   -0.069899990469    0.080697611793    0.2646    0.1899  -0.324   29
56623.272    2.238114025997    7.685697607940    0.3992    0.3594   0.315   11
56629.208   -0.144477816278    0.107197246280    0.1027    0.0848  -0.138  115
56639.270    0.302243243085    0.153698442773    0.2170    0.1334   0.262   45
56646.272    0.034199243092    0.094899627356    0.1465    0.1689  -0.297   67
56653.270    0.313681344892   -0.193201179854    0.1639    0.1627  -0.105   94
56660.269    0.087865436338    0.291798022545    0.1835    0.4738  -0.148   40
56679.207    0.085554240021    0.294796814160    0.1547    0.1425  -0.319   76
56681.270   -0.403338069203   -0.111301176275    0.2678    0.2336   0.096  138
56686.209   -0.175789113129   -0.164501960853    0.1312    0.1379  -0.166   47
56688.269   -0.620142154299   -1.592600381173    0.3784    0.7114   0.244   17
56699.208   -0.134137771614    0.111297646299    0.0776    0.0834   0.077  265
56706.206    0.460123751924   -0.084002385847    0.2164    0.2772  -0.161   16
56723.271   -0.270181893529    0.802097997621    0.2730    0.6470  -0.717   10
56734.206   -0.275439276540   -0.299501965628    0.2082    0.2433  -0.038   19
56737.271    1.064610238095   -0.117601160809    0.9385    2.2538  -0.792    8
56743.250   -0.243954676907    0.160999201171    0.0555    0.0633  -0.092  594
56744.269   -0.182201375159   -0.134503198979    0.1096    0.1502  -0.110   39
56758.272   -0.277229165638   -0.155401170332    0.1976    0.2765   0.718  163
56762.206    0.019756714139   -0.067903187073    0.0782    0.1058  -0.148   69
56763.273   -0.155569312522   -0.543599981029    1.4110    2.4983  -0.972    4
56770.209   -0.047370392419    0.109998001108    0.1362    0.1011   0.084  128
56771.250   34.637238388037   -6.513202777114    0.3532    0.3510   0.084    7
56800.269   -0.801475616676   -0.690202762144    0.4330    0.5793   0.323    9
56807.271    0.600962170382   -0.301802384683    0.8216    0.7473  -0.815    9
56811.208   -0.363939703255    0.007498846344    0.1230    0.1564  -0.150   31
56814.269   -0.157995590870    0.782298002378    0.2927    0.4129  -0.547   13
56820.248    0.879405834663    1.134597619057    0.2942    0.3659   0.301   28
56821.271   -0.237427332846   -0.892900754934    0.4744    0.7238  -0.418    9
56826.209   -0.403568213563    0.113299245186    0.1376    0.1336   0.205   94
56828.269   -0.106870718600    0.551199610754    0.4784    0.5079   0.014    7
56834.248    0.230263599533    1.405998006021    0.0820    0.1196   0.041  359
56835.271    0.349035486706   -0.114400802431    0.1825    0.1946  -0.135   99
56877.271   -0.203228089753    0.222699605956    0.3262    0.4139   0.184   19
56884.269   -0.137372323418    0.173797207026    0.1513    0.2066  -0.081   58
56898.269   -0.453596407863    0.704797218987    0.5060    0.9964  -0.639    6
56904.248   -0.379363808446    0.407797239177    0.1446    0.1322  -0.340  311
56923.208    0.183702879444    0.057697207012    0.3289    0.2429   0.336   98
56932.270    0.203517834036    0.007696831972    0.1959    0.1950  -0.258  110
56940.273   -0.373298151979    0.443498447567    0.2956    0.1914   0.210   78
56945.229   -1.621496207190   -0.482601581098    0.2049    0.1624  -0.202  347
56958.207   -0.197162433286    0.062499611886    0.3904    0.7249  -0.708   11
56965.209   -0.053204525354    0.257198422560    0.1687    0.1558   0.129   47
56968.269   -0.439095658159    1.512597611963    1.7316    3.5336  -0.955    3
56975.271   -0.204672752460    0.068598029657    0.1666    0.1917   0.072   72
56982.269   -0.309637120758    0.347598046346    0.3379    0.1700  -0.052  151
56993.205   -0.307095780080   -1.078199954918    0.1360    0.2034  -0.219   14
56996.269    0.276594155559   -0.122302782302    0.1576    0.1992  -0.533   51
57010.269    0.105427435065    0.316198804740    0.4433    1.4891  -0.394    9
57021.209    0.471215248168   -0.377902790660    0.2316    0.3809   0.054   67
57022.268    0.677389504913    2.636899210984    0.3379    0.3978  -0.228   42
57028.207   -2.694540159350    1.033999228639    0.2119    0.2604  -0.148   31
57036.209   -0.024031122038    0.236898040384    0.1226    0.1583  -0.175   31
57056.207    2.339785602038   -0.501501585859    0.3210    0.3374  -0.702   51
57085.208   -0.310561875119    0.086698827317    0.0869    0.1209  -0.009  140
57094.270    5.196538859472   -1.847501965813    6.4572    2.0851  -0.337    5
57120.206    0.949420907164    1.321797634546    0.2943    0.2756  -0.182   29
57122.270   -0.067762116636    0.485100036940    0.1473    0.1559  -0.150   35
57129.272    0.114959186571    0.144298832083    0.1723    0.2228  -0.301   35
57136.273   -0.876863114814    1.465898429842    0.1573    0.1945  -0.241  104
57148.228    0.697897670631   -0.484300778680    1.8231    2.0699   0.458   15
57150.270    0.202246474111   -0.106102800146    0.1351    0.1970  -0.364   60
57161.209   -0.245514421645    0.258998403524    0.1390    0.2218   0.315  100
57169.208    0.036972107302   -1.099900765666    0.0994    0.1107  -0.243  200
57175.209   -1.181359333467   -0.125002753748    0.1507    0.1986  -0.364   77
57184.581  135.507513041285  199.991797228449   10.7663   10.2110   0.002   35
57189.209    2.035694229402   -3.119399957541    0.3737    0.4885  -0.166   62
57204.363    2.195654391323   -0.214401552512    0.7055    0.6475   0.275   39
57205.269   -0.242106547356    0.441000042883    0.1308    0.1714  -0.099   75
57213.272   -0.192541439526    2.388099625250    0.1858    0.3111  -0.061   35
57220.270    5.890392305968   -2.776100399160    0.3090    0.2917   0.006   46
57224.207    1.503937439488    3.106998025260    0.2593    0.3203  -0.163   14
57227.272    0.198260470727    0.499798807141    0.2556    0.2539  -0.318   70
57231.205   -0.723315234625    2.818497614498    0.1874    0.2979  -0.216   27
57234.270    0.267582312398   -0.325101558474    0.2908    0.3532  -0.243   30
57239.208   -0.438114062219   -0.390002372797    0.2342    0.3155  -0.175   22
57246.206    1.600179728611   -0.555800397706    0.2654    0.4243  -0.523   35
57252.207    0.018138748650   -1.520099988284    0.1771    0.2297  -0.422   36
57260.228    2.435276439581   -0.704901583504    0.7000    0.5684  -0.438   26
57276.270   -0.101556513712    0.317498398772    0.2704    0.3560  -0.461   11
57287.206   -0.090003329874    0.092498424920    0.3570    0.6213   0.206    6
57290.270    0.265734202550   -0.057700788147    0.3079    0.1810   0.142   35
57304.241   -0.917763004750   -0.353901560857    0.4191    0.4773  -0.193    4
57343.209    1.546165530927    2.234098832332    0.2080    0.2702   0.343   29
57346.270    0.625283036702   -0.381502752589    0.3150    0.4412  -0.003   14
57351.270    0.329336993318   -0.606103174050    0.0653    0.0838   0.215   95
57357.209   -0.589987135341    1.300597210729    0.1409    0.2602  -0.443   30
57360.270    0.040206659106   -1.192802375272    0.1923    0.2172   0.011   61
57371.209    0.150140025603   -0.483501571580    0.1025    0.0793  -0.189  113
57372.225   -0.031656523243    0.577598410700    0.4889    0.4625   0.044   45
57373.248   -2.374966441070    0.241398043954    7.6596    5.0529   0.930    5
57374.270    1.441836153005   -0.982702789543    0.1417    0.1600  -0.134   54
57378.208    0.231476738708   -0.244900752477    0.1199    0.1954   0.028   27
57385.209    0.462434928539    0.005400045211    0.2723    0.3901   0.178   41
57402.270    0.987316389656    0.320299204759    0.2404    0.3375   0.217   40
57409.269    0.171803090043   -0.665701196567    0.1705    0.1643  -0.516   28
57412.998   -0.048930137156    0.571899647639    0.8096    1.3801  -0.440    6
57416.270    0.671208766414    1.155499222705    0.1641    0.2157  -0.003   86
57421.227   19.936096329024   79.073596822354    0.8338    0.5341   0.244   17
57423.269    0.580685528196    0.164098827327    0.1346    0.2082  -0.233   90
57430.270    0.079200198741    1.356498017913    0.2181    0.3124  -0.210   50
57435.227   -1.244615518671   -1.316501953852    0.9689    1.0301  -0.267   18
57437.269   -4.587199836306    6.074100019759    0.2693    0.3854  -0.602   19
57451.269    3.112146036148    1.552298436991    0.5932    0.5719  -0.317    9
57455.206   -0.778599413062   -0.902001596614    0.1430    0.1442   0.425  126
57462.208    0.184627633806    1.004097617852    0.2225    0.3056  -0.597   17
57465.269   11.147184342075    7.180099203197    0.1450    0.1693   0.024  166
57470.229   -0.132289661765   -0.829799972735    0.8019    0.6373  -0.251   36
57483.206    0.104964368298    1.203497998858    0.1641    0.1533   0.282  313
57484.229   -0.692930091009   -3.490300758813    0.6147    1.3743  -0.289   21
57485.251    0.539265729915   -0.091800001201    0.9915    1.2121  -0.582   23
57490.208   -0.210506885395    0.438199236896    0.1839    0.4300   0.060   24
57500.271   -3.587752133717    5.034398446924    0.2400    0.2635  -0.142  122
57505.209   -2.678307741298   -0.671702360933    0.2323    0.2407  -0.505   25
57514.271   -0.600442262037    2.957896839462    0.3848    0.3776  -0.059   84
57526.207   -0.898989265723   -1.526500756199    0.2148    0.1840   0.233   69
57542.271   -1.055483332606   -0.080402372760    0.3974    0.5095  -0.174   10
57561.227    0.432741616879    3.050398845517    1.2605    1.7723   0.131   10
57562.250   -1.355820225390    0.476899236901    0.9991    0.6518   0.034    8
57563.269   -1.630911497492   -0.572803168097    0.1869    0.2189  -0.037   51
57582.229  -72.508571050153   24.122199636167    3.0972    3.0776  -0.652    4
57584.271    0.156435826430   -0.351403156174    0.1604    0.2312   0.084   46
57591.269    0.053609351667   -1.428602388387    0.1913    0.3104   0.218   60
57595.206    0.158053811621    0.634399208366    0.1779    0.1335   0.560  403
57596.229   12.735347820081   13.651297206252    1.8705    1.1152  -0.889   86
57610.229   14.614604824178   19.626699599939    1.1999    1.6022  -0.370    4
57617.209   -0.166140900420    1.456199998984    0.3655    0.5630  -0.034   29
57619.269    1.167726496545    1.929999609729    0.2619    0.2235   0.089   47
57624.229    0.813376785249   -1.903201155073    1.0372    0.8023  -0.633   19
57626.271    1.900631703426    6.815296819696    0.1932    0.3033   0.257   38
57636.998    0.476702755837    1.370797235722    0.3704    0.9799   0.223   24
57640.271    0.479707163281   -0.046000758402    0.1187    0.1103  -0.028  144
57646.250   -0.172091494558   -0.037501189354    0.1190    0.0960  -0.224  343
57647.269    1.174716907373    0.540399622651    0.1719    0.2282   0.448  113
57651.206   -4.060468886170   -3.930501594596    0.2833    0.2652   0.867  214
57660.250   -3.371987885013    2.102400020476    1.5034    1.2296  -0.168   57
57661.269   -0.569940657218   -5.904403161594    0.3182    0.3242  -0.133   76
57666.207   -0.884431674440    1.128297634523    0.2761    0.2894  -0.397   23
57675.269    0.689520817847   -0.748900794179    0.1280    0.1465  -0.302   76
57680.229   -0.180410106890    0.417999638103    0.7139    1.2068  -0.566   14
57686.208   -1.039134473053   -4.547401175614    0.1990    0.6174   0.478   45
57689.269    0.497037638476   -5.824702793689    0.3632    1.0074  -0.591    7
57693.207   -3.055187050645    1.823997644124    0.4836    0.3727  -0.216    9
57696.271   -4.851257852618    8.411896817506    0.4609    1.0952  -0.847    9
57703.269   -0.997426289959    2.694099612199    0.3156    0.5971  -0.423   14
57707.207    1.154960173532    0.423399632155    0.3825    0.4774  -0.236   15
57721.207    0.601945145493    0.842997633299    0.1494    0.1451  -0.152   41
57724.271    2.332968493991   -4.238902783982    0.1109    0.1571  -0.068   99
57731.269    0.426907483944   -0.215999966713    0.0581    0.0710  -0.193  104
57735.207   -0.134369314848    0.994399238152    0.2095    0.1802   0.379   42
57744.272   -0.219230343742    0.837597639247    0.0893    0.1124   0.208  155
57757.209   -0.703270135673   -1.500501559804    0.5567    0.7134  -0.855    4
57758.272  802.455302541421 -431.038900802605    0.1513    0.2619   0.174   43
57765.248   -1.232657488817   -0.386002756159    0.2491    0.3081  -0.043   10
57777.207 -793.314292439571 -150.785402365727    0.5091    0.2179   0.319    6
57778.229   -0.333264775952    0.985899617945    0.2229    0.2181  -0.061    9
57780.271  267.099729622680 -121.982500797913    0.0973    0.1197  -0.361  224
57787.269  117.488282212911 -963.149101158933    0.1262    0.1190   0.400  121
57791.207    0.103982772358    2.535199212161    0.2929    0.4787  -0.596   12
57792.229    0.192656501855    1.127397644041    0.4152    0.5752  -0.155   25
57798.209    0.489297155240    1.435697998886    0.9506    0.4665   0.192    4
57806.208   -0.171744869292    0.493999209539    0.5449    0.2731  -0.012   20
57840.209   -1.132314133981   -1.399003178904    1.0157    1.0242   0.158    7
57841.228   -0.490971982009   -0.962402356208    0.9260    1.2294   0.224   18
57847.207    3.004697168751  -11.671603152763    1.5726    4.3544  -0.904    3
57850.271    0.033389551060   -0.286300775088    0.1224    0.1383  -0.201   50
57856.272   -1.472684383090    0.276998417803    0.1085    0.1282   0.029  107
57864.271   -0.205481045618   -1.324202366959    0.4170    0.4907   0.072   24
57868.209    1.366968563212    1.405098015539    0.7930    0.6466  -0.182    8
57876.208   -4.660102855048   -2.891102371905    0.5752    0.9196   0.842   10
57892.271   -0.046157253244   -0.113000373858    0.1074    0.1349  -0.018  116
57897.228   -0.819962369764   -3.009700776602    1.1191    1.5796   0.789    6
57917.207    1.499373287306   -2.644401587304    0.3300    0.4562  -0.251   16
57919.271    1.336698481925   -1.944899997852    0.2293    0.3033  -0.399   23
57924.209   -2.263646652320    2.186499608570    0.3480    0.4010  -0.550   17
57932.230   -0.991707239056   -0.731203181203    1.0708    1.7046  -0.474    7
57933.249    0.239218601115    0.118998008247    0.1849    0.2099  -0.642  403
57934.272   -0.535279726531    0.161398804721    0.1759    0.2305   0.108   64
57941.270   -0.808812633067    0.053197203442    0.1353    0.1836   0.132   84
57947.249    1.854012762587    7.396599608001    0.9472    2.6011   0.088    3
57952.187   -0.634929889942    0.327398447553    0.2580    0.3579   0.126  425
57962.272    0.527077555700   -0.679903160972    0.1366    0.1920   0.065  206
57974.230   63.923926949945 -149.127101963131    1.1888    1.7715   0.357   16
57983.270   -0.085265874910    0.992397639266    0.1330    0.1345  -0.170   65
57987.207   -0.757109631701    1.454698838188    0.1180    0.1269  -0.117  108
57997.270    2.566468024501   -1.699102784869    0.2916    0.1599  -0.188   53
58004.268    1.042253942826   -0.915101952614    0.0975    0.1058  -0.022   90
58009.228    4.554850101936    0.806097614259    1.7019    1.3635   0.068   20
58011.270    4.786268600191    8.110098013958    0.1400    0.1780   0.542  126
58018.268    2.870386094355   -1.621602001478    0.1896    0.2349  -0.157   64
58029.207   -8.776434068452   -0.465501557301    1.2820    1.1814   0.639    8
58037.206   -0.059731869415   -0.348202797795    0.3047    0.3242   0.409    7
58039.270   -1.416823454730    0.405997207054    0.2780    0.2571  -0.317   42
58043.207   -0.757919304031    2.190499225208    0.1427    0.2800  -0.489   19
58044.230    0.576296077669    0.636598844039    1.0447    3.9393   0.685   11
58050.209    2.733302136048    8.631997235398    0.5686    1.3837   0.541    6
58053.270   -1.519939693477   -0.067903187073    0.1767    0.3031   0.146   19
58057.207    0.964035340025    0.664599639322    0.1536    0.1944  -0.003   32
58060.272    2.858601386985   -4.279903203042    1.2184    1.8259  -0.884    4
58072.226    0.896504766624   -0.296999979810    1.1204    1.4433  -0.688    5
58081.000   -0.919554292722   -0.564800353686    0.6887    0.8339   0.386   42
58085.500    1.396546812544    0.646797610671    0.0778    0.1285  -0.276  234
58087.498    0.946821326034    0.575298042804    0.1097    0.0841  -0.177  229
58089.499   -2.134361397999    0.718797616628    0.1068    0.0985  -0.208  249
58091.497    1.025443395679   -0.017600359570    0.0516    0.0620  -0.167  261
58092.498    1.223935409641   -0.911300372763    0.0879    0.0805   0.184  270
58094.496    0.015655648426    1.238299216766    0.0982    0.1036   0.632  295
58095.497    0.135929039884    0.355798846385    0.1282    0.1196   0.679  289
58097.498    0.737931046658    0.389998842820    0.0536    0.0766   0.028  291
58102.268    1.269571375368   -1.739602765838    0.2274    0.2744  -0.162   62
58106.209    2.501305488995   -0.609001182283    1.8198    0.8717  -0.626    3
58109.000    0.508995648628    0.014097599887    0.8239    1.0807   0.169   18
58122.229    2.548849184195   -0.341801978720    0.1861    0.2652  -0.362  256
58123.270    2.531460507953   -0.682502400196    0.8809    1.2994  -0.250    4
58137.270    0.102884715215   -1.575201588366    0.2564    0.5823  -0.049   15
58141.208    1.123013906007    3.281497237140    0.2306    0.4243  -0.322   18
58144.268   -1.450617851806   -2.461600792003    0.2425    0.3095   0.145   41
58158.272    0.037028948880    0.226897208222    0.1867    0.2605  -0.226   15
58163.229    0.461856799444   -0.454701569197    1.0690    0.6738  -0.286   16
58164.248    5.545979192194    1.890799222792    3.0795    0.9675  -0.003    5
58165.270   -0.519162390510   -0.227001572739    0.3570    0.4395   0.092   11
58197.208    0.093237881678   -0.180701994168    0.9949    0.8325  -0.283    5
58204.206    0.159035407560    0.527598035660    0.4740    0.8042   0.394    6
58213.231   -0.144016148386   -0.190702775171    0.1074    0.1468   0.143  530
58233.225    1.034975147185   -0.503301566823    0.7828    1.1698  -0.248   14
58242.272    0.167817086659   -1.304002768165    0.5035    1.8520   0.372    4
58249.270   -0.279945188269    0.307800019073    0.3260    0.4511  -0.213   12
58254.227   -2.539317452392   -1.692802800335    0.5753    0.6908   0.051   20
58268.209    0.202708161706    0.974397624987    0.7407    0.5301  -0.574   11
58281.208   -1.732641313986    1.771696798869    2.1413    2.2617  -0.892    3
58284.269    0.622105326476    1.744599626363    0.5448    0.7659  -0.111    5
58288.206    0.173073070796    0.333298828536    0.4257    0.6550   0.135    9
58302.210   -0.393863159276   -4.631702381630    0.8456    1.3030   0.104    5
58305.271   -2.676054785434    1.544698807265    0.7460    1.0821  -0.444    7
58316.206************************************    0.5190    0.4253  -0.349    6
58319.271    0.327084037453   -1.026201562127    0.5084    0.7269   0.247   15
58326.269   -0.013056086998    1.319299229863    0.2193    0.3281  -0.443   55
58330.206    1.341782542452    1.217700014422    1.0730    1.1531  -0.479    5
58333.271    0.932840504377    1.055797241634    0.4326    0.4792  -0.118   29
58337.208    1.044795283504   -4.727501999469    0.3774    4.9690  -0.541    6
58361.271    0.928334592648   -1.035000002503    0.4219    0.4320  -0.383   17
58366.227   -1.447325079251    0.583599626225    0.5937    0.8589   0.253   31
58368.269   -0.075792344155    0.471697228477    0.1872    0.2445  -0.126   93
58374.252    0.156435826430    1.205197247600    0.1732    0.2143  -0.087  253
58401.229   -0.186534003809    0.400798830924    0.1135    0.1566   0.038   74
58421.208    0.499522117873   -0.817901957362    0.3372    0.4810  -0.779   15
58422.271    1.017239845677    2.379099618111    0.8685    1.4188   0.254    3
58431.271    2.571262321043   -1.281200400172    1.7180    1.6609  -0.255    7
58438.269   -0.392650039804    0.796197616637    0.2351    0.2508  -0.289   57
58449.208    0.553303393150   -1.499500785940    1.1042    0.9742  -0.244   15
58459.271   -0.302243243085    0.702000045294    0.1858    0.2312  -0.043   35
58473.271    0.072441331147    0.078397243897    0.2363    0.1700   0.034   64
58480.269   -0.533431616682   -0.280400394104    0.4110    0.2537   0.016   36
58491.208   -0.154126028987    1.178197226182    0.1561    0.2296  -0.773  350
58508.269    0.133213017253    0.009496812936    0.1322    0.1350  -0.133   93
58515.271   -0.128187197178    1.089298814350    0.6874    0.6035  -0.264    7
58522.269    0.439038816580    1.366398015534    0.2611    0.5512   0.580   17
58529.271   -0.284046273685   -0.173800788161    0.1578    0.1797  -0.204   46
58534.209   -0.362033352954   -0.016801152469    0.1556    0.1881  -0.259   28
58543.271    0.066837342572    0.552798024955    0.5646    0.9747  -0.449    4
58547.209    0.075560800920    0.068497246275    0.1669    0.1968  -0.432   30
58550.269   -7.616622737096    7.098598803168    2.9865    2.3460  -0.925    4
58554.207   -0.207214093137    1.002398420269    0.3046    0.5562  -0.615    8
58578.269   -0.394846154090    0.254296833191    0.2712    0.5432  -0.013    7
58603.209    0.095490837543    0.011998798755    0.0965    0.1184   0.163  893
58613.271   -0.229397085625    0.133696829607    0.0984    0.1368   0.053  289
58624.207   -0.400680267322    1.350298816760    0.6479    0.7874  -0.323    6
58632.210    0.071633037989    0.433098011854    0.2097    0.4515  -0.282   12
58638.207   -0.331185122869    0.871099211963    0.2094    0.6751  -0.050   18
58646.210    0.867447824511    0.458798439240    0.2789    0.3033  -0.121   17
58655.271    0.113629586193   -0.268401595349    0.1794    0.2374  -0.307   36
58659.209    0.226277596149   -0.051703153758    0.1319    0.1807  -0.632  852
58661.251    1.422369202852    0.913399225055    0.1887    0.2009   0.024   99
58669.271   -0.598652372938    0.534999628599    0.4804    0.4804  -0.105   10
58673.209   -0.042864480690   -0.102599989305    0.0891    0.0769   0.067 1043
58680.207    0.006297199701   -0.013402757304    0.1580    0.1958   0.103   28
58690.270   -0.851387349772   -1.329400794248    0.4325    0.6734   0.240   22
58704.270    0.300163590003   -0.082702791815    0.3869    0.3841  -0.019   26
58711.272   -0.107622170179   -0.152301595335    0.2260    0.2841  -0.239   20
58715.209   -0.024435948352   -0.521999953662    0.1839    0.1585  -0.041  257
58718.270   -0.320613534970    0.529797620175    0.2854    0.2316   0.369   41
58725.272   -0.341063479938    0.040899635678    0.2955    0.3589   0.547   29
58736.207    0.261111809915   -0.276901164398    0.6658    0.3874  -0.182   15
58743.209    0.150543472745    0.183099615469    0.0967    0.1096  -0.011  104
58750.207   -0.115999022963    0.034200047594    0.4851    0.2584   0.020   27
58753.268   -0.124894404921    0.245098840423    0.1985    0.1451  -0.189  193
58757.249   -0.277172304357    0.747000029833    0.3133    0.3976  -0.294    3
58771.209   -0.496749253663    0.698497234453    0.1567    0.2278  -0.844  768
58772.228    0.945549966109    1.080799245301    0.2881    0.3622   0.246   19
58813.209    0.104097834687    0.454197601130    0.0689    0.0696  -0.039  519
58813.249    0.506107702387    0.487897210633    0.0640    0.0740  -0.284   61
58827.209   -0.160248546735    0.309398433274    0.2428    0.3443  -0.472   20
58844.270   -0.576757765264    0.016696839111    0.2730    0.2255  -0.009   51
58851.268   -0.712916949508    1.449799231068    0.8016    0.7618   0.111   15
58857.229   -0.854738362780    0.011898015373    0.0788    0.0826   0.049  445
58870.206   -0.129400316650    0.198097205839    0.1609    0.1549  -0.489   35
58876.207   -0.175499349144   -0.093599982165    0.1386    0.2243   0.092   28
58883.209   -0.014384288501    0.259797610624    0.1183    0.1746  -0.164   36
58900.270    0.323617942415   -0.305902784703    0.2068    0.2383  -0.289  104
58907.268    0.283121499621    0.512999997682    0.4379    1.1143  -0.335    4
58911.209    0.892865368803   -0.082101570342    0.5294    0.4676  -0.400   11
58925.209    0.064700847911   -0.136101562020    0.1734    0.1664  -0.077   36
58942.270    0.097397187844    0.381697208240    0.1532    0.1657  -0.020   92
58948.271    0.025649087526    0.112500038085    0.4567    0.5051   0.078   10
58954.207   -0.274109676163   -0.051001200063    0.0635    0.0807  -0.177  212
58956.270   -0.056150692345    0.486399630972    0.4343    0.4167   0.179   14
58974.208    0.036162434972    0.080798446334    0.0890    0.1070  -0.163  309
58981.210   -0.171109898618    0.120196818898    0.2703    0.3074  -0.227   26
58988.208   -0.140896658910    0.187999222589    0.1082    0.1196  -0.197  135
58989.230    0.272723234207    0.331099244022    0.1265    0.1013  -0.500  553
59011.270   -0.908057950462   -1.320602353871    0.8238    0.8606  -0.059    5
59023.206   -0.102827873637    0.117698414215    0.0773    0.0900  -0.152  282
59037.210   -0.720080682821   -0.465101953750    0.2060    0.3216  -0.224   36
59038.229   -0.389820314313    0.431197247508    0.2967    0.1568   0.760  512
59044.208   -0.300221830455    0.014799604742    0.1084    0.1062  -0.062  120
59051.210   -0.043384389035    0.315097247494    0.1131    0.1880  -0.004   62
59051.250    0.070015052798   -0.630802776413    0.3029    0.4538  -0.653    5
59058.208   -1.105856753297   -0.590302795445    0.2025    0.1746   0.142   65
59081.252   -0.224717851411    0.526798828560    0.1313    0.1148  -0.249  389
59086.208   -0.164812698917    0.825598840493    0.0735    0.2486   0.178  302
59093.206    1.094823477803   -0.761201994237    0.1539    0.2369  -0.211   36
59115.231   -0.115825720182    0.504097243947    0.0780    0.0947  -0.057  337
59121.206    0.132809570111    0.472798836881    0.2251    0.5131   0.526   16
59124.271    0.133676084019    0.881798416685    0.2102    0.3424   0.282  131
59152.249   -4.529604481255    3.098599239593    0.5710    0.2944   0.548    5
59170.208   -0.058172124678    0.206100020250    0.2413    0.2837  -0.001   20
59172.250   -0.003177710226    0.330300036921    0.0699    0.0799  -0.232  352
59173.269    0.252966500366    1.740196825040    2.3396    2.9061   0.962    3
59187.269   -0.629904050165    0.240397218931    0.2470    0.4202  -0.131   22
59201.269    0.175152723878   -0.152503162099    0.2220    0.3372  -0.139   11
59212.208    1.130870830744   10.421899247604    0.3819    0.8852  -0.067   10
59213.293   -0.253776192398    0.095400014288    0.4560    0.7611  -0.480   10
59222.271   -0.582303513386   -0.947203199075    0.4663    2.0056  -0.082   12
59233.206    0.013459534140    0.562698022577    0.9883    0.6006  -0.321   15
59236.271    0.526441186152   -0.052300794096    0.2800    0.2550   0.145   85
59242.250    0.149157030789   -0.108701988211    0.1166    0.1180  -0.148  353
59250.271   -0.589062380980   -0.164901564403    0.2198    0.2998   0.054   37
59262.248   -0.164581155682   -0.600001175144    0.2885    0.1868  -0.558    7
59278.249    0.158747022747    0.271497640369    0.6027    0.1074   0.362    4
59278.271    0.411425158002   -0.752702374029    1.0030    1.2168  -0.800   14
59296.187   -1.298166649588    0.254700017877    1.2635    1.2353   0.798    8
59299.269    0.039166842416   -0.011699978586    0.2117    0.1767   0.475   98
59305.248    0.826489694123    0.337298445174    0.9290    1.2598  -0.981    3
59313.269   -0.081279871526   -0.337201191769    0.2218    0.2688  -0.257   45
59320.271   -0.070130134830    0.008100016657    0.3984    0.2238  -0.532   56
59327.269   -1.286671686500   -0.155300386950    0.8833    0.2177   0.070  109
59332.229   -0.743418574029   -1.542502752727    0.5979    0.3961  -0.417   10
59334.271   -0.032754580386    0.111798033231    0.1859    0.2881   0.163   46
59341.269   -0.199646912683   -0.165700771504    0.1955    0.2849  -0.063   56
59348.271   -0.423151644622    0.063198035605    0.1817    0.2604  -0.277   79
59353.209   -0.052972982119    0.194997630842    0.1064    0.1301  -0.038  102
59408.209   -0.237138948032    0.258199247583    0.1144    0.1658  -0.117   92
59429.207   -0.317898891511   -0.530200753701    0.1360    0.1851   0.062  111
59451.228    0.764678191327    0.149997646304    1.4650    1.2941   0.426    3
59460.250    0.255739384278   -0.193301963236    0.0488    0.0493  -0.021  338
59465.206   -0.118713666423   -0.246801567982    0.0857    0.0999   0.006  180
59466.251    0.261631737963   -3.097501161164    0.1562    0.4035  -0.393  551
59478.209   -0.293289640377   -0.131500775069    0.1705    0.2137   0.597  189
59481.270   -0.316049382788    0.291196801072    0.3654    0.5232  -0.210   15
59485.207    0.310676937448   -0.460101563249    0.2343    0.1235   0.133  316
59500.208   -0.566474562179   -0.228502784694    0.1267    0.1064   0.296  160
59506.209    0.038935299182   -0.419803200202    0.0841    0.1416   0.105  246
59530.272   -0.970217457695    1.795399208504    0.5429    1.1914   0.112    4
59543.249   -0.413331508304    0.942598830989    0.0602    0.0598  -0.001  465
59548.209    0.202131411782   -0.345301157267    0.1122    0.1042  -0.403  332
59576.209   -1.014930048233    1.025398825050    0.8213    0.9552  -0.681  391
59578.269   -0.049853512346    0.856800045312    0.2092    0.2421  -0.099   55
59590.209   -0.103577926342   -0.062301575099    0.1656    0.1528   0.190  102
59599.249    0.494784662909   -0.126899988118    0.2348    0.1074  -0.806  391
59600.250   -0.079605044757   -0.017999963120    0.0274    0.0277  -0.084  272
59625.207   -0.024551030383    0.110797208208    0.2161    0.1786  -0.118   38
59627.249    0.236734102016    3.160800031310    0.0991    0.1092  -0.614  375
59639.207   -0.116055864542    0.118699239238    0.1062    0.0996  -0.376  429
59646.209    0.236734102016   -0.029699992865    0.2079    0.1201  -0.336  136
59653.207    0.128245417929   -0.236800786979    0.1788    0.1867  -0.398   64
59656.250   -0.087923676791   -0.002901589369    0.0441    0.0408  -0.392  239
59677.270    0.723431695828   -0.842201956175    0.4076    0.6691   0.271   11
59689.206   -0.178677059370    0.063698422537    0.1373    0.1176  -0.179  266
59705.248    0.022009689706    0.576698420218    0.0885    0.1207   0.320   44
59712.268    0.143611282667   -0.163799955999    0.2368    0.3514   0.548   31
59719.270    0.370120422051   -0.710902799028    0.2546    0.4134   0.416   17
59738.208   -0.348457357611    0.132796839125    0.3648    0.4142  -0.212   30
59739.227   -1.212207543849    1.391799622752    2.3549    2.6530  -0.386    4
59752.208    0.232863160961   -0.275302801356    0.1284    0.1870  -0.029   84
59761.270   -0.205770809603   -0.448401584663    0.2122    0.2298  -0.312   71
59765.208    0.036682343317    0.141300040468    0.1045    0.1056  -0.039  308
59767.249   -0.481845056817    0.164498430877    0.1084    0.1191   0.169  138
59767.271   -0.050431641441    0.213598815435    0.1839    0.2028  -0.556  125
59775.270    0.040784807904    0.156196847456    0.1373    0.1701  -0.196  143
59779.208   -0.223621193143    0.329997635617    0.1498    0.1775  -0.099  103
59782.269   -0.290631838497   -0.422002784717    0.1700    0.2158  -0.134   51
59793.208   -0.036452198957   -0.407502000144    0.2366    0.2278  -0.163   61
59795.250   -1.364312160206   -2.447301574193    0.1109    0.2072   0.718  139
59800.210    0.580050537819   -0.185000379815    0.1863    0.1862  -0.260  365
59803.270    0.176135718692   -0.106801172706    0.3428    0.1559  -0.189   82
59814.210   -0.149850261618    0.016099198774    0.0856    0.0969   0.000  278
59835.208    1.025211872147   -0.715003199048    0.3339    0.2562  -0.278   60
59849.208    0.103809469577   -0.239500758425    0.1093    0.1871   0.073  125
59857.207    0.171283181697    0.357897647518    0.2970    0.2486  -0.134   81
59859.271    0.086652297164    0.136598418976    0.1016    0.1633  -0.029   69
59864.209   -0.018948440683    0.326199636902    0.1550    0.2247  -0.183   35
59866.269    0.128072115147   -0.071200798857    0.2117    0.1867   0.007   43
59870.210   -0.028941879783   -0.097902000107    0.0839    0.0901   0.013  168
59877.208   -0.158227114402   -0.005302791806    0.2442    0.1925   0.179   54
59884.206   -0.418415568831   -0.733100364414    0.5402    0.5623   0.194   15
59898.206   -0.003292792257    0.178498828518    0.1810    0.1727   0.204   32
59961.208    0.283121499621   -0.301499983379    0.2109    0.1819  -0.439   18
59975.208    0.887319620681   -0.126601167949    0.5534    0.5392   0.389   92
59982.206    0.330550132492   -0.268502378731    0.2479    0.1886  -0.356  168
59990.227   -0.203921300880   -0.073702784675    0.6275    0.2398  -0.244   22
60019.268   -0.435861106354   -0.337499960779    0.3852    0.3850  -0.040    6
60032.227    0.390975213035   -0.425901566814    0.2739    0.2480  -0.060   24
60038.207   -1.447844987596    1.003798797683    0.6409    0.2969  -0.582   41
60040.248    0.067935399715   -0.759801565664    0.0382    0.0345  -0.278  334
60061.250    0.310908480683    0.067597204634    0.3598    0.2593   0.300   62
60067.207   -0.482248523661   -0.956501975224    0.2598    0.2518   0.412   80
60082.248    0.744863236736   -0.118900754842    0.3871    0.2696   0.186   48
60087.208   -0.779928993737    0.910299598900    0.3563    0.3897  -0.136   43
60101.208   -0.041939726328   -0.590601564454    0.2580    0.2550  -0.328  119
60108.207    0.337135697304   -0.055702770396    0.2250    0.4295   0.110   28
60122.207   -1.339759750651    0.211298447539    0.4413    0.2768  -0.325   39
60164.207   -0.041419798281   -0.581500773933    0.1994    0.3268  -0.205  141
60167.249    0.102596330402    0.007797615353    0.0561    0.0598   0.147  237
60185.209    0.059905152495    0.193399216641    0.3049    0.3109   0.024   78
60193.208    0.037722179710    0.150598816617    0.3458    0.2721   0.095  108
60195.238    0.057883739864   -0.576500383431    0.4041    0.1065   0.526  215
60199.209   -0.816784659538    1.188900012039    0.3045    0.3341  -0.451   52
60206.207    0.055110855952   -0.254203160921    0.1475    0.1413  -0.157  105
60206.207    0.055110855952   -0.254203160921    0.1475    0.1413  -0.157  105
60206.207    0.058057042646   -0.257302787077    0.1475    0.1413  -0.157  105
60208.249   -2.207439118396    0.204199204745    0.1484    0.0839   0.189  298
60220.207   -0.376532703783   -0.233200773891    0.2619    0.5931   0.130   28
60223.249    0.573580035336   -0.542800773928    0.0913    0.1337  -0.498  348
60227.209   -6.542190963808   -1.582001959832    2.1752    2.4375   0.900   42
60230.251   -0.187342296967    0.440798424961    0.1395    0.0861   0.565  564
