%-----------------------------------------------------------------------------
%                R.A. (mas)        Dec. (mas)        Err. (mas)     Corr. Del.
% Uncertainty in R.A. is in R.A. cos(Dec.)!!!!
%-----------------------------------------------------------------------------
49391.165    1.565219773042   -0.324097203475    1.0693    1.2620  -0.237    4
49482.167    0.044332402082    0.000000000000    0.3094    0.5653  -0.024   13
49524.168    1.126697157894   -1.008597595842    0.5164    0.5409  -0.384   10
49541.250   -1.152592798815    1.148601597833    0.7632    1.0890   0.032    4
49594.168   -0.779866092565    1.335200391850    0.7402    1.8021  -0.651    5
49994.252    0.285232144005   -0.869598000008    0.2869    0.4446  -0.306   13
50242.333   -0.068595744121    0.591703198438    0.1756    0.3401  -0.357   90
50477.251    1.256771464921   -0.943999208403    0.9713    0.5735  -0.620    6
51120.168    0.660758685477    0.016102805489    0.3521    0.3829  -0.228   48
53201.256    0.000699948859   -0.200397599315    0.0967    0.1555  -0.108  130
53283.207    0.144190976829   -0.847897189260    0.1595    0.2182  -0.058   24
53411.253    0.162975006841   -0.551998792275    0.1074    0.1390  -0.095  207
53620.205    0.726322193211   -0.258199196423    0.3032    0.5057  -0.075   25
53696.203    0.712555458050    1.032202803231    0.3387    0.4447  -0.009    9
53964.209   -0.592745396526   -0.177998390427    0.2128    0.3245  -0.416   42
54039.209   -0.677907671243   -0.078299990491    0.3136    0.2688  -0.346   21
54305.206   -0.819063626531   -0.419997604695    0.2210    0.3524  -0.157   20
54445.206   -0.587378127245   -0.123598795199    0.1079    0.1404  -0.219   48
54648.209   -0.349978129615    0.025603199560    0.1647    0.2281  -0.165   39
54803.228    0.128791942786    0.356702392423    0.3052    0.4324  -0.067   15
54985.207    0.996387704338    0.693900003057    0.1799    0.1757   0.002   27
55168.252   -0.245449489081    0.298501191764    0.1862    0.1656   0.251  287
55334.207   -0.547248203469    0.413902793639    0.2801    0.5739  -0.347    7
57855.228   13.885849888919   84.450401999447    0.5021    0.7205   0.080   62
58326.959   -0.622961089018    0.089503214440    0.1779    0.2022  -0.030   68
59340.250   -1.077347500749    1.127800803147    0.5387    1.1174  -0.049   41
59921.250   -0.034180278902   -0.681598802998    0.3070    0.2933   0.029   74
60047.250    0.000000000000    0.236700003597    0.2490    0.4150   0.099   38
