%-----------------------------------------------------------------------------
%                R.A. (mas)        Dec. (mas)        Err. (mas)     Corr. Del.
% Uncertainty in R.A. is in R.A. cos(Dec.)!!!!
%-----------------------------------------------------------------------------
50631.755    0.267128877137   -1.221202799684    0.2649    1.0943   0.554   90
50687.836   -0.410343664338    0.030600008927    0.2137    0.4259   0.068   73
54292.229   -0.057794062280    0.616597205294    0.1380    0.2739  -0.109  155
54747.228   -1.285448736166   -4.765201200030   13.3513   11.0090   0.877    3
54810.208   -0.110374726668   -0.077803197485    0.1417    0.1830  -0.070   37
54880.208    0.473215883281    0.621496799624    0.2795    0.2176  -0.082   15
54978.208   -0.202142221933   -0.168602399242    0.7160    5.1552  -0.825    3
55026.206   -0.380460449165    0.137296804326    0.7520    0.3186  -0.315    8
55089.208    0.259939745773   -0.063302400122    0.3218    0.2864  -0.171   11
55168.252    0.093178273292   -0.257803199588    0.1169    0.2657  -0.133  212
55250.206    0.116295244353    0.966196799368    0.2098    0.3243  -0.120   27
55278.206    0.499577249572   -0.218700002108    0.3211    0.2344  -0.124    9
55293.207   -0.802364281737   -1.260000001935    0.4684    0.7744   0.645    5
55362.207   -0.155059139900    0.895298401815    0.2152    1.0374   0.322   14
55371.250   -0.463770103231    0.917298007153    0.1895    0.4142  -0.323  164
55428.269    0.585847162481    0.818197209185    0.6412    0.5747   0.405    5
55495.209    1.623481372708   -6.219100792748    1.5856    6.4430  -0.926    3
55523.209   -0.606284597605   -0.220802397166    0.5529    0.7612   0.288    8
55551.209   -0.009019431238   -0.720403193100    0.1728    0.3935   0.314    9
55586.207   -0.004932578832    0.063997204336    0.2451    0.4769   0.414   18
55649.205   -0.387791696800    0.913899599198    0.2759    0.3554   0.228   17
55694.270    0.240344623593   -0.382802397780    0.3884    0.6186  -0.199   18
55701.272   -0.300814712174    0.194299207124    0.3511    0.3676   0.129   19
55713.208    0.268397538893   -0.161200793514    0.3098    0.5258   0.003   21
55755.230   -0.154494184454    0.440596807039    0.2529    0.7007   0.091   11
55757.268   -0.670564181092   -2.150301594384    0.5259    1.8897   0.078   12
55764.270   -2.275015387067   -5.020102797459    0.9181    2.1290   0.120   14
55792.270    1.161544886679   -8.446003192830    1.9063   16.1108  -0.733    3
55862.270   -3.800666630556   -3.267100791504    3.0272    2.7002   0.979    3
55869.269   -0.312094061349    1.345399209640    1.0488    1.1797   0.079    4
55873.206   -0.674228098168    1.519297200048    0.5526    1.0565  -0.754    4
55895.231    0.223148122139    0.081900003579    0.3553    0.3809   0.334   16
55902.229   -0.033266313191    0.873799208989    0.1803    0.7201   0.481   22
55915.206   -0.019310889638    0.506700000358    0.3918    0.5740   0.078   18
55916.229    0.167326427927    1.189800002521    0.0668    0.6028  -0.274  248
55925.269    0.804201360499   -8.455600801938    1.3206    6.1057  -0.689    4
55932.271   -0.120947004127    0.072496798964    0.4720    0.6264   0.278    6
55951.227   -0.003805985269    0.457199999460    0.1641    0.3220   0.199   12
55967.272   -0.437692921404   -2.674601992680    1.4752    5.3071   0.936    4
56069.206    0.559062860861    0.498099609558    0.5200    0.2606  -0.406   10
56097.206    1.043273908853   -0.034603193910    0.4327    0.2521  -0.133   24
56104.208    0.353114605581    0.906199198880    0.2318    0.4119  -0.084    9
56148.247    0.316888033548    1.534298397132    0.8828    1.1135   0.245    5
56162.250    0.234282037715   -1.023602399641    0.1601    0.3501   0.234  160
56167.207    0.147873422018   -0.673102802295    0.2478    0.4710  -0.282   18
56175.209    0.693261630308   -0.344901592086    0.3065    0.3333   0.246    5
56181.207   -0.147024185954    1.010797205936    0.3908    1.0740   0.506    8
56202.209    0.267128877137    0.555598805363    0.2124    0.2748   0.193   17
56223.207    0.151114451842    0.170398799071    0.2627    0.2417  -0.085   18
56273.231    0.141810836140    0.206798405600    0.2195    0.3616  -0.090   18
56280.208    0.047083082033   -0.313603197810    0.1855    0.2645   0.063   25
56303.270   -0.688467706186    0.478897203493    0.4984    0.6622  -0.514   12
56315.210    0.274740943830    0.235497599022    0.2186    0.2133   0.298   14
56322.230   -0.025231407323   -0.591703198438    0.2085    0.2919  -0.148   23
56335.185   -0.882997909502   -0.284302795706    0.9248    0.8112   0.196    4
56344.262    2.938674621260   -1.856501998532    1.4070    1.6415   0.062    5
56345.270    0.219200020599   -0.351201602200    0.3869    0.3787   0.222   32
56373.270    0.504509828405   -0.005500803013    0.2899    0.5255  -0.211   45
56394.272    0.693403746578    0.039697205523    0.3683    0.4021   0.020   18
56420.208   -0.398221906065    1.212598802169    0.2890    0.5244  -0.181   47
56434.208   -4.226802749132    3.477499197402    2.4476    1.8886  -0.908    6
56441.206   -0.329855518249   -0.333403193054    0.3885    0.3503  -0.380    7
56477.793   -0.060050614811   -1.368601193974    0.2317    0.5898   0.205    9
56506.272    1.144345019819    1.299898799800    0.6366    0.8950   0.271    6
56510.209    0.013955471630    0.291398406205    0.1338    0.2457   0.080   18
56511.787   -0.474061609708   -0.893901592747    0.4122    1.1515  -0.140    4
56517.207   -0.073583151112    0.847396802328    0.2032    0.3169   0.173    9
56539.206    0.036229985516   -0.376700398874    0.3698    0.4095   0.645   10
56541.270    0.044403642250    3.362299200660    1.3388    7.4467  -0.803    4
56547.249    0.297577095833   -1.501102794066    0.1378    0.4163  -0.224  280
56551.793    0.260362633025    0.428299200905    0.2730    0.6010   0.243   13
56555.270    0.034254252043    0.240796809692    0.4234    0.4975  -0.080    5
56565.789   -0.617560581374    0.825397196991    0.2909    0.6117   0.065   10
56579.793   -0.592471290323   -0.653201998091    0.1739    0.4400   0.210   19
56588.793    0.541301452038    0.626400000669    0.1846    0.4242   0.278   35
56594.206   -0.189455460136   -0.184100402123    0.3063    0.3170   0.216   11
56600.791   -0.120947004127   -0.109501195311    0.1967    0.3810   0.131   54
56604.272    0.313927774706   -0.096901200664    0.2495    0.3203   0.248   15
56611.270   -2.398780533766    0.253598409472    1.0780    3.0177   0.388    6
56625.329    1.034816067655    1.081198797692    0.2547    0.7158   0.030   10
56627.283   -0.221453159648    0.339397207938    0.2346    0.7209   0.380   12
56629.208   -0.174935081137    0.389699997072    0.7315    0.1803  -0.007    8
56631.271    0.144348207730   -0.798501591248    0.1961    0.4418   0.357   22
56633.266    0.171271164061   -0.551602795440    0.1442    0.4072   0.406   31
56635.260    0.272626459492    0.720899998896    0.1629    0.4687   0.432   29
56637.254    0.349308572235    0.335397604090    0.1693    0.4315   0.251   27
56640.268    0.232874673171   -0.348202797795    0.2441    0.7175   0.630   11
56642.207    0.011983103563    0.075999597016    0.1704    0.4742   0.341   19
56645.250    0.259374742250   -0.002001598887    0.1415    0.3048  -0.149   17
56660.269   -0.063572463694   -2.549501998317    2.6890   13.4735   0.981    3
56667.270    2.008596995130   11.642997606032    1.6513   11.1322   0.922    3
56693.791    1.712853612653    0.731699999790    0.2735    0.7956   0.072    6
56706.206   -0.570480912824    0.282999607748    0.6927    0.3633  -0.396   18
56735.791   -0.242597714565   -1.264301994297    0.1718    0.4208   0.029   26
56743.250    0.135609547474    0.028497601079    0.1152    0.1238   0.086   76
56748.206    0.046802311052    0.283798802059    0.2934    0.2591   0.318   11
56749.229    0.281645890730   -0.708501596591    0.1252    0.2755   0.134   83
56803.794    0.202707225456   -0.548402398692    0.1588    0.3959   0.170   21
56812.790   -0.261347062240    0.026596798364    0.1458    0.3640   0.235   17
56833.229    0.247956642210   -0.160300803032    0.1348    0.3295   0.044   28
56834.248    1.174935306709    0.950497204144    0.0883    0.2021   0.027  224
56838.792   -0.461232779718   -0.428702398381    0.1034    0.2502  -0.027   39
56839.208    2.118829653605   -7.649100002993    2.0740    8.9231  -0.932    5
56903.207    0.192134947997   -0.169002002792    0.2496    0.2661   0.186    6
56945.229    1.056667742366   -0.949402796380    0.1880    0.2773  -0.134  221
56958.207   -0.103043479034    0.154997998436    1.2534    0.3725   0.064    4
56975.271    0.165634878918   -0.032201991473    0.4319    0.4439   0.577    8
56987.270    0.533973569809    0.200296803143    0.5962    0.4566  -0.338    5
56993.205   -0.165773533629   -0.837201591253    0.2316    0.2411  -0.088    7
57009.250    2.298700727057    0.537699600045    0.5739    0.6621  -0.221    3
57045.271   -0.147447121283    0.265798800569    0.2780    0.2545  -0.096    7
57051.250    1.549194515285    1.625198407851    0.4208    3.3601   0.159  114
57063.209   -0.212853202179    0.113997604956    0.3050    0.2842   0.049   17
57066.273   -0.010288092994    0.136897200775    0.2771    0.2305  -0.198    9
57073.271   -0.553281045964   -0.180000002103    3.1981    0.9195   0.930    3
57080.273    0.276994082879    0.688996802012    0.6026    0.3913  -0.230    5
57094.270   -0.536788298898    1.201698005104    0.6707    0.4087   0.002    4
57101.271    1.327176352114    0.152298001410    1.0490    0.2435   0.492   10
57105.209   -3.954460474104   -2.403802801609    0.5789    0.2607   0.054   24
57108.270   -0.451648344958   -0.176900401527    0.7410    0.3597   0.307    3
57112.207    1.357343751752    2.467598400813    0.2589    0.2887   0.090   15
57122.270   -0.309979625088    0.254098809194    0.3011    0.6251  -0.109    5
57129.272    0.536226708858   -0.207601193836    0.8945    0.7925   0.445    4
57136.273   -0.154071297202    0.704296806475    0.2681    0.2225   0.069   18
57147.209   21.507146552982    7.343398797843    0.6665    0.2863   0.582   16
57150.270   -0.011698871022    0.459399609554    0.1459    0.2224  -0.031   50
57157.268    0.247956642210   -0.316101602493    0.3655    0.3376   0.031    5
57164.270    0.424302501374   -0.070401591756    0.6368    0.5191  -0.661    4
57171.268   -3.785161726187    0.965797208607    2.9976    0.6500  -0.755    3
57178.270   -0.884405274047    0.310996809105    0.6839    0.2312  -0.197    7
57185.268    0.157177037720    0.839898007143    0.2766    0.3874   0.117    4
57192.270   -0.170986931520    0.332197207342    0.4969    0.3750  -0.446    5
57248.270   -0.776990806221    0.040298401416    0.1410    0.1816   0.226   46
57252.207    0.997601604847    1.880697607248    0.1111    0.1385   0.128   38
57255.272    1.073299240297   -0.158000396766    0.2543    0.1930   0.097   47
57261.251   -0.416548318410   -1.846202397360    0.4001    0.4264   0.153   57
57266.207   -2.454463525190   -0.756302399907    0.2490    0.4263  -0.029    3
57311.272    3.125592757883    0.230997608242    1.6091    0.4871   0.575    3
57318.270   10.969811331506    3.688599608154    0.3108    0.3263   0.089   13
57336.208   -2.682402206046    0.543297605304    0.6063    0.2372   0.452   10
57352.290   -1.194807786387   -0.714002399604    0.4866    0.5180  -0.108    7
57409.269   -7.851265636794   -1.952402399752    0.8692    0.5258   0.148    3
57423.269   -0.207639804288    0.004298398437    0.5807    0.5168  -0.222    5
57428.229   -0.125314627514    0.188499609521    0.0992    0.1939   0.130  145
57448.208    0.682689352849   -1.159603191070    0.3474    0.2969   0.569    5
57469.206    2.443187589498    0.006897599292    1.1544    0.1967   0.229   17
57477.209    3.257112087546    2.776298397578    0.7076    0.3074   0.043   14
57483.206   -1.563992299860    2.229098403461    0.5956    0.3595   0.417    5
57493.269   -1.043977567087   -7.067401192273    0.7581    0.6286   0.770    5
57518.208   -1.521141503831   -0.011001593236    0.5360    0.4015   0.140   15
57526.207    2.012541731264   -2.108102403042    0.2424    0.2632  -0.124   37
57540.207   -0.469690572839   -7.075101592591    0.5342    1.0066   0.214   14
57553.206    1.481389717510    2.292498005829    0.3320    0.4217  -0.273   26
57567.206   -3.278679529715    2.592399600587    0.6014    0.4289  -0.183   19
57582.229   -5.816733576108    4.136399996924    0.9592    0.3699   0.153   19
57597.248   -0.536649596110    0.693698397924    1.3378    0.9501  -0.053   84
57610.229   -4.964748840748   -0.191203200473    0.4485    0.4392  -0.187   50
57638.207   -0.951083478259   -0.849200402797    0.9098    0.3438   0.256    6
57639.230   -0.795459334837   -4.923701996518    0.9686    1.2790  -0.932    7
57654.271   10.496879680767    5.522698803873    2.0388    1.4939   0.961    3
57666.207    0.243162766165   -0.228502797484    0.3141    0.2382  -0.356   51
57669.345    8.315884976090    5.514897607384    1.8301    1.5883   0.772    5
57670.313  -12.213958752459   -2.393801995026    1.3127    1.1811   0.336    4
57689.269    0.638708597852   -1.392501602027    0.2563    0.2574  -0.107   15
57696.271   -0.463912219502   -0.022402802813    0.2287    0.2882  -0.126   17
57703.269    3.757392995352   -0.381002391237    1.2709    1.2495  -0.935    3
57707.207   -0.098533739376    0.248698802352    0.2147    0.4284   0.029  104
57721.207    1.686776382749    0.134398808882    0.2226    0.1893  -0.018   30
57723.248    0.181843441520    0.389498404729    0.1017    0.1888   0.148  238
57743.209   -0.647024322779    0.007297202842    0.4709    0.2785   0.092    7
57771.209   -0.021567442169    0.283096797205    0.2864    0.2736   0.300    8
57773.269  551.028339802654 -808.750602001851    0.1389    0.1915   0.294   32
57780.271 1578.676797622320 -725.637002402379    0.2417    0.3353   0.122    7
57784.209 8247.038049075836******************    0.2415    0.3543   0.201    8
57787.269 1277.829229618313-1727.490600001147    0.1381    0.1731  -0.105   52
57826.209   -1.419786208400   -0.097102793006    0.5323    0.2965   0.315    9
57856.272   -2.514937075331   -4.117301993745    0.1876    0.2422  -0.120   39
57863.227    2.363403149720    3.980700006423    0.5465    0.7143   0.061    4
57868.209    4.165344817854   -4.264401593446    0.3079    0.3690   0.115    8
57869.228   -1.647163251138    0.963597598513    0.3727    0.4120  -0.386  138
57876.208   -1.598107801038   -0.720201600757    0.1462    0.3176   0.011    5
57878.271    1.784180211234    0.897397202948    0.1726    0.1804  -0.388   21
57885.270   -1.061316136734   -6.103101601695    0.5641    0.8986   0.484   13
57904.208    0.712433865235    1.114696802063    0.2943    0.3039  -0.156    9
57917.207    0.176910862688   -0.714700797744    0.2637    0.1957   0.242   14
57919.271    0.208204855888    1.435697998886    0.3381    0.2782  -0.068   12
57924.209    0.035384211012   -0.962801998128    0.5009    0.4573  -0.615    7
57938.209   -0.658300306548   -0.492800398888    0.8006    0.9867  -0.868    9
57948.268    0.528333871183    2.016698398677    0.4700    0.2603   0.375   12
58043.207    0.338736294776    3.332199604245    0.1053    0.2488   0.287   18
58071.207    7.029448349149   -0.185500792327    0.8702    0.2694   0.042    4
58085.500    0.571610919870    1.230897598248    0.4435    0.2629  -0.138    9
58086.500   -1.288408995008   -2.159999999662    0.2982    0.1766   0.139   13
58087.498   -0.082321763292   -0.011001593236    0.2015    0.1643   0.165   20
58088.498    0.424444617645   -1.033902000813    0.2270    0.1748  -0.330   16
58089.499    0.481112086362    0.062100008336    0.1444    0.1509   0.204   32
58090.500   -2.909633767108   -3.059701202801    0.2432    0.2262   0.180   18
58091.453    0.851142374339   -1.718301597009    0.0471    0.3141  -0.520   14
58091.497   -0.323089274137   -2.092499997275    0.2297    0.1603   0.056   15
58092.454   -0.442483432043   -2.062000797309    0.5296    3.2416  -0.812    4
58092.498    0.673104918088   -0.296902790353    0.1380    0.1557   0.073   17
58093.451   -1.540310325275    3.029198408910    0.5537    3.2143  -0.606    4
58093.499    1.731883731310    0.917697597913    0.2671    0.1530   0.062   20
58094.496   -0.713841229779   -2.475899997023    0.1600    0.1243  -0.018   28
58095.478    1.797431928476  -10.642903198743    0.3896    1.9581  -0.655    5
58095.500    1.706791026775   -3.171599993834    0.1303    0.2156   0.229   18
58096.497    1.265434140217    0.757497603843    0.2373    0.1964  -0.268   11
58097.498   -0.027626662642    1.386997205088    0.1695    0.2080   0.175   10
58098.499   -1.466304286911    0.465498001745    0.2854    0.1900  -0.312   17
58099.500    1.808707912246    0.325699198811    0.2734    0.2036  -0.108   19
58121.207   -5.894122760567    6.734199604352    0.8037    1.0101  -0.902    3
58122.229   -0.721030361143   -1.826999991295    0.2180    0.3718  -0.014  126
58144.268   -2.426410609891    4.106998798648    0.1704    0.2556   0.113  113
58149.228   -3.320968687627   -1.141102802649    0.6285    0.5917   0.194    4
58176.209   -1.318715097434   -1.086202794909    0.2791    0.2120  -0.075    7
58193.270    1.694669268501    2.657296808195    0.5205    0.6074   0.122    7
58197.208   -0.090075898178    0.019396797768    0.1272    0.2089   0.191   32
58220.251   -1.372564423579   -0.687002390976    0.7685    0.7288   0.139    5
58241.209    0.444320510806    0.168897599906    0.2299    0.2295  -0.048   17
58242.272   -0.038621827353    0.680198400005    0.2040    0.2382   0.080   16
58261.207   -0.190724169970    0.365497200505    0.2324    0.3245  -0.094   13
58277.271   -2.771771032508    0.150300009238    0.2848    0.2347   0.179   18
58323.208    0.050324159934    0.246398408876    0.1468    0.1629  -0.024   30
58337.208   -0.448265198863    0.108899999418    0.2031    0.3551  -0.053   21
58402.252   -1.610229559312    1.157997601808    0.4505    0.5399  -0.155   11
58403.271   -0.801941394485   -0.878803193416    1.4706    0.4640   0.170    5
58407.208    0.000000000000   -0.225201591775    0.1621    0.1837   0.108   31
58428.206    0.494644622663   -0.028000795282    0.1656    0.1971   0.105   28
58470.207    4.286007637516  -11.484500390679    0.9692    1.5990  -0.700    6
58515.271   -0.796866699381    0.789199208384    0.4501    0.5336  -0.262    3
58534.249    0.712995455275   -2.454703192711    0.3299    1.2765  -0.961    3
58540.207   -0.097968783931    0.328899608348    0.2005    0.2280   0.027   14
58554.207    0.759374830997   -0.111801601577    0.2511    0.2953  -0.120    7
58571.271    0.747672594570    0.049996806695    0.2420    0.2279  -0.096   16
58575.209    0.079787853261   -0.079700393485    0.2466    0.2258  -0.075   11
58575.249    1.614742712452   -7.808101199203    0.5335    1.9207  -0.983    3
58599.271    0.124191495511    0.787399201840    0.4846    0.3437   0.463    9
58611.208    0.323231390408   -0.250603198992    0.3812    0.2565   0.107    9
58617.209    0.055118035979   -0.266101201873    0.1713    0.1949  -0.106   16
58631.757   -0.167603833503   -0.731300396239    0.3880    1.1925   0.244   58
58635.004    0.209896404897   -4.007102400294    0.3879    0.9235  -0.724   46
58645.413    0.874682184575   -1.059501593659    0.3098    0.7377  -0.571   61
58655.271    0.458837524399   -0.919702790725    0.7837    0.3535   0.273    4
58661.251   -1.004790736211    1.129798808108    0.2899    0.3824  -0.112   20
58670.101   -4.170135280415   -0.556300797427    0.3812    0.9448  -0.598   48
58701.209    0.778543700519    0.504097205578    0.0893    0.2191  -0.102  251
58701.249   -2.822940966947   29.699197200728    0.2426    0.8982  -0.904   11
58704.270    1.182124486151    1.187298003913    0.5301    2.1440   0.582    7
58712.722   -3.676478548528   -9.715600791083    0.1932    0.5071  -0.162   72
58715.249    7.521694303009  -17.888601601612    0.3585    1.0456  -0.835    9
58746.270    0.289400073694    0.923299197098    0.3369    0.4040   0.290    6
58747.059    0.354806154590   -2.103501590511    0.1923    0.4753   0.104   79
58795.122   -2.708337271602    1.656997201849    0.2001    0.4502  -0.247   81
58827.209   -0.264446023870   -1.336100395122    0.0790    0.1977   0.342  280
58911.209    0.904849584213   -0.172702799262    0.3962    0.7648  -0.035    8
58946.208    0.492388070131   -0.267001192356    0.1435    0.2052  -0.167   26
58974.208   -0.351280892225    0.301197607655    0.4410    0.4825  -0.008   14
58983.251   -0.433041113553   -0.020102396547    0.3558    0.3021   0.212   15
58996.207   -0.366647093805   -0.377600402146    0.6381    0.4352   0.415    6
59080.207    0.367492916387   -0.485600398292    0.2985    0.4253   0.099   31
59134.918    1.913727172829   -6.995602791449    1.6862    3.9451  -0.589   44
59178.207   -2.274169564486   -1.080802800857    0.5080    0.3461   0.541    6
59231.585   -0.124330150222    0.374799608949    0.4713    0.4904  -0.156    5
59247.250   -0.485760480730    1.535997607505    0.1124    0.7513  -0.139   16
59262.248    2.350293500671    1.089000006971    0.1178    0.5513  -0.591   24
59278.249    0.098110900201    0.418197598151    0.1007    0.5207  -0.297   18
59278.271    0.073021561072    0.396997199914    2.6337    0.8964  -0.829    7
59282.208   -0.482658153694   -0.638902793071    0.4362    0.4008   0.090    6
59298.250   -1.915415308355   -2.989799997977    0.1074    0.2553   0.420  223
59354.250   -0.041724154389   -0.504701995396    0.0891    0.2176  -0.202  181
59410.250   -0.470536395420    0.244299607743    0.8073    0.2761   0.402   12
59418.249    0.363971067504    0.257598000530    0.2241    0.8274  -0.487   29
59445.230   -0.557371263775   -3.488302792221    0.6796    5.0665   0.313    4
59474.224    0.606288059165    2.214097206377    0.5099    0.9520  -0.486   32
59492.209    0.307865188827    0.786499198568    0.1983    0.2808   0.122   23
59499.189    0.071610831122    0.251298003207    0.4221    0.3998   0.014   36
59523.270    0.058078294821    1.172199604582    0.4540    0.3569   0.265    8
59550.251   -0.217647126301   -0.077400000009    0.3476    0.9282   0.324    6
59578.269    0.639835191415    0.622497599068    0.5324    0.6645   0.102    4
59599.249    0.066816907000   -0.417599996183    0.0717    0.1871   0.027  231
59600.250    0.021286719265   -0.363700800676    0.0718    0.2025  -0.563   63
59627.249   -0.075978406432    0.306997205257    0.0811    0.1853  -0.039  222
59646.209    0.049055450101    0.000000000000    0.2080    0.2138   0.048   34
59656.250    0.444882100846   -2.411902792687    0.0646    0.3479  -0.346   28
59667.207   -0.262896543055   -0.395301596257    0.1573    0.2507   0.119   48
59669.249   -0.000703658234   -0.061901997128    0.3271    0.3549   0.230   16
59681.208   -0.094304818777   -0.181501201268    0.1968    0.2008  -0.054   24
59691.248    0.018468528616   -2.353402797439    0.0880    0.3945  -0.183   23
59703.207   -0.304482042733   -0.150901192342    0.1684    0.2477  -0.103   40
59719.248    0.096703535657   -0.412901994196    0.1213    0.3347  -0.426   64
59730.082   -0.777274990685   -0.453599999162    0.8401    0.4871  -0.197   51
59800.210   -0.736958152763    0.278398808007    0.2901    0.4319   0.216   28
59808.209   -0.603466455033    0.722898003858    0.4589    0.4602  -0.586   44
59814.210   -0.023962697489   -0.330400794724    0.3043    0.2173   0.385   32
59948.209    0.060050662889    0.136699202358    0.3281    0.3324   0.322   20
59962.227    0.294897656049   -0.418903196930    0.2153    0.1816   0.025   38
59975.208   -0.117563858033   -0.566503196353    0.4683    0.4709   0.267   63
59982.206   -0.395119579029    0.485899205671    0.4037    0.3390   0.480   14
60193.208   -2.476453902689   -0.280900793825    1.5996    0.4025   0.367   23
60195.271   -0.758948530262    0.597999601837    0.4809    0.3705  -0.180   12
60202.270   -1.744005441506    5.044798805898    0.4995    0.5061  -0.409    7
60223.271   -0.347194087897    0.121399197894    0.3303    0.3024  -0.140    6
60241.209   -0.802225578949    0.612197997896    0.7783    0.4861   0.378    4
