%-----------------------------------------------------------------------------
%                R.A. (mas)        Dec. (mas)        Err. (mas)     Corr. Del.
% Uncertainty in R.A. is in R.A. cos(Dec.)!!!!
%-----------------------------------------------------------------------------
55413.250    0.719953584877   12.381299978870    2.0300    8.2691  -0.747   18
57836.293    2.951654244594   -8.472099617052    0.8230    3.7399  -0.133   26
58022.797    5.069049558118    7.699701586716    5.7470   16.5424  -0.940    8
58142.227    1.970218312217    6.057100779344    0.6812    2.3183  -0.692   21
58216.836   -2.231475683166    8.943800401084    0.8419    3.6626  -0.061   25
58445.165    0.393410946713    0.000000000000    0.7025    2.8089  -0.608    8
58551.686   -1.053725944657   -3.039199202703    1.2453    5.5124   0.332   12
58563.250   -0.056588806355    5.897199579863    0.8580    2.5662  -0.694   14
58577.250    0.000000000000   -1.076500808495    0.7052    3.5003  -0.509   15
