%-----------------------------------------------------------------------------
%                R.A. (mas)        Dec. (mas)        Err. (mas)     Corr. Del.
% Uncertainty in R.A. is in R.A. cos(Dec.)!!!!
%-----------------------------------------------------------------------------
49914.167    0.248962365977   -1.378799998975    0.4685    0.9514  -0.363  117
51520.251   -0.044241334296    0.334998000540    0.2317    0.5102  -0.084   18
51555.250   -0.496738253179    2.056100403536    0.3487    0.9585  -0.662    6
51653.250    0.308937797186   -0.563500798023    0.4771    1.7098  -0.566    6
51688.252    0.513512753193   -0.305499600017    0.5046    0.5930  -0.233    9
52401.205    0.089519578029   -0.377301601162    0.2929    0.7468  -0.305   22
52408.203   -1.504908453347    2.758899598376    0.9229    1.6884   0.422    6
52415.216   -0.143705146738   -0.350801998650    0.2324    0.5808  -0.526   12
52423.204    0.000000000000   -0.796402796510    0.4395    1.0616   0.324   11
52429.205   -0.499706196949    0.811598398087    0.2331    0.6068  -0.399   15
52436.203   -0.956656828953   -2.287202401874    0.3587    1.0636   0.389   14
52443.216   -0.460217815716   -1.343401198284    0.5112    1.4133  -0.583    6
52450.207   -0.808052552212    0.826398002829    0.5955    1.3704   0.315    7
52457.205   -0.454873370098    1.478397602739    0.2510    0.6558  -0.541   15
52464.204   -0.599618919937   -0.856400396998    0.5910    1.2507  -0.199    4
52471.213    0.315173025934   -0.708400800420    0.8294    1.5651   0.275    7
52478.204    0.058938623037    0.116798398153    0.3299    0.6953  -0.142   16
52485.209   -0.631240278031   -0.071002800439    0.3804    0.7642  -0.146   25
52492.204    0.182156719800    0.484797603661    0.4223    0.8240  -0.014   22
52499.213    1.141040430629   -0.095302799252    0.3471    0.8200  -0.168    9
52506.204   -0.558199453738    0.935499600985    0.3657    0.7786  -0.678   10
52513.205   -0.635394700576    0.218498403370    0.4840    0.9363  -0.807    6
52521.204   -0.740206502934    0.783298801821    0.4204    0.8393  -0.677    6
52527.216   -0.558049783134    0.713599202129    0.3685    1.9128   0.197    4
52534.204   -0.469420988235   -0.405601197428    0.4206    0.8196  -0.379    6
52541.206    0.271972044107    2.469398400962    0.5091    0.8724  -0.303    4
52548.204   -0.162710022293    0.485798403105    0.7670    1.2876  -0.869    6
52555.206    0.269299795981    1.989698402838    0.4697    1.4117   0.588    6
52562.207    0.821859057823    0.953197201170    0.2337    0.6197  -0.200    6
52583.206   -0.057303183083    0.654397202027    0.2720    0.6678  -0.026    8
52590.204   -0.788901600983    0.739497602353    0.3642    0.8371  -0.538    4
52597.206   -0.282514809037    0.329997603643    0.4046    0.8596  -0.156    4
52604.204   -0.551518858740    1.393898398305    0.5051    1.1722  -0.830    5
52611.228    0.453833017629    0.446598003379    0.2640    0.5450  -0.213   13
52618.204    0.062202313085    0.478800001247    0.1963    0.4865  -0.265   11
52625.202   -0.151871460453    0.570200398897    0.2893    0.5297  -0.329   13
52646.204   -0.220903988507    0.487299602270    0.2412    0.4726  -0.617    9
52653.202   -0.281178710290    1.236099600277    0.3188    0.9490  -0.528    4
52661.205   -0.207542849145    0.551898002499    0.2785    0.6203  -0.724    8
52667.206    0.044982497455   -0.406800001684    0.1971    0.4948  -0.405   14
52674.208    0.847836679723   -0.539099996644    0.4221    0.6760  -0.811    7
52689.205   -0.054185619342   -0.393400799936    0.2317    0.5728  -0.354   10
52695.206    0.126189635463   -0.558802802431    0.2130    0.5068  -0.420   12
52702.204   -0.425924260130    0.392299197927    0.1467    0.4014  -0.413   18
52709.206   -0.166419078590   -0.503200796231    0.2390    0.5131  -0.660   10
52716.204   -0.169686312935   -0.400600800532    0.1894    0.4465  -0.553   14
52723.202   -0.033698518733   -0.109400399140    0.2510    0.6966  -0.276   11
52730.204    0.132125523004   -0.016300797512    0.2448    0.6286  -0.465   10
52737.202    0.152316877334    0.159498002006    0.4345    0.6714  -0.676    9
52744.204   -0.021377782473   -0.187902001159    0.1944    0.5149  -0.600   12
52751.202   -0.058938572404    0.085499997482    0.2451    0.4976  -0.599   12
52758.204    0.237828108492    0.479898002936    0.3453    0.7324  -0.473    9
52765.202    0.309383163435    1.195398001386    0.3842    0.7327  -0.201    9
52766.225    7.368662510045   -7.806200396487    1.6224    2.5219  -0.915    8
52772.204    0.235451606644   -0.908499598751    0.2436    0.5269  -0.722   10
52779.206    0.723432104185    0.611398803585    3.8185    1.9805  -0.505    4
52787.205    0.640293830579   -0.768700802212    0.3384    0.3597  -0.437   12
52793.206   -0.523606607577    1.017097203260    0.2411    0.4884  -0.597   14
52800.204   -0.138065005475    0.224197198406    0.7467    1.6025  -0.891    7
52807.206    1.201165481809   -1.363402798660    1.2428    0.7703  -0.818    4
52814.204    0.254157191624   -0.080902798061    0.2973    0.7353  -0.647   14
52821.206    0.621737865569   -0.477701999557    0.4867    0.9002  -0.861    9
52835.203   -0.775686537295    2.024697599978    0.3314    0.6829  -0.701   10
52842.204    0.766333795438   -0.969602401568    0.5743    0.6803  -0.416    8
52849.206    0.203384882302   -0.243000000921    1.9093    0.7434  -0.814    3
52863.206    0.101099201763   -0.998402397556    0.6575    0.6666  -0.449   10
52870.204    0.056412501218   -0.468899997230    0.4142    0.7668  -0.414    5
52877.203   -5.177733122473    3.282497998214    6.4991    3.2503  -0.653    5
52885.205    0.020636720579   -0.243201599659    0.2890    0.6103  -0.690   11
52891.203   -0.469866354484    0.369597600525    0.3169    0.6678  -0.526   10
52898.205   -0.248221253450   -0.073602001294    0.6863    0.8545  -0.746    3
52912.205    0.030434879318   -0.619901998533    0.3315    0.9223  -0.644    6
52926.205   -0.228029899120   -1.107802796696    0.3045    1.1947  -0.351    3
52933.203    0.164192247346    0.047599198183    0.2889    1.8019  -0.203    6
52940.205   -0.009352792490    0.192398398013    0.2946    1.1413  -0.270    5
52947.203   -0.289491099679   -0.872301597354    0.3245    1.0637  -0.227    6
52954.227    0.496143266959    0.103798799955    0.3306    0.7153  -0.322    6
52961.203    0.145190966721    1.224799199662    0.3237    1.3362  -0.474    5
52968.205   -0.206057079795   -1.494802796742    0.3891    1.0352  -0.387    6
52975.203   -1.166426509341    1.266299999259    0.8823    1.6342  -0.926    4
52983.227    0.189432301017   -0.547002002094    0.3259    0.7214  -0.831    8
52989.229    0.479069527003    0.000698398139    0.6783    0.6328  -0.564    6
52990.229   -1.625603972588   -2.385399596250    6.4340    6.9908   0.974    6
53017.203    1.202501580555   -1.295701197535    0.7185    1.4250  -0.946    3
53025.206   -0.214223393509    1.828699201667    0.3119    0.6074  -0.627    8
53031.203    0.442103723291   -0.337701597886    0.2557    0.4580  -0.540    9
53038.205   -0.218082120410   -0.427100396649    0.3447    0.7622  -0.392    4
53045.207    0.025090433700   -0.855899997276    0.3868    0.5091  -0.397    5
53065.873   -1.154401519358    1.576097997713    3.8688    4.4454   0.720    3
53073.203   -0.406623688930    1.823497199638    0.5151    2.5076  -0.637    3
53087.207   -1.775248601797    6.797199603170    0.5850    2.7748  -0.802    4
53109.246    0.120100533021    0.226198803688    0.8333    1.5007  -0.690    8
53122.205    0.862979284080   -0.665200796846    0.6696    1.2530  -0.901    8
53131.252    0.644156051144    0.029599203089    0.1283    0.2306  -0.013   87
53150.205    0.211846942294    1.034697601199    0.2962    0.5592  -0.396   14
53158.208    0.540830018137    0.152899203698    0.9399    1.0117  -0.769    5
53164.205   -1.521536827055   -0.293900398418    1.2891    1.6539  -0.880    4
53172.237    3.698360469074   -0.281602798680    2.0787    2.0763  -0.677    6
53178.205   -0.854962590337   -0.096602399680    0.4465    1.0486  -0.691   13
53185.207    1.347842167247    0.237898801458    0.2574    0.7900  -0.385   28
53199.225   -0.436613151366    0.964097998235    0.4038    1.0830  -0.683   15
53201.256    0.224616639734   -0.263199599715    0.1099    0.2456  -0.255  105
53207.228   -5.311048668550   20.945300399688    3.9424    6.5187  -0.860    3
53220.202    0.146081699219    1.895097602045    0.2750    1.3836  -0.208    7
53227.225   -0.171022411682    0.775699197675    0.3062    0.9305  -0.680    8
53235.228    2.904709408693   -3.271100401747    1.7922    3.1603  -0.761    5
53241.225    0.351693412764   -0.884300402504    0.3645    1.1628  -0.327   14
53243.249    0.367281434003   -0.482400001545    0.1343    0.2604  -0.477   53
53269.204    0.674886676740   -1.318701602315    0.3599    1.2224  -0.176    5
53276.205   -0.678595682404    1.438999198200    0.3999    1.3733  -0.585   11
53283.207    0.358968993982   -0.317699997510    0.2352    0.4744  -0.343    9
53284.226   -1.845617228598    3.563899198156    3.3031    4.7904  -0.803    7
53285.253    0.370252922071   -1.083502797883    0.1596    0.3034  -0.269   64
53290.205   -0.192845611036   -1.718801996731    0.2294    0.9541  -0.364    7
53297.204   -0.019596317478   -0.919299599644    0.2924    1.4616  -0.515    4
53304.224    0.444330605168    0.652899603182    0.1914    0.6585  -0.340   21
53318.206    0.066064584283   -0.079002001740    0.3043    1.0482  -0.525   14
53325.226    0.457100251974   -1.152100801960    0.4723    0.8593  -0.322   12
53326.223   -1.596209496372    0.436697999362    0.8683    3.2823   0.000    4
53332.206   -2.283267238768    2.749899597632    2.1492    1.8350  -0.715    4
53339.204   -3.633336287892    4.266597603220    1.2498    2.7222  -0.845   11
53341.249   -0.070368576167   -0.681400798186    0.1540    0.2891  -0.146   55
53346.228   -2.429498557958    5.289397201835    1.4623    3.2460  -0.918    8
53353.204    0.073190494897   -2.602400400775    0.3519    1.1382  -0.357    8
53360.206    0.813097757888   -0.176101200822    0.3847    1.0661  -0.686   12
53367.226   -0.543056849380    5.523998397905    0.4934    4.2520  -0.739    5
53374.206    0.814287780961   -0.698400000232    0.3706    1.3866  -0.125   10
53381.207    0.110601664857    0.714797999990    0.4481    1.9028  -0.847    5
53389.206    0.239164207238   -0.859701596312    0.2388    1.2855  -0.478   15
53409.204    0.503564923850   -0.203201999227    0.2952    1.4851  -0.473    3
53410.227   -2.117443146398    6.013897201029    0.7024    1.9845  -0.977    3
53411.253   -0.790533446007   -2.359000796304    2.2365    1.5762  -0.784   12
53416.206   -0.511581566961    1.733698803719    0.3021    1.0853  -0.426   10
53423.208    0.237086995965   -0.579401998380    0.5275    0.7388  -0.101   15
53437.204    0.085511231157   -0.185101201566    0.1955    0.6541  -0.477   13
53444.206    0.447597839513   -1.207400400460    0.2143    0.7438  -0.060   19
53451.208    0.248666670332   -0.313502401639    0.1705    0.4447  -0.491   13
53458.206    0.867878363450   -1.042401601836    0.7278    1.4094   0.539    9
53472.206    0.243913666637    0.336499199705    0.3428    0.7650  -0.640   17
53479.204    0.113419988657   -0.645102000618    0.3596    0.5404  -0.380   14
53486.206    1.135845604982   -0.558701999864    0.3900    0.6556  -0.208   21
53488.251    0.300775078401   -0.824900397589    0.4154    0.4595  -0.539   37
53493.204    0.478478085080   -1.293101996680    0.2589    0.6025  -0.452    9
53507.204    0.369657885218   -1.412099998532    0.4046    1.8614  -0.248   12
53509.246   -0.421025180760    0.541497598761    0.5824    0.9491  -0.872    3
53514.206    0.741542652313   -2.481699601020    0.3485    1.0698  -0.239   12
53522.205   -0.034293555586    0.903099598304    0.5889    1.1038  -0.839   17
53528.206    0.237678437888   -0.843202800382    0.2956    0.5998  -0.545   14
53535.204    0.160183900474   -1.346201997876    0.3725    0.7428  -0.496    7
53542.206    0.347834736496   -1.114401601399    0.3768    0.6933  -0.377   10
53551.250    0.517816795710    0.934297202804    0.1411    0.3735  -0.135  109
53564.223  -11.872994725129   15.523297201270    0.4599    0.7108  -0.636    3
53570.206    0.223576236632   -0.169200001210    0.2758    0.4682  -0.280   11
53577.204   -0.007275581217    0.922298397654    0.3306    0.7608  -0.210    5
53584.202    0.143705197371    0.564699602279    0.4225    0.5298  -0.275   15
53591.204    1.946716480994    0.862498801979    1.1944    1.3768   0.260   10
53598.210   10.595375109008    3.322299600228    8.4937    7.6980   0.955    3
53600.248    0.377229212713   -0.525902400028    0.5594    0.9565  -0.729    4
53607.250   -0.964078485844    1.200099603693    0.1551    0.3266  -0.226   36
53612.206    0.042160629359   -0.055900800788    0.3507    0.7110  -0.243   19
53620.205    1.468983103370   -3.978100799173    0.6782    1.5590  -0.336   12
53626.195   -0.241391038482   -0.068302797018    0.5860    0.9406  -0.923    8
53626.498    0.231742550347   -0.525200401569    0.9763    1.3139  -0.931    5
53627.196   -0.000445366249    0.262497601256    1.3134    2.1199  -0.958    3
53629.198    0.849618144718   -1.940799597833    0.3781    0.7776  -0.724    3
53629.501    0.831062230342   -1.568102396732    0.4862    0.7628  -0.680    5
53630.195   -0.151426094204   -0.471700796822    1.0004    1.3327  -0.935    4
53631.499   -0.444330554535    0.378597601269    1.1887    1.8738  -0.957    5
53632.196    1.202501580555   -1.458900002405    1.1569    1.8159  -0.964    5
53632.500   -3.158570803406    4.514997598193    2.3380    3.6071  -0.979    3
53634.205   -1.132282624359    1.638899998113    1.8489    2.9611  -0.973    3
53634.501    0.144004487946   -1.160902797892    0.8430    1.4037  -0.855    5
53635.195    0.491094516986   -1.544302797640    0.6614    1.1388  -0.892    6
53635.498    1.381244990336   -2.645902799259    1.0989    1.5054  -0.891    5
53636.499    2.037867853414   -2.246000396866    2.4725    3.0681  -0.957    3
53637.197    1.766490896793   -1.257102000096    1.8797    2.3984  -0.959    3
53637.500    0.402911088336   -0.752101197321    1.5772    2.3795  -0.949    3
53638.197   -0.927112682132    1.652997598001    1.2349    1.6019  -0.944    4
53638.497   -0.265886435329    1.057697999585    1.0274    1.3627  -0.921    4
53639.198    0.686911666722   -0.939600001004    0.8630    1.3456  -0.926    3
53642.248    1.571564479554   -0.423302397934    0.1127    0.2769   0.019  114
53647.208    0.044537131207   -1.477000800065    0.6950    1.1182  -0.691    9
53661.204    0.974621301406   -0.291700801114    0.5190    0.8102  -0.517   12
53662.227    0.619511034325   -7.288502396818    0.7530    8.3634   0.277    3
53668.206    1.053451988199   -0.293000401541    0.9477    1.0247  -0.639   10
53675.205    1.191663069348   -0.599500801002    2.2985    1.9531  -0.935    4
53682.203    0.107184759908    0.374900398725    0.5464    0.8839  -0.566   18
53689.216   -0.365054552126    0.960800399241    0.4480    0.8579  -0.861   12
53696.203   -5.520223362718    1.849500002749    2.1948    1.1766  -0.145    5
53703.205   -0.163451134820   -0.433601999106    0.3088    0.7660   0.144   12
53704.242   -1.162122466824   -1.592301599374    1.0688    1.9602  -0.205    6
53710.203    0.979666456450   -2.557501199618    0.7632    1.5407  -0.856    3
53712.248    0.381533305863   -1.872500401134    0.2588    0.6144  -0.528    5
53719.250   -1.209477871198    1.517799601203    2.0006    1.7548  -0.938    3
53724.203    0.679486465534    0.945899998328    2.7345    1.5885   0.138    3
53766.207    0.220162926613   -0.843202800382    0.3028    0.4954  -0.527    5
53768.252   -0.117727575471    0.140698799811    0.1816    0.3534  -0.679   57
53774.227    0.469125292590   14.319698399845    5.1017   25.9136   0.982    3
53780.207    0.197003628512   -0.125801999218    0.3094    0.9535  -0.270    7
53787.205    0.889555487130   -1.290301197088    1.2479    2.4690  -0.878    3
53801.205   -0.010243524988    0.681199199448    0.3223    1.1716   0.578    5
53808.203    0.742729131088    2.025500401004    0.3793    2.9009  -0.773   11
53815.205    0.028799489997   -0.370202396738    0.7056    2.2186  -0.891    4
53822.207    0.356446416460   -0.328100401248    0.3965    1.5081  -0.606    4
53829.205    0.567997612477   -4.670600399237    0.9092    2.4054  -0.791    3
53850.203    0.553150754397   -2.579302800143    0.4766    3.4281  -0.750    4
53851.229   -0.427110738905    0.325497600073    0.1527    0.3613  -0.295   80
53852.249   -0.007125910613    0.694098001475    0.8639    2.4476  -0.958    4
53858.202   -0.095309389896    0.363499201939    0.4751    1.4192  -0.744    5
53864.207   -0.898608938413    2.621498397559    0.5510    3.5140  -0.385    6
53878.207    1.150393223119  -11.459602796293    0.4713    5.4868  -0.806    4
53879.226    0.161224303576    0.991299599207    0.6701    2.8061  -0.205    3
53886.206   -0.280879419715   -1.975899597539    0.4864    3.8846   0.676    3
53893.204   -1.280886850466    0.828698402700    0.6432    1.3227  -0.009    8
53899.205   -0.100358089237    0.968198398255    0.5240    1.6609  -0.267   10
53906.203    0.035925400610   -4.284500402463    0.6785    1.8887   0.321    4
53913.205    0.815474259736   -0.069400798708    0.4073    1.2138   0.432   11
53915.247    4.732362164837   -9.887900399264    2.0169    4.0743  -0.982    3
53934.207    0.626636944939   -2.475601202434    0.4189    0.8886  -0.292   11
53948.203   -0.966009570810   -1.785700796830    1.2500    2.6434   0.687    5
53949.226   -0.483672860095    1.371499202207    0.8959    1.5489  -0.514   11
53955.205   -1.242139581760    1.045598398264    0.5948    1.5662  -0.630   10
53964.209    4.773190239746    2.716898399058    2.7520    2.1011   0.391    4
53976.207   -0.167163735414    0.192499200580    0.2537    1.0088   0.223    7
53978.249   -0.504010290099   -0.135399601930    0.1745    0.4328  -0.239   39
53984.210   -0.024940763096    0.336499199705    0.3705    1.0745  -0.233    4
53990.207    0.817996837258   -1.628701199508    0.9590    1.4355  -0.865    8
53991.230    0.175326504831   -0.971100000413    0.5492    1.8158   0.410    9
53997.205    0.112383129852   -0.258800398711    0.2613    0.7263  -0.452   14
54004.207    0.420725940818   -0.097801197541    0.4205    0.8832  -0.311   13
54019.230   -0.239459902883   -2.424401997558    0.5867    2.1494   0.566    8
54025.209    0.507872561297   -0.836701197926    0.2530    1.9906  -0.703   13
54032.207    0.307305952162   -1.827701996149    0.4036    1.2846  -0.040   13
54039.209    0.332987827784   -0.958499999371    0.3535    0.6700  -0.281   10
54046.207   -0.432455184523   -0.550800000809    0.2354    0.4644  -0.222   28
54048.249    0.096941234920   -0.530301601032    0.1223    0.1667  -0.542  162
54067.209   -0.077644157385    0.080197199281    0.2894    0.7298   0.071    6
54074.207   -0.004749408766   -0.430300799792    0.4842    0.4952  -0.382   24
54075.226  -10.650451460847    0.200300403463    0.4123    0.5179  -0.202   27
54076.249    0.130493728613   -0.633502799019    0.1440    0.3103  -0.184   61
54081.205   -0.660039768027    0.263797201683    0.6530    0.7102  -0.665   13
54088.207    0.242876807832   -0.421401601614    0.3587    0.4777  -0.194   21
54110.206   -0.518411781929   -0.930402001842    0.2906    0.6783   0.445    9
54123.209    0.450715403255    3.097897202764    2.8671   13.9132   0.995    3
54125.251    0.006830214968   -1.086001196171    0.2712    0.4677  -0.266   28
54130.207   -0.261283102238   -1.019001599900    0.2710    0.6258  -0.105   12
54137.209    0.081652554889   -0.189399600004    0.1376    0.3636  -0.176   25
54144.207   -0.979075014527    0.514400400675    0.3430    0.5002  -0.385   21
54152.206    0.625300846192   -0.030200398982    0.3490    0.8328  -0.346    3
54158.207    0.550478506272   -0.103201197987    0.2356    0.6155  -0.342   16
54165.206   -0.054335239313   -0.545702401666    0.2054    0.5210  -0.350   13
54172.208    0.060570468061    0.424598398041    0.3922    0.8975  -0.089    6
54179.206    0.278951879046   -0.295300801412    0.1805    0.4976  -0.136   15
54186.208   -0.015292224328   -0.344502001326    0.1757    0.6030  -0.456   17
54187.230   -0.048545427446    0.000000000000    0.1568    0.2767  -0.172   88
54193.209    0.009352792490    0.164498398902    0.1470    0.3896  -0.386   47
54201.208    0.182156719800   -0.636901200579    0.1517    0.3274  -0.193   49
54214.208    0.052999140566   -0.661802401680    0.1754    0.4018  -0.010   50
54223.207    0.908261021478   -0.387601202334    0.3336    0.4141  -0.062   28
54228.208    0.456209519477   -1.958799599322    0.3131    0.9120  -0.431    6
54235.206    0.102731046787   -1.781402398393    0.2349    1.1362  -0.029    5
54242.208   -0.207692519749   -1.529002799572    0.3264    0.9949  -0.492    5
54250.207    0.250002769078   -0.651099596638    0.1931    0.4910  -0.206   16
54256.208   -0.177553336075    2.364699597734    0.3430    0.8203  -0.035    5
54263.206    0.282660935343    0.289998003211    0.2894    0.7678  -0.079    9
54277.206    0.140142216748    0.741600003806    0.2907    0.9819   0.342    8
54278.229    0.167904847940   -0.492202796920    0.1323    0.2580  -0.430  136
54298.208    0.712889288623   -1.344599996145    1.0337    3.2357  -0.890    3
54314.250   -0.968532198964   -0.168299997938    0.3246    0.6830  -0.056   69
54326.208    0.123517437970   -0.046000796772    0.3139    0.6468  -0.278   10
54333.206    0.140142216748    3.169497598776    0.2764    0.9640  -0.048    5
54340.208    0.136878526700    0.534499203297    0.4400    0.9404  -0.279    5
54348.207    0.099763103017   -1.110002400395    0.4062    0.5456  -0.441   17
54355.227    5.481921510893   -1.966100402484    7.7368    2.9095  -0.150    4
54375.210    0.034738972468    0.451799999013    0.2096    0.6515  -0.350   10
54384.228    1.577208215747   -1.121201998444    4.3743    1.6320   0.121    6
54396.208   -1.735165234344   -5.435002796617    1.7978    5.9932   0.990    3
54431.206    0.485899741971    0.016200001340    0.3607    0.7565  -0.024    4
54438.208    0.155879857958    0.117097199137    0.4635    0.9201  -0.304    3
54440.250   -0.004899079369    0.495399599743    0.1819    0.3688  -0.329   88
54452.208    0.415680785775   -0.474501596415    0.1535    0.5007  -0.210   12
54480.208   -0.072445787440   -0.629301596433    0.3412    1.3657  -0.573    7
54489.248    0.290531502780   -0.371901600715    0.1580    0.2416  -0.242  123
54501.206   -0.074227303068    1.604300398128    0.3312    1.3600  -0.477    5
54502.225 -121.617597350378 -134.187800397711   15.2233   15.5723   0.932    3
54529.207    0.209324364773    0.769500002917    0.1591    0.5314   0.213    9
54543.207    0.088924541177   -0.302399999441    0.1418    0.5299   0.301   11
54557.207    0.982192628901   -1.579701598331    1.3777    1.1993  -0.853    8
54564.208    0.195072492913    0.247698002909    0.1960    0.3969   0.012   19
54571.207    0.161520049854    0.208497603182    0.1696    0.3956   0.209   14
54579.209    0.228179569724    2.105899199023    0.4287    2.1461  -0.172    3
54601.248    0.531922591895   -0.174801600394    0.1481    0.3913   0.095   51
54608.250   -0.000594986220   -1.616202001031    0.3215    0.6776  -0.225   19
54612.995    1.994666871587   -1.712699997825    1.0908    1.6084  -0.254    6
54614.207    0.067696378675   -1.831500001259    2.7226    6.5547  -0.760    3
54627.207   -0.041419466199    0.558698399544    0.3941    0.6772   0.441    8
54634.209    0.229070352854    0.803397598048    0.2129    0.4241   0.296   16
54641.207    0.545283731257   -0.471200397101    0.4375    0.8651  -0.563   14
54642.226    7.037010831640   -4.413002398707   11.6797    4.0767  -0.708    6
54648.209    0.870404535901   -1.715900400967    1.0142    0.8345  -0.232    7
54662.209   -0.070072880522    0.825897603107    0.2188    0.5174   0.135   21
54669.207   -0.273457762824    0.699300003504    0.5633    1.1243  -0.314    4
54676.209    0.930230296506   -1.432501202459    0.6718    0.6872  -0.506    5
54690.497    0.357187528986    0.036000002979    0.3420    1.1389  -0.444    7
54692.499   -0.051812661791   -0.358102801812    0.2304    0.4319   0.006   14
54695.501    0.405882627036    1.455397197958    1.2037    4.0447   0.931    3
54696.502   -0.845314051569    0.744098402095    0.2822    1.1555  -0.296    3
54697.499   -0.086106217377   -0.296600401839    0.6093    1.4159  -0.546    4
54698.500   -0.783257864790   -1.141300801066    0.3917    1.2888  -0.486    3
54702.499   -0.607485993710   -0.582699597373    0.4487    1.2407   0.281    4
54703.500   -0.204425234770    0.196797599017    0.3437    1.2902   0.064    4
54704.501   -0.116687172369   -0.009701999204    0.2408    0.8147  -0.239    5
54712.208   -0.988427807017   -0.906602396356    0.7881    2.5463   0.851    5
54713.249    0.201753037278   -0.570801601185    0.1664    0.3440  -0.290   60
54718.209   -0.072445787440   -1.011999597722    0.3124    0.7797   0.521    9
54739.207   -0.313986496526    0.709599598281    0.5539    0.7430   0.200   16
54747.228    1.383026505964   -6.591099602105   10.3521    7.2838  -0.940    3
54760.209    0.516184950685   -0.475002002531    1.1713    4.1091   0.944    3
54777.270   -0.479219146974   -1.941602398858    0.4696    1.6083   0.127    6
54781.207    0.511136251345    1.518998399064    0.6129    1.4808   0.906    6
54784.268    0.960814795795   -0.816202798148    0.8879    1.2984  -0.183    5
54791.273    0.247626267231   -1.304902797017    0.3448    0.9071   0.044    9
54796.270   -0.792314911002    0.089697599748    0.6584    2.3042  -0.357    5
54803.228    0.327793052770    0.972198002103    0.3367    0.8343  -0.369   12
54805.270   -1.290239642957    1.030399202762    5.3627    2.2535   0.318    4
54810.208    0.207988266026    0.973299597717    0.1755    0.5729  -0.156   11
54812.272    0.066509950532   -0.137401200817    0.3727    0.9030  -0.085   12
54817.228   -0.151426094204   -2.021201996172    0.3517    5.5004   0.076    5
54819.270    0.498519768807    0.686300398911    0.7803    0.9643  -0.127   15
54823.207   -0.122031617987    0.490698003830    0.2049    0.6441  -0.184    7
54824.266   -0.893859479015   -1.346000399138    1.0281    1.0888   0.152   11
54830.205    0.266777218460    0.464400000055    0.3177    0.9881  -0.154    9
54840.268    0.760543983571   -0.112802401020    0.5430    0.7251   0.125    8
54844.205    0.104512562415   -0.480999598551    0.6037    1.2791   0.543    4
54847.266   -0.271526627225   -0.276001199495    0.3430    0.5576  -0.256   29
54852.208    0.859565974061    0.687297598034    0.4023    0.5034  -0.181    7
54853.249    0.003712651227    0.359798399074    0.1023    0.2727  -0.141  121
54861.270    0.553891866924    0.325198799089    0.3277    0.7117   0.019   13
54868.272    0.070518246771    0.585698401778    0.2501    0.5196  -0.057   31
54875.270    0.745700619156   -0.506199600636    0.4348    0.5709  -0.281   19
54880.208   -0.422806645755   -0.603201597471    0.2842    0.8341   0.544   10
54881.249    0.127080367961   -1.228500002526    1.0836    1.5564  -0.800   10
54882.272   -0.242876807832    1.035997201626    1.0308    1.1503  -0.652    5
54886.187    0.241241418511   -0.936399597862    0.1912    0.7842   0.079   30
54887.206    0.008312440022    0.044600400173    0.1600    0.4244  -0.175   38
54901.206    0.111788143633    0.018698399629    0.2382    0.8028   0.144    3
54903.270    0.405882627036   -0.146300398995    0.2196    0.5300   0.027   22
54917.270   -0.192400244788   -1.113501598127    0.3124    1.1497  -0.153   21
54924.268   -1.951911256008    2.474697598842    0.9194    1.7181  -0.745    3
54930.269   -0.786525099135    1.000799999673    0.7078    2.0233   0.280    7
54936.208    0.194922872942    0.392799597648    0.1508    0.4127  -0.171   25
54938.272   -0.705763327377   -0.000302401304    0.5000    0.7062   0.111   11
54942.209    0.136878526700   -0.068101198281    0.1994    0.4652   0.196   25
54943.228   -0.500746600051    0.466700399926    0.1641    0.8178   0.106   91
54945.270    0.346348967146    0.957200398943    0.5155    1.8726  -0.400    3
54949.207   -0.261432722209    0.524199602125    0.3800    0.4486  -0.050    8
54956.209   -0.317994843398    2.424798000789    0.5655    1.0621  -0.247   10
54958.269    0.226989546651   -0.897699597857    0.3265    0.6014  -0.056   15
54966.268   -0.094714353044    0.533700002592    0.6735    1.0098   0.223    3
54973.270   -0.692551807986    1.692799200015    0.4803    1.0150  -0.252   18
54976.999  -52.566539255515  -29.234102396458   12.1849   10.6723   0.937    3
54980.268   -0.030285208714    0.549698398800    0.4008    1.3901  -0.297   14
54993.271    0.445520628240   -0.703800000679    0.2546    0.4852  -0.161   28
55001.270    0.190173413544   -0.591001199979    0.5051    1.3433  -0.321    9
55005.208   -0.241986075335    0.125197203005    0.4890    0.9308   0.332    9
55008.268   -0.036520386830    0.783500400559    0.8123    0.8700  -0.438   20
55012.206   -0.974026264554    1.460199602832    1.2174    1.2015  -0.274    3
55014.269   -0.074376923039    0.917600402062    0.2878    0.5834  -0.110   24
55029.270    0.936020108373    0.511700403649    0.7522    1.8179   0.075   37
55032.999    2.115661732035   -6.686200796224    0.7664    1.2488  -0.523   29
55036.268    0.280879419715    0.196099200878    0.3934    0.9684   0.065   18
55043.270    0.580022653092   -2.233202397406    0.4582    0.8052  -0.087   29
55050.269    0.086847329904    0.299898000833    0.2239    0.6950  -0.139   18
55057.270    0.143409451093    0.560098802538    0.2555    0.7398  -0.306   45
55064.269    0.235006240395   -0.134002799257    0.3512    0.5235  -0.077   35
55068.210    0.129007959263   -0.193201199039    0.2107    0.5842   0.097   73
55078.269    0.337591211509   -1.188201601110    0.3155    1.6724  -0.354   24
55082.001   -1.482639887744    1.504998001423    0.5417    2.9194  -0.398    6
55085.270    0.062647679334   -0.317901596247    0.4549    1.2135   0.229   19
55092.269    0.679486465534    3.108499198845    0.6849    2.1946  -0.274   11
55096.206   -0.361345495829   -0.857300400270    0.1850    0.3597  -0.156   72
55098.248    1.099916660075   -1.567202399855    0.5637    1.0737  -0.599   11
55099.270    0.252970712849    0.116899200719    0.3234    0.6239   0.072   46
55103.208   -0.328388038990   -0.396000000791    0.2546    0.2861  -0.056   54
55106.269    0.642670332426   -0.466102797958    0.4095    0.7092  -0.476   38
55110.206   -0.540530676929    0.172198799220    0.2308    0.5642  -0.041   61
55113.270   -0.696560154857    0.227300399303    0.3689    0.5587  -0.426   41
55118.209   -0.586998893102   -0.445100398139    0.3365    0.3722   0.541   37
55120.269    0.327347686521    0.241898398912    0.3599    0.7100  -0.088   19
55124.210    0.922808639615    0.991497597624    0.4434    1.5432   0.278    4
55127.274    0.423697428886   -1.180000801071    0.4012    0.5831  -0.206   45
55134.269    0.771086799133   -0.726501598081    0.6648    0.8188  -0.643   20
55141.271    0.438690413272    0.096598799360    0.1900    0.4813  -0.089   36
55145.208   -0.392966803290    0.679597197717    0.6131    0.7510   0.370    4
55148.269    0.288600417814   -1.099202399502    0.4291    0.6822  -0.659   47
55154.248    0.092637192404    0.248097600064    0.0933    0.2388  -0.127  108
55155.271    0.115351073623   -1.469501998486    0.3913    1.0832   0.342   14
55159.208    0.282215569095   -0.392799597648    0.1300    0.5384   0.067   98
55160.271    0.445520628240    0.294498000386    1.2440    1.2619   0.058   27
55169.271    0.253120383453    0.392299197927    0.2363    1.0628  -0.151    8
55176.269    0.157957069230   -0.820400400414    0.2751    0.9151   0.045   27
55180.206   -0.102435300510    0.391597199467    0.1007    0.1843  -0.003   91
55183.271    0.095459060500    0.700099197815    0.3548    1.0405   0.469   28
55188.271   -0.179929837923    0.838098000600    0.4049    2.3874  -0.549   13
55195.273    1.012032471367   -2.680102802088    0.8310    2.8343   0.514    4
55204.273   -1.265744246109    1.040799600105    0.7849    0.8028  -0.723    9
55211.271   -0.006830214968    1.373698799512    0.2560    0.7870  -0.281   14
55218.269    0.021673528751   -1.217602799386    0.3514    2.0285  -0.221    9
55225.271    0.043942094354   -0.990399602330    0.2996    2.2078   0.065    7
55229.208   -5.203564618067    1.299297597512    5.3954    2.3949  -0.319    4
55232.269   -0.621887485540   -7.097202000494    0.8524    1.8886   0.274    7
55236.206    0.772868264129   -1.554901199796    1.1079    1.8233  -0.731    6
55246.269   -0.150685032310    0.017798402752    0.1380    0.4052  -0.082   24
55253.271   -0.231742550347    0.410299199416    0.7770    2.2939   0.767   13
55267.271   -0.037706865605    0.246099601497    0.2658    1.1536  -0.617   10
55269.707   40.046865901721   20.190898802497    5.2488    3.5178   0.418    3
55281.271    0.020041683727   -0.450900002136    0.2248    0.9756  -0.426   22
55285.208    0.509654026292   -0.452102400317    0.1770    0.4011  -0.148   14
55287.272    0.936615145226   -2.146899598898    0.4873    2.4479  -0.863   13
55295.271    0.343231403405    1.249297203287    0.3140    0.9708   0.237   28
55302.269   -0.135097011072   -0.082602002038    0.1743    0.4686  -0.217   22
55306.206   -0.052108408069    0.653997598477    0.7534    1.1360  -0.526    5
55309.271    0.306710965942    0.763498800183    0.1871    0.8022  -0.270   38
55316.269    0.372625879621   -0.388400396645    0.3703    0.5814  -0.395   38
55323.271    0.256979059721    0.368697603648    0.1909    0.5353  -0.105   39
55330.269   -0.181711353551    4.056397202135    0.4107    2.5634  -0.870   28
55337.271    0.493321398862   -1.419901201416    0.1712    0.5734  -0.289   54
55344.269    0.733971375451   -2.007500399515    0.2976    0.8628  -0.701   10
55349.207   -0.183047452297    1.059098402578    0.2381    0.6145  -0.444    9
55351.271   -0.361345495829   -0.071600402407    0.5140    0.6578  -0.106   14
55358.269   -2.317414718680   -1.610002799879    0.3440    0.6010  -0.138   33
55362.207   -0.063538411832    0.018000001489    0.1803    0.4325  -0.246   24
55365.271    0.554337233172   -1.666000796519    1.1103    4.2575  -0.957   10
55371.250   -0.279842611544    0.226299599859    0.1341    0.3747  -0.399  150
55372.269   -0.952944177726    0.494197201562    0.5169    3.4713  -0.268   17
55377.229   -0.230406400968   -0.025001997273    0.4156    1.0763   0.459    4
55379.271    0.344717122122    0.707597999394    0.3316    0.9191   0.574   14
55393.271   -1.311467805458    2.867000403484    0.4381    1.0397  -0.277   36
55397.209   -0.963187702713    2.883697197831    0.7564    1.6451  -0.395    6
55400.269   -0.162560402322    1.270097997974    0.2385    0.7736  -0.326   40
55407.271   -0.733080592320    2.321298001817    0.4838    3.2621  -0.449    7
55411.209   -0.490798770708   -0.263602797190    0.3132    0.6237  -0.397   13
55413.250   -0.323339289016   -0.287200797544    0.1321    0.3158  -0.284  127
55421.271    0.062501603660   -1.386601201858    0.1559    0.4600  -0.202   46
55432.207   -0.735603169842    1.637197200210    1.3461    3.9076  -0.886    6
55439.209   -6.902359085552   11.389697997544    2.4524    4.8740  -0.975    6
55449.271   -0.137769259197    1.010998798279    0.3489    1.0703   0.189   11
55454.228    0.063392336158    0.025297197936    0.0892    0.1843  -0.218  203
55456.269   -0.871441293440    2.195899200075    0.4042    1.1839   0.117   10
55467.209   -0.003562929990   -2.091402001980    0.4430    1.0701  -0.634   13
55470.269    0.356296796489   -1.736999996638    1.4855   10.1908  -0.905   11
55477.268    0.833734427835   -1.849201201765    0.3586    1.1436  -0.272    3
55482.206   -0.019596317478   -0.060901197685    0.2365    0.6614  -0.501   10
55483.229   -0.204574905374    0.786999598290    0.1120    0.4443  -0.155  207
55484.270    0.170726716037   -0.972201602423    0.2795    0.8729  -0.028   21
55488.207   -0.309087417157   -0.032799599836    0.3939    0.8855  -0.516    4
55505.271   -0.232779358518   -0.834101997071    0.4722    1.0364  -0.053    6
55512.270    0.749263599779   -2.886699596161    1.0171    8.5811  -0.954   11
55538.228   -0.105998281133    0.139798802934    0.1079    0.2109  -0.453  221
55544.207    0.054780656194    0.765997198471    0.1363    0.3626  -0.112   35
55547.271   -0.148753896711   -1.700099996782    0.6123    1.4288  -0.092   16
55551.209    0.137174272977   -0.494902800341    0.1146    0.2859  -0.071   52
55553.269    0.117132589251    0.905198399437    0.3559    0.6039  -0.018   43
55568.270    1.316961921681   -7.168301996785    0.9755    1.6245   0.465    6
55572.207   -0.604368379336   -0.120301196205    0.2320    0.3313   0.145   25
55575.272   -0.540976043178    0.678798003406    0.5983    0.9353  -0.520   18
55582.270   -0.353328802086   -0.553701596573    0.4029    0.6388   0.175   27
55586.207    0.288155000933    0.251499601944    0.2971    1.1846  -0.780    6
55596.270   -0.075267655537   -1.717300797566    0.5382    0.7187  -0.046   17
55600.207   -0.081207138008    0.039200399726    0.2683    0.6602  -0.060    7
55603.268   -0.011729294338    0.389599200901    0.5398    1.0956  -0.280   16
55607.209   -0.200712634176    1.300698000506    0.2816    0.5700  -0.231   20
55614.207   -0.056711741160   -0.580899597225    0.1973    0.3259   0.295   26
55628.207   -0.445370957637    0.260600398860    0.2465    0.4509  -0.065    9
55649.205    0.131829827359   -0.694299600212    0.2289    0.8029  -0.164   12
55650.228   -0.134797720497    0.075599999860    0.2105    0.3410  -0.348   25
55657.230    0.279097954720    0.078397199132    0.0781    0.1629  -0.074  138
55659.272    0.365945284624    2.853399602998    0.4688    1.1309  -0.051    9
55665.247   -0.070664322445    0.242197199896    0.1479    0.4748   0.032   16
55666.270   -1.524800517103   -2.229202799953    1.2316    1.6363  -0.044    6
55671.270   -0.059084698711    0.279900000777    0.1973    0.5323   0.168   44
55678.210   -0.067696378675    0.114497998283    0.2161    0.6299  -0.174   20
55680.270    1.158855232479   -0.713501999883    0.7260    0.7953  -0.272   10
55694.270    0.046913633054   -0.092901596815    0.3474    0.5994   0.255   29
55698.207    0.233819761620    1.820599197799    0.3030    1.0131   0.157   13
55701.272    0.057602524291    0.298997997561    0.3153    0.5499   0.356   38
55708.270   -1.157223387455    0.187398001117    4.5856    3.9997  -0.959    3
55733.209   -0.340559104646   -1.576601997755    0.2840    0.5530  -0.348   21
55734.228    0.265886485962    0.316598401895    0.2714    0.4443  -0.239   31
55736.270   -0.349170835243   -0.083602801482    0.5108    0.7654  -0.089   26
55741.230    0.055821008663   -0.311000396636    0.0775    0.2788  -0.206  299
55743.268   -1.929346994760    1.278399600579    1.3689    1.5993  -0.392    7
55755.230   -0.211551196017    0.590399997691    0.2652    0.4946  -0.269   18
55757.268    0.283106301592    0.671299201827    0.4765    0.7080  -0.630   42
55761.206   -0.279397245295   -0.356101196530    0.5039    0.6180   0.133   16
55763.247   -0.332987827784   -0.562499998580    0.3310    0.7447   0.034   24
55764.270   -2.418809666721   -0.399301200105    0.6886    0.9915  -0.081   25
55775.209   -0.118172941719    1.287597599742    0.4148    0.9930   0.610    9
55785.268    0.292459094082   -0.022499998664    1.1853    0.8483  -0.224   18
55791.251    0.507277524444   -3.743902800579    0.7508    1.8847  -0.038   23
55796.208    1.149947806238    0.699699600659    0.7114    0.6826   0.084    8
55799.268    6.538341392230   -6.190102798342    5.8794    4.4234  -0.912    3
55806.270    0.215409922917    0.789998402695    0.6593    0.6328  -0.561   12
55811.208    0.512326274417    0.353098798200    0.4958    1.0914  -0.386    3
55813.272   -0.264846082861    0.192798001564    0.3000    0.5985  -0.014   38
55819.500    0.050177272470   -0.605199602433    0.3936    0.5847  -0.647    5
55820.497    0.271380551551   -1.142499598927    0.6495    1.2499  -0.919    9
55821.498    0.047505074977   -0.778301998849    0.2041    0.4766  -0.362    8
55822.498    0.945522571467   -1.105502396825    0.5685    0.6532  -0.637   10
55824.500    0.798995506000   -0.774802801118    0.5049    0.6493  -0.690   10
55825.497   -0.086252293051   -0.326501999837    0.1833    0.3355  -0.158   15
55826.498    0.041269846228   -1.162602001870    0.2749    0.5755  -0.705    7
55827.499   -0.127671809883    0.037699200561    0.1245    0.2885  -0.132   21
55828.499   -0.260987355960    0.278697602596    0.2896    0.5764  -0.159    3
55829.500    0.033552493692    0.269297998301    0.2210    0.4106  -0.182   16
55830.501    0.073040874926    0.072399603113    0.3162    0.3760  -0.387    8
55831.498   -0.137469968622   -0.506102398390    0.1915    0.2483  -0.020   23
55832.499   -0.215114176640    1.369097999770    0.2302    0.9599  -0.560    4
55833.500    0.046913633054   -0.145000798568    0.1843    0.6062  -0.084   10
55841.272   -0.604072633058   -0.072100802129    0.3124    0.5933   0.066   18
55845.206    0.002226881877   -0.431301599235    1.1044    1.5080  -0.839    5
55852.208   -0.419984777659    0.953899199629    0.2261    0.4929   0.260   11
55853.271   -0.840860338448    0.660798001917    0.4404    0.6738  -0.432   25
55859.206    0.430228353279    0.679197600562    0.7183    1.9549   0.821    5
55861.251   -0.061906566808    0.399898802073    0.9281    0.6732   0.086   11
55880.208   -0.057303183083    0.237697202721    0.1495    0.3394  -0.275   16
55882.250    0.383909757078   -0.081000000307    4.9531   10.9997  -0.939    3
55887.206   -0.191359841686   -0.060901197685    0.3117    0.4864   0.115   17
55889.295    4.074994644935   -4.807501200332    0.8332    0.7405  -0.073   14
55895.231   -1.099770533768    0.325897203624    0.3836    0.4849  -0.340   18
55901.206    0.321557824021    0.493498803422    0.1944    0.3900  -0.193   22
55902.229   -0.452347248279   -0.397400397389    0.2381    0.4249  -0.185   21
55904.270    0.378714982063   -0.866199598448    0.2831    0.8716  -0.076    6
55911.269   -0.409000190777   -0.303602397622    0.3003    0.7403   0.164   14
55925.269   -0.192104498510    0.655498797641    0.2009    0.4448  -0.107   32
55932.271    0.169390617291   -0.036399600134    0.5860    0.7512  -0.364    8
55950.208   -0.590711544329    0.522500398148    0.4915    0.7446  -0.002    3
55951.227    0.264550387216    0.507200400079    0.2407    0.7096   0.012    7
55953.269   -0.043795968047   -0.455900399032    0.6206    0.9771  -0.739   26
55957.210    0.237382742243   -1.042401601836    0.2120    0.6677  -0.455   15
55960.271   -0.249407732226    0.426798001740    0.2540    0.4345  -0.126   59
55964.208    0.289341479708   -0.922899599942    0.1380    0.3828  -0.295   18
55971.206    0.515294218188   -0.286102802249    0.5596    0.4185  -0.622   18
55992.208    0.295875999031   -0.834602396793    0.2622    0.6872  -0.586   19
55995.273   -0.076899500561   -1.025099998486    0.9392    0.7940   0.179    5
56000.207    0.674142019916   -0.974901599449    0.4736    0.9573  -0.344    9
56009.273    0.300625407797    0.482698802529    0.2168    0.5026   0.177   19
56013.206   -0.078235649940   -0.304502400894    0.1751    0.3336  -0.436   42
56016.271   10.483141649759   11.743898397754   16.9812   19.0105   0.997    3
56020.208   -0.623964696813   -0.068202000847    0.2623    0.4898  -0.367   19
56021.249   -0.027167594340   -0.405302396445    0.1718    0.4317  -0.550   29
56030.271   -0.011283928089   -0.080600396757    0.1881    0.4429  -0.138   56
56034.208    0.173545039836   -0.708202802002    0.3562    0.3934  -0.334   10
56036.250   -0.418053692693    0.458600402453    0.1814    0.2316  -0.159  201
56037.269   -1.197306754908   -1.031601600943    1.1696    1.1369   0.328    3
56041.206    0.008312440022   -0.254199598970    0.1823    0.3534   0.051   29
56044.267   -0.102880666758    0.701499600808    0.3101    0.5140   0.087   37
56055.206   -0.492430615732    0.234298801161    0.2405    0.3295  -0.485   69
56058.267   -0.074526593643    0.180698400243    0.1203    0.2965  -0.244   86
56062.208    0.032362470620   -0.131000400927    0.2890    0.4749   0.103    8
56065.269    0.036670057434   -0.058201200659    0.4045    0.9892  -0.530   16
56072.271   -0.404991843906   -0.456001201599    0.4523    0.6307   0.150   11
56077.209    0.234710494117    1.098197999738    0.2556    0.5368   0.185    9
56078.250    1.052261965127    0.130298402468    0.4102    0.6402   0.276   14
56084.207    0.256533693472    1.799600398300    0.3352    0.7096   0.257    4
56085.252   -1.443297632818   -2.099602802019    2.1428    6.2146   0.740   18
56086.271    0.165382270419   -1.721001600430    0.3993    0.5888  -0.392   14
56093.269   -0.285037386558    0.582098401480    0.5402    0.6032  -0.429   14
56098.251    0.337591211509    0.763599602749    0.4635    0.6364  -0.079    9
56100.271    0.001631845024   -0.256600801407    0.4557    0.5247  -0.135   27
56107.273    0.559236312542    0.699498001921    0.2059    0.3800   0.040   37
56121.269   -0.592938375573    0.695700003206    1.5499    1.5739  -0.830    9
56125.207   -0.104216765505   -0.469101602363    0.2229    0.5084  -0.309   14
56132.208   -0.043496677472   -0.004899600725    0.1671    0.3601  -0.044   22
56149.269   -0.728922625477    1.869498002804    1.9478    1.4884  -0.725    3
56153.207   -0.025831495594    1.472698801308    0.3483    1.0481   0.164    9
56160.208   -0.383314720225    0.313999201040    0.2150    0.4457  -0.035   26
56162.250    0.278506512798   -1.003402800848    0.1164    0.3376  -0.044  220
56163.269   -0.090559930498    0.499798800746    0.2370    0.6243  -0.050   22
56177.273   -0.140291836719   -0.849599999952    0.6458    0.9783  -0.384   12
56184.271    2.968547111099   -3.371000400421    1.2845    1.6524  -0.821   13
56188.209    0.430078733308    0.906598802430    0.3086    0.6934  -0.440    9
56191.269    0.311164679062   -2.609600401371    0.7503    1.2760  -0.141    5
56195.207   -0.120991265519    0.403898399526    0.1532    0.3663  -0.298   50
56198.271   -0.878271508409    0.348098401304    0.4095    0.7262   0.037   13
56205.269   -0.185423954145    0.000500399722    0.1846    0.4827  -0.253   39
56210.186   -2.220619610067   -0.232002001610    0.9573    2.4871  -0.306   20
56211.208    0.148308530463   -0.330602399856    0.6107    0.6643  -0.706   15
56212.271    0.116687223002    0.182599202958    0.1992    0.4861  -0.142   24
56230.209    0.355701759636   -1.458100801699    0.2687    0.4087   0.046   13
56233.269    1.679493896285    0.166399201618    1.0154    0.6217   0.035    6
56237.207   -0.017073739956    0.248400001368    0.7070    0.9734   0.101   11
56258.205    0.500596980080   -0.012200397492    0.3344    0.4614  -0.718   37
56261.269   -0.104216765505    0.706298398967    0.3133    0.5335  -0.118   16
56265.207    0.088778465503    0.442897200514    0.1685    0.4181  -0.036   21
56274.250    1.539943121460    0.641397603829    2.8509    1.8687   0.241    3
56275.270   -0.337886907154   -0.143999999125    0.2192    0.5136  -0.112   62
56282.271    0.487976953244   -0.044002798205    0.3470    0.5526   0.206   13
56289.273   -0.030580954992   -0.129902399237    0.1480    0.3659  -0.171   60
56295.209   -0.331951019613    1.359900000608    0.4122    0.6766  -0.637    8
56296.271    0.452646538854   -0.815399997123    0.4989    0.4454  -0.348   21
56300.209   -0.265145373436    0.050698798759    0.2983    0.5651   0.509   12
56303.270    0.271081260977   -0.236901602335    0.3775    0.4475  -0.236   35
56308.208   -0.152762243583   -0.586900799959    0.1964    0.3944   0.320   17
56310.271   -0.828835348465    0.326998799238    2.5087    1.5976  -0.803    3
56315.210    0.314877279657   -0.833900398334    0.5083    0.5702   0.516   19
56321.207   -0.089964944278   -0.337100401993    0.1977    0.3772   0.267   34
56322.230    1.620854563823   -1.534402800019    0.4642    0.7286  -0.547    9
56324.271   -1.253423509849    0.790498802417    1.2280    0.8988  -0.767    7
56331.270    0.171022462315   -1.511301599066    1.3251    1.0418  -0.061    4
56338.271   -0.038152231854   -0.773099996820    0.1617    0.3939   0.104   35
56343.228  -30.154581821331  -10.175201999374   49.9625   32.5958  -0.480    3
56345.270   -2.106900330835    1.250398798902    2.3480    2.0440   0.582    4
56349.207   -0.150535361706    1.024797603577    0.2890    0.7732  -0.569    6
56352.272   -0.271971993474    0.749897999697    0.5488    0.6719  -0.569   16
56364.208    0.074672669317   -1.752300001101    0.2631    1.0639  -0.432    6
56370.209   -0.432604855127    1.325300400623    0.3222    0.7366  -0.479    9
56373.270    0.180079508527    0.910998003434    0.1579    0.4114  -0.028   57
56377.207   -0.007867023140    0.736398001777    0.2748    0.4942  -0.431   16
56385.206    0.415531115171   -0.666601199839    0.4239    0.6042  -0.739   28
56391.207   -0.060274721784    0.064598400229    0.3845    0.4837  -0.807   44
56393.249   -0.286968522157   -0.174700797828    0.1563    0.3009  -0.189   95
56394.272    0.279988687218   -0.858502798451    0.4351    0.7478   0.313   10
56401.270    0.160928557298    1.111597201486    0.3411    0.7320  -0.294   19
56412.209   -0.477733377624    0.575499603173    0.3628    0.4319  -0.704   33
56426.209   -0.208137885997   -0.679600798037    0.8758    1.1147  -0.853   18
56429.270    1.012477837615   -1.379602800000    0.4728    0.8425   0.003   13
56436.268   -3.092951636004    1.232697598397    1.4276    1.7959  -0.801    5
56463.249    0.878567254686    0.874699199471    0.4183    1.2679   0.097  184
56464.272    0.619511034325    0.403498802370    0.3494    0.9057  -0.455    8
56468.206    1.046621773231    0.224697598128    0.3010    0.5657  -0.069   19
56471.270   -0.660634754247    0.155797199142    0.2071    0.5201  -0.313   36
56475.207    0.128712212985    0.018500401211    1.0446    1.4264  -0.945   24
56492.272   -0.492134920087   -0.317699997510    0.2837    0.8867  -0.148   12
56513.270    0.969572602066   -2.561302798654    0.7521    0.9387  -0.586   16
56562.272    0.236492009745    0.883400399232    0.8133    1.2346   0.768    7
56604.272   -2.008028010949    1.910300397867    0.9974    0.9537  -0.755   16
56618.272   -1.097244361316   -0.520001999860    0.8997    1.0131  -0.516   10
56623.272   15.855501848264  -17.954402400022    1.2965    1.4445  -0.699    4
56626.286    0.340708775250    0.108000002541    0.3198    1.0490  -0.151    9
56628.225   -0.773163959773   -3.879601197099    0.8833    4.2915   0.703    4
56632.269   -0.949680538310    1.418900401973    0.3645    1.0784  -0.093    9
56632.269   -0.456800961400    0.289198802506    0.2405    0.6834   0.127    9
56634.263    0.104811852990   -0.269200802450    0.3284    0.8597  -0.043   12
56636.257    0.748964309204   -0.467002801230    0.3378    0.9612  -0.118    9
56638.251   -0.148903516682   -1.890302397811    0.3471    1.1458  -0.092    7
56638.251   -0.280879419715   -0.236699997203    0.1368    0.3294  -0.253  158
56639.270   -1.420287954688   -1.257501597252    0.6877    1.0055   0.748    6
56641.243    0.397270896440   -1.538600402284    0.4096    1.0639  -0.098    8
56644.227    1.264853513612  -17.452602000390   37.0723   71.7596  -0.070    3
56645.250   -0.002967943770    0.532997997738    0.1144    0.3336  -0.375   38
56646.272   -0.131680156755    0.465199200761    0.2885    0.4254  -0.545   36
56650.206   -0.175180429158   -0.454600798605    0.5837    1.2838  -0.866    5
56653.270    0.036816183741   -0.163299601041    0.2192    0.5682  -0.219   21
56661.920    0.541275384385    0.900997203246    0.2548    0.5216  -0.163   25
56664.210   -0.315917632125   -0.220500002257    0.2499    0.5310  -0.466   10
56666.248   -0.689434244244   -0.449301600725    0.4541    0.8059  -0.033   30
56679.207    2.665545201454   -1.022400001460    6.5673    1.9273  -0.832    3
56688.269    1.195079923664   -1.355101202449    0.6515    0.7551  -0.402   10
56695.271   -0.134206278574   -0.276501599217    0.1629    0.3616  -0.022   73
56702.265   -0.399052361435   -0.157802398348    0.2796    0.7785   0.180    6
56728.209    0.171467828563   -0.737301598974    0.8221    0.9992  -0.371    3
56748.206    1.777920900556   -0.979300800452    0.9081    0.5234  -0.544    9
56751.271    0.370994034597    0.273898798042    0.2419    0.5660  -0.053   28
56756.227   -1.542169952704   -1.623002398077    3.7354    5.5658  -0.808    3
56800.269    1.285490234191    0.081997199430    1.9724    1.0639   0.451    4
56817.881    0.579577286843    1.728698400427    0.5367    0.4208   0.123   28
56828.269    0.935428666451   -2.553001202443    2.2495    3.1799  -0.957    4
56835.271    0.326606573994   -0.254199598970    0.4676    1.4994   0.302    3
56840.253   -1.137181703728    0.901998002689    1.0978    1.4393   0.520    5
56891.271    0.560127045039   -1.190699999398    0.4647    1.0932  -0.119   17
56904.248    0.302852289674   -0.214401597276    0.1065    0.2189  -0.417  191
56910.227  -20.897546467110   35.865799200963    3.0217    4.5166  -0.721    4
56912.269    0.441808027646    0.833900398334    0.3690    0.9050   0.246   12
56940.273    0.172803927310    0.405899998412    0.2764    0.5889  -0.327   38
56947.271   -3.279415993251    3.713000403138    3.8599    4.2839  -0.944    3
56975.271    0.128712212985    1.210100397486    0.2251    0.7760  -0.112   18
56996.269    0.048695098050   -0.240101999083    0.1652    0.4203   0.282   26
57007.209   -0.936169728344    1.096297203418    2.3895    1.4619  -0.562    7
57015.270   -0.760397857264   -4.971301201095    0.2040    0.4628  -0.040   15
57038.269   -0.086401963655    0.398300400661    0.2877    0.3401   0.270   29
57043.208    0.979370760805   -0.650001601343    0.3768    0.3687   0.102   32
57045.271   -0.103771399256    0.346399203721    0.2439    0.7536   0.121    4
57049.209   -0.178743409781    3.079198803135    1.7510    1.9275   0.342    6
57056.207   -2.082258858314   -1.872601197306    0.9034    0.9061  -0.459    7
57059.271   -0.661525486745    0.061099202497    1.1767    1.7107  -0.850    7
57077.209   -0.296022024073    1.591498798348    0.9435    1.0032  -0.647    5
57092.232    0.067992124952    0.205700397515    0.3196    0.5008  -0.037   47
57098.207   -0.945372900863    2.127297602073    0.5138    0.8750  -0.604    8
57112.207    1.200125078708    0.051300001047    0.4925    0.4920   0.051   24
57114.274   -0.078089523633   -0.322200001079    0.1973    0.5506  -0.199   40
57122.270    0.140441507323    0.824900397589    0.1741    0.5035   0.052   19
57133.209   -0.064133398052   -0.413301597746    0.5546    0.5398  -0.608   22
57140.207   -5.154427748698    0.187700402421    0.3969    0.4293   0.208   33
57183.208   -0.558049783134   -0.222602397315    0.3161    0.4344  -0.024   27
57199.272    0.345607854620   -0.245901596685    0.3499    0.4863  -0.538   36
57204.363   24.701313775394   19.911999601163   20.8933   20.7654   0.987    5
57205.269   -0.131829776726   -0.270802797786    0.2049    0.4270  -0.072   26
57210.207   -0.850658497187   -2.079601201643    0.3909    0.5127  -0.441   33
57217.209    0.516035330714    0.017600397939    0.9090    0.7295  -0.470   30
57219.251    0.003117614374    0.507600003630    0.2014    0.3117  -0.419  143
57246.206    3.968550997553    1.459799999282    0.5255    1.0508  -0.220   24
57248.270    0.222389757857    0.016297203587    0.2952    0.9691  -0.637   24
57255.272    1.902475096065    3.148398003106    0.2406    0.8069  -0.362   32
57260.228   -1.777179737396   -0.797201997216    0.6416    4.2900   0.026    5
57267.230  -12.697080664829   42.529798799507    3.3737    7.4711  -0.802    8
57287.206    1.703098560635   -2.708802001905    0.3883    0.4510  -0.470   19
57290.270    0.079126382438   -1.295002799395    0.2024    0.4082  -0.138   52
57301.209    6.785967659460    0.847098001344    1.3465    0.7983  -0.064    6
57303.247   91.497455160307 -136.205801997136    4.3274    6.5699  -0.991    3
57304.241    0.945672191438   -1.909702802294    0.3044    0.3802  -0.623   33
57311.272    2.262634113119  -11.354900399141    1.8977    3.2473  -0.921    4
57315.209   -1.155887288709    1.738699200615    0.5285    0.7352  -0.395   25
57318.270   -2.891643964976   -5.771300397583    2.6895    1.8176  -0.054   10
57339.268   -0.516334570657    1.699700399627    0.1819    0.3469  -0.361   27
57343.209    0.974471681435    1.291197600040    0.2809    0.3762  -0.205   17
57346.270    5.550362546391   -1.214402396243    0.3638    0.3731   0.059   23
57351.270   -0.241241418511    0.772199999943    0.1007    0.3199  -0.461   24
57352.290   -1.086409394406   -2.557602002184    1.2008    0.7676  -0.680    8
57359.251   -0.668056411138    5.084899202501    0.1283    0.2447  -0.601   99
57367.268   -0.242577517257    0.456998400722    0.1998    0.5230  -0.367   19
57371.209   -0.389403873300   -0.773701199108    0.3584    0.3683  -0.505   41
57372.225    1.178747296235   -1.013702402020    2.4097    4.2452  -0.751    9
57373.248   -0.712743162316    1.015200000865    0.8757    1.7705  -0.560   67
57374.270   -0.172953547281    2.334499198753    0.2981    0.9882  -0.334   12
57378.208    0.094714403676    2.636697599456    0.5685    0.7177  -0.643   24
57385.209   -2.366551638682    2.002698001036    1.7356    1.0529  -0.707    6
57386.269    0.180375254805    0.325997999795    0.1352    0.2936  -0.264   51
57395.272   32.101298352958  -30.816601200456    8.0864    6.4673  -0.963    3
57406.208    1.178747296235  -11.391299999275    1.3107   10.2832   0.435    6
57409.269    0.288155000933   -0.138999602228    0.5449    0.7627  -0.588   12
57414.207   -0.683494761773    0.102398403357    0.3273    0.3665  -0.096   42
57416.270    2.669257802049   -2.017000799981    0.3041    0.3210  -0.488   49
57427.206   -2.342946974332    2.131797599247    0.5365    0.5998  -0.527   20
57437.269    0.821859057823   -3.343100401310    2.5517    4.4508  -0.977    4
57441.206    4.642397220559    9.235198800894    0.6096    1.3422   0.806    4
57443.251    4.789519322879   -4.574401197033    0.2448    0.3577  -0.152   35
57444.270   -5.386166704115    5.889297599992    2.1809    1.8069  -0.801    3
57451.269    2.375904431172   -0.488102396901    3.0226    4.6066  -0.974    4
57458.270   -9.075619746948   19.021798798491    3.9248    6.9681  -0.983    3
57471.270  -12.384875582665   -9.451299602148    0.3533    2.3567  -0.302    6
57479.269   -1.888967881029    2.535397197789    0.4389    0.7043  -0.607   18
57483.206   -1.852593519240   -0.408902396742    0.4696    0.4249  -0.035   29
57485.251    1.060577898812    2.424297601067    0.4458    1.8252  -0.533   28
57486.271    0.836257005356    0.354200400210    0.2508    0.3372  -0.422   35
57493.269   -0.495847520681   -4.184002801821    0.1641    0.3901  -0.199   48
57497.206    5.017994588247    0.009298801729    0.7589    0.8036   0.028   12
57500.271    0.200862304780    5.246398803394    0.1809    0.4429   0.147   42
57507.269    1.313694687335   -0.778100400112    0.1321    0.3230  -0.213  113
57512.207    0.245844802236   -5.586699602134    0.3912    0.7251  -0.053   16
57521.269    1.612392554463    3.633397199110    0.7858    1.0068   0.087    5
57528.271   -1.926824417238    0.679798802850    0.4234    0.5207  -0.237   35
57532.208    2.204140906963   -0.026301597700    2.0632    4.0800   0.750    9
57535.269   -1.428155028460    0.945899998328    2.3105    2.3016  -0.815    4
57547.209    2.320086966806   -5.419000800089    1.6576    2.9219  -0.887   13
57549.269   -4.774080921611   -2.039201997661    0.9822    1.0887  -0.592    5
57563.269   -1.560875537684   -0.595702802286    0.2226    0.5348  -0.074   38
57570.271   -0.216895641635    3.200497198463    0.1179    0.2966  -0.217  113
57574.208   -6.285520349985    2.335499998196    3.8972    1.2590   0.166    6
57581.206   -1.972102610338   -2.861099996920    0.7952    0.6375  -0.364   38
57584.271   -1.476700455906    2.345000398662    0.3054    0.5583  -0.413   13
57591.269    4.086278573024   -2.841001200693    2.4637    1.9277   0.866   10
57595.206    0.680972234884    1.318500003578    0.8579    1.4349   0.735   18
57605.269    2.795148146937  -57.793500001679    0.8922    5.1925  -0.874    7
57609.206   -0.297953159672    0.033598800542    0.4072    1.7490   0.738   15
57618.228 -207.020742382416  -39.754501201372   19.0571    3.9369   0.925    3
57624.229   -1.353631979114   -3.716402398624    1.6266    2.6736   0.592   10
57626.271   -1.370556048467    4.366097998343    0.5791    0.8341   0.155   12
57638.207   -3.661244994759    0.571798800308    0.4027    0.3982  -0.153   43
57639.230    6.221237281329  -21.854102399743    1.6157    2.7469  -0.732    5
57646.250   -0.343231352772    0.392799597648    0.1109    0.2258  -0.496  163
57647.269   -0.333732484608    1.020499198745    0.1675    0.4346   0.129   51
57651.206   -1.994966162162   -4.592401198522    0.4185    0.5072  -0.046   32
57660.250   -0.560871651230    6.192197999155    2.0916    6.7690  -0.491    6
57661.269   -1.923111766011   -5.303401199797    0.1849    0.4946  -0.224   54
57667.230    4.620128705588   -0.102200398544    1.1902    1.0838   0.184    6
57668.271   -3.030453627274   12.008998800184    2.0634    3.2802  -0.967   18
57673.209   -0.293499446551   -2.851700399020    0.6441    0.9493  -0.500   26
57675.269   -0.184828917293   -2.407600800325    0.2006    0.5758   0.008   24
57680.229    1.178601220561    0.214199998538    1.1676    3.6021   0.754    4
57686.208    0.475360470706   -5.359499999003    0.7806    0.6227   0.091   24
57689.269   -0.174289696660    0.403498802370    0.7523    0.9782  -0.773   11
57696.271    1.271088742360   -0.445100398139    0.7148    0.3965  -0.537   11
57703.269    6.528247537846   -0.049201199914    0.6932    0.3530  -0.348   17
57707.207    8.799044420382  -39.338002800804    8.1029   17.3408  -0.099    8
57710.267    0.037411169960   -2.046502800823    0.1739    0.4282  -0.158   49
57715.271   -1.250751261723    0.805697997919    0.2339    0.8746  -0.223   15
57724.271   -3.039211382912   -1.106301597531    0.3507    0.4571  -0.285   22
57728.208    1.757433799948   -1.077202800559    0.3784    0.7650  -0.113    5
57737.270    0.979965747024    0.200199600897    0.4908    0.7362   0.496    8
57744.272   -0.505200313171   -1.413802796435    0.1704    0.6676  -0.479   36
57750.207   -0.367281383370    0.186800399149    0.2961    1.0165   0.262    9
57752.271    1.057310664467   -2.368799997754    0.3539    2.4576  -0.399    3
57770.475   -0.315026899628    0.403999202092    0.2035    0.4120  -0.465   45
57771.209   -0.843236840296    1.511297998746    0.4478    0.5961  -0.025   10
57777.207  572.926537460572 -560.975101200256    0.2464    0.2882   0.351   42
57780.271 1182.449801657873 1220.302400402318    0.2088    0.4003  -0.525   44
57784.209-1940.073307495327******************    0.5054    0.5031  -0.021   36
57787.269 1352.791722977351-1304.828999997198    0.1262    0.4353  -0.319   44
57793.249   -0.416867213917    2.157800402358    0.4401    1.0291   0.023  112
57801.269   -1.169989489964    0.025498803069    0.2655    0.3809  -0.202   36
57804.381   -0.405882576403    0.368298000097    0.1622    0.2805  -0.182   75
57806.208   -0.657517190506    0.554497203353    0.7852    1.2779  -0.248   19
57815.269  -26.915398866137  -24.231801602070    4.3464    4.1001   0.736    3
57843.270  -23.841598130729   -2.060100000989    0.4509    0.6136   0.178   16
57850.271    1.131687638139    0.378399602852    0.1843    0.2480  -0.271   57
57864.271    1.998675218459   -4.188700797414    0.3523    0.4151  -0.339   38
57868.209   -0.030730574963   -1.181001600514    0.5084    0.6399  -0.253   22
57870.247    3.216319454004    9.303098400437    0.4320    0.5769  -0.044   36
57878.271    1.605412668891    0.897800400423    0.1744    0.4192  -0.225   55
57885.270   -1.046176356349    2.658499199981    0.1756    0.4332  -0.095   50
57892.271    1.731156938105    3.938597998143    0.1797    0.4774  -0.072   36
57896.209   -0.817996786625    1.494298803095    0.5624    0.7966  -0.604   26
57899.270    2.283566579976   -1.695200402452    1.2924    1.7090  -0.911   15
57904.690    1.160191381858    2.815099200149    0.5844    0.9879   0.743    6
57906.271   -0.026127241871    1.436799600896    0.4474    0.6104  -0.469   16
57913.270   -1.722249461231    0.686199602740    0.7523    1.0132  -0.663   13
57917.207    9.381589600363   -7.452100798844    0.7983    0.9653  -0.817   13
57927.270    0.593829158703   -0.619700399795    0.1819    0.5774  -0.229   48
57931.207   22.662850885127    2.615497201219    0.9047    0.9816   0.279   19
57941.270   -1.522427559552   -3.722601599776    0.1562    0.4807  -0.102   80
57945.207    8.793553848457    0.448099202544    0.9259    0.9374  -0.346   31
57948.268   -1.733533389320    2.557699198036    0.2451    0.6846  -0.383   23
57952.187   -0.172062814783    0.277599600906    0.1375    0.3823  -0.124  167
57954.251   -0.306860585913   -2.460599998955    3.6180    3.5043   0.141    4
57959.207    5.757460029287    9.021798003062    1.2419    1.4254  -0.270   16
57973.207   -0.304338008391   -0.174002399689    0.1851    0.6049  -0.129   48
57980.209  -20.245377317152   58.321198801536    1.7051    4.9129  -0.827    7
57983.270   -1.385549032853   -9.840700798236    0.3002    0.7526  -0.014   19
57987.207    7.055566746017    6.767697602328    0.2791    1.1939   0.224    9
57990.272   -0.055521718088    1.933700399803    0.2299    0.8101  -0.388   25
57997.270    0.552409641871   -4.044902397027    0.1777    0.6089  -0.454   43
58004.268    2.434101941682   -2.864001599079    0.1994    0.3356  -0.507   44
58008.209   -0.466748740109   -1.036900798823    0.4764    0.6125  -0.301   22
58009.228    4.934710238967    3.131798398215    1.8228    3.9402   0.013    6
58015.207    3.369527063836   -3.597300000280    0.7043    0.7982  -0.062    9
58018.268    4.320098334644   -7.203700797476    0.4267    0.5824  -0.506   28
58022.209   -0.084324752382   10.731797997465    0.9385    1.2392  -0.882   24
58022.797   -0.898017496490   -1.370901600239    0.6593    1.8611  -0.500   28
58025.270   -2.474926421662   -1.254002399520    0.2197    0.3020   0.139   72
58029.207   -3.030749373552   -2.571901200810    0.8382    0.5583  -0.454   17
58032.268   -0.526873841922   -0.710002802151    0.1414    0.3072  -0.123   49
58037.206   -0.576459672469    1.090098002265    0.5433    0.5560  -0.284   13
58038.229   18.319294012441  -65.412500401862    5.7370   22.1958  -0.992    3
58043.207   -0.147122051687    1.428897601841    0.5677    0.4947  -0.524   13
58046.268   -1.819340366755   -1.944100797147    1.0165    1.0933  -0.800   11
58071.207    1.238872398047    1.241899197879    0.7290    0.8423  -0.268    4
58074.272    4.037583474974   -3.974201997892    0.9277    1.3985  -0.723   18
58079.272    1.717500052465    2.938197602020    1.3683    1.3052  -0.883   13
58081.000    0.674886676740   -0.571100402169    0.8735    1.6865  -0.246   42
58085.500    1.369961062247   -0.656301598667    0.0858    0.2229  -0.230  110
58086.497    0.057157158042    1.567299602101    0.0922    0.1690  -0.160  163
58088.498   -0.502674140720    2.566800001347    0.1360    0.2889  -0.527   99
58090.496   -0.493620638804    0.973400400284    0.1151    0.2988  -0.755  121
58093.499   -0.461849660740    0.688798803594    0.0610    0.1779  -0.424  139
58095.497   -0.002522577522   -0.294501600706    0.0936    0.1743  -0.157  128
58096.497    0.344271755873   -0.472402801677    0.0540    0.1554  -0.478  124
58097.498   -0.114756036770   -0.103100401816    0.1081    0.1624  -0.368  126
58098.499    0.065024181182    0.690598803743    0.0731    0.1570  -0.439  143
58099.496   -0.086847329904   -0.830199601864    0.0714    0.2249  -0.483   98
58102.268   -6.557046977210    5.029200000450    1.2999    0.8620  -0.523   12
58109.000    0.075118086199   -3.877599598212    1.1030    2.1468  -0.517   33
58116.268   -1.828543488642   -2.418602399956    0.4475    1.2678   0.023    6
58123.270    4.482213320084    2.969899200167    1.7750    1.1594  -0.504    6
58127.208    8.380395690837   -8.426602801137    3.5621    2.2624  -0.840    3
58137.270   -1.140595013748    2.903497199469    0.5887    0.8428   0.255   14
58143.856   -1.359867157230    2.488298399328    0.2841    0.5536  -0.435   28
58144.268  -11.989236531249   25.399299597950    0.3793    0.3931  -0.174   41
58149.228    1.478927337783    1.963198800325    0.9641    0.8787   0.513    7
58159.408    0.360600839006   -0.166701596527    0.1787    0.3622  -0.241   53
58162.206   -3.232206664552    2.308798803341    0.5418    0.6238  -0.818   34
58163.229    3.666888781585   -2.681999998089    5.4880    8.9400  -0.980   10
58165.270    1.919698506625    3.930300002253    0.9014    1.0284   0.546    4
58169.208   -0.292459043449    0.122000400182    0.6446    0.5648   0.024   19
58170.227   -3.293222498862    6.036199201276    4.0552    6.5098  -0.924    6
58170.230   -2.852601000624   -0.816102001977    0.1609    0.3363  -0.194  129
58186.272   -1.843094651076   -1.200902398324    1.3252    1.6568  -0.895    6
58197.208   -0.273162016547   -2.715901199934    0.3657    0.4312  -0.119   28
58213.231   -0.275834264672    0.282798002615    0.1068    0.2091  -0.146  204
58214.269   -0.778063039143    0.999197997942    0.5798    1.0436   0.382    8
58216.836   -2.043212299032    2.623698001258    0.1307    0.2622  -0.109  126
58232.210   -2.477153252906    1.636498802071    0.6856    0.5020  -0.613   34
58235.270    3.433215095639   -5.507002796179    0.6398    0.7933  -0.562   20
58238.207   -0.540829967504    1.617998400860    0.1546    0.3074  -0.096   63
58241.209   -1.301373951075    0.334299602400    0.5452    0.5849  -0.236   25
58246.082   -0.220162875980   -0.346899597048    0.1202    0.5258  -0.105   84
58249.270    0.001781515628    0.010198798606    0.1229    0.3217   0.128   70
58256.272    0.248367379757    2.946499198231    0.4337    1.2460   0.303    4
58258.146    0.808793664739    4.858297201338    0.2103    0.2937   0.111  108
58268.209    0.079571748686    1.603497603497    1.3068    0.7877   0.124   10
58291.271    3.788621108997   -1.087700400149    0.1573    0.3163  -0.122   95
58298.269   -0.919395278963    1.854698398063    0.3195    0.8760  -0.028   22
58302.210   -0.365499918375    0.018000001489    0.9545    1.0433  -0.213    7
58304.233    0.058639332462    0.196498798033    0.2114    1.0383  -0.098   27
58305.271    1.279255056075    0.179798403366    8.5898   17.5529  -0.995    7
58323.208   -3.145655080926    0.304898397729    0.9531    0.9694   0.180    6
58332.248   -2.606756198388   -1.747299597810    1.2305    1.7318   0.364    6
58333.271    1.138368182504   -4.012700399159    1.2787    1.8625  -0.537    9
58340.269   -1.249415162977    3.961098003202    0.6826    1.5861  -0.012   17
58347.271    0.349170835243   -1.401501596376    0.2774    0.8338  -0.489   39
58352.231    0.624559733666   -0.414302397189    0.1597    0.4600  -0.441  166
58366.227   -3.494975536140    4.441197598481    1.4579    2.2694   0.113    6
58368.269   -0.026426532446   -0.175302000116    0.1746    0.3974  -0.326  135
58375.271    7.851740383920  -15.903900001746    0.7698    1.0910  -0.672   28
58389.271    6.764443801314    0.300099599571    4.0565    2.5093  -0.132    6
58396.269   -0.511435491287    0.403099198820    0.4857    0.6923  -0.763   41
58401.229    0.337441540905   -1.290999601622    0.1684    0.6428  -0.253   28
58421.208   -1.082101756959   -0.268001998194    0.6030    0.7217  -0.056   11
58428.206    0.644897163670   -0.626500796841    1.0560    0.8204  -0.415    6
58436.227   -0.880648010256    0.201297602587    0.2901    0.6091   0.077   70
58452.269    0.488867685742   -0.254199598970    0.3778    0.4087  -0.500   51
58459.271   -0.531327555043    0.263599203265    0.4139    0.6233   0.287   18
58463.208    0.843236890929   -0.626400000669    1.3956    0.8138  -0.257   10
58464.227   -0.276129960317   -1.057600797338    0.1138    0.6281  -0.114  125
58465.250    1.081360695065   -8.339000402202    2.7112    3.5090  -0.282    3
58473.271   -0.193736343534    1.308200402406    0.2508    0.4955  -0.040   17
58481.840   -3.750764572788   -0.188701201864    0.2303    0.4455  -0.148   64
58498.207    1.863136385435   -2.468199596706    1.2137    1.3794  -0.894    8
58501.271   -0.758021355416    1.028898003597    0.2427    0.4486  -0.116  115
58508.269   -0.058788952433    0.747198002671    0.1458    0.2728  -0.105  139
58512.207   -0.324971134040   -0.086101199770    0.8029    0.9119   0.176    4
58514.248    0.186906179198   -0.497001601474    0.1318    0.4003  -0.164   74
58515.271   -0.514403435058    2.151997198041    0.3810    0.7714   0.229   12
58522.269   -0.104662182386    0.816497998812    0.5712    0.5860   0.186   17
58529.271   -0.245549005325    0.597599998287    0.2546    0.4651   0.013   29
58554.207   -0.311909285253    0.640497600557    0.3873    0.4647  -0.128   13
58561.209    1.787868679266   -0.263502001019    2.2280    7.1158  -0.765    3
58562.228    6.634840855831  -25.116101998179    7.3008   26.9617  -0.990    3
58564.269   -0.059234318682    0.187200002699    0.2420    0.3974  -0.081   38
58568.207   -0.213778027261   -0.552600000958    0.8938    0.8373  -0.741   10
58578.269    0.944036802117    2.067199199018    1.0901    1.6790   0.658    3
58585.271   -0.146676685438    0.166298399051    0.6909    1.1611  -0.634   17
58590.228   -0.167459481692   -0.148899599850    0.4154    0.5477   0.114   13
58599.271   -0.822749790321    1.225400401950    0.8640    0.9274  -0.617   11
58603.209    0.103771449889    0.024299998813    0.1249    0.3557  -0.385  122
58606.269    6.210548390093   -1.409201996694    5.0293    2.8894   0.077    6
58620.269   -0.806716453466    0.227397601549    0.5515    1.0598  -0.239   11
58624.207    9.713095253727    2.145200401316    3.2396    1.5368   0.547    6
58648.270    1.380799624087   -0.633200397715    0.6824    0.7955  -0.095   12
58655.271   -0.394449028343   -0.032500798852    0.2448    0.5091  -0.258   34
58659.209    0.050031196796    0.813297602065    0.2052    0.4777  -0.727   51
58659.249    0.817255724731    7.065000002626    0.7337    3.1803  -0.858   10
58662.270   -0.625450466164   -1.451501996996    0.4735    1.1285  -0.041    8
58666.207   -1.459480640276   -0.973202401866    0.5680    0.6522  -0.185   48
58669.271    2.216760933799    1.481597999486    1.2492    1.7011  -0.612    6
58673.209   -0.073190444264    0.613799999627    0.0987    0.2868  -0.434  154
58676.270   -0.243022883506   -0.727801198508    1.0709    1.6541  -0.930   13
58687.249    0.512917716340   -4.734399598760    0.4798    1.9576  -0.818   17
58701.209   -1.916281551043    0.381599999599    1.0477    1.0767  -0.334    7
58701.209    0.471052833259    0.712800001423    0.0651    0.1443  -0.251  393
58701.249    0.505645679420   -4.951000799736    0.0654    0.1876  -0.593   25
58704.270    0.242281821612    1.448100001511    0.1897    0.4367  -0.098  103
58711.272   -0.099912722988    1.499698803542    0.2961    1.4815  -0.505   10
58715.209   -3.026295660431    4.023097202577    1.8011    2.6649  -0.573   13
58715.249   -0.219717509731   30.280298403085    0.1986    1.7651  -0.694    9
58729.209    1.992293964669   -3.536701197504    1.3518    1.8172  -0.931   14
58730.228    0.723578179859   -0.915800401913    0.0386    0.1147  -0.345  141
58732.270   -0.222685453502    0.031597201655    0.2327    0.4579  -0.141   75
58739.272    0.102139604865    0.504698401471    0.2750    0.4345  -0.247   49
58746.270   -0.368767152720    0.110397598263    0.2227    0.4290   0.099   79
58771.209   -0.271230880948    0.971297998831    0.0719    0.2822  -0.481  303
58792.207    8.108719393008    7.520400001937    3.0342    2.5028   0.919    6
58802.270   -0.209769731021    0.889398001647    0.1446    0.2942   0.028  158
58809.272    0.273903129073    0.086900400476    0.2663    0.3328   0.005   40
58813.209   -0.219418219157    1.001797198796    0.0549    0.1177  -0.195  273
58813.249    1.740805426240   -3.634300796307    0.3145    0.4649  -0.933    5
58827.209   -0.324525767792    0.380700002722    0.4157    0.5565  -0.177   14
58830.270   -0.443589442009   -0.936201599444    0.4994    0.6575   0.058   15
58851.268   -1.456958012122    1.295798399781    0.8534    0.9501   0.053   13
58856.206   -2.541436321561   -1.191599996275    2.1059    1.1687  -0.416   13
58857.229   -0.873076733394    0.457700399181    0.0682    0.1355  -0.298  277
58858.248   11.810347096428   -1.925301601347    0.7370    0.7638  -0.297    6
58862.207    0.207542899778   -0.159901199481    0.1118    0.2415  -0.053  106
58870.250    0.308047064688    0.173397603476    0.1728    0.5662  -0.497   11
58876.207   -0.057303183083    0.958100402215    0.1945    0.3955  -0.081   32
58883.249    0.031917053738    1.384498800405    0.2104    0.6744  -0.043   11
58890.208    1.104074626918    0.748998002820    0.3937    0.7159  -0.146   11
58897.209   -0.285928119056    0.666799198257    0.1177    0.2989   0.019   71
58900.248    0.024791143125    0.265899603136    0.0634    0.1794  -0.376   16
58904.208   -0.083434019884    2.694797997549    0.9265    1.1164  -0.907   19
58907.268   -0.121881998016    1.093798798735    0.7308    0.8869  -0.270    4
58911.209    1.368920709778    0.168998402472    0.8256    0.8796  -0.588   19
58911.250   -0.266182181607    1.258398000203    0.0610    0.1825  -0.223   36
58914.270   -1.289053164181    0.808700402644    1.6969    1.9946  -0.604    5
58925.209    0.077344917443    0.430797599194    0.1613    0.4481  -0.098   51
58925.250   -0.444184478861    0.104698803227    0.0811    0.3091  -0.329   23
58928.270   -0.101694187983    0.006098398586    0.1935    0.4245  -0.164   52
58932.208   -0.497329695101    0.333799202679    0.7431    1.1376  -0.860    6
58939.209    0.084025461807    0.262299602838    0.4858    0.5584  -0.733   24
58939.250   -0.172803927310    2.090700003521    0.1729    0.4546  -0.611    8
58942.270    0.262918542192    0.165297599608    0.3090    0.7355   0.066   16
58948.271    1.369961062247    4.465598399861    0.7827    1.9595   0.497   10
58956.270   -1.167912278691   -2.031299998606    1.4123    2.2693   0.871    6
58967.210   -1.775694018679    3.438298797676    1.2447    1.1689  -0.809   16
58969.270   -0.237382691610    0.246099601497    0.2940    0.6999  -0.336   34
58974.208   -0.067992074320    0.285497999641    0.2016    0.4796  -0.041   40
58977.272   -0.053889873064    1.264399202938    0.2426    0.5227  -0.085   32
58984.270   -0.043795968047    0.272599197615    0.2031    0.4270  -0.133   80
58988.208   -0.629458813035    0.660200399949    0.4569    0.3854  -0.008   29
58989.230    0.688839258024    0.407797200808    0.0764    0.1751  -0.482  228
58996.207   -0.585958540633   -0.140799602377    0.9326    1.0104   0.476   17
58998.270    1.268712240513    1.780700399934    2.0028    1.5117   0.546    3
59009.210   -2.083890703338    3.067898402520    1.6739    2.1049  -0.874    6
59009.250   -0.149940375487   -0.459100802175    0.2617    0.6886  -0.466   31
59016.208    1.165831523121    5.211399599858    0.8711    2.5505   0.117    7
59019.269   -0.623223584287    0.541897202311    0.3039    0.5912   0.021   87
59023.206   -2.181722670756    0.664099201231    0.7838    0.7747   0.366    5
59023.250   -0.379306373353    1.573099199703    0.4371    0.9650  -0.823   20
59030.208   -0.012024989983   -1.410202802532    0.7606    0.5622   0.061   15
59038.229   -0.275534974097    0.376297201399    0.1573    0.1937   0.072  199
59044.208   -0.188687644193   -0.844801201794    0.1465    0.3403  -0.182   51
59047.269    0.180820621054   -0.523702796329    0.4584    0.5769  -0.545   39
59051.250   -0.346648257721   -2.952000001244    0.0804    0.2299   0.005   55
59054.270   -0.580913385590    0.613497598323    0.1815    0.3945  -0.221  126
59065.206    2.367887737428    4.153899598691    3.0882    2.0634   0.252    6
59068.271   -0.766038049160   -1.569999599127    0.4459    1.5158   0.055   10
59080.251    2.610764595893   -7.897499997966    0.2661    1.2453  -0.769    6
59081.252   -0.151130398559    0.686797198313    0.1028    0.2285  -0.378  182
59093.206   -2.029110097777    3.006698403851    0.9027    1.0627  -0.539   10
59101.209   -0.445370957637    1.282197599295    0.5197    0.9012  -0.369   10
59107.250    0.568888395607   -1.275501598741    0.5248    1.2978  -0.918   10
59115.231   -0.048100061197    0.706499997705    0.0835    0.1882  -0.449  191
59124.271    0.550774252549   -0.019299601917    0.4033    0.6341   0.149   35
59130.250   -1.181419493727   -1.011200397016    0.4972    0.3667   0.393   19
59163.250   -0.301665760266    0.411998403393    0.0529    0.1018  -0.131   87
59172.250   -0.133760912325    0.757897200998    0.0656    0.1695  -0.417  223
59187.269    0.005344445618    1.894597202323    0.4844    1.1576   0.071    8
59194.249   -0.242281770980   -0.009100796916    0.0299    0.0940  -0.112  146
59198.208   -1.624118203238   -0.271702801058    0.7038    0.7801  -0.235   10
59206.251   -0.073635861146   -0.315000000484    0.0409    0.1054  -0.079  119
59222.271   -9.851309879173   -3.344799598892   23.3322   12.4669   0.986    4
59231.585   -3.123236895352    5.658498002958    2.9420    4.9847  -0.975    7
59233.206    0.685721643650    1.880600398607    1.9256    2.9535   0.087   10
59236.249    0.715561486115   -1.909101600006    0.1945    0.6312  -0.860   23
59240.208    0.894009149618   -0.770799596950    0.2620    0.4398   0.014   49
59242.250    0.064874510578   -0.265899596741    0.1087    0.2804  -0.472  163
59247.207    0.307601698439    0.086900400476    0.4034    0.7495   0.210   11
59262.207    1.759215315576    0.067698000805    0.5733    0.4051   0.379   55
59268.208   -3.780012973331   -0.710200800569    2.9821    1.1019   0.902   19
59275.207    5.995434213453  -18.907199997642    4.2509   12.4489  -0.954    3
59278.271   -0.755644853569    0.343897198718    1.0237    0.7082  -0.157   48
59289.207   -0.934833629598    0.280400400499    2.0277    1.5858   0.359    9
59289.250   -6.648793386483   -3.939901198891    0.0589    0.0562   0.076   47
59292.271   -2.425340591115    1.623898801029    4.6251    1.5186  -0.470    6
59305.248   -0.948789755180    4.964900401205    0.0586    0.1328  -0.381   71
59320.249    1.360757940361   -2.433599996721    0.0552    0.1368  -0.343   62
59334.249   -2.216461592591    2.800098003064    0.0325    0.0752  -0.385   63
59338.209    0.162410782351    0.032799599836    0.2783    0.3910  -0.185   68
59340.250   -0.990059652041    2.205698401525    0.7740    1.4924  -0.642   42
59348.249   -0.163600754791   -0.786502798888    0.1894    0.5132  -0.454   34
59353.209    1.196562148717    0.617799603475    0.5422    0.5999  -0.330   18
59362.271   -0.767224527935    2.481397199716    1.0697    2.1069  -0.878    9
59368.228    0.585812464959    2.089800000249    2.6243    0.9052  -0.454    6
59383.269    0.265736815358   -0.389602801221    0.5695    0.9399  -0.704   20
59390.271   -0.055076351839    1.323799201458    0.2302    0.8634  -0.330   27
59394.209   10.522038538437    2.541999602812    3.3286    2.8556   0.519    5
59402.208    1.446269171518    2.268698400343    0.1417    0.4314  -0.173   59
59404.271    0.107184759908    2.364300000579    0.5978    1.5471  -0.005    7
59408.209   -0.355851379607   -0.629499601246    0.4180    1.0670  -0.457   13
59422.209    0.117873651144    1.071997198210    0.2864    1.3964  -0.187    9
59425.251   -0.126039964859    0.718797603838    0.9503    0.7279  -0.750   30
59431.249    0.076008818696    0.545000403207    0.3213    0.5911  -0.900   74
59444.208   -0.113719228599    0.577897198895    0.2574    0.3629  -0.536   62
59446.249   -0.326606523362    0.816300000395    0.1272    0.4547  -0.636   67
59460.250   -0.146231319190    0.633600001265    0.0826    0.3181  -0.716   84
59465.206    0.023604664350    0.266598001275    0.1400    0.3564  -0.141   79
59466.251    1.298701753582   -2.590300799454    0.1262    0.4446  -0.038  334
59471.207    0.409146266451   -1.165301998896    0.6982    1.8750  -0.733   27
59474.224    0.592788755602   -0.222101997593    0.3111    0.7172  -0.676   48
59481.270    0.423102442666   -0.894999600831    1.6662    7.1944  -0.773    3
59485.207    0.510395138818   -0.295300801412    0.2343    0.4507  -0.229  100
59492.209    0.477883048227    0.839498403593    0.2465    0.8718  -0.258   28
59499.189   -3.345776273179   -0.518399998128    8.9212    5.0235  -0.818    3
59500.208   -0.353029511511    0.031597201655    0.1961    0.7348  -0.404   31
59506.209    0.236196263468    0.221497201380    0.2273    0.4472  -0.473   68
59521.210   -3.388977255007    4.302597599803    1.8718    4.7077  -0.434    3
59527.207   -0.030730574963    1.177397999896    0.5019    0.8396  -0.649   22
59530.272   -1.261440203592    1.281600003722    0.9578    1.8139  -0.715    5
59534.209   -0.045278193100   -0.250700401239    0.5791    1.5169  -0.768   13
59542.208   -0.008166313715    0.195699603722    0.3054    0.4707  -0.633   50
59542.248    0.084470828056   -0.461199596913    0.1090    0.3993  -0.707   22
59548.209   -0.321112457772   -0.508402798260    0.2860    0.3971  -0.627   60
59558.250   -0.018705584980   -0.440200797414    0.1358    0.3400   0.403   49
59562.209    0.053889923697   -0.826901996476    0.3768    0.5391  -0.686   71
59578.269   -1.054193050093   -0.570099596331    0.8970    1.2928  -0.447    8
59583.207    0.180820621054   -0.636501597029    0.1884    0.3099  -0.345   78
59593.248   -0.219272143483   -0.141300002099    0.0483    0.1459   0.008  158
59600.250    0.005939482471    0.092498399340    0.1016    0.2686  -0.833   40
59604.209   -0.111937763604   -0.470001599240    0.1780    0.3632  -0.151   74
59607.248    0.526873841922    1.187798403635    0.2939    0.3960  -0.484   77
59611.207    0.281474456568   -0.378802800327    0.1191    0.3202  -0.292  115
59614.250   -0.161519999221   -1.007802001851    0.0493    0.1217   0.272   66
59621.248   -1.808355729241   -9.357602398552    0.1162    0.2056  -0.754   90
59628.250   -0.229515668470    0.552200403803    0.0357    0.1174  -0.197  136
59634.247    0.174735062909    1.150099203073    0.3136    0.3966  -0.125   71
59635.248   -0.362977340853   -0.662900396975    0.0290    0.0700  -0.517  148
59635.270   -0.129453274879    0.213598802645    0.4712    0.9134  -0.672   22
59639.207   -0.103176413036    0.036500402700    0.2619    0.4656  -0.707   73
59642.250    0.372625879621   -1.098500401042    0.0521    0.0860  -0.783  109
59642.272   -8.566115340627   10.480399198087    2.6949    3.0448  -0.941    5
59649.248   -0.086551583626    0.782899198271    0.0924    0.1708  -0.440  106
59649.270    0.926667315883   -1.378602000557    0.7862    1.6135  -0.660   11
59656.250    0.007125961246   -0.371199602256    0.0537    0.1595  -0.603   90
59656.272    0.228325696031   -1.526702399701    0.6008    0.9181  -0.726   33
59661.206    4.653531528677   -0.289202396431    2.9729    2.9126   0.733    4
59670.272   -0.229811414748    0.658299603629    0.1780    0.7375  -0.150   28
59674.209   -0.793651009749    2.571397200768    0.6410    1.0899  -0.764   12
59677.248    0.205166397930   -0.201801596234    0.0863    0.1568  -0.022   82
59683.249   -0.082393616783   -0.358599601213    0.3162    0.7252  -0.322   57
59689.206   -0.105848610529    0.845398803762    0.1711    0.6919  -0.496   39
59691.248   -0.059530064960    0.631897203363    0.0351    0.0804  -0.066  149
59696.227    1.485312186502    6.580299601211    0.6564    0.5620   0.145   51
59698.272    0.292758384657   -0.011300400615    0.2761    0.5800  -0.388   46
59705.248    0.101840314290    1.791597603074    0.0538    0.2633  -0.203   48
59709.208    0.756239890421   -1.142902796403    0.4949    0.7787  -0.630   16
59723.208    4.715587715455   -7.287400801204    2.0755    2.2788  -0.923    7
59726.250    0.457395998252    1.063897200737    0.1199    0.3018  -0.257   97
59733.248    0.263363908440   -1.104800398366    0.2867    0.8450  -0.426   78
59740.250    0.209620111050   -0.203799601195    0.0971    0.2637  -0.601   35
59744.209   -1.390298492251   -0.095799598654    1.0350    1.3580  -0.437   10
59747.248   -1.054788036313   14.380099197808    0.0799    0.1763  -0.480   96
59752.208   -2.885408786860    1.479398402182    0.9000    1.0185  -0.570   12
59758.210   -0.540976043178   -0.228200396180    0.3228    0.4897  -0.412   56
59772.210   -3.702814131562    6.640498800436    0.4020    0.6423  -0.536   31
59775.248   -0.501487661944    0.257598000530    0.0729    0.3979   0.018   32
59779.208   -0.365649538346    0.304700399312    0.3575    0.6451  -0.040   29
59786.210   -0.114905707374   -0.624099600799    0.2332    0.5374  -0.045   59
59795.250    0.623964747446   -2.362201199446    0.2290    0.8472  -0.808   62
59814.210   -0.045577483675   -1.468702797780    0.3967    0.6950  -0.620   22
59821.208    0.221199734784   -0.240699601051    0.2222    0.3617  -0.488   70
59824.250   -0.550628126243   -0.560901597169    0.0982    0.2428  -0.512   48
59828.206    0.006235228749   -0.628401599556    0.1971    0.6367  -0.376   42
59831.249    0.474024371959   -1.653400801871    0.5889    1.0416  -0.918   23
59838.269    0.695224056111   -2.591801998619    1.0349    1.6380  -0.628   13
59845.249   -0.784893254111   -3.985801199491    0.1268    0.2952  -0.661   32
59852.269    0.335068633987    1.866999598121    0.5505    2.4978   0.574    4
59857.207    1.115358555007   -1.520801999533    0.9167    0.5964  -0.600   18
59859.249    0.911229015881   -3.168899996808    0.0798    0.1511  -0.512   82
59864.209   -1.859127987931   -1.147201201235    3.2759    2.6696   0.905    4
59870.210   -0.079571748686    0.259099199695    0.2099    0.6375  -0.300   18
59877.208    1.094276468179   -2.296702802340    0.8962    1.2799  -0.200    9
59879.250   -0.882874892133   -0.070002000996    0.1643    0.4048  -0.295   22
59898.206    4.611666645595   -1.742702398388    3.1591    1.2213  -0.608    3
59919.208    0.346498637750    0.918097201463    1.3802    1.6266  -0.407   11
59948.209    2.290542870618    2.552400000155    1.2204    1.0242   0.480   16
59968.206    0.074081227394   -0.322200001079    0.2630    0.4515  -0.254   35
59975.208   -0.208583252246    0.195800399894    1.0642    0.7473   0.337   29
59996.206   -2.557615734090    0.814697998663    1.4059    0.9393  -0.734   14
60024.206   -3.432028616863    0.613198803734    2.0606    1.3164  -0.766   12
60040.248   -0.489758418239   -0.855399597555    0.0637    0.1296  -0.616   58
60055.249    0.000295746278    0.791298003122    0.0159    0.0489  -0.333   72
60059.208   -5.619395023813    1.493600398561    5.0423    5.8578   0.747    3
60062.269    0.286669282215   -0.488401197885    0.2376    0.8701   0.003   19
60067.207   -0.543202925054   -0.708901200142    0.6260    0.4483  -0.144   33
60069.271    0.028653414323   -3.078302400183    2.6673    4.1280  -0.712    3
60087.208  -11.437867292480    2.847798003813    3.5658    1.5171  -0.820    7
60108.207    0.617433823053    0.888897601925    1.1814    1.2201  -0.325    5
60167.249    0.672064808643   -0.748202402434    0.0758    0.1093  -0.654   56
60185.209   -4.485330934458   -2.021799598140    2.5305    1.3118   0.281    9
60193.208    1.856901207320   -0.303202800467    0.8770    0.5523   0.110   49
60195.238   -0.222090467282    0.819298798405    0.5249    0.3701  -0.104   16
60199.209    0.442253393895   -1.507402797785    1.5036    1.0436  -0.533   11
60208.249   -1.146830191863    1.796900401274    0.1361    0.2754  -0.735   30
60220.207   -2.531784238496    0.979599601436    2.0923    1.3006  -0.369    7
60223.249    0.316808415256   -0.313102798088    0.0893    0.1621  -0.682   87
60230.251   -0.381682875201    1.815497998336    0.1458    0.3101  -0.615   30
60235.211   -0.538008099407   -0.148100399144    0.7236    0.5412  -0.051   26
60241.209    0.070518246771   -0.031802400713    1.0983    0.6838  -0.135   11
