%-----------------------------------------------------------------------------
%                R.A. (mas)        Dec. (mas)        Err. (mas)     Corr. Del.
% Uncertainty in R.A. is in R.A. cos(Dec.)!!!!
%-----------------------------------------------------------------------------
50305.832   -0.356820244538    1.178503208621    0.4032    0.4700   0.193   81
54608.250    0.297453424700   -0.312998395202    0.1722    0.2479  -0.100   40
54795.207   -0.234945047329   -0.086997596327    0.2277    0.2518   0.006   32
54844.205   -0.135199012721    0.191401198890    0.2670    0.2752   0.002  125
54845.228   -0.166664633476   -0.311400006581    0.2924    0.4738  -0.045    8
54887.206   -0.538691603334    0.012902395952    0.1851    0.2625   0.197  272
54937.249    0.044575482251    0.410900395309    0.2441    0.3157  -0.197   42
55042.251    0.276477202731   -0.058899598798    0.1685    0.1885   0.271  333
55061.208   -0.253089392405   -0.170298002899    0.1870    0.2167  -0.218  124
55103.208   -0.551068920049    0.278503210893    0.1962    0.1252  -0.098  351
55112.251   -0.006504581261    0.342201607850    0.1302    0.2565  -0.090  405
55124.210   -0.046465904239    0.219502803134    0.2584    0.3556   0.173   27
55131.208    0.074782491054    0.000000000000    0.1233    0.1299   0.008  112
55194.206    0.131314894168   -0.004899607120    0.1358    0.1958  -0.216   54
55229.208    0.516139576593   -0.244699185714    0.1947    0.1998  -0.147  236
55274.269   -0.280149835556    0.158000409556    0.3919    0.2772  -0.284   43
55293.207    0.116946420720   -0.234997199300    0.3317    0.2764   0.247  344
55306.206   -0.073629586194    0.190202413819    0.1810    0.1994  -0.030   73
55355.208   -0.013427018543    0.111002407266    0.1955    0.2472  -0.250   48
55376.207    0.177569384223   -0.325699198811    0.1944    0.1738  -0.084   53
55393.271   -0.040381718830   -0.446597996984    0.2854    0.3688   0.195   74
55397.209   -1.375153824189    0.057700813727    0.9342    1.0427  -0.260   62
55411.209   -0.681545562345    0.238100406591    0.2513    0.3055  -0.412   77
55414.269   -0.186591189389   -0.647899193496    0.2621    0.2646   0.181   32
55442.269    0.097961319712   -0.002898008233    0.3380    0.4028  -0.252   19
55449.271   -0.480794845404   -0.183898796990    0.2519    0.3761  -0.048   36
55456.269   -0.499779946413   -0.050799607720    0.3352    0.3853   0.147   24
55470.269    0.383880723461    2.060600394316    1.6305    2.0078   0.302   35
55474.207   -0.277947228867    0.109501195311    0.3400    0.3220  -0.083   13
55484.270    0.245011546203   -0.193096789758    0.2135    0.3488   0.010   57
55495.209   -0.038702711025    0.718401594213    0.4488    0.5042   0.276    8
55509.209    0.006081681350   -0.207799192253    0.3523    0.4371  -0.244    5
55523.209    0.188479143090   -1.361797203003    0.4530    0.7875   0.290   11
55539.251   -3.755528826701   -0.896399984640    1.9246    1.5069   0.070    4
55547.271   -0.313503410012    0.843703193709    0.4392    0.4590  -0.077   34
55558.207    0.103625145041    0.142001994163    0.2747    0.3361  -0.120  199
55568.270   -1.625829159949    0.196603207314    0.2710    0.4822   0.157  107
55575.272   -0.110129690531    0.217000791736    0.2553    0.3092  -0.196   61
55600.207   -0.378007952235    0.409402790069    0.1858    0.3409  -0.069   16
55615.230   -0.514148419860    0.198000003593    0.1998    0.2451  -0.121   11
55624.270   -0.222044131729    1.607500794876    0.8112    2.0939  -0.597    4
55652.270    0.357764239275   -0.348497985669    0.4403    0.4201  -0.071   35
55656.207   -0.100481083448    0.261302403715    0.2184    0.2356  -0.223   87
55659.272   -0.526419993711    3.401002794590    0.4097    0.7944  -0.318   26
55685.226    0.166453183520   -0.811598391692    0.6050    1.0871   0.128    3
55687.272   -0.464853107016   -0.015796797470    0.5828    2.6700   0.153    7
55713.208    0.040590664726    0.074401208394    0.2600    0.2912  -0.168   20
55727.208   -0.066603910108    0.323402412050    0.2353    0.3385   0.002   12
55729.272   -0.596799811220    1.941800397276    0.6693    1.0943  -0.771    5
55743.268    0.846843372717   -0.182498393997    0.7386    0.8325  -0.017   22
55771.268    0.068698305645   -0.718397987498    0.8213    0.8906   0.449   14
55778.270    0.586519394102   -0.288097200496    0.4124    0.4948  -0.521   18
55785.268    0.042581821459    0.382499996476    0.4665    0.4994  -0.152   42
55792.270    0.158481080183    0.224902797186    0.6506    0.6037   0.043   28
55796.208    0.188373400226    0.128401200072    0.2125    0.2561   0.421   48
55845.206    0.073314933206   -0.195897595745    0.3240    0.3758   0.618   13
55876.270   -0.757903858171   -0.100800008340    0.5250    0.5949  -0.083   11
55911.269    0.091879638362   -0.249699601795    0.2868    0.3534   0.295   41
55915.206    0.425203897195    0.468802801379    0.2358    0.2210  -0.109   62
55917.270    0.492751802039    2.033200794926    0.6800    0.7955   0.537    9
55923.209   -0.382936728725    0.361400407201    0.3083    0.3581  -0.057   66
55925.269   -0.123451001982    0.743601609088    0.2006    0.2912  -0.121   35
55930.207   -0.065345298156    0.178200008349    0.1027    0.1277  -0.004   38
55932.271   -0.014056324519    0.154400396468    0.4909    0.6022  -0.290   15
55936.208   -0.210819719875    0.180000014893    0.1708    0.2253  -0.525   13
55939.269   -0.315914926824    0.265600814942    0.4418    0.3288  -0.048    9
55951.227    0.077090804835   -0.177598786877    0.1196    0.1620   0.345   32
55953.269    0.058314649722   -0.279997209418    0.3744    0.3536  -0.253   26
55960.271    0.202638670641    0.026802010211    0.2939    0.3056  -0.112   42
55964.208    0.098802075644   -0.015897606431    0.1152    0.1363  -0.143   33
55981.272    0.301964345169   -0.579297608283    0.4611    0.5348  -0.375   11
55992.208    0.013109861495   -0.660599997104    0.1683    0.2906   0.177   42
56020.208    0.076250048903    0.019900804205    0.2006    0.3056  -0.276    7
56021.249   -0.204211935581    0.253400398265    0.1340    0.1835   0.201   32
56028.211    0.114849556896    0.213901191159    0.1296    0.2053  -0.155   43
56030.271    0.447755959709   -0.222397204652    0.2942    0.3044   0.137  129
56034.208    0.000000000000   -0.163098002304    0.0944    0.1183   0.188   95
56037.269   -0.061463683663   -0.060300001792    0.2269    0.3591  -0.315   22
56055.206    0.101422538353    0.147002410245    0.1095    0.1523   0.043   72
56078.250   -0.251621834557    0.213001200677    0.1963    0.2180   0.090   21
56086.271    0.246375901020   -0.391298385694    0.2601    0.3636   0.383   11
56097.206    0.355246979598   -0.069796789148    0.2681    0.2467  -0.186   27
56098.251   -0.593653245567   -0.174398402919    0.3614    0.3274   0.091    9
56119.231    0.066181045968   -0.117198001703    0.1350    0.1828   0.007   25
56153.207    0.052756531485    0.066200408355    0.1861    0.3188  -0.258   15
56160.208   -0.137925182521   -0.179297984459    0.1003    0.3196  -0.137   71
56162.250    0.053491580325   -1.132297200002    0.1549    0.2765  -0.046  285
56167.207   -0.873591631167   -0.664599588163    0.3006    0.3463   0.424   63
56168.229   -0.272598092298    0.081000013097    0.1628    0.2020   0.234   28
56191.269   -0.102054348388   -0.347597995187    0.2555    0.2812   0.106   17
56196.229    0.060831873627   -0.225597588610    0.1476    0.1724  -0.311   23
56203.224   -0.217218558272   -0.103298387444    0.3366    0.3024  -0.171    4
56258.205    0.181765651704   -0.077997589187    0.1313    0.1744  -0.295   59
56296.271   -0.237250857049   -0.631198798828    0.4102    0.2779   0.011   29
56300.209   -0.101425042412    0.052603195400    0.1319    0.2577   0.051   23
56303.270    0.282979244161    0.199303204340    0.2572    0.2671  -0.114   26
56308.208    0.119778333385    0.080902810851    0.2424    0.1907   0.325   70
56321.207    0.126806513531   -0.133498792820    0.2142    0.1864   0.265   21
56328.209    0.019926555913    0.330001191173    0.1645    0.2162   0.098   55
56349.207    0.007025640314    0.019202406065    0.1626    0.1744   0.044   26
56366.272   -0.723606324751   -0.263897985064    0.2793    0.3503   0.024    7
56370.209   -0.404333346546    0.226900814937    0.2834    0.2824  -0.139   33
56373.270    0.048036700892    0.177001197699    0.1989    0.2266   0.033   62
56378.270   -0.231272378732   -0.403898405921    0.1523    0.1846  -0.315   96
56387.270   -0.175578227491   -0.001098001690    0.3270    0.2836  -0.238   45
56443.270    0.352518305738   -0.123998398749    3.1307    1.3307  -0.893    3
56471.270    0.076146845871   -0.448599595870    0.2931    0.2565  -0.162   23
56490.208   -0.364163077672    0.587203194868    0.2501    0.3356  -0.081    8
56492.272   -0.255921305070    0.428101202488    0.2629    0.3535  -0.020   27
56506.272    0.154496262657    0.816400796566    0.4018    0.4231   0.233   16
56513.270   -1.036268978831   -0.673398002959    0.4916    0.4564   0.328   15
56562.272   -0.083174990244    0.274802414424    0.2696    0.2240  -0.299   20
56609.207   -0.300708237277   -0.137998796390    0.1986    0.2840  -0.346   10
56639.270    0.126177207555    0.092300413712    0.2187    0.1509  -0.024   35
56687.250    0.053071184473    0.039902391791    0.0902    0.1044  -0.041   89
56699.208   -0.017935399180    0.194101195916    0.1253    0.1722   0.173   40
56748.206    0.032512818524   -0.135997197503    0.3236    0.7523  -0.711   11
56895.208    0.173164206618    0.272001608437    0.3662    0.4367  -0.308    3
56898.269    0.247949201732   -0.205797593367    2.8983    2.3003   0.960    3
56947.271    0.347904182236   -0.172098009443    0.3973    0.4097  -0.350   18
57003.271    0.251725073361    1.012600793615    0.4381    0.4779  -0.246   18
57021.209   -0.008181049234   -2.054897998960    0.3764    1.7678  -0.069    4
57038.269   -0.258229618850    0.103903190052    0.2075    0.1738  -0.234   57
57107.251    0.021711306581   -0.294897597541    0.1254    0.1527   0.016  174
57120.206    1.891713760862    1.284400809709    0.6543    0.9308  -0.256    3
57169.208   -0.457510273883   -1.530097188152    0.1204    0.1626  -0.115   64
57290.270    0.077090804835    0.014900413703    0.2768    0.1959  -0.122   72
57332.270   -0.473034156250    1.811300396071    0.5154    0.5329   0.643   11
57359.251    0.603196181330    2.225001597367    0.1403    0.1371  -0.220  136
57360.270    1.209853545529   -0.863297989895    0.2349    0.2613  -0.526   27
57379.271    9.857970941851  -10.044496792716    0.2456    0.2121  -0.246   34
57484.229   -0.536488996646   -4.116999605230    1.2624    1.6335  -0.240    7
57497.206   11.011712444346   -5.876596796384    1.0111    0.4523  -0.760   11
57500.271   -0.617355673109    5.605300799516    0.3344    0.4830  -0.234   23
57507.269   11.439645015401   10.427601591800    0.9670    1.1547   0.678    6
57512.207    0.617564619006   -0.331696807621    0.3913    0.5373  -0.067   23
57547.209    0.719933656154   -0.397299601218    0.7869    1.0679  -0.835   13
57562.250    0.993578910449   -0.186098407085    1.2593    1.0086  -0.512    7
57686.208    1.383332369363   -4.351298406391    1.0216    4.1766   0.184    4
57731.269   -0.195821940451   -1.642298406068    0.3307    0.4203   0.297   11
57808.271   -7.777780541959   45.062099997040    1.4511    9.2885  -0.058    4
57892.271   -1.740678716845    1.967202004494    0.3961    0.3471  -0.354   16
57973.207    6.258723056931    2.105701213395    0.6095    0.4248   0.035   18
58018.268   -7.086689539792   -8.120998785444    0.8937    1.1356  -0.029    5
58067.270   -1.036583631819   15.997201208506    1.2881    1.7562  -0.067   19
58074.272   -1.106857706464   10.474700403051    0.5537    2.5614  -0.002   12
58241.209   -0.976693213097   -0.030999586897    0.6443    0.5637  -0.358    5
58337.208    2.388659290550    1.165701596051    2.5644    1.0649  -0.642    5
58617.209   -0.161104011179   -0.027597585017    0.0738    0.0848  -0.211  576
58697.271    0.049715708696    0.884102391296    0.9479    1.0436  -0.583    5
58809.272    0.160683651099    0.082202404883    0.2275    0.2221  -0.100   62
58900.270    0.540368107079   -0.407498393429    0.4019    0.3024  -0.223   13
58928.270   -0.417548915133   -0.092199604751    0.5871    0.4319  -0.571    6
58962.271   -0.174110669642    0.181101597718    0.3793    0.3459  -0.434    9
59229.269    0.068909755601   -0.061999199374    0.3264    0.4876   0.006    6
59327.269   -0.936731854347    0.604000791782    1.2695    0.7945   0.048    5
59460.250    0.281511686312   -0.331797591002    0.0464    0.0626  -0.158  246
59466.251    0.107927119614   -3.155198393756    0.1504    0.4142   0.216  236
59600.250   -0.108767875546    0.022701610192    0.0267    0.0340  -0.123  232
