%-----------------------------------------------------------------------------
%                R.A. (mas)        Dec. (mas)        Err. (mas)     Corr. Del.
% Uncertainty in R.A. is in R.A. cos(Dec.)!!!!
%-----------------------------------------------------------------------------
47681.247   -1.596567218681    5.874501601966    0.2908    1.0676   0.042   26
47919.244    1.617140667544    4.036500004645    0.7047    2.6906  -0.110   13
48434.247    0.709473782109    0.558201600143    0.7397    3.2221   0.066   26
48475.254    0.708472357879   -3.099801605799    0.3260    0.6686   0.038   12
48495.423    0.047724629089    0.568699199732    0.4641    0.7542  -0.037   11
48504.254    2.866757619273    0.577699194082    0.3570    1.0001  -0.103    9
48525.245   -0.014575284220    0.373600798298    0.5949    0.5667  -0.208   21
48532.247    0.754197647490    1.184799599230    0.4644    0.9064   0.102   12
48533.332    0.745195258893   -0.434498402058    0.3597    0.7228   0.040   31
48540.257   -0.036582298089    0.130500001205    0.3518    0.7286  -0.055   35
48547.332    0.249494700069    1.523901593714    0.4619    0.8507  -0.029   33
48554.334    0.703043476691   -2.475899997023    2.7230    3.1541   0.005    5
48559.250    0.089166476176    0.021600001787    0.2542    0.5707  -0.074   20
48561.255   -0.113316892693    0.267800399456    0.3782    0.6888   0.006   28
48573.254    0.569434389720   -1.063800004886    0.2750    0.7592  -0.272    5
48575.252   -0.294077962525    0.686998797050    0.3526    0.6531  -0.011   33
48580.241    0.550002919276   -0.120200400033    0.3997    0.5590  -0.085   30
48580.256   -5.859984231190   -3.285601205505    0.6587    0.7582  -0.143    4
48582.253   -0.484702193522   -0.043801199467    0.3685    0.7115  -0.008   34
48587.254   -0.597158313646    0.272998801165    0.3518    0.7065   0.038   36
48594.325   -0.441545624317   -1.096099198605    0.7131    0.7703  -0.113   12
48596.334   -0.437687450813    0.001198797861    0.3398    0.8327   0.151   18
48602.255    0.479983247449   -0.681001201031    0.3438    0.5967  -0.336    6
48603.277   -0.374101447178    0.873698400028    0.3391    0.7030  -0.006   34
48610.334    0.002712734840   -1.203098395308    0.3768    0.9434   0.054   18
48617.252    0.454975469872   -0.145598400536    0.3533    0.6908   0.013   31
48624.254    0.046438587500   -0.142200005371    0.3430    0.6155   0.047   35
48631.252   -0.089739219876    0.497401198629    0.3613    0.6787  -0.008   31
48636.252    0.384815146385    0.344901604876    0.5860    0.5708   0.162    8
48638.250    0.382527680566   -1.163599200993    0.7450    0.7809  -0.331   34
48639.331    0.175760869173   -0.813398398236    0.4289    0.6549  -0.069   34
48643.331    0.118601710711   -0.682801194785    0.3063    0.6173  -0.021    8
48645.248    0.049439399944    0.816800400116    0.2921    0.5510   0.025   32
48652.250    0.182904472480    0.302601604574    0.3067    0.6450  -0.052   32
48659.252   -0.348520974637   -0.159501595931    0.3062    0.5896   0.026   33
48664.248    0.553144334645    0.454500002434    0.4818    0.6038  -0.159   11
48666.082    0.635595888043    0.310201195930    1.0468    1.0423   0.057   20
48673.259   -0.211629820636    0.677901600454    0.2740    0.5921  -0.018   34
48680.250    0.183048535651   -0.542300399786    0.2353    0.4727   0.003   34
48687.248    0.436257346053    0.376300795324    0.2771    0.5648   0.124   30
48692.256    0.127031404344    1.140001194244    0.2738    0.5761   0.031   13
48694.254   -0.315083503427    0.340599599724    0.3724    0.7339   0.254   31
48701.252    0.080877434204   -0.578401198936    0.2685    0.7415   0.122   19
48708.254    0.643884978751    2.103998396308    0.2626    0.7973   0.298   21
48715.248    0.093165252605   -0.171601203647    0.2776    0.5280   0.074   19
48722.250   -0.011862598116    0.438598802077    0.3075    0.8029   0.337   17
48728.248    0.008573708067   -1.323698398892    0.3079    0.5817   0.073   26
48736.250    0.063586003635    0.829501203725    0.3015    0.6109   0.159   26
48741.170    0.859084846550    0.002699997026    0.9914    1.4838   0.397    9
48741.250    0.438256734267   -0.558899998282    0.4230    0.5812   0.022    8
48743.256   -0.150468474236    0.010400397343    0.2529    0.4468   0.066   34
48748.168    0.520708287665   -0.362199601511    0.5111    0.5143   0.045   11
48750.250   -0.118605170957    0.348998398181    0.2969    0.5643  -0.010   32
48753.833    5.286544193286    4.623598796627    1.2778    2.1241   0.364   21
48755.017   -1.067425825873   -3.803698795934    0.8702    2.4389   0.148   15
48757.267    0.922958927790    0.468100796525    0.3146    0.6088   0.042   30
48758.337    2.041398272801  -10.694001601053    1.4449    4.5672  -0.649   18
48759.422    1.871638979781   -4.382899201971    1.0460    4.0000  -0.415   15
48764.250   -0.017435493739    0.668700000972    0.3192    0.6746   0.133   26
48771.241    0.375099411163   -0.040399197587    0.2961    0.5520   0.080   30
48774.835   -0.437546847888   -0.804898803608    0.4240    1.3159  -0.292   19
48778.250   -0.616449132430    0.058298402905    0.6643    1.1593  -0.212    9
48786.337    0.346377523252    0.904100397747    0.3595    0.8766   0.222   19
48788.832    2.412066815496    1.321599597759    1.1809    2.7828   0.138   20
48792.250    0.660315588015    0.852598797962    0.5350    0.9067   0.420   11
48793.335    2.823748524747    6.876799200484    0.2944    0.7380   0.162   23
48794.420    2.051971369083    6.898600794614    0.3764    0.7910   0.046   26
48797.170    0.321654411771   -0.068400005659    0.6742    0.6909   0.255   13
48799.252   -0.373813369573   -0.933800403402    0.4301    0.8335   0.116   25
48804.428  -38.674824409724   10.236499200289    3.4938    2.6024  -0.095   18
48805.502    0.178902284542   -1.165298398575    0.4119    0.6965   0.093   20
48813.329    0.011145791246   -0.600800395034    0.3986    0.7203   0.067   27
48820.250    0.249066019539    0.296899196428    0.3871    0.7561   0.109   27
48823.844   -0.294650706225    3.146900404261    0.5578    1.3607  -0.069   22
48827.420   -0.335948490141   -0.620398797935    0.4726    0.8390   0.034   25
48830.835    1.541551462868    2.207498401674    0.5348    1.4058  -0.118   30
48834.250    0.253781554102    0.150901205132    0.4455    0.7363  -0.067   26
48841.252    1.051849117423   -0.629200806657    0.2960    0.4963   0.069   46
48845.190   -0.811929500916   -0.088599604453    0.2622    0.5639   0.022   16
48848.250    0.291790496705    0.035398794296    0.3389    0.6078   0.080   31
48851.837    0.143180807758    1.204200003713    0.4907    1.2447   0.056   28
48853.167   -0.908671721174    0.094399202055    0.7062    0.5171  -0.227   35
48855.252    0.082876822418   -2.010499197524    0.3501    0.6615   0.072   30
48856.333   -0.326517421014   -2.612800804513    1.0087    2.5645   0.026   13
48857.422   -0.375387488767    1.379998796835    1.0186    2.6839   0.009    8
48862.254   -0.629738375061    0.990799199485    0.3814    0.8254   0.165   19
48869.252    0.452403337958   -1.369699195664    0.3567    0.7897  -0.142   20
48872.835    0.739766377704   -0.726998403877    0.3229    1.2514   0.002   29
48874.421    0.470980858852   -0.461001604890    0.5089    1.4443  -0.189   16
48876.247   -0.407394855218    0.506998794947    0.5019    0.8320   0.245   10
48879.834   -0.029867375311    1.910901593760    0.3735    1.2880  -0.004   16
48882.916    0.621733950448   -0.248000404213    0.2935    0.8859  -0.257   30
48886.832    0.105741148610   -2.181301194071    0.3090    1.2566  -0.015   26
48888.169    6.930263346092   -0.363499195544    5.8163    0.6300  -0.438    4
48889.918    1.609568383707   -1.172998798893    0.5453    1.6584  -0.177   16
48893.837    0.500131427292    2.902899603896    0.3711    1.1607  -0.041   30
48896.916    0.976685181768    0.022500005059    0.5161    1.7426  -0.311   10
48900.832    0.123461308445    0.214199998538    0.1924    0.6701   0.165   19
48903.915   -0.169903307454   -1.046998801257    0.4783    1.7343  -0.041   11
48907.834    0.712045865288    0.305099996467    0.4092    1.1678   0.148   20
48910.916    1.409945175622    4.827398397822    0.2160    0.6855  -0.158   32
48914.832    0.183617819106    0.041399997031    0.2516    1.0700  -0.264   31
48916.253   -0.024723111482    0.069800395863    0.3896    0.4929  -0.161   18
48917.922    0.142035369094    5.478001195058    0.2473    0.9014   0.068   27
48921.834    0.912955163698   -2.423300395549    0.3549    1.1768   0.003   29
48924.916    0.233204644994    1.602500404374    0.2628    0.8201  -0.112   29
48928.832   -0.093312727284   -0.444898799401    0.3230    1.1896   0.129   33
48931.170   -1.396227252461    0.288601194143    0.9053    1.5183  -0.409   14
48931.254    0.312082739719   -2.626401598604    0.4172    1.1891   0.126    7
48932.335    0.158754055963    0.304700405707    0.3300    0.7362   0.226   20
48935.834   -0.037154993053    0.860299198280    0.2705    1.0271  -0.190   36
48939.274   -0.018862138254    0.184600801845    0.3668    0.5339  -0.137   13
48940.377   -0.048441435960   -0.390398395211    0.2919    0.7411   0.184    9
48942.836    0.621877964882    0.618400805763    0.2525    0.8635  -0.055   31
48946.254    0.337515737580   -0.235000806015    0.4334    1.1631  -0.595   12
48949.834    0.624878777327   -1.728100798459    0.3489    1.6120   0.039   31
48951.262    0.889806122675   -0.975898798572    1.0253    2.3874  -0.426    5
48956.832    0.176902896328    1.118901604968    0.2568    0.9392  -0.084   25
48959.086   -0.463696652619    2.334700803885    0.8910    0.8886  -0.105   23
48959.173   -1.598281940800   -1.227700795425    0.9852    1.0383   0.334    3
48960.251    0.149751667366   -0.773600396542    0.2897    0.5651   0.020   14
48963.834    0.006430256683    0.082598401718    0.4003    1.1672  -0.272   31
48967.253   -1.121299505795    0.258001198006    0.8161    0.6428  -0.058    9
48970.836   -0.019290818784   -1.030798806312    0.2454    0.7204  -0.072   34
48974.247    0.534141593466   -0.368701203968    0.9276    1.9087  -0.401    6
48977.834   -0.094026073909    0.000000000000    0.4337    1.4189  -0.188   14
48979.258   -0.443119743511    0.130298396073    0.2945    0.6369  -0.130   17
48984.836   -0.386817994845    0.119401205723    0.3651    1.2607  -0.126   16
48987.334    0.137607912135    1.563400800819    0.2908    0.5592   0.072   16
48991.834   -0.010288430186   -0.438901203381    0.2081    0.7003  -0.070   53
48993.087   -0.507278490845   -0.663001199541    0.6763    0.6689   0.131   55
48994.917   -0.372098647454   -0.950299205726    0.5762    1.0361   0.082   14
48998.836    0.214198492305    1.320501596069    0.3291    1.3217  -0.352   30
49002.251    0.047295948559   -0.102999605645    0.2812    0.5526  -0.091   16
49005.834   -0.158613501774    0.794599202436    0.2057    0.7702  -0.283   52
49009.253    0.148609688947    0.498999600040    0.3179    0.5548  -0.013   15
49012.832   -0.164759092361   -0.296301594460    0.2242    0.7493  -0.022   52
49016.251   -0.035868951463    0.664999204503    0.4831    0.7635  -0.073   12
49019.838    0.107740536825   -1.068199199494    0.2473    0.8231  -0.093   44
49023.253    0.410820887946   -0.649299596489    0.2766    0.6411   0.086   15
49026.836   -0.153613301115   -0.117298797875    0.2244    0.7114  -0.082   54
49028.085   -1.387512941469    1.194901201984    0.5852    0.7114  -0.344   22
49028.085    0.135464460751   -1.112500798683    0.6653    0.8993   0.334    9
49030.251   -0.019578896388   -0.372700795026    0.2826    0.4605   0.111   16
49033.834   -0.099314352173   -1.021201197204    0.1860    0.6269  -0.157   36
49037.249   -0.180620466906   -0.538199999767    0.3019    0.4035   0.134   14
49040.832   -0.007431680912    0.846601201943    0.2346    0.7497  -0.067   46
49044.251    0.221770776143   -1.344398397407    0.2799    0.6396  -0.122   15
49047.834    0.529137981298   -0.030801601270    0.2090    0.6576  -0.084   47
49051.253    0.697182503463    0.250898399656    0.3729    0.8502   0.254   12
49054.832   -0.094310740005   -0.360298798796    0.1512    0.5093  -0.197   56
49058.251   -0.105027850721   -0.504000003332    0.3550    0.5759  -0.068   11
49061.834    0.077732607325   -0.889099200663    0.2310    0.7828  -0.047   25
49063.017    0.749341461266    0.432100793546    0.7057    0.5715   0.143   22
49065.249    0.175044111038   -0.688201201626    0.3438    0.6246  -0.096   16
49068.836   -0.532999566311    0.304300802156    0.2393    0.8569  -0.147   30
49071.122    0.114887600378   13.701898802765    1.1510    4.7526  -0.243    3
49072.251    0.375384077258    0.593798405646    0.3444    0.7694  -0.169   14
49075.834    0.520564273231   -0.750999595311    0.2135    0.6654  -0.049   47
49079.253   -0.859372972891   -0.421898394620    0.7455    0.5548  -0.045    8
49082.832    1.649151445504   -0.982101606439    0.2775    0.7887  -0.116   26
49085.254    0.584438354470   -0.473198402062    0.4287    0.8456  -0.172   16
49089.834   -0.296080762248    4.547300405022    0.3300    0.8566  -0.074   25
49093.257    0.790923911277    0.672098396137    0.4404    0.7902   0.031   11
49096.832    0.370524479524    2.568898796085    0.2581    0.6714  -0.023   30
49099.166    0.884089212618    0.350398801174    0.8299    0.6845  -0.280   14
49100.251    0.232916616125   -0.415000795329    0.3491    0.6788  -0.082   17
49103.834    0.116029627533   -0.417301201594    0.2682    1.1833  -0.104   59
49105.083   -0.709045101580    3.436599600093    0.2478    0.4025   0.039   52
49107.249    0.326369946334   -1.419400801694    0.3570    0.7435   0.029   17
49111.099    1.843630389760    1.679900404383    1.5107    0.8468  -0.109    6
49112.166   -0.568580440170    0.794998805986    0.4323    0.5553  -0.083   82
49112.166   -0.816075752024    0.617601598663    0.3949    0.5035  -0.074   81
49113.254   -0.027151180226   -1.160701205549    0.3449    0.6164  -0.095   15
49119.251    1.089573393931    3.013199993518    0.3449    0.7610  -0.122   17
49126.250   -0.958683864819   -0.752698805684    0.3277    0.6508   0.108   15
49133.251   -0.381817794186    2.613700794996    0.2556    0.5352  -0.028   18
49134.336    1.395081813797    2.230498793665    0.8201    1.6772   0.619   10
49140.253   -0.879949833264   -2.088201598838    0.2576    0.5339  -0.010   20
49141.342    0.871372664951    1.091300400446    1.0662    1.0087   0.095    6
49147.251    0.233204644994    0.006699600874    0.2763    0.6428  -0.008   33
49154.253    1.109436956414   -1.378900795146    0.2515    0.4958   0.112   23
49160.002    2.273172861771   -1.344801594882    1.0981    0.7029   0.109    9
49161.251   -2.356910505494    1.961301597930    0.1942    0.4039  -0.260   23
49162.983    0.364666966542   -3.817198806644    0.2660    0.7027  -0.006   41
49164.064    0.263497289325   -1.022399995065    1.0606    0.8882  -0.166    5
49168.253    2.129992054013   -1.661500799344    0.3143    0.6845  -0.373   12
49175.251    0.108597946620    0.320601593273    0.2725    0.3188   0.336   15
49182.253   -1.362220546532    1.267099193569    0.1808    0.2734   0.144   13
49189.252   -1.355217546150    3.540499196220    0.1965    0.4248  -0.002   16
49196.250   -1.246187507490   -5.810000403983    0.1822    0.2404   0.139   19
49197.334    3.079673481498   12.495200394369    0.4956    1.5816  -0.096    8
49203.252   -0.155756703764   -0.948398403011    0.1572    0.2385   0.166   33
49204.336   -1.336640025255   -3.293701196583    0.9216    1.9371   0.427    6
49210.250   -1.500685819727    0.795200398329    0.2690    0.2831   0.125   14
49217.252   -0.034010166174   -3.186201600158    0.3017    0.5551  -0.001    9
49218.333   -6.722354507544    3.088799999773    0.4175    0.5925  -0.090   52
49223.169    2.150853580481   -6.127300804337    0.3901    0.8184   0.346   17
49224.250   -1.217036890314   11.926299602294    0.4184    1.4922  -0.125    9
49225.335    0.287359579501   -1.445198405747    0.4397    1.0225  -0.442    7
49231.252   -2.783740193930   -8.085801596280    0.2303    0.3526   0.290   14
49232.333    3.873310127615    0.722901597783    2.4447    1.1669   0.699   65
49232.333    0.403821299073   -1.051498804827    0.5937    0.6753   0.032   65
49238.253   -0.500275490463   -5.199998396677    0.1536    0.2459  -0.051   23
49245.252   -0.299794921318   -0.227498404115    0.3871    0.5892   0.184   12
49247.418   -1.587136149554   -1.143698396788    0.5448    0.5787   0.239    7
49254.007   -0.838796063782   -2.124601205367    0.6922    1.5618  -0.103   12
49258.003   -0.578868870357   -0.503701195953    0.7183    1.6482  -0.190   14
49259.252    0.136750551076   -0.497800802179    0.6458    0.5850   0.154    4
49260.333    0.528709300768   -0.865000794192    0.8207    2.9421   0.735    4
49261.005   -1.162165197672   -0.307400402733    0.7092    2.3233   0.170   16
49266.250   -0.505563719990   -1.528999199252    0.3856    0.7917   0.206   20
49267.335   -0.013717923161    0.981900001307    0.3119    0.9078  -0.142   18
49273.252   -0.282932171279    3.714598804549    1.0749    1.7112   0.477    5
49279.169    0.392816110752    0.506098804465    0.9369    0.4565   0.429    7
49280.250   -0.597731008610   -0.164401203051    0.4680    0.5464   0.350    7
49281.335   -0.031009353730    0.830901593929    0.2757    0.9879  -0.044   34
49287.252    0.380099611821   -0.789699595316    0.3966    0.8173  -0.059    8
49293.085   -2.708432243839   -2.971900805449    2.3957    2.5814   0.893    3
49300.003   -1.867496188918    0.088898399042    0.7485    2.4607   0.158    8
49301.252    0.894950386504   -0.162298795203    0.7138    1.7887   0.427    3
49309.331   -1.659439875690   -2.162001598549    0.3696    0.7364   0.278    9
49322.246   -0.036438234918    0.443300397990    0.1729    0.2734   0.016   37
49329.248   -0.167759904805    0.178700395281    0.2244    0.4292   0.069   35
49331.418    0.055584990531   -0.333100804539    0.2764    0.9166  -0.197   47
49335.085    0.239346872807    0.247701596834    1.1817    0.5348   0.365    5
49336.250    0.022147568058    0.436298395812    0.1764    0.4030   0.036   47
49342.006   -1.723742637459   -4.139798404879    0.6417    1.7585   0.113    7
49343.248   -0.052299560728   -0.067298397255    0.1780    0.3183   0.110   50
49350.250    0.103025002261    0.322199994685    0.2781    0.5088   0.127   33
49357.252    0.156470050389   -0.097700394974    0.1769    0.3569   0.082   51
49359.418   -1.249047668274    0.622699204200    0.6110    1.5666   0.408   20
49364.250   -0.251782165888    0.065300405083    0.2475    0.4786   0.219   19
49367.289   -0.124747350034    0.369298805936    0.1733    0.2467  -0.013   71
49368.268   -0.259354449725   -0.056700001494    0.5494    0.7335   0.136    7
49369.265   -0.122603947385   -0.486000001843    0.3566    0.4101  -0.213   17
49370.255   -0.429401820350   -0.542901595679    0.5288    0.6872   0.291   11
49371.252   -0.202768034964    0.051299994652    0.1071    0.1901  -0.033  107
49372.267    0.055729053702   -0.398800800383    0.2637    0.2216  -0.033   41
49373.268   -0.263356686400   -0.171399598514    0.5591    0.7206   0.344   11
49374.269    0.101454294577   -0.013798805298    0.2484    0.2951   0.135   46
49375.270    0.005572895623    0.124999198192    0.4654    0.5937   0.382    7
49376.267    0.305364356696   -0.063298806197    0.2510    0.3292   0.169   38
49377.257    0.718188093102    1.923501601198    0.4813    0.6161   0.072   13
49378.250   -0.071161747717    0.474001203088    0.1657    0.3797   0.079   52
49385.248   -0.168188585335    0.566600398599    0.1747    0.3424   0.068   53
49392.250   -0.086165712467   -0.247500004491    0.1800    0.3413   0.147   53
49398.087   -0.355379911849    4.496400001130    1.4560    4.4070   0.506    3
49399.248   -0.073877894066    0.398199604490    0.2693    0.6746   0.134   26
49406.265   -0.970402399765    0.847501205214    0.8296    0.6282   0.130   11
49413.252    0.284502830227    0.027698393978    0.2998    0.3945  -0.183   14
49420.250    0.090593169426    0.089200800346    0.1732    0.6065  -0.015   32
49427.248   -0.116317705137   -0.262900805126    0.2169    0.6164  -0.042   28
49429.418   -0.321085128316    0.813898797958    0.3693    0.7344  -0.338   21
49434.250   -0.387531292734   -0.663598801509    0.2671    0.6978  -0.085   30
49435.335   -0.363668953821    1.843999193341    0.1609    1.1467  -0.476   47
49436.420    0.111886787933    0.806601595116    0.4343    1.0574   0.453   40
49441.252   -0.072163123211    0.152499593753    0.1828    0.4100   0.030   55
49448.250   -0.313656858913    0.077400000009    0.2222    0.5241   0.033   21
49455.248    0.037007518373    0.325598402640    0.2031    0.4092   0.118   31
49462.247   -0.143609488288   -0.217799998836    0.1726    0.4021   0.018   48
49468.167   -0.438688875043    1.198501202282    0.3845    1.1797   0.346   30
49469.249   -0.184763257770   -0.322498802063    0.2091    0.4204   0.043   49
49470.333    0.369526515540   -2.357899194294    0.4255    0.4656   0.301   78
49471.418   -0.237206881668    0.200998795208    0.1603    0.3933  -0.188   56
49476.250    0.025721075466    0.290300404515    0.1888    0.3757   0.084   53
49483.252   -0.155756703764   -0.606200401876    0.2033    0.4881   0.033   43
49484.333   -0.730479371748    2.328699601151    0.7773    2.3675   0.519   72
49484.333    0.182475791951   -1.858701595836    0.4000    0.7578  -0.862   70
49485.418    0.046297984575   -1.376200798120    0.3027    0.9874  -0.052   50
49490.254    0.336229695991    0.203601602777    0.2752    0.3775  -0.081   20
49495.999   -4.397451368500    9.823600800019   11.6709    9.4549  -0.973   10
49497.249   -0.243781201521    0.087400793802    0.1856    0.4006   0.022   44
49504.250    0.106313892310   -0.326800794426    0.1647    0.3461   0.001   57
49511.252   -0.462122484689   -0.535399206569    0.2024    0.5124  -0.001   34
49518.254    0.065588803358   -0.146800805112    0.2371    0.6659  -0.155   33
49519.335    0.621305269918   -0.007700400317    1.0819    1.1290  -0.578    4
49525.252   -0.289221825036    0.197200796492    0.2504    0.5494   0.013   51
49530.917    0.260781142976    0.964101604950    0.7115    1.5855  -0.185   18
49532.250    0.114743537207   -0.293101197713    0.2160    0.4562   0.015   42
49539.252    0.018574060649   -0.078300003281    0.1731    0.2736   0.053   45
49546.251   -0.114746997453   -0.451000798307    0.1867    0.3081   0.016   55
49548.420    0.000569283455   -3.472801195414    0.3977    1.4105  -0.118   44
49553.256    0.070016260317   -0.181299596136    0.1953    0.3440  -0.007   36
49559.169    0.030721276125    3.141298805076    0.7795    3.4484  -0.364    8
49560.254   -0.194767070597    0.750999595311    0.2029    0.3403   0.074   31
49566.171   -1.535265269356   -2.632600799757    0.5806    1.4809  -0.208   17
49567.249    0.154611265100    0.933400799852    0.2253    0.6878   0.005   30
49568.334   -0.331373558502    0.519800394727    0.3550    1.0519  -0.066   18
49569.418   -0.439402172932    1.307098800396    0.4153    1.2540  -0.125   21
49573.085    0.138605876120    1.082199597136    0.4416    0.8376  -0.106   19
49574.251   -0.306653858530    0.311101199202    0.2007    0.3686   0.053   51
49581.249   -0.199911285690   -0.000698398139    0.1795    0.3561   0.103   56
49588.251   -0.119174454411    0.446000395016    0.1857    0.3473   0.096   50
49595.252   -0.176762293403   -0.069800395863    0.1734    0.3348   0.084   52
49596.334    0.956681016359   -6.260400006397    0.3441    0.4058  -0.062   73
49597.418   -0.193052299742   -2.656299602677    0.3622    0.8798   0.291   25
49602.251    0.816645035479    0.295898396985    0.2037    0.3014   0.157   24
49604.420   -0.245207846035   -1.990699202281    0.3031    0.8909   0.103   25
49609.249   -0.158472850113    0.149198400834    0.2120    0.3289   0.205   23
49616.251    0.173188737258   -0.231501601888    0.2284    0.3563   0.223   22
49618.088   -0.853511950927    0.157201202455    0.4629    1.1283  -0.016   21
49623.249   -0.681324589163    0.218599205937    0.1930    0.3082   0.211   23
49630.251   -0.399822571380    0.224999999432    0.1631    0.3128   0.059   44
49631.332   -0.257499124681   -0.521398796138    0.3073    0.8551   0.456   38
49632.420   -0.128749586709   -0.921099599793    0.2760    0.7038   0.256   35
49637.249    0.001999388214    0.338299193459    0.1765    0.3200   0.122   28
49644.251   -0.205768847408    0.010598395761    0.1879    0.3765   0.144   29
49651.260   -0.138465273195   -0.115099200571    0.1877    0.3654   0.073   27
49652.334   -0.939108379940   -0.633499205094    0.2186    0.4637  -0.219  145
49658.262   -0.002002799724   -0.167601599799    0.1713    0.3349   0.096   28
49664.087   -0.438973492402   -0.584200796538    0.3763    1.1225  -0.153   32
49665.256   -0.260071207860   -0.035899194017    0.2259    0.4502  -0.254   19
49672.251   -0.277359226920   -0.128800803623    0.2127    0.3615   0.099   26
49679.253   -0.410824348192    0.188701201864    0.1979    0.3717  -0.109   23
49686.251   -0.175760869173    0.224499599710    0.1990    0.3288   0.142   26
49693.249   -0.556721302299   -0.022399196098    0.2091    0.4603  -0.240   23
49700.247   -0.047443423239   -0.362800797404    0.1518    0.2968   0.023   46
49707.249   -0.062447436725   -0.022100401509    0.1696    0.3617  -0.190   23
49714.251   -0.059587227206   -0.130899604756    0.1883    0.3764   0.103   21
49715.332   -1.441811890411   -0.731300396239    0.3015    0.5453   0.031   88
49735.253   -0.457835630656   -0.619898398213    0.1465    0.3136  -0.049   26
49742.251   -0.120604559171   -0.001800006544    0.1048    0.2122   0.050   85
49750.334    0.309222530199    0.880999196795    0.3074    0.5630   0.182   85
49820.334    4.915158892457    8.205001196870    0.3344    0.5348  -0.308  103
49877.415    0.400820535365    2.159200805352    0.2957    0.5024  -0.093   90
49914.167    1.061280186550   -1.171400397482    0.7047    0.9641  -0.186   26
49930.168    0.492415080285    2.295399595198    0.8597    3.2879  -0.723   22
49939.333   -0.346806203782   -0.288500397971    0.3476    1.0743   0.051   18
50031.416    1.381792571166   -6.544900800520    0.3115    0.8966  -0.567  176
50058.335    0.589013286109   -0.164300394090    0.1968    0.4411  -0.129  165
50084.998    0.658172185366   -0.209498402626    0.2610    0.4677  -0.092   44
50121.333    0.000000000000   -0.674499598574    0.2316    0.4038  -0.087  156
50127.254    0.019002741179    0.421401601614    0.2954    0.6480  -0.003   13
50155.831    0.556861905224    0.988898396770    0.3468    0.6614   0.063    4
50156.331   -3.517933676011   -8.777401205862    1.9108    9.2481  -0.466   18
50177.333   -0.212487181696    0.907498805702    0.3581    1.0455  -0.125   21
50199.420    0.238489511748    0.408099602112    0.2394    0.7060  -0.095  103
50218.252    0.208052852982    0.320101193552    0.2571    0.4551  -0.206   16
50219.333    0.224771588587   -0.550299594693    0.2728    0.4585  -0.182   32
50242.333   -0.152611876885    2.647699199088    0.3431    0.5375  -0.086   44
50247.436    0.951536801266   -2.300698805868    0.2685    0.4038  -0.098  111
50253.254    0.279358615134    0.494200801882    0.3798    0.7399  -0.045    7
50259.083    0.378100223607    1.128301202868    0.5599    1.4828  -0.207   16
50267.250    0.202908637889   -2.620900795591    0.7691    1.2937  -0.322    3
50274.252   -0.040725088952   -0.033901201846    0.1901    0.3083   0.001   40
50281.250    0.096025462124   -0.567500401871    0.3552    0.5092  -0.045   11
50288.252    0.163040909997    0.710301603135    0.2508    0.4224  -0.118   24
50305.832    0.881517080703    0.435801602805    0.3637    0.5908   0.109   25
50336.104    0.462407150785    0.555199201813    0.3263    0.4566  -0.169  108
50391.096   -0.517138240502   -0.946101603461    0.7711    0.9676  -0.617  108
50423.420    0.002856749274   -1.544101205297    0.4199    0.6114   0.068  170
50458.831    0.003998776429   -0.256201204252    0.1567    0.2033  -0.064  129
50463.254    0.053585651053    0.436298395812    0.2318    0.3374  -0.101   27
50525.102    3.266007446953   -0.603000005128    0.9545    1.0123  -0.193   62
50575.751    2.732867277716    0.865900797464    0.4269    0.5389   0.348   43
50616.086    1.051420436893   -0.072601201850    0.9671    0.9636   0.695  144
50631.251   -0.202198751509   -1.455299995712    0.4875    0.8418  -0.239   11
50631.755   -0.016862750039   -0.337499999148    0.4130    1.0052   0.739   45
50638.253    0.379670931292   -0.702698405064    0.3426    0.7439  -0.011   11
50645.251   -0.022720311758    0.324000001228    0.3731    0.7149  -0.183   13
50652.253    0.443400949361    1.490799598969    0.2653    0.6802   0.002   20
50995.252    0.024006353347    0.439801193863    0.3937    0.4856  -0.193   17
51002.254    0.102596321731    0.548701193281    0.2256    0.3841  -0.047   19
51009.252    0.007856949933   -0.611398803585    0.4731    0.8446  -0.253    8
51016.250   -0.472410963612    0.324000001228    1.1757    0.6675  -0.517    4
51289.249   -0.175332188643    0.037000802422    0.3407    0.5038  -0.044    5
51366.251   -0.432402632794    0.650001601343    0.3117    0.4612   0.082   12
51380.251    0.893091601215    0.674499598574    0.3375    0.6252  -0.001   13
51387.249    0.270640892632   -0.369799205657    0.4113    0.7533  -0.312    6
51575.072   -0.552575051190    0.518900404245    0.6997    0.6627  -0.669    7
51604.252   -0.411253028721   -0.975301196604    1.2048    2.6123  -0.376    5
51744.252   -0.303080351122   -0.767199603047    0.5230    0.5875   0.289    4
51751.250   -0.250780790394   -1.271401198721    0.5038    0.7223  -0.150    5
51765.250    0.197764422796   -0.690598797348    0.3716    0.8363  -0.421    4
51772.252   -0.136465884980    0.137401194422    0.5170    0.7974  -0.317    3
51947.251   -0.131321669887   -0.439700397692    0.9201    2.0616  -0.955    4
51995.223    3.411331706096   -2.568600001496    4.5169    3.9281  -0.991    3
51996.249   -0.523712560355    0.745199997709    0.3126    0.6111  -0.748    3
52017.251    0.352948431596   -1.254301200504    0.5382    0.8864   0.132    4
52403.251   -0.202483417605    1.041800399548    0.0465    0.0999  -0.031  219
53243.249   -0.104599170191    0.066801604248    0.0933    0.1400   0.004  140
53325.226   -0.075592616185   -0.627901199834    0.2477    0.5620   0.038   17
53584.202   -0.420111354148    0.772300802510    0.3124    0.3046  -0.167   24
53661.204    0.521565697461    0.929401196004    0.3475    0.4805  -0.179   34
53955.205   -0.637598736503   -0.099601197689    0.2861    0.3866  -0.331   44
54018.218   -0.033725500079   -0.130500001205    0.2359    0.2477  -0.123   65
54319.206   -0.092595969150    0.110498400829    0.1618    0.1950  -0.146   29
54543.207   -0.117888412822    0.352400400061    0.0973    0.1673  -0.019   57
54683.207   -0.007003000383   -0.008100003868    0.3090    0.2763   0.259   26
54712.208   -0.480984622943    0.169200001210    0.2739    0.2747  -0.284   38
54718.209   -0.453408173697   -0.280501203065    0.2348    0.2424   0.281   19
55075.208   -0.179907120281    0.438098402356    0.2464    0.2777  -0.002   27
55138.206   -0.142896190399   -0.394898398781    0.2724    0.3261  -0.162   31
57875.189   -0.264358061894    1.013000397165    0.1239    0.1828   0.359  122
