%-----------------------------------------------------------------------------
%                R.A. (mas)        Dec. (mas)        Err. (mas)     Corr. Del.
% Uncertainty in R.A. is in R.A. cos(Dec.)!!!!
%-----------------------------------------------------------------------------
52306.248    5.575999245399   12.737901613491    5.9040   21.8719   0.845    5
52409.164  -30.378140856085  -75.577399186955   12.2474   34.9948   0.936    3
53552.287   42.888177988626 -167.513799593166    5.5085   14.2416   0.680    4
57011.551    1.365909275792    9.168602414888    0.5225    1.6500  -0.427   32
57836.293    0.597886302675    5.434902013235    0.8967    3.1998   0.133   24
58143.856   -2.244417587374    0.000000000000    0.7127    2.3114  -0.108   23
58712.722    0.000000000000    5.074502405478    0.6676    2.2877  -0.060   21
