%-----------------------------------------------------------------------------
%                R.A. (mas)        Dec. (mas)        Err. (mas)     Corr. Del.
% Uncertainty in R.A. is in R.A. cos(Dec.)!!!!
%-----------------------------------------------------------------------------
52887.134    3.728577354073    9.107499624861    6.9648    7.5512   0.216    5
52922.362    1.091561398255    0.696301179914    8.4607    4.7194   0.103    5
53138.251    3.417452431031    3.142501196862    5.6509   19.3314  -0.458    5
54456.854   -0.673106367728   16.343002778285    1.4328   19.2929  -0.708   18
57883.228    0.203850717530    0.000000000000    0.3844    0.3577   0.390   17
57982.247   -0.215927874412   -0.756097188059    0.3399    0.3429  -0.196   18
58702.228    0.000000000000   -0.522899995303    0.3597    0.7502   0.630   18
