%-----------------------------------------------------------------------------
%                R.A. (mas)        Dec. (mas)        Err. (mas)     Corr. Del.
% Uncertainty in R.A. is in R.A. cos(Dec.)!!!!
%-----------------------------------------------------------------------------
47165.332   -0.023722337607    3.632799603537    0.7680    1.1230  -0.077    9
48713.258    0.339289174491    3.306196801134    0.6131    2.1087   0.001   12
48733.251   -1.004976706461   -1.023299998337    0.5753    1.2078   0.206   12
49022.175   -1.149507221720    3.324499203927    0.6981    2.0547  -0.288   14
49659.339   -0.331378215970   -1.702501199219    0.5278    1.5848   0.233    4
50459.832    0.316006134808    0.277297199602    0.1253    0.1802  -0.090  149
51288.208    0.516180504394    0.140299202656    0.4282    0.7242   0.058   14
51981.080   -0.251425194729    0.072399603113    0.0571    0.1217  -0.106  228
52353.230    1.908330358482   -0.524401200863    3.5331    3.4613  -0.738    6
52411.272   -0.236636496815    0.812797202343    0.1874    0.5081   0.120   19
52415.216   -0.043195731355    0.093697203596    0.1174    0.2909  -0.090   41
52430.228    0.193001417593   -1.480701596535    1.3198    2.3327  -0.052   13
52458.268   -0.626589567254   -0.183301201417    0.2867    0.5093   0.084   20
52464.204    0.017719698057   -0.436802395853    0.1843    0.5900  -0.127   45
52516.270   -0.410013393383   -0.796201197772    0.2191    0.7783  -0.370   13
52522.238    0.515597121146   -0.221702400438    1.1011    2.4697  -0.171   12
52676.249    1.330503360214    0.052999198630    2.0485    1.9784  -0.419   16
52726.270    0.095623860951    0.112899603266    0.2521    0.3853   0.108   32
52733.272    0.099577592209    0.577699200477    0.2487    0.3736   0.369   67
52740.270    0.067652579486   -0.412801198024    0.1552    0.2969   0.027   67
52746.272    0.045982646175   -0.719002796501    0.1742    0.2630  -0.071   40
52752.229   -1.411918460437   -0.408401997021    1.3255    1.5099  -0.403    7
52753.244    0.037340723077   -0.062402396850    0.1082    0.2432   0.042  112
52754.270   -0.470345439547    0.044499604002    0.2547    0.2890  -0.492   18
52759.271    0.295358932612    0.127198801891    0.1859    0.3863   0.323  100
52768.271   -0.346314545155   -0.271000796204    0.1984    0.2548  -0.090   40
52775.269    0.417337422708   -0.488401197885    0.2767    0.3715  -0.520   25
52781.248    0.167082590366    0.045799198034    0.1135    0.1977  -0.144  114
52782.267    0.330355534798   -0.228103200328    0.1892    0.2747  -0.186   35
52789.269   -0.109678048341   -0.076301998320    0.1013    0.2343  -0.017   93
52796.271    0.158735829926   -0.228902401034    0.2133    0.3367  -0.044   30
52803.269   -1.082441521487   -2.133100799995    1.9109    2.3951  -0.529    8
52810.271   -0.133252754676   -1.218301197525    0.3979    0.6026  -0.074   10
52823.270   -0.237223376067   -0.237902401778    0.2476    0.3518  -0.370   36
52859.269    0.149071175713   -0.070401598151    0.2732    0.5147  -0.258   27
52866.271    0.156247623711   -1.526000401242    0.5052    0.9033  -0.302   15
52872.250    3.230487008199   -0.354700799932    1.4215    1.0889  -0.234    7
52873.269    0.243081930292   -0.389001598933    0.4304    0.7626  -0.633   15
52879.244    0.296529245055   -0.418402797209    0.1877    0.4151  -0.008   32
52880.271   -0.509443404263    0.092599201906    0.3750    0.3049   0.045   11
52886.250    3.391711044340    3.851798400234    2.1416    1.3077   0.144    5
52887.269    0.126079852626    0.313200000335    0.6342    0.4726  -0.110   10
52893.244    0.073363502440   -0.643003199485    0.1305    0.2787   0.026   77
52894.271    0.064285777423    0.464097598751    0.2877    0.3515   0.020   18
52900.250   -0.227411140526    0.126900000907    0.0422    0.0880  -0.230  255
52901.273    0.331673428570   -1.820102398398    0.7791    1.4613  -0.893    5
52908.267    0.038953829449    0.174798000074    0.1982    0.3466  -0.178   12
52915.269   -0.351733751514    0.070297201660    0.7644    0.7067  -0.840    6
52922.271   -0.049346002176   -0.370702796459    0.2638    0.3603  -0.014   14
52929.269    0.158735829926   -0.439199997970    0.2193    0.4942  -0.408   21
52935.245   -0.036901425153   -0.891500396705    0.1210    0.3492   0.016   34
52936.271    0.201639894628   -0.315302401788    0.4720    0.8497  -0.521    4
52949.245    0.240737809401   -0.489002400172    0.6583    1.1872  -0.822   46
52950.271    0.341485714054    0.195897602140    0.2645    0.3115  -0.105   18
52956.246   -0.749594284469   -2.033902799781    0.2793    0.3429   0.160   13
52964.271   -0.388926893263   -0.300402000875    0.5559    0.4571   0.037    5
52969.268   -0.741542736629    0.231598804135    0.3721    0.4468  -0.202    8
52978.271    0.220529905129    0.159598798177    0.3733    0.3473   0.142   12
52984.250    2.334601470827   -0.748702795761    0.3002    0.3229  -0.018   15
52985.266    0.263581551160   -0.236699997203    0.3305    0.3366  -0.031   10
52992.267    0.159322709178    0.047397599445    0.2286    0.2800  -0.233   14
53012.250    1.068679050692    1.492999202668    0.1831    0.2661  -0.117   18
53013.269    0.498025004417   -0.209800797535    0.2223    0.3064  -0.081   16
53020.267    0.024748564726    0.667097999241    0.3799    0.5834  -0.617    7
53027.269    0.144238848607    0.228797998147    0.2543    0.3789  -0.080   23
53034.267   -0.237223376067    0.945298802435    0.2548    0.4944  -0.548   10
53040.250    1.687948084625    2.839096804053    0.3227    0.3667  -0.071    9
53041.269    0.572850535895   -0.143200798419    0.2150    0.2691   0.063   28
53048.271    0.628202673625    0.300898800276    0.4045    0.4896   0.137    8
53055.269    0.263876763760   -0.741599997411    0.2244    0.3618  -0.348   30
53062.271   -0.227850438450    0.712198799135    0.5493    0.8669  -0.764    4
53069.269    0.176455527983   -0.377099996030    0.1837    0.2574   0.022   20
53076.271   -0.235466184371    0.018000001489    0.4224    0.6798  -0.665    5
53082.254    0.339436805762    2.088900003372    0.1996    0.2973   0.244   14
53083.269   -0.519986654323    0.339598800281    0.4409    1.1108  -0.603   10
53090.271    0.088594994282   -2.456200797951    0.9446    1.2763  -0.729    4
53097.269    0.121686823444   -0.713699998300    0.2143    0.4235  -0.127   22
53103.271    0.212622442613   -0.036899999856    0.1679    0.2872   0.063   14
53110.250   -2.544001196700    1.344398403802    0.3817    0.4073  -0.208   10
53111.269   -0.078779262737   -0.090802802077    0.1611    0.3195  -0.045   38
53118.268    0.524822477434    0.145299599552    0.4254    0.6886  -0.574    9
53125.270    0.139698188154    0.005799603997    0.2090    0.2635  -0.110   17
53132.271   -0.285838363724    0.268297198858    0.4300    0.5719  -0.504    7
53139.270    0.431834404027    0.048398398889    0.2620    0.4083   0.018   16
53145.271    1.488652310887   -1.411102799409    0.9316    1.9366  -0.938    4
53152.251   -0.876700314272   -0.054701996532    0.3689    0.3988   0.053   11
53153.270   -0.034996602186    0.230399999879    0.2687    0.6237  -0.389   19
53160.275    0.613122309059   -0.452001597750    0.4698    0.7508  -0.780    7
53167.270    0.087129519182    1.101099601897    0.2310    0.6037  -0.364   44
53174.271   -0.401374966290   -0.128901599794    0.5493    0.8366  -0.117    3
53180.247   -0.670667440404    1.053198002410    0.2995    0.3812  -0.121   14
53181.270   -0.489235450048    0.735397202334    0.2211    0.4793   0.105   16
53185.207    1.003514677422    0.742096803208    0.1954    0.6404  -0.026   13
53188.271   -2.328008406078    3.119497198156    6.7871    4.8442  -0.966    4
53223.270   -0.063698898170    1.850198400888    1.2037    4.4887   0.927    4
53236.247   -6.110551166647    4.638499203935    0.4632    0.5200  -0.376   13
53237.270   -0.047297093885   -0.316000799927    0.4013    0.7385   0.531   14
53244.268   -1.272511938936    2.070496798012    1.4318    1.8498  -0.909   16
53251.270    0.065456089866    0.365497200505    0.3685    0.8995   0.135    6
53257.253    5.276023852616    6.201698399622    0.4102    1.2047   0.161   10
53258.272    0.774051132600   -1.040101201966    0.3508    0.8537  -0.485   13
53265.270    0.598769413065   -0.584002798121    0.2700    0.4012  -0.122   29
53272.268    0.619564196589   -2.020903201583    1.3854    2.8754  -0.955    7
53279.270    0.153755871548    0.035899200412    0.2988    0.4680  -0.015   13
53286.272   -0.345875247231   -1.575702000878    0.4067    0.7038  -0.305    8
53292.247    0.912870724906   -0.827801999748    0.2085    0.4161  -0.251   18
53293.270    0.851663578898   -0.671900397720    0.2598    0.4199  -0.086   22
53300.268    0.253038251157    0.548398798372    0.2574    0.4705  -0.234   10
53307.270    0.226680126007   -0.141400798270    0.2161    0.5614  -0.170   57
53314.268    0.296676826384   -0.095601600236    0.4961    0.7601  -0.621    8
53321.270   -0.887095983003   -1.088902798330    0.6606    1.0031   0.066   25
53327.249    0.986529489888    8.529098400345    0.4075    0.6772  -0.141    7
53333.272    1.071019675579   -0.411800398581    0.9276    0.9530  -0.062   15
53341.249    0.030607069008    0.278499604178    0.4074    0.5171  -0.273    7
53349.270   -0.574460146263   -0.045100799895    0.5392    1.0304   0.307   20
53362.269    0.186559480119    0.963496802342    0.2981    0.5781  -0.477   16
53410.227   -0.039097914773   -0.108100798712    0.1121    0.3059  -0.295   13
53460.248    0.299165032599    1.179000001628    0.1263    0.2807  -0.034   31
53509.246    0.291552782682   -0.550303201408    0.1704    0.2693  -0.044   17
53543.225   -0.060767848084    0.014400001191    0.2354    0.4765   0.336   25
53710.203    0.120368879729   -0.044503197927    0.2148    0.3511   0.301   30
53761.246   -0.077169652370    0.277498798340    0.3883    1.0373  -0.854   11
53773.205    0.035144183515    0.108097198392    0.1256    0.1743  -0.159   33
53824.248   -0.040855156412    0.175597200780    0.3753    1.0651  -0.839    8
53915.981   -0.215841663347   -0.785401196879    0.9072    0.4022   0.375   36
53992.249    2.043196219530   -3.117502799910    0.1296    0.1884   0.106  124
54110.206   -0.299456749194    0.335599202828    0.1129    0.1907  -0.255   54
54187.230    0.153024906972   -0.011001599631    0.0970    0.1634  -0.066  127
54608.250    0.127253661074   -0.984801597070    0.1497    0.5654  -0.073   27
54816.209   -0.038363404249    0.041097602121    0.1067    0.1563  -0.195  144
54872.209  -14.408684982760    2.063098798999    3.5682    2.3195   0.177    8
54963.208    0.071606310744   -0.200602798373    0.1651    0.1925  -0.365  202
54970.209    0.033095275224    0.082497599152    0.2322    0.1739  -0.210  156
54978.208    0.319228851547    0.216597600655    0.1699    0.2938   0.008  225
55054.206   -0.068383594005    0.211298402775    0.2893    0.3471  -0.019   68
55089.208   -0.246009434431    0.043200003574    0.1310    0.2212   0.097  164
55111.229   -0.025771245898    0.333698400112    0.3439    1.7223  -0.371   29
55131.208   -0.110409062860    0.104299199677    0.1203    0.1939   0.092  114
55152.206   -0.220529905129   -0.421102800630    0.0825    0.1718  -0.118  122
55154.248   -0.149215261038   -0.096901200664    0.0923    0.1676  -0.243  152
55194.206    0.083028156652    0.105397201366    0.0861    0.3338  -0.123  200
55222.206   -0.096938258718    0.716799598877    0.1453    0.4169  -0.324  130
55224.248    0.084641312967    0.888998398096    0.1531    0.8424   0.040   40
55244.209   -0.059597535641    0.501199203740    0.2063    0.1840  -0.304  139
55274.269   -0.148189083861   -0.245501999530    0.3255    0.3169  -0.397   51
55278.897  -48.333239018834   -8.979101999529   37.5125    8.0529   0.336    8
55279.894   40.371322737806   -0.582901196111   22.5215    1.7408  -0.799    4
55281.895    3.100158211715   -0.130100397655    2.8491    0.4329  -0.052    4
55287.897  -32.258427012036   -0.320101199947   20.8953    1.3664  -0.629    3
55294.230   -0.144382933931   -0.860601599584    0.1994    0.4147   0.167   43
55379.271   -0.118316475434   -0.609202800206    0.2977    0.6558   0.482   30
55439.209    0.221264415653   -0.403401600124    0.1842    0.2971   0.043  391
55447.208   -0.143943636007   -0.542602801090    0.1466    0.2137   0.173  138
55453.209   -0.360080511954    0.721497600864    0.3132    0.2784  -0.175  114
55503.208   -0.284668051280   -0.736102801113    0.1648    0.2222   0.000   98
55539.251    0.306193899268    0.618300003197    0.3390    0.7744   0.086  114
55565.209    0.065164373271   -0.079502401462    0.0721    0.1577  -0.214  282
55615.230   -0.267095984495   -0.156002398199    0.1431    0.1173   0.235  135
55636.210   -0.075999339926   -0.832100398185    0.2560    0.6798  -0.245   32
55638.270    0.683994109279    0.057297603462    1.2936    0.8918  -0.796   21
55643.226   -0.380288416227    0.984099598611    0.6913    0.7937  -0.079  144
55645.272    0.055352137730    0.117198001703    0.1593    0.3176   0.131   34
55670.207    0.322887370206   -0.163202398795    0.1318    0.2246   0.180   86
55671.270   -0.018742429172    0.098596797926    0.1929    0.4018   0.316   92
55680.270   -0.044661256398    0.189997201971    0.3701    0.4652   0.107   38
55685.226    0.331381711975   -0.713501999883    0.2413    0.4678  -0.105  451
55687.272   -0.409574095459   -0.198302398502    0.5179    0.5744   0.058   28
55694.270    0.118319971438   -0.181900798424    0.2770    0.4546  -0.026   77
55701.272   -0.063259600246   -0.262799996165    0.1673    0.3587  -0.144  114
55708.270   -0.391123382882    0.130096803730    0.4238    0.5704   0.058   66
55715.272    0.791183901462   -0.615301198792    0.3666    0.4683  -0.553   18
55722.270   -0.084785398291    0.640800001861    0.3100    0.3799  -0.028   71
55727.208   -0.356566078620   -0.092001599938    0.2477    0.2221   0.043  255
55734.228   -0.171032775677    0.235699204154    0.2174    0.2540   0.093  149
55740.207    0.002783418815    0.341197201692    0.3433    0.4940  -0.150  249
55743.268   -0.280714369965   -1.313402398040    0.6000    0.7757   0.010   72
55748.206  -10.143348759559    4.295397599208    0.2308    0.2419  -0.131  159
55797.227    0.560989392063   -0.858801599435    0.3588    0.9364  -0.080  354
55813.272   -0.129299073361   -0.393101998952    0.2483    0.3828   0.206  194
55819.500   -0.180553344565    0.052498798908    0.0540    0.0767  -0.061  425
55820.497   -0.162686065180   -0.045201596066    0.0513    0.0843  -0.155  475
55821.498   -0.106894629526    0.161697599310    0.0584    0.0784  -0.036  410
55822.498   -0.137940996458    0.111398404101    0.1811    0.0825   0.103  346
55823.499   -0.044369589746   -0.061102796423    0.0600    0.0777  -0.025  350
55824.500   -0.345291814040    0.110599203396    0.0742    0.0864  -0.085  435
55825.497   -0.300187763714   -0.094499998227    0.0702    0.1079   0.398  421
55826.498   -0.065016791942   -0.155300399740    0.0646    0.0877  -0.151  404
55827.499   -0.157270304883    0.060199199226    0.0579    0.0970   0.256  460
55828.499   -0.356857795215    0.044197202698    0.0881    0.1250   0.483  466
55829.500   -0.240737809401    0.075499203689    0.1341    0.0910  -0.581  376
55830.501   -0.118464106705    0.124297199733    0.0514    0.0694  -0.068  367
55831.498   -0.408551414287   -0.051800400769    0.1261    0.0795  -0.449  381
55832.499   -0.238541319782   -0.025801197978    0.0473    0.0702  -0.037  378
55833.500   -0.361398405726    0.019497600334    0.1135    0.0914  -0.238  266
55841.272   -0.418216068499   -0.057700800937    0.2451    0.3388  -0.125   86
55853.271   -0.971002785446    0.623397602340    0.4029    0.4377  -0.595  198
55862.270   -0.097229975313    0.395100003914    0.3259    0.3628  -0.162   91
55876.270   -0.484111456289   -0.128800797228    0.4406    0.6910   0.263   48
55889.295    3.391711044340   -4.947800396593    0.9671    0.7915   0.095    9
55894.208   -0.116706865066   -0.254901597430    0.1068    0.1540   0.078  251
55897.269    0.130768044465    0.172997999925    0.2241    0.2839  -0.206  189
55904.270    0.050814973281   -0.124901995946    0.2145    0.2470  -0.338  155
55916.229   -0.155952411111    1.034197201477    0.0872    0.5662   0.116  270
55917.270   -0.310731013774    1.243198798306    0.2988    0.4718  -0.169   59
55944.207   -0.200613667509    0.018899998366    0.1044    0.1071   0.014  243
55946.384    0.270757999157    0.280998002467    0.3188    0.4529   0.355   76
55951.227   -0.147166352746    0.335296801524    0.0955    0.1759   0.136  110
55953.269    0.038514531525    0.408697204080    0.2352    0.3588  -0.059  109
55960.271    0.002052404296    0.047296803274    0.2289    0.3276  -0.198  145
55967.272   -0.099426464933    0.190998001415    0.3802    0.9304   0.392   52
55974.271    0.331673428570   -0.634499998142    0.1702    0.3095  -0.225   74
55981.272   -0.101918217096    0.003697202544    0.3856    0.3726   0.005   49
55985.206    0.680479675945    0.299199602694    0.3638    0.3115   0.709  180
55988.267   -0.007028866669    0.259200002262    0.3422    0.3651   0.198   71
56002.271   -0.610774692163   -1.333800001646    0.4607    0.4870   0.272   60
56009.273   -0.002779922811    0.271497602000    0.1829    0.3124   0.114   42
56016.271   -0.620586927704   -1.903402798575    0.5525    0.8651   0.261   37
56030.271   -0.242495051040   -0.306100795910    0.1936    0.3444  -0.125   66
56063.242    0.697173146883   -4.369003200821    2.0998    3.3582   0.141   19
56065.269    0.057843839949   -0.043902002034    0.2424    0.3691  -0.402   56
56072.271   -0.656022827814    0.148096798824    0.1854    0.2586  -0.072  108
56079.269    0.094158335907   -0.169001996397    0.1945    0.2100  -0.251   98
56093.269   -0.213501038460    0.335797201245    0.2639    0.2660  -0.094   87
56100.271    0.145704373651    0.054799198779    0.4290    0.3861  -0.193  113
56107.273    0.300482926371    0.031996798810    0.1500    0.2775  -0.051  114
56114.271   -0.727485053234    0.069098403799    0.2122    0.3561  -0.074  134
56119.231   -0.377360912088    0.446198399828    0.1121    0.1408  -0.087   98
56148.247    0.646653386202    1.703797199326    0.6256    1.0547   0.468   58
56149.269    0.204714980096    1.707098398640    0.2716    0.4711   0.085   46
56163.269    0.075415956678   -0.037702800881    0.1840    0.2800   0.025  116
56168.229   -0.449258939427    0.411998403393    0.2850    0.2117   0.122   28
56170.271    0.218333365566   -0.148802397604    0.1751    0.3100  -0.022   91
56189.228   -1.044222202562   -2.166299996986    1.5234    1.7124   0.200   23
56196.229   -0.096646592065    0.062398802925    0.1819    0.1540  -0.009   53
56198.271   -0.211156917569    0.239698801607    0.1655    0.2680  -0.089   91
56203.224   -0.151411800600    0.163396803288    0.2078    0.2114   0.206   56
56205.269   -0.192266907069    0.082598401718    0.1294    0.2803  -0.112  168
56212.271    0.035878694038   -0.408002399865    0.1422    0.2323  -0.006  117
56219.269   -0.393467503773   -0.020102396547    0.3970    0.2348  -0.523  139
56226.271   -0.380727714151    1.153299599821    0.4042    0.4713  -0.275   41
56240.268   -0.303118763857   -0.136501197545    0.3646    0.4172   0.177   67
56259.228    0.120664092329    0.038098804112    0.1046    0.1436  -0.230   64
56268.271    0.036317991962    0.273697199304    0.1920    0.3115  -0.078   56
56273.231   -0.069262189853    0.004996802971    0.1581    0.1954  -0.040   94
56280.540    0.392884070582    0.144799199830    0.9379    1.2788   0.118   16
56289.273   -0.049641214776   -0.081403197782    0.1265    0.1974   0.025  223
56296.271    0.075415956678   -0.329000398125    0.3723    0.2461  -0.183  123
56313.540    0.853273189265   -0.484603199169    2.1879    1.9851  -0.020    5
56316.583   -6.741097961163    5.280397201091    1.3049    1.1605   0.036  110
56317.270   -0.011565981175    0.230198401141    0.2106    0.5723   0.297   97
56324.271    0.560550094139   -0.235602001908    0.2393    0.2585  -0.242   96
56328.209    0.090935619169    0.683499599319    0.1606    0.2539   0.036  217
56335.185    0.121395106848    1.040299200383    1.1698    1.4586   0.605    4
56336.208    0.038953829449    0.205498798778    0.1451    0.1821   0.260  240
56337.227    4.583978195496   -1.761400798017    2.0985    2.4571   0.705    7
56338.271    0.118611688034   -0.347000399614    0.1135    0.2302   0.014  158
56344.262    0.761750640901   -2.153800798510    0.9750    3.0311   0.180   12
56345.270    0.079808985860   -0.067499995993    0.3093    0.3128   0.356   87
56359.270    0.492166450191    0.185097601246    0.1632    0.2436  -0.106  115
56365.581    1.162542174000   -1.763902796625    1.0511    0.9689  -0.072   85
56366.272   -0.430516510255    0.310399200742    0.2478    0.2812  -0.005   72
56372.251    0.751063305517    0.181699199686    0.3098    1.0935  -0.164  110
56378.270   -0.400348739171   -0.002800799592    0.1088    0.2495  -0.273  163
56387.270   -0.088004619025    0.422596799154    0.2345    0.3485  -0.158  148
56392.230    0.006445433478    0.182998800113    0.1147    0.1815  -0.238  179
56394.272    0.433739226994    0.014698802175    0.2655    0.3328   0.072  137
56401.270   -0.061646443932    0.411299998859    0.1520    0.3186  -0.190  149
56405.207    0.271197297081   -0.067301997575    0.1133    0.2047  -0.029  292
56406.230    1.239272528446    0.068997601232    0.3292    0.6472  -0.048  693
56408.268   -0.023427125007    0.569898003988    0.3217    0.6374   0.215   52
56415.270    0.265778040780    0.160999201171    0.2696    0.2814  -0.255   80
56418.999   -0.147897367266    2.153296798468    0.2895    1.0955  -0.259  385
56420.208   -0.562599002431    0.824799601418    0.3294    0.3596   0.062  131
56422.275    0.524674846163    0.503499603610    0.4960    0.5241  -0.435   26
56429.270   -0.259332607302    0.299700002415    0.2233    0.3762  -0.100   72
56443.270   -0.075560042002    1.124596799684    0.4238    0.4901   0.063   53
56450.268   -0.502414537595   -0.537703200365    0.3598    0.4436  -0.256   67
56457.270   -0.308829736754    0.396399597946    0.2353    0.2732  -0.119  112
56461.207    0.090791533844    0.030499199966    0.1696    0.3179   0.050  148
56464.272    0.077756531622    0.620697598919    0.1476    0.2756  -0.021  144
56469.228   -0.583246204627   -0.070801201701    0.3395    0.4724   0.015  271
56470.251    0.329476938950    0.130500001205    0.1675    0.2666  -0.126   54
56471.270   -0.553373646142   -0.265600795757    0.1669    0.2982   0.102  131
56477.998   -1.038802996203   -4.014201598324    0.5011    1.0315  -0.011  324
56525.228    0.377508493416   -0.837403196385    0.3007    0.4794   0.066  263
56534.272   -0.177622344422   -0.279802798531    0.1233    0.2465  -0.109   85
56537.998   -0.488356854200   -2.131401596017    0.3708    0.7835   0.100  152
56540.583   -2.987109865307   -7.179400798663    1.1303    1.0289   0.158   40
56541.270    0.323474299401   -0.710301596740    0.1532    0.3254  -0.299  136
56561.249   -0.525405860682    0.341499602996    0.2158    0.2778  -0.215   20
56567.228   -0.265630459451    4.356198000721    0.1675    0.3071  -0.238  193
56568.251    0.064577444075   -0.169102798964    0.3189    0.3902  -0.271   21
56569.270   -0.077022071041    0.362599198667    0.2135    0.2495  -0.379   90
56575.582    8.482349225284  -17.455100398678    1.2775    1.0476  -0.081   12
56587.208   -0.417629139304    0.192999600301    0.1835    0.2664  -0.270  184
56602.208    0.068531175334   -0.419399996332    0.1207    0.1341  -0.153  172
56603.249   -0.074825531479    0.028299602661    0.0908    0.1181  -0.208  292
56608.188    0.358179184992   -0.380102400754    0.2975    0.4987   0.085   12
56610.229    0.896177253968   -0.957002400526    0.3567    0.5862  -0.385   19
56610.584   16.513822908765    5.913399600388    1.4228    1.0859   0.423   12
56616.227    0.491874783539    0.766799999496    0.3715    0.5073   0.033   52
56617.249    1.693219709655    2.776096798840    0.6474    1.3149  -0.321  201
56617.249    0.101187202576   -0.820900800136    0.2939    0.5254   0.047   14
56625.329    0.939376481327    0.788698802268    0.3058    1.0493  -0.014    9
56627.283    0.677260455210   -3.730600801077    0.2678    1.7529   0.546    6
56629.208   -0.133547967276    0.201398398758    0.1082    0.1240   0.016  283
56630.230    0.423048345662   -1.466503200476    0.8984    1.4400   0.112   24
56631.271    0.409869308059    1.401397199885    0.2390    0.7729   0.223   13
56632.269   -0.231364871785    0.177796798084    0.1242    0.2677  -0.002  164
56633.266    0.237518588667    0.066499202944    0.2583    0.6236   0.216   14
56635.260    0.303558061781    2.155899599643    0.2490    0.7491   0.282   15
56637.254    1.023430865099   -2.028902396489    0.2064    0.7244   0.136   15
56640.268    0.290965903430   -2.113199995790    0.3114    4.1382   0.501    3
56642.207   -0.318786057619    0.235897202572    0.2049    0.8438   0.160   13
56644.227   -0.314832326361    1.834696804082    0.5003    0.9700  -0.267  168
56660.269    0.380291912231    0.512697602773    0.3054    0.7386   0.368   17
56667.270   -0.323179086801   -0.140101197843    0.1188    0.2941   0.402  241
56677.998    0.074681446154    2.384197198069    0.7200    1.1172  -0.465  151
56695.271    0.031924962780   -0.306701998198    0.1432    0.2516  -0.049  163
56699.208   -0.018742429172    0.326797200501    0.0951    0.1483  -0.038  386
56707.229    0.899108254111    0.641797200984    0.3361    0.3072   0.196   65
56708.248    1.024161879618   -0.121201199477    0.3790    0.6997  -0.294   10
56714.227    0.570509960952   -2.277500396275    0.4054    0.6077  -0.136    9
56715.250    0.430224793660    1.022799598616    0.3885    0.6435  -0.150   12
56716.269    0.081710262880    0.102398403357    0.1660    0.1738  -0.033  100
56730.272    0.209108009278   -0.171403198834    0.1826    0.2108  -0.051   92
56735.583  -13.179955704375    5.117997603321    1.1377    0.8286  -0.051   67
56737.271    0.267243565823   -0.263699999437    0.4717    0.4135  -0.330   74
56744.269   -0.057840343945    0.027496801636    0.0994    0.1301   0.111  165
56756.227   -2.474591375576   -0.170503201957    0.3927    0.3685   0.242  194
56758.272    0.010103952136    0.080899204136    0.1496    0.2340   0.471  212
56776.206   -0.002635837486    0.043398001992    0.0809    0.1123  -0.052  254
56783.497    0.299020947275    0.062596801342    0.1749    0.1547   0.711  741
56784.497   -0.629664702664   -0.701902798284    0.2821    0.1967   0.900  420
56785.498    0.014352895994   -0.315100796655    0.0630    0.0830  -0.031  323
56786.499    0.149218757042   -0.114602401169    0.0694    0.0809   0.270  413
56787.500    0.264020849084   -0.034801198723    0.0583    0.0760  -0.135  597
56788.501   -1.047441423296   -0.629402398999    0.2955    1.4884   0.007  394
56789.498    0.077464864969   -0.242301596387    0.0552    0.0673  -0.113  491
56790.498    0.110120842269   -0.092203198676    0.0680    0.0746  -0.370  694
56791.499    0.475325347982    0.160200000465    0.1173    0.3412   0.653  441
56792.500    0.066773983638    0.738496802910    0.3832    0.5858  -0.489  531
56793.497    0.049201866909    0.080298001848    0.0723    0.0851  -0.460  584
56794.498    0.113195977679    0.009097202991    0.0526    0.0673  -0.009  638
56795.499    0.135013492319   -0.269801998343    0.0481    0.0686  -0.087  813
56796.500    0.156686921635   -0.009802801770    0.0716    0.1110   0.412  411
56797.500    0.093866669255   -0.127799997784    0.1180    0.3470  -0.825  559
56799.250   -1.213353701219   14.407099200042    1.3480    3.1729   0.868    5
56799.582    7.250544811488    5.109300003880    0.6879    0.9567  -0.013  222
56817.881   -0.499926331379    0.920998803622    0.1811    0.3417  -0.264   28
56842.291    0.136331386091   -0.547401599249    0.1596    0.4952  -0.073   19
56850.498    0.075707623331    0.315097202730    0.1652    0.4456  -0.094   30
56851.499   -0.024453352126    0.257497197964    0.1708    0.4755  -0.089   23
56853.208   -0.292575513797    0.200998801603    0.2010    0.1273   0.420  241
56857.500   -0.087712902430    0.129798002746    0.3378    0.4746   0.114   38
56858.501    0.401378462294    0.008697599441    0.2807    0.3589   0.176   42
56875.792    0.224191919792   -0.224600395882    0.1432    0.4181   0.081   30
56878.498    0.372236868386    0.581698797930    0.2971    0.7972  -0.138   14
56878.498    0.505345537738    1.291899598499    0.1410    0.2169   0.099  123
56879.503   -0.849755259926    1.131897602846    0.5468    0.9076   0.266   15
56881.208   -1.474004202293   -1.026302396667    0.8940    1.3362  -0.046  234
56885.496    0.266804267899    0.827398802272    0.1556    0.2955   0.223   55
56886.501    0.136479017362    0.361198802068    0.1698    0.3248   0.348   51
56890.248   -0.072045608668    2.573499602221    0.5183    1.3048  -0.293  112
56891.271   -0.106750544202    0.297198003807    0.1784    0.3604  -0.194  122
56898.269    0.138819592306    0.013399201748    0.2475    0.2730  -0.143   47
56901.998    1.070436242388   -3.810200398391    1.4613    2.5407   0.075   33
56904.665   -1.312049201576    0.465300003327    0.2011    0.4415   0.151   21
56905.271    0.209403221878    0.272797202427    0.1563    0.3031  -0.124   63
56905.662    1.029581135919   -3.655303196126    0.2174    0.5718  -0.159   28
56906.659   -0.413236110122    0.462797998324    0.1886    0.4682  -0.041   28
56907.656    1.126371763366   -2.548900796029    0.2368    0.6035   0.069   24
56908.412    0.197542078046    0.956699999222    0.3492    1.4238  -0.424    4
56910.969   -2.772438514403    3.215098798393    0.2258    0.4845  -0.103   21
56911.645    0.614292571559   -1.636801196980    0.1847    0.5052  -0.044   26
56912.642    1.261093589033   -0.642600002010    0.2093    0.5461  -0.076   25
56913.639   -0.890171118414    3.641597999149    0.1961    0.5082  -0.061   28
56914.636   -0.335040280576    0.308296799290    0.2001    0.4978   0.008   26
56916.959    1.845365970836   -0.737600399958    0.3461    0.7082   0.163   12
56917.627   -2.013323661045    1.708099198083    0.1947    0.5568   0.108   26
56918.625    0.279252340926    3.789197998572    0.2133    0.5428  -0.037   27
56919.603    0.326697016140    1.797397200676    0.2730    0.6461  -0.191   13
56920.619   -1.193729180195   -6.741802796029    0.2405    0.5229   0.240   22
56921.616   -0.593641873359    2.252498399002    0.3084    0.8114  -0.022   14
56923.208    0.076438637850   -0.034401601567    0.1655    0.2342   0.050  155
56924.790    0.987847383660    0.476100004221    0.3255    0.6743   0.297   27
56932.270   -0.039537262640   -0.324100797400    0.1363    0.2325  -0.286  177
56934.498    0.737736586699    1.553597999049    0.2495    0.9201   0.031   11
56935.499    2.167814093060    3.208500000085    0.2806    0.6551   0.136   19
56939.250    1.053886856774    2.132197202798    0.1777    0.5051   0.089   25
56941.496    1.661150611608   -0.039200399726    0.2910    0.5439   0.095   51
56942.501   -4.224772833328   -5.980600801792    0.5460    0.8782   0.729   45
56945.792    1.340312149693    1.471996802849    0.2238    0.4657   0.207   27
56947.271   -0.013910102066   -0.398501999399    0.3485    0.2807  -0.067   62
56948.498    0.221703713577   -1.408402795988    0.4366    0.5400   0.071   24
56962.502   -0.740224842857   -1.541800799032    0.1836    0.3776   0.311   50
56963.503   -0.773172536752    0.189298803832    0.1968    0.3889   0.290   54
56965.209    0.446039718693    0.159098398456    0.1629    0.1151   0.058  206
56972.207   -0.507099283372    0.102398403357    0.2634    0.4217   0.526  250
56973.229    0.351881332842   -0.090802802077    0.4476    0.3936   0.269   76
56974.248   -0.886804316351    0.320997602898    0.4330    1.4556   0.202    7
56975.271    0.085959206738   -0.088300797074    0.1342    0.1946  -0.094  149
56976.498    1.556157309045    0.609897598025    0.2520    0.6797   0.109   18
56977.499    1.413970864733    0.180799202809    0.2522    0.6210   0.113   24
56980.228   -0.517203235508   -1.399903201360    0.4195    1.1885   0.361    8
56981.247    1.151851342611   -0.255103196167    0.3089    0.6989  -0.149    9
56983.497    0.190217998778    0.980899201863    0.4036    0.5892  -0.313   35
56984.501   -0.986817660536   -0.973000796733    0.3277    0.4402   0.257   37
56986.167   -0.499339402184    0.389700003467    0.1819    0.4798   0.164   48
56988.997   -0.146287756899    1.301497201212    0.6150    1.1186  -0.405   83
56990.498   -0.516180504394   -1.729501201453    0.2164    0.3990   0.298   60
56991.503   -0.115536602566    0.742399198117    0.1952    0.3778   0.266   62
56996.269    0.047883973137   -0.007603198071    0.1247    0.3104   0.418   81
56997.497   -0.727337471906   -0.345502800769    0.5202    0.5969  -0.041   17
56998.501    0.509446900268   -0.949201197642    0.5341    0.6759  -0.143   15
57004.498   -0.369014151647    0.796298400019    0.2749    0.3477   0.119   39
57005.499    0.419242245676    0.163396803288    0.3142    0.4177   0.278   36
57006.792   -0.702884119780   -0.817502398576    0.2417    0.7454   0.224   12
57011.610    0.108216019302   -3.412601996189    0.3756    0.5066   0.165   35
57012.501   -0.118755773358    0.737197202483    0.3144    0.4154   0.196   35
57015.270    0.557622540058   -0.112302001298    0.1116    0.1604   0.011   88
57022.268    0.858253097700    0.376199999153    0.2116    0.4511  -0.209   44
57028.207   -3.767019552132    2.872800001086    0.1443    0.2674   0.018  106
57031.271   -0.163125363104    0.020898003328    0.2296    0.2362   0.093   33
57032.290    4.106456307951    3.319099203480    0.5415    0.9657  -0.030   16
57036.209    0.639772150805   -0.933299997286    0.0971    0.1561   0.042   93
57037.250    0.931177352158   -1.981601999290    0.4871    0.7496   0.034   47
57039.497   -0.017276904129   -0.562499998580    0.2423    0.4541   0.278   40
57040.501    0.930590422963    0.374698799988    0.2600    0.4898   0.263   27
57041.999    0.514131596102   -0.118702801188    0.1520    0.4245   0.042  107
57044.581  -24.645896865627    0.243698399061    1.8361    1.6349   0.262  199
57045.271    0.021965095968   -0.093103201948    0.0932    0.1232   0.006  125
57047.499   -0.397273603760    1.326898802034    0.5668    1.7393   0.458    3
57053.511    2.270023976808    5.384199601366    2.1520    4.6080   0.923    8
57054.501    2.044514163245    6.819598799268    3.8028    7.6832   0.964    4
57059.271   -0.041733752259    0.009298801729    0.1924    0.2057  -0.520   82
57063.209   -0.016693520881    0.101098802929    0.1566    0.1778   0.389  151
57093.251    0.795576930644    0.963597598513    0.2361    0.4344   0.346   42
57095.497    0.502270452270    1.929499203612    0.5275    0.6787   0.451   21
57096.501    0.514862610622   -0.720403199495    0.3572    0.4697   0.346   33
57102.499   15.466964868717   -2.274299999527    2.0825    0.5391  -0.118   20
57109.497    0.362863930769   -1.140001200639    0.2633    0.3575   0.106   41
57110.501    0.898373743587    0.374997600971    0.3071    0.3977   0.179   39
57113.226   -0.255965805239    2.075399999057    0.3587    0.8791   0.144   46
57121.251   -0.606968542234   -0.123901196503    0.4837    0.3484   0.253   11
57122.270    0.124178525663    0.130899598361    0.1017    0.1332  -0.088  100
57123.497   -0.406646591320    1.489096801066    0.3187    0.4013   0.256   37
57124.501   -0.259627819902    0.226299599859    0.2760    0.3600   0.190   39
57130.499    0.063115464980    0.000000000000    0.3129    0.4099  -0.016   33
57131.500   -0.606089946386   -0.483901200710    0.2952    0.3645   0.122   32
57137.497   -0.645627159083    0.868698003131    0.3313    0.3649  -0.077   24
57138.501    0.138088627729    0.095497203745    0.3157    0.3472   0.026   25
57143.290   88.978686557861 -158.877403201529    0.9640    0.9576  -0.117   17
57148.228   -0.661002786192   -2.513203200749    0.9462    1.5848   0.113   73
57163.251   -1.434466989596   -0.306302401043    1.4601    1.8748  -0.692    4
57173.500    0.409285874868    0.370098000246    0.2474    0.4244   0.219   28
57176.228    0.669497127961    0.721598403430    0.1927    0.3537   0.149   34
57177.229    0.186120182195    1.033696801755    0.2565    0.3728   0.192   23
57179.289    0.442525285358    0.641898003551    0.2014    0.3565   0.377   35
57180.293   -0.278957128326   -0.895903198028    0.2404    0.4401   0.199   23
57184.227    0.530238187788   -2.058602395749    0.2867    0.5092   0.203   17
57186.291   -0.054617627206    1.341298803226    0.1989    0.4365   0.053   24
57187.291    1.082736734087    0.734799600366    0.2841    0.5204   0.089   20
57190.246    0.840681030914   -1.426600795895    0.2641    0.5678   0.046   21
57191.123    0.531264414907    0.831599998463    0.2640    0.5401   0.077   23
57193.289   -0.554252241990   -5.517403199917    0.2713    0.4705  -0.003   32
57194.290    0.217454769719    0.200797202865    0.2630    0.4732   0.144   22
57195.228   -0.255965805239   -0.704001599416    0.2408    0.4309   0.099   24
57197.226    0.245278419912   -1.084402801155    0.2671    0.5196   0.071   22
57198.227    0.649584386345   -1.728403199763    0.3966    0.5935   0.143   13
57204.363    2.335332435403   -1.189501201537    0.9984    0.6002   0.123   19
57237.999   -1.030164519167    2.504797201652    0.5307    1.7206  -0.186   36
57260.228   -1.449698481439   -2.592500396759    0.4168    0.7643   0.111   15
57269.272    0.106750494259    1.039399203506    0.1824    0.2190  -0.090   46
57275.229   -0.045392270918   -0.629402398999    0.0930    0.1457  -0.011  260
57276.270   -0.380436047498   -0.227001598319    0.2617    0.1923   0.125   31
57290.270    0.325523207692   -0.024602400117    0.3221    0.4356   0.375   19
57291.501 -307.582087249682 -191.770901999888    1.2423    3.6431  -0.258   34
57301.209   -0.383071835042    0.045597599296    0.1354    0.1220  -0.184   74
57304.241   -1.477226968975    0.751798802412    0.1038    0.1097  -0.255  145
57309.208   -0.094741769098   -0.753703199052    0.1040    0.1042  -0.052   88
57318.270   -0.751351476165   -0.144701997584    0.1998    0.2325   0.023   84
57325.268   -0.225506317559   -0.781502401992    0.1849    0.2191  -0.226   43
57330.206   -0.118172390110    0.308898001578    0.1010    0.1120  -0.038  323
57336.208    0.402696356066    0.344998800728    0.1077    0.0815   0.019  242
57337.227    0.414409918569    0.016297203587    0.8485    1.8353   0.546   18
57344.228    1.423779604269   -1.355702398342    0.4391    0.4951  -0.286   31
57360.270   -0.469466843700    0.204998399056    0.1077    0.1192   0.104  153
57367.268   -0.249376286437   -0.119102398344    0.0783    0.1242  -0.098  241
57372.225   -5.836573946755  -20.613103198741   27.2470  101.3073   1.000    3
57401.233   -0.243373646888   14.771599201424    0.1574    0.2481  -0.047   86
57412.998    0.607263754834   -0.089801996239    0.3986    1.0586   0.331   98
57428.225    0.089617725397    0.595097999678    0.6627    0.9244  -0.427   15
57429.248    0.427297289521   -1.104901200932    0.6671    0.8189  -0.394    9
57437.269   -0.010543250060   -0.476600397548    0.1369    0.1809   0.012  100
57462.208    0.657196636262    0.055497603313    0.1439    0.1847   0.301  285
57465.269    3.571529878381   -1.177901999938    0.1229    0.1527   0.078  124
57470.229   -0.113044850404   -1.736902800786    0.3303    1.1545  -0.179  201
57471.270   -6.163998431467   48.248197200706    0.1329    0.4255  -0.097  118
57478.228   -1.946110379484    2.270797201476    0.5643    1.4297  -0.294    3
57479.269    0.924731918681    0.201697199742    0.1242    0.1354  -0.139   84
57480.496  -24.406037652073  -14.603302797411    2.1802    1.8326   0.830    3
57481.497   -1.048615231744   -2.378203195974    0.8116    0.7103   0.194    6
57484.229   -1.152582357131   -3.026001599693    0.6579    1.4101   0.656   66
57505.209   -2.704638303646    1.103799598923    0.1887    0.2792  -0.056   67
57520.253   -8.870249891427  -42.446203198665    1.0678    1.4942   0.233   14
57535.269    2.396690708687   -1.745301599243    0.5772    0.6176   0.057   38
57548.250   -0.485573435385    2.035396798306    0.2223    0.4500   0.233   24
57549.269   -0.374429911944   -2.109103196091    0.1708    0.2145   0.186  119
57554.229   -0.755892136619   -0.811202401252    0.2117    0.4483   0.103   24
57562.250   -0.018890010501   -0.032900396008    0.2377    0.8089  -0.344  141
57583.248   -0.183628479976   -0.624801599258    0.9419    1.4017  -0.664    9
57597.248    2.608578640776   -0.527500801439    1.3875    0.9226  -0.047  153
57605.269   -0.580171119159   -8.072902800649    0.2474    0.3753   0.112   28
57610.229    2.531700705002   -0.413099999008    0.4905    0.3802  -0.173   46
57624.229    0.005419206359   -1.935601196124    0.5267    0.9625  -0.699   92
57636.998    0.068531175334    0.108097198392    0.1964    0.7497  -0.048  276
57637.082   -0.865426049692   -0.530600402016    0.4134    0.4785   0.059   13
57640.271    1.463612079509   -0.421502397785    0.1228    0.1505  -0.084   85
57644.208    0.233856574004   -2.408803198506    0.1806    0.2866  -0.184  187
57652.229  -24.248914928519   54.645598797975    0.3072    0.4445  -0.066   68
57653.248   -0.036314495958   -3.387502796670    0.5361    0.6937   0.328   18
57666.207   -0.057840343945   -0.011602801919    0.2235    0.1908  -0.399  135
57669.345    2.627763863876   -2.209100397010    0.4761    0.5251   0.248   33
57670.313    0.307511793039   -0.596800797581    0.4806    0.6225  -0.068   18
57675.269    0.471958545919   -2.823001199204    0.1175    0.1258  -0.116   94
57680.229    2.753109205979    2.273799599806    2.6848    4.3583   0.909   10
57685.189   -1.954601225248   -0.889102800983    0.5615    0.5906   0.580   17
57689.269    0.139406521501   -1.821401998825    0.1232    0.1471   0.120  146
57693.207    0.069996700377   -0.954601198089    0.0863    0.1701  -0.017  236
57694.229   -2.631127169935   -2.200100396266    0.3036    0.5163   0.189   26
57696.271   -0.153168992296   -0.877003199662    0.1316    0.1704   0.230  118
57699.186    2.555423042608    3.477898800952    0.6727    0.7589   0.390   13
57701.227    2.845362718919   -0.715802399753    0.7622    0.9558  -0.551    4
57703.269    3.054910076064    1.825696803337    0.1793    0.2218   0.091   34
57708.229    1.655439688654    1.734598800596    0.8684    2.6155   0.022    5
57716.999    0.007615745921    0.611798400740    0.5977    1.0773  -0.143   56
57717.313    2.130325738712    4.350600001857    0.4329    0.5152  -0.079   53
57730.250   -2.266066749546    4.410399603927    0.4869    0.7632   0.045   30
57731.269    0.989748660680   -0.212302796143    0.0405    0.0614  -0.112  139
57732.292    2.511788013329   -3.745303197178    0.4627    0.5921   0.135   41
57743.209   -0.870402512065   -0.287801999832    0.0959    0.1029  -0.326  181
57752.271    0.223900203196    1.073098800219    0.0838    0.1488   0.050  192
57772.228   -8.091074715126    3.957098399354    0.3337    0.5347  -0.103   70
57780.271 2205.959171785031  202.697398801632    0.0830    0.1414  -0.084  130
57786.247   -1.237220124150    1.153396802067    0.2803    0.8435   0.067    9
57792.229   -0.002048908291   -0.207302399247    0.5334    0.5372   0.292   81
57793.249   -0.084050887767    1.765299599299    0.3386    0.9015  -0.187  109
57799.228   -0.072189743935    0.748097999548    0.4476    0.8550  -0.309    6
57800.250   -0.146431842223    0.354999600916    0.4907    0.6004  -0.339   13
57801.269   -0.829108057730   -0.930801598997    0.1368    0.1478   0.045   77
57807.227    0.565530002574    0.978897602977    0.4107    0.4920  -0.211   14
57812.209   -0.217015471795   -0.283301996262    0.0979    0.1860   0.138  316
57822.271   -0.704933028071    0.292698000237    0.2267    0.2715  -0.058   65
57829.269   -1.827937989374   -0.336801601009    0.1827    0.1432  -0.076   54
57834.230   66.646740464860 -109.259503198444    2.3596    3.8981  -0.280    4
57836.271    0.270905580486    0.606999602581    0.1189    0.1954   0.015   80
57840.209   -0.538729033553    0.412297197983    0.1124    0.1430  -0.043  289
57841.228    0.621908317480   -0.510800400377    0.3671    0.9894  -0.134   39
57849.249    5.508123234924   -3.093602398252    1.2701    0.9659   0.123   10
57850.271    0.333578251537   -0.006703201194    0.0871    0.0866   0.109  194
57875.167    0.145556742379    0.003499204126    0.2970    0.1543   0.086   47
57875.189   -0.093715541979    1.057996800569    0.1595    0.2404   0.135   36
57877.227    0.203105369729   -0.237402002057    0.2229    0.8203  -0.250  105
57889.002    5.397710676060   -4.864402800564    0.2943    0.4108  -0.127   60
57897.228    0.231807665713   -0.966002401270    0.3857    0.6023  -0.183   54
57901.417   -0.012300491699   -0.900900001000    0.1299    0.2153  -0.134   90
57934.272   -0.085955710734   -2.094703201294    0.0891    0.1090   0.094  281
57939.228    0.491435485615   -2.760202799124    0.2438    1.1105  -0.103  148
57948.268   -0.949185270807   -0.007401599333    0.1077    0.1149   0.077   92
57983.270    0.283645370109   -0.229100399451    0.0849    0.1039  -0.010  167
57994.209   -0.329181726350   -0.861800397445    0.1322    0.1286   0.118  172
57997.270    0.613266394383   -0.176500797977    0.1130    0.1084  -0.090  163
58009.228    3.086539826244   -0.979401596624    0.7767    1.0981  -0.013   54
58011.270    2.543270182181    7.254997198203    0.0807    0.1287   0.243  169
58022.797    0.168252852867   -2.307902400389    0.4661    1.5681  -0.403   42
58033.499   -2.876553221118    1.169499601161    0.1404    0.1189  -0.089  130
58044.230    0.466686920889    0.013197603010    0.4995    0.9507  -0.029   49
58046.268   -3.139108545159   -2.031901200894    0.1015    0.1429   0.097  149
58060.272    1.190365874136    0.972997202808    0.1668    0.1431   0.137   79
58065.228   -1.169862757264   -2.475601196039    1.2035    0.9467  -0.752    6
58066.247    1.320982841269   -0.970700396863    0.4154    0.5845  -0.318   22
58072.226    4.867328353005    2.038597201448    3.9865    1.0138   0.502    3
58073.249   -6.089612247855  -29.873502001720    0.1462    0.1129   0.118  187
58081.000   -0.213061740536   -0.489002400172    0.4139    1.3624  -0.071  140
58082.022    4.425389996842  -10.028501996828    0.5859    2.5030   0.021    4
58085.500    1.706838095125   -0.561502799457    0.0552    0.1433   0.065  155
58086.497   -0.229020750894    1.440698402178    0.0445    0.0947   0.083  312
58087.498   -0.002340624887   -0.311601598924    0.0411    0.0900  -0.285  261
58090.496   -0.265778040780    0.430099201054    0.0386    0.0920  -0.095  235
58091.453    0.089473640073   -1.285603201495    0.0122    0.0502  -0.132   59
58091.497    0.416314741537    0.423597598598    0.0327    0.0645  -0.260  335
58092.454   -0.133692102543   -0.923900399386    0.1379    0.4316   0.374   48
58092.498    0.004832327106   -2.443201199753    0.0302    0.0657  -0.186  308
58093.451   -1.433296677153   -1.111302000822    0.2558    0.7125   0.793   48
58094.452   -0.051690123067    0.816796799796    0.0750    0.2407   0.186   35
58094.496    0.662763473892    1.387699203548    0.0559    0.0813   0.270  218
58095.478   -0.832622491064   -0.048599997626    0.2249    0.5073   0.824   37
58095.497   -0.173816244435   -0.053600400918    0.0688    0.0957   0.380  137
58096.497    0.198273042623   -0.762400798493    0.0356    0.0705  -0.290  230
58097.498    0.385415955933    0.086997602722    0.0394    0.0627  -0.195  238
58098.499    0.635526702951    0.177299998683    0.0400    0.0669  -0.247  262
58099.496    0.113926942256   -0.746100000981    0.0469    0.1215  -0.131  132
58101.249    0.427002076921    0.625197602488    0.2189    0.6768  -0.083   23
58106.209   -0.615902231869    0.872499602167    0.1565    0.2738   0.317  129
58109.000    0.248940434575   -2.704402800902    0.5803    1.5963  -0.178   62
58122.229    0.032508395971   -2.525101196937    0.1388    0.2841   0.048  129
58123.270   -0.459215310235    0.479998799108    0.1776    0.1791  -0.031  115
58128.230    0.390539999634   -3.286601998553    0.3748    0.6477   0.177   70
58130.268    1.846827999875    5.636498404016    0.1152    0.2054   0.004  236
58136.247   -0.204567398767    9.940899604288    0.5245    5.1039  -0.626    9
58137.270    0.204714980096   -0.012401996230    0.1444    0.1539   0.022   92
58145.291    9.368714193768   16.801797598021    1.5503    2.5828   0.404    9
58151.270   -0.377652628683   -0.280303198252    0.1110    0.1589   0.041  151
58156.227    2.070141323819   -8.681201997263    0.3962    0.5634  -0.310   24
58157.249    0.929272529191   -2.888999996031    0.4322    0.7177  -0.354   18
58158.272   -0.132374158828   -0.531601201459    0.0997    0.1122   0.034  115
58164.248    1.076147215285    3.501198000322    0.3438    1.0584   0.225  196
58164.248    0.312491701474   -0.516301196996    0.3602    0.5497  -0.226   28
58177.229-1305.245691246216  435.469899602481    3.2387    1.7996  -0.247   23
58191.229   -0.247327378146    1.201899603842    0.1860    0.4756   0.023   53
58200.272    0.026945054346    0.886399203637    0.1073    0.1397  -0.079  104
58220.248   -0.653826338195    1.633597199913    0.1717    0.4362   0.034   46
58233.225    0.788843326518    0.303897598286    0.3869    0.6105   0.076   33
58240.165    0.976569623076    0.986896804278    0.2401    0.3079   0.597  409
58246.082    0.298142351427   -0.553003198434    0.1128    0.4314  -0.100   83
58248.229   -0.129885952613   -7.815502798536    0.5276    2.3967  -0.169    5
58249.270   -0.127250165069    0.624898801505    0.0937    0.1113  -0.019  146
58253.208    0.326257718216   -0.187300798871    0.1307    0.1366   0.075  492
58254.227    2.417482046150    2.540797198236    3.4475    2.3267   0.927    8
58260.166    0.611948450668    0.415497601125    0.4233    0.6590  -0.149  218
58270.269    0.529215506616   -1.215900001483    0.1402    0.1256   0.137  109
58276.251   -0.177622344422   -5.912301598698    0.6164    2.3788  -0.334    3
58277.271   -2.232827388998   -0.841201201496    0.2103    0.1689   0.151   55
58279.305    0.670231638485    1.443999601491    0.1132    0.1734  -0.126  126
58282.227   -1.256844645174   -7.908501597598    0.1996    0.8430  -0.009   24
58289.229    3.626003420263   -0.423702001484    1.3101    0.7770   0.301   10
58296.227   -1.749302861904   -2.270602796983    1.1675    1.1437   0.180    5
58297.250   -0.134570698391    1.373399998528    0.8838    0.6076   0.115   10
58301.297   -0.352464766033    0.478897203493    0.1291    0.1948  -0.042  100
58303.229    0.440328795739    0.842299203185    0.7416    0.6702  -0.086    8
58304.233    0.272662772182   -0.606801597769    0.2460    1.0646  -0.090   12
58305.026    0.183189182052   -1.437202798371    0.1269    0.2092  -0.143  108
58326.959   -0.013470804142   -0.377902797055    0.1773    0.2586   0.159   43
58331.229    0.419094664347   -1.320703201202    0.3950    0.6395   0.018   38
58332.255   -0.353343361881   -0.919602000948    0.3781    0.5958   0.073   40
58337.208    0.217454769719   -0.491500798461    0.1717    0.2961   0.097  277
58338.227    0.628058588301   -0.247100400941    0.2081    0.2894   0.308  100
58344.206    0.386586268376   -0.010303201492    0.2356    0.1778   0.396  202
58349.163   -7.578552729391    8.296999202884    5.4169    6.3262  -0.993    4
58350.185   -0.231951751037    0.272797202427    0.8197    1.0327  -0.822   14
58361.271    0.105432600487    0.442598399530    0.2249    0.1877   0.232   34
58362.290   -1.191093342708   -2.033600398477    1.0409    1.0034  -0.027   21
58363.696   -0.074094516959    1.240696799698    0.1518    0.2882   0.047   36
58365.208    0.333725832866   -0.300103199891    0.1225    0.1257  -0.054  276
58366.227    1.183776305392    0.231796802552    0.7159    0.9281   0.210   29
58367.250    1.117733336273   -1.752101996289    0.5586    1.4595   0.015  431
58372.206    0.741398651305   -0.680202000325    0.1830    0.1998  -0.198  277
58381.250    0.542099381563   -1.083700796300    0.3853    0.7142  -0.421   23
58386.206    2.959437292446   -2.828901599372    0.4644    0.6374  -0.263   21
58401.229    0.434617822842   -0.616201202064    0.1118    0.4628  -0.221   77
58402.252    0.346026324564    0.313696799736    0.3466    0.3672  -0.252   28
58414.206    0.063115464980    0.567698400289    0.1281    0.1235   0.006  214
58421.208   -0.131643194252   -0.395099997519    0.0801    0.0994   0.030  527
58429.225    1.035436144198   -1.325901596516    0.5695    0.6908  -0.251   21
58430.248   -0.143943636007   -0.240800397222    0.4546    0.6283  -0.066   26
58431.267   -1.012297239782    0.334299602400    0.8694    0.3681   0.154   12
58431.271    0.627619290377   -2.355202797588    1.2449    1.5321   0.200    9
58436.227    0.847270549716   -1.273302001437    0.3512    0.5726   0.417   58
58437.246    0.792357759852   -0.425203200649    0.6157    0.7181  -0.227   16
58451.250   -2.346606749926    0.724597201440    0.3614    0.3737  -0.263   74
58456.206    3.717378337356   -1.003301998281    0.2701    0.2730   0.091  101
58457.233   -0.227850438450   -2.611000797970    0.4753    0.7367   0.343   14
58464.227   -0.153900006815    2.935396802428    0.4280    0.3735  -0.151   71
58464.227   -2.053739519533   -0.952603199522    3.2195    1.3159   0.842   15
58466.269    0.577538777677    0.056296804019    0.3363    0.2958  -0.123   94
58471.226   -0.123735731735    0.773899203921    0.1326    0.3185   0.179  112
58472.708    0.420707770719  -11.328102002039    1.7643    1.7916   0.594    3
58479.206   -0.163859873627   -1.274900396453    0.2174    0.5864   0.322   21
58480.269   -0.198269546618    0.352497602307    0.1491    0.2372  -0.019  198
58486.208    0.243229511621    0.153496799271    0.1189    0.1588   0.040  234
58491.249   -0.224627721711    1.318298398445    0.0371    0.1057  -0.226   57
58506.249   -0.030311906351   -0.676303199043    0.0250    0.0788  -0.028   39
58508.269    0.169570796581    0.121399204289    0.1132    0.1503   0.129  128
58512.207   -0.231656538437   -0.113101202004    0.1012    0.1182   0.058  331
58514.248    0.042612348107   -0.438901196986    0.1022    0.3261  -0.067  110
58519.249    0.080979248361   -0.746701196874    0.0134    0.0473  -0.064   37
58520.228   -0.559963164944   -2.709100796494    0.3871    0.5996  -0.305   28
58527.229    6.869082586814   -1.237402801024    0.4745    0.2863   0.095   49
58528.270    1.282471805748   -3.605399997753    1.6904    4.8782  -0.159    3
58534.209   -0.199004057142    0.201999601046    0.0964    0.0997   0.169  442
58534.249   -0.006733654069   -0.314301595949    0.0154    0.0722  -0.344   61
58540.207    0.390100651767    0.362700001233    0.1083    0.1042  -0.009  299
58547.249   -0.160050227693   -0.400100400810    0.0223    0.0579  -0.323   69
58561.249   -0.206472221735   -0.180302397013    0.0335    0.0536   0.668   68
58569.229    0.280714320022    0.191498401136    0.0433    0.1011  -0.160  343
58570.249    0.319959866067    0.053798399335    0.2698    1.0272   0.082   30
58575.209   -0.127981129646   -0.161902798368    0.0878    0.1005   0.184  231
58575.249   -0.440764597658    0.198698401732    0.0399    0.1018  -0.513  111
58576.228    0.175429300864   -0.245001599808    0.1182    0.1528  -0.252   80
58578.269    0.216136875947    0.117997202409    0.1290    0.1262   0.129   99
58584.249   -0.402105930866   -2.049102001678    0.2946    0.3954   0.380   15
58589.209    1.075707917361    1.801198799711    0.1985    0.4254   0.095  314
58589.249   -0.235466184371    1.033999203059    0.0857    0.3032  -0.352   82
58593.332   -0.108068437973   -0.307900796059    0.1988    0.4048   0.021   36
58603.249    0.883437464345   -0.060703199267    0.1466    0.4646  -0.240   90
58610.083   -0.000439297924   -1.168801196627    0.1698    0.3717  -0.223   92
58613.271   -0.310291715850   -0.149500795743    0.2089    0.1530  -0.172  129
58617.249   -0.286864590843   -0.436600797116    0.1007    0.3524  -0.535   77
58618.228  -23.434008689451   -4.335602398697    4.0565    0.8561   0.530    6
58619.250   -3.192995157846   13.702197603749    0.4345    1.8876  -0.509    3
58620.269    0.106311196335    0.012999598198    0.1794    0.1778   0.090   84
58625.230   -0.186116686191    0.283597203321    0.0785    0.0966   0.209  116
58632.210    0.077612446298    0.299296798545    0.1115    0.1386   0.133  140
58634.270    0.123591596468    0.076996802534    0.1919    0.1845   0.073   74
58641.271    0.067213281562    0.282798002615    0.2189    0.2844   0.363   66
58645.413    0.271784176334   -0.921103200113    0.1876    0.3515  -0.278  101
58646.250   -1.834379926847    1.738699200615    0.3994    0.4868   0.089  102
58648.270    0.063698848228    0.198496802994    0.1752    0.1598   0.012   71
58659.249    0.995898931501    2.463598803359    0.2790    0.5238   0.347   87
58675.251    0.127397746398   -0.239302798377    0.2477    0.3439  -0.293  101
58676.270    0.130328746541   -1.105001997104    0.1645    0.3965  -0.379  126
58681.230   -4.223746606209  -10.078199996144    7.2170   14.8416   0.319   25
58687.209   -0.309852417926   -0.320101199947    0.3112    0.2189   0.531  298
58688.228   -1.072337569351    0.312998401597    0.0569    0.0862   0.090  338
58689.251   -0.672863930024    0.010396803418    0.4171    0.3422  -0.248   48
58701.249   -1.184799036506    1.707796803174    0.0403    0.1078  -0.569  130
58703.251   -0.077169652370   -0.390200396794    0.1554    0.1338   0.061  388
58704.270    0.437106029057    0.206899201771    0.1663    0.2299  -0.089  129
58709.230   -0.621904821476    0.400197603057    0.3732    0.4452  -0.127   10
58715.249    1.999852906846    7.828898399964    0.1282    0.1956   0.550  194
58730.228    0.670375723809   -1.369400401074    0.0247    0.0760  -0.144  188
58732.248   -0.773316622076    0.614199603177    0.1767    0.2453   0.885  262
58732.270    0.076146921255    0.324298802212    0.1565    0.1843  -0.170   93
58736.207    1.203984259607   -0.785602802011    0.1294    0.1459  -0.040  327
58743.209    0.147313934075   -0.341002797200    0.0932    0.1133  -0.051  257
58743.249   -1.002927798169    0.380700002722    0.0355    0.0754  -0.098  250
58744.228  -29.596836808474   -5.803700400264    1.6466    0.3627   0.369    9
58751.230    1.484698579629   -1.193399996424    0.3337    0.3103   0.095   20
58753.268   -0.235610269695    0.058298402905    0.1402    0.1832   0.032  145
58757.249   -0.990919023066    1.526399998397    0.3563    0.3969  -0.084  131
58785.209    0.554255737995    0.575197201869    0.1471    0.2011   0.417  356
58785.249   -0.317028865923    0.055897200468    0.1162    0.3658  -0.457   79
58800.228 -146.971602227832   88.456096802503    1.8593    1.8165  -0.076   42
58802.248   -0.682236917583    0.120798002001    0.0195    0.0537  -0.715   63
58802.270   -0.050811477276    0.266896802259    0.1683    0.1840   0.151   68
58803.501   -0.353343361881   -0.364701600120    0.1564    0.2688   0.073   94
58807.230   -0.100160975457   -0.141901197992    0.2647    0.1344   0.421   21
58808.249    0.011277760584   -1.682100001688    0.2801    0.4970   0.257  132
58814.272   -0.193437219512    0.305596802264    0.1663    0.2345  -0.017   45
58816.084   -0.400643951770    1.474696799875    0.4514    0.5848  -0.221   60
58823.272    0.145117444455   -1.172501999491    0.3714    0.4038  -0.573   40
58827.249   -0.292280301197    1.286100000897    0.1454    0.3340   0.093   54
58828.228   -0.704346098876    0.976399198294    0.1252    0.1609  -0.012  136
58829.247    2.122126609543   -2.815902001174    1.5055    2.6727  -0.752   10
58834.083   -0.332991372285    0.304797601558    0.1473    0.3913  -0.222  164
58844.248   -0.335771245152    0.682199998892    0.0670    0.2564  -0.144   58
58858.248    5.836429861431   -6.566101198757    0.1505    0.3198  -0.289   84
58864.249    0.259483734578   -1.264802400414    0.5005    0.5475  -0.408   25
58870.250    0.318202674371   -0.727102800369    0.0939    0.1872  -0.173  111
58872.270    0.138675506982   -0.136202396561    0.0954    0.1580  -0.025  221
58876.207   -0.144091267279    0.298098000684    0.0926    0.1292  -0.035  297
58879.272   -0.039242050040    0.179298003644    0.1055    0.1584  -0.024  228
58883.249   -0.054473541882   -0.358502398967    0.0760    0.1483  -0.360  196
58890.208    0.888709089375    0.415800002429    0.1940    0.1919   0.536  323
58893.272    0.045982646175   -0.077000396459    0.2190    0.2453   0.145   40
58900.248   -0.708739128058    0.653896802305    0.0299    0.0778  -0.120  193
58904.208    1.185677632354    0.834796801286    0.1529    0.1903   0.236  331
58905.227   -0.435053624761    1.595797203180    0.3409    1.7711   0.191   19
58920.249   -0.209986655069    1.347299999566    0.1774    0.5989   0.105   32
58921.268    0.375312003796    0.650199599761    0.3356    0.2367   0.294   25
58926.228   -0.456727054077    0.210599998240    0.1839    0.2072  -0.116  140
58928.270   -0.251281059462   -0.033202797312    0.1559    0.2053   0.113  123
58934.249   -2.493773102672    1.012698002256    0.8026    0.7160  -0.552   21
58935.268    0.174111407092    0.648997201580    0.1954    0.2129   0.200   27
58941.251   -1.192558867752    4.902796798945    0.3418    2.1021   0.334    8
58942.270    0.146727054822    0.158896799718    0.1147    0.1841   0.020  215
58948.271   -0.101918217096   -0.273401998641    0.2832    0.3302  -0.600   38
58954.207   -0.059305868988    0.344797201990    0.0608    0.1199   0.030  439
58969.270   -0.345435899365    0.667598398962    0.2043    0.2971   0.019   71
58977.272    0.209547307202    0.247698002909    0.1687    0.1650   0.000   46
58981.210   -0.258162294859    0.629197199942    0.1689    0.2264   0.048  105
58984.270   -0.476203993773   -0.175302000116    0.1916    0.1883  -0.040   65
58991.269   -0.063842983494    0.165196803437    0.1872    0.2201  -0.158   93
58995.188   -0.425388970549   -0.363301197126    0.1836    0.5468  -0.045   37
58998.270    0.329476938950   -0.170701200375    0.3124    0.2651  -0.080   32
59005.269    0.050080462757   -0.151603197196    0.2615    0.2292  -0.011   29
59009.250   -0.319664653467   -0.043700396901    0.2271    0.3911  -0.327  123
59010.229    0.390395864367    0.436399198378    0.1745    0.5118  -0.038   48
59016.208   -0.160489525617   -0.176702396715    0.3851    0.5556  -0.345   91
59017.230    2.878166327490    1.875898802695    0.7537    0.5716   0.267    8
59019.269   -0.502122870942   -0.311702401490    0.2897    0.2562   0.265   56
59023.250    0.088299831625    0.493297198290    0.2187    0.4000  -0.637  156
59025.251   -0.414701635165    0.518799601679    0.2436    0.1989   0.174  252
59039.251    0.010103952136    0.399600001089    0.1503    0.8398  -0.338  357
59040.270    0.126958448474   -0.234000000177    0.2104    0.3620  -0.603   69
59047.269   -0.019912691673   -0.210599998240    0.2200    0.2705  -0.026   31
59054.270   -1.096059906958    0.127497602875    0.1809    0.2089   0.095   71
59061.269   -0.280566738694   -1.825502398844    0.4044    0.4259   0.167    4
59068.271   -0.511200595959   -0.132703198830    0.3160    0.2964  -0.440   41
59074.250   -0.126958448474    5.482198803719    0.3642    2.6109   0.254   13
59080.207   -0.156535794359   -0.275702398511    0.1502    0.2803  -0.449  166
59080.251   -0.383071835042   -0.492400801733    0.0572    0.0983  -0.153  167
59081.230   -0.308829736754    2.381097603887    0.6084    3.4858   0.677    7
59082.271    0.822521984990    0.285796800625    0.4954    0.5486  -0.171   34
59086.208   -0.010103952136    0.754696804250    0.1186    0.2482   0.348  181
59093.250   -0.139111308901   -0.301100399014    0.1098    0.2745  -0.716  144
59096.271   -0.318494390966   -0.609101997640    0.2473    0.5159   0.080   75
59103.269   -0.006002639549   -0.689399999487    0.2614    0.2061   0.071   25
59107.250   -0.139111308901    0.114397202111    0.0901    0.2575  -0.399   99
59121.250   -0.424658005973    0.317797199756    0.0636    0.1198  -0.561  245
59122.229    0.014352895994    3.274898400463    0.3363    2.6807   0.188    9
59124.271    0.590130936029    0.352897199463    0.3865    0.3010   0.255   31
59131.269    0.323326668129   -0.013100400764    0.3826    0.2552  -0.118   16
59138.271    0.800265172426   -0.413099999008    0.3608    0.3512  -0.006   14
59143.231   -0.603306527571   -2.982401998963    0.3672    2.8879   0.197   12
59145.269   -0.955187910356    0.474199201506    0.3350    0.2790  -0.060   16
59152.249   -2.025915869340    3.822598800696    0.1466    0.2146  -0.263  252
59152.271   -0.197099234175    0.011199598049    0.3126    0.3004  -0.019   12
59159.269    0.482941143846    0.061199998669    0.5109    0.4789   0.102    5
59163.250   -0.132813456752   -0.107402400573    0.0481    0.0800  -0.032  203
59165.248   -0.374725124544   -4.106401196680    0.3133    4.6946  -0.173   11
59171.227    1.674329699154   -2.388801598130    0.8636    0.7614  -0.581   17
59173.269   -0.040415858488    0.038199600283    0.3556    0.2954  -0.006   19
59178.207   -0.019034095825   -0.299800798587    0.1144    0.1208  -0.015  331
59180.271   -2.100010386299    0.447897603806    0.4575    0.4145  -0.008  124
59186.250    0.213940336384   -0.727700395942    0.2741    1.5426   0.153   13
59187.269    0.087277100510   -0.242600397371    0.3877    0.2613  -0.051   25
59192.229    1.849172120766  -14.423500800120    0.9793    1.0607   0.271   11
59212.208   -4.030745188616   14.866898400356    0.4501    2.1629   0.423    8
59222.249    0.188316721758   -1.633903201537    0.0340    0.0972  -0.323  231
59226.208    0.263437465836    0.172396804032    0.1577    0.1598   0.043  265
59229.269    0.496120181450    0.485697600539    0.2175    0.2945   0.408  102
59230.577   -0.946110135396    2.151799199623    0.1002    0.1631   0.083   76
59231.585   -0.506955198048    1.114599599816    0.3121    0.3169  -0.086   31
59234.229    0.264460147008   -1.464602397760    0.2641    0.8893   0.134   23
59236.249   -0.039389631368   -0.267501598472    0.0478    0.1410  -0.207  234
59236.271   -0.332991372285    0.145198803381    0.4252    0.3021   0.167   17
59243.269    0.128132256922   -0.382003197075    0.2203    0.2710   0.158   53
59247.250    0.220677486458    0.637099198997    0.0386    0.1327  -0.173  109
59249.248   -0.324205313920   -0.442900800834    0.6524    0.5326   0.274   27
59250.271    0.644896144563    0.301096798694    0.4124    0.3373   0.341   20
59257.269    1.186995526126    0.112399203545    0.4561    0.3100  -0.055   53
59262.248    0.492166450191    0.858898801681    0.0383    0.1075  -0.026  150
59268.208    0.104993302563    0.036198001396    0.1281    0.1164   0.210  211
59269.227   -0.437250164324   -1.265201997569    0.3511    0.5534  -0.208   14
59270.250    0.203253001000    1.591200003759    0.2559    0.8872   0.155   20
59271.737    0.890322195747   -0.248201996556    0.0920    0.1495  -0.137  128
59276.229    0.547518587921   -1.851299996503    0.2863    0.6427   0.156   44
59277.248   -0.148775963114    4.906097998258    0.2726    0.7462   0.067   35
59278.249    0.193293134188    0.149299203400    0.0377    0.1361  -0.006  143
59278.271    0.277495099288    0.293399998696    0.4715    0.3885  -0.271   27
59282.208    0.004540610511    0.414997201403    0.2406    0.2232  -0.089   49
59283.227    0.063259550304   -0.202201199784    0.2722    0.8678  -0.222   19
59284.250    0.689265734309    0.020397603606    0.2344    0.5508   0.139   31
59285.269   -0.227263509255    0.075898800844    0.4402    0.3457  -0.116   10
59290.226    0.407233470572   -0.237402002057    0.2676    0.7430   0.416   18
59291.248   -0.058718939793   -0.059399998520    0.2184    0.5200   0.191   24
59292.271    0.609899542377    0.028396798513    0.2954    0.2649  -0.068   37
59298.250   -0.740664140781   -3.332102401998    0.0629    0.2302   0.430  330
59299.269    0.008786058364   -0.125902801784    0.1991    0.1976   0.245   69
59305.248    0.467126218813   -0.140900398549    0.0386    0.0786  -0.088  255
59305.270   -0.076877935774    0.203400004040    0.3316    0.4975  -0.098   20
59312.228   -0.593058490111   -0.470203197978    0.2093    0.4778  -0.193  118
59313.269    0.016401804285    0.158799603867    0.3325    0.2091  -0.367   55
59318.229    2.531117321754   -3.531103198640    0.3961    2.1516   0.293   13
59320.271   -0.308242807559   -0.031100395859    0.3288    0.3373  -0.248   63
59324.209    0.318933638947   -0.468000000353    0.1601    0.1655   0.275  289
59325.217    1.261676972281   -0.134999998380    0.4108    0.9774  -0.003    8
59326.250    0.264755359608   -0.691901998096    0.2521    0.6000   0.158   28
59327.269   -0.369453449571    0.408697204080    0.4778    0.4136  -0.589  113
59333.248    1.192123065832   -0.276501599217    1.0576    0.7578  -0.683   10
59334.271   -0.016837606205    0.223797601251    0.3396    0.3221   0.497   64
59341.269   -0.395811624664   -0.884502001242    0.3383    0.4188   0.492   82
59345.207   -0.047736391809    0.190897198848    0.1492    0.1623   0.052  216
59346.229    0.363011512098    0.331797603792    0.3658    0.3376   0.210   12
59348.271   -0.742860630401   -0.083501998915    0.2616    0.2646  -0.461   95
59352.187   -0.626006184006   -0.286401596838    1.0594    0.4596  -0.240    6
59353.209   -0.316297851404    0.069998400676    0.1124    0.1398   0.021  186
59354.250    0.057256910754   -0.056501996681    0.1064    0.1367  -0.340  303
59355.269    0.901009581074    0.634899601692    0.1183    0.1974   0.108  155
59361.249    0.011861143832    0.102398403357    0.2103    0.5745  -0.004   17
59362.249    0.014644562647    0.525599998724    0.1442    0.2866  -0.245  158
59362.271    0.282766774261   -0.064900801533    0.2142    0.2405   0.069   63
59366.209    0.019768606348    0.356799601064    0.4048    0.2746   0.082   49
59367.228    0.129889448617   -0.093401996537    0.2352    0.5273   0.165   20
59369.269   -0.104258792039   -0.155001598756    0.2726    0.3651   0.450   66
59373.207    0.048031554466   -0.399103201687    0.1936    0.2171   0.071   96
59374.251    0.312200034821    0.690699599915    0.3424    0.5837  -0.185   23
59375.249   -0.205445994615    0.478497599943    0.1882    0.3154  -0.326  240
59375.270   -0.021086550063   -0.393901199658    0.1488    0.1810   0.114  150
59380.209    0.631864688288   -0.108403200016    0.2341    0.2179   0.125   73
59390.249   -0.430660595579   -0.532602000902    0.1555    0.4127  -0.335  180
59397.269   -0.007907462517   -0.319903201529    0.0991    0.1661   0.063  105
59402.208    1.369892991582    1.396800000464    0.1293    0.2591   0.105   95
59403.249   -0.062672671051   -3.345102000196    0.0874    0.4176  -0.144  293
59404.271   -0.193732432112   -0.144802800151    0.2031    0.2197  -0.173   96
59408.209    0.449114804160   -2.102400001291    0.4034    0.7115   0.139   14
59410.250   -0.357005376544   -0.182203199728    0.4860    0.3381   0.281   14
59411.270   -0.117146212933    0.390099600622    0.1337    0.1604   0.042   68
59417.249   -0.023866422931   -1.342702800144    0.1980    0.7598   0.075   24
59418.271    0.041294454336   -0.322801196972    0.1992    0.2016   0.120   64
59425.251   -0.111874537960   -0.485701200859    0.0872    0.2284  -0.494  255
59425.270    0.167813554943   -0.508201199523    0.1305    0.1532   0.104   89
59431.249    0.169570796581    0.116499603564    0.3130    0.6178  -0.942  157
59431.271   -0.002196539563   -0.253000801109    0.1720    0.3069   0.235   63
59437.210    0.368283137128    0.030099602810    0.1202    0.1873   0.011  202
59438.251   -0.167957690210    0.667800004095    0.2026    1.0216   0.277   18
59439.270   -0.010395668732   -0.163303201361    0.2333    0.3385  -0.062   44
59444.208    0.024017550207   -0.028000801677    0.0963    0.1451  -0.112  218
59446.249   -0.164151540280    0.196398001862    0.1090    0.3758  -0.607   96
59446.271   -0.792062547253   -0.909500398194    0.3271    0.3347   0.128   24
59453.270    1.464782342009    0.382798803855    0.4003    0.2932   0.250   67
59460.271   -0.229020750894    0.181800002252    0.1141    0.1838  -0.016  132
59464.041   -0.603454158842   -6.522602400594    0.7624    3.2780  -0.519  102
59467.270   -0.010103952136   -0.076100399582    0.2603    0.2669  -0.002   84
59473.249    0.069118104529   -0.147301198439    0.5043    0.3367  -0.177   51
59474.224    0.180848557165    1.371297603470    0.2364    0.6169  -0.495   96
59474.271   -0.355687482772   -0.102902397003    0.2297    0.2311  -0.022   41
59478.209   -0.283494242833   -0.198702002052    0.1398    0.1813  -0.038  151
59486.230    0.236492361548    2.960596798118    0.2689    1.5072   0.098   19
59488.250    0.064285777423    0.671896803794    0.1427    0.4873   0.127  178
59488.272    0.204275682172    0.060199199226    0.1315    0.1829   0.043   87
59493.228    0.210281817726   -3.140200796992    0.2949    1.8768   0.616    8
59495.270    0.367991470475   -0.913500002042    0.1286    0.3899  -0.392  145
59499.189    0.662028963368   -0.598100398008    0.6210    0.4710  -0.203   16
59502.272   -0.434322660185    0.301399199998    0.2242    0.2067   0.112   78
59507.228   -0.662320679964   -1.471402801201    0.1575    0.1297   0.025   24
59508.251    0.000295212600   -0.708602399158    0.3015    0.6786  -0.129   22
59509.270   -0.913749370697    6.076299604274    0.2093    0.2939  -0.188   90
59513.207    0.316153766080    0.172699198941    0.2055    0.2290   0.097   33
59514.230    0.225801530159   -0.380401201738    0.2453    1.1294   0.021   13
59516.250   -0.072629041859   -0.381200396049    0.5078    1.0048   0.966  225
59516.272    0.109825629669   -0.232200000028    0.1839    0.1776   0.203   98
59521.210   -0.540925573115   -0.290203195874    0.2881    0.2859   0.098   21
59522.229   -0.510761298035    0.686296798591    0.2238    1.2471   0.439   14
59523.270   -0.307655878363    0.206899201771    0.1762    0.2476   0.066  179
59528.230    0.254064478276    4.021498801166    0.2263    2.6265   0.408    8
59536.251   -2.447646321230    1.526198399660    0.9423    1.0833   0.225   18
59537.270    0.037196637753   -0.281602798680    0.0925    0.1540   0.069  198
59541.189   -1.200758046864    1.434898798180    0.1729    0.5329   0.008   37
59542.248   -0.235757900967    0.493797598011    0.0826    0.2627  -0.618   47
59544.272   -0.278661915727    0.028699199817    0.3225    0.2813   0.040  113
59551.270   -0.008490845765    0.014597999609    0.1382    0.1955  -0.091  110
59555.207   -0.094154839903   -0.519101996588    0.0907    0.2294   0.101  173
59555.207    0.537706352381   -0.479602795878    0.3168    0.6534   0.118   18
59557.249   -0.253038301100    0.703497599375    0.2261    0.8259   0.131   13
59558.250   -0.000583383248   -0.296200798289    0.1486    0.4070   0.160   49
59558.268    0.069996700377    0.104799599399    0.1388    0.2402   0.104   96
59564.251    1.502270696358    0.198799197904    0.6032    0.3517  -0.005   29
59565.270    0.360084007959    0.117097199137    0.1611    0.2524   0.067  103
59571.271    0.395519908069   -0.089402399084    0.1860    0.2794   0.149  104
59578.269   -0.208960427950   -0.003103200896    0.1706    0.2601   0.007  158
59586.272   -0.298430522075    0.006897599292    0.1572    0.1924   0.083   81
59592.284    1.496999071328    3.752297998716    0.5256    0.9764   0.515   20
59593.270    0.002052404296    0.001098001690    0.1147    0.3589  -0.592  148
59594.585   -0.448819641503    1.575799203124    0.5700    0.8484   0.107   19
59597.083   -0.136183804762    0.231699600306    0.3109    1.2236   0.518   15
59599.249    0.271344878410   -0.518000400973    0.1088    0.2052  -0.761  227
59600.250   -0.041877837584    0.231199200584    0.0440    0.1322  -0.682  111
59600.272    0.109094615150   -0.130003201804    0.0936    0.1359  -0.059  116
59606.251   -0.166495661171   -0.222400798577    0.2073    0.3176  -0.067   34
59607.270    0.058722435797    0.236397602293    0.1705    0.2640   0.577  128
59612.226    0.440768093663   -0.057700800937    0.2464    0.3555  -0.124   62
59614.250   -1.305898930755    2.045397598494    0.0534    0.0760   0.518   82
59614.272   -0.557327377401   -0.476099997826    0.1903    0.3430   0.195   84
59618.209   -0.604480336019   -0.317901596247    0.1092    0.1403   0.051  403
59621.248   -3.176740984832   -9.465501598527    0.1172    0.2225  -0.788  138
59621.270   -1.746958741013   -0.091202399233    0.1396    0.1586   0.111  113
59626.230    0.442085987434   -1.408003198833    0.5578    0.6745  -0.106   26
59627.249    0.101774081829    0.142099202805    0.0713    0.1506  -0.350  281
59628.250   -0.133252754676    1.223499599234    0.0226    0.0967   0.252  169
59628.272   -0.032508395971   -0.112802401020    0.1130    0.1527   0.089  151
59633.228    0.777713147263   -0.185601601288    0.2230    0.9280   0.317   22
59635.248   -0.078487546141   -1.646503196184    0.0218    0.0453  -0.372  176
59646.209    0.358618482916   -0.052901996384    0.1781    0.1868  -0.106  112
59654.230    0.193588346788    0.334897197973    0.2416    1.4962   0.421   18
59655.249    0.458927089644    0.098099998525    0.2138    0.2113   0.110   58
59656.250   -0.065456089866    0.177699602233    0.0435    0.1357  -0.464   82
59663.270   -0.201344682029   -0.042501599040    0.1897    0.2803   0.095  106
59669.249   -1.581928554943    0.495597598160    1.1335    1.0244   0.069   14
59670.272   -0.232391048961   -0.146401201562    0.1470    0.1907   0.053  123
59674.209    0.354956468253    0.144298800109    0.1810    0.1782   0.126   54
59677.270    0.868796397703   -0.889001998416    0.2600    0.4692  -0.384  110
59683.271    0.000000000000   -0.520199998277    0.1652    0.1496   0.071   90
59690.251   -0.113923446251   -1.153501198559    0.1668    0.5218   0.066   29
59691.248   -0.047149462614    1.224698403490    0.0269    0.0472   0.081  183
59691.270   -0.143065040160    0.082098001997    0.1084    0.1547  -0.015  159
59704.251    1.636988976077    0.439398002783    0.0791    0.1239  -0.170  227
59705.248   -0.049054285581    1.313697598704    0.0409    0.1387   0.064   80
59705.270   -0.452042358242   -0.734101195832    0.3233    0.3483  -0.128  129
59712.268   -0.257722996935   -0.479102396156    0.1698    0.2509   0.479  180
59719.248   -0.089617725397    0.496897198587    0.1203    0.3070  -0.379   34
59719.270   -0.011713562503   -0.418302001037    0.2500    0.3072   0.319   52
59724.230   -0.076730354446   -0.154501199034    0.2108    0.7156   0.028   26
59726.268   -0.026062962493   -0.458902797362    0.1600    0.2967   0.415   75
59730.082   -0.446183804017   -0.505400399931    0.8069    0.5759  -0.142   26
59731.207    0.070288416972    0.156697202414    0.2470    0.3072  -0.077   95
59733.270   -0.184798792419    0.580096802594    0.1860    0.3141  -0.223  119
59737.120   -0.147166352746   -0.152503200468    0.2141    0.6444  -0.101   21
59738.208    0.074976658754   -0.335699998999    0.3353    0.2232   0.245   61
59739.227    0.162981227837    0.042199204131    0.5309    0.3825   0.254   86
59740.268   -0.639624569476    0.384098404282    0.2107    0.2352  -0.103   97
59747.270    1.001757435783   -1.062201597080    0.2172    0.3951  -0.166   99
59753.249    0.045835064846    0.392597998911    0.8056    1.0158   0.156   15
59754.268    0.065164373271   -0.278503198103    0.1648    0.1952   0.096   81
59761.270    0.275442694992   -0.719301597485    0.1916    0.2537  -0.075   76
59767.249   -0.383655268233    0.416797201552    0.0911    0.2921  -0.235   61
59767.271   -0.151851098524   -0.031100395859    0.2359    0.2679  -0.499   87
59772.210   -4.050513794965    7.094797204132    0.3317    0.5927  -0.859   78
59774.251    0.449993449951    0.487299602270    0.6716    0.3261  -0.132   34
59775.270   -0.020647252139   -0.079401598896    0.2133    0.2597   0.179   46
59782.269   -0.260506415750   -0.347399996770    0.2238    0.2216   0.116   96
59789.270    0.564064477531   -0.112600795887    0.4042    0.3857   0.156   68
59794.230   -0.060328550160   -0.268199996611    0.2172    1.2119   0.102   18
59795.250   -0.640207952724    0.203598002457    0.0574    0.1716   0.050   59
59795.271   -0.147458069342   -0.506300396808    0.2668    0.2766  -0.395  147
59800.210    0.675063965591    0.017099998217    0.1703    0.2705   0.123  229
59803.248   -0.176160315383   -0.538199999767    0.2112    0.6398  -0.195   20
59803.270   -0.514128100098   -0.064101600827    0.2672    0.2234  -0.329  167
59808.209   -0.701126928084    0.047897999167    0.4633    0.3860  -0.763  216
59810.272   -0.496411898045    0.582998398357    0.3622    0.4418   0.466   36
59817.270    0.386881480976    0.120099603862    0.3431    0.3149   0.094   73
59824.272    0.291552782682    0.027298803218    0.1484    0.1886   0.016   58
59831.270   -1.054030942098   -0.651902397664    0.4624    0.2762   0.319   37
59838.269    0.030167771084   -0.270601199048    0.2337    0.1955  -0.085   69
59843.229    0.047005377289   -0.647600398906    0.2333    0.8505   0.148   15
59845.271   -1.392441570684   -0.471502798405    0.5259    0.2807   0.439   30
59849.208   -0.353490993152   -0.093200397799    0.1966    0.1858   0.208   90
59852.269    0.289356293063    0.238996803148    0.2084    0.1825   0.068   63
59859.271   -0.005415710354    0.534099599747    0.1718    0.1714  -0.205   75
59864.209   -0.152729694372    0.189799203554    0.2574    0.1763   0.043   56
59866.269   -0.124027448331    0.051598802031    0.1938    0.1987   0.080   68
59873.271   -0.191975240416    0.261097198262    0.2473    0.2201  -0.468   39
59878.227   -0.220673990453    5.055397201659    1.0610    1.8603   0.037   91
59879.272    0.497146408569   -0.392601599231    0.2253    0.3052   0.025   22
59887.271    0.322743284881   -0.084700796776    0.2330    0.2369  -0.123   16
59893.268   -0.183041550780    0.130996800607    0.2324    0.2842  -0.032   17
59899.229   -0.496851195969    5.225698798483    0.3528    2.0993   0.590    6
59901.271    0.217602351047    0.200098798331    0.1661    0.1919  -0.013   70
59908.269    0.114953169375    0.422798404287    0.1630    0.1594  -0.029   47
59913.207   -0.019912691673    0.280497602745    0.2625    0.2780   0.093   56
59915.271   -0.136914819282    0.446598003379    0.1306    0.1540  -0.100   48
59922.269    0.192853836264    0.172497600204    0.2013    0.3485  -0.368   44
59928.270    0.022260308568    0.448599602265    0.2577    0.1625   0.104   36
59935.272    0.329624520279   -0.109900798861    0.2983    0.2009   0.134   17
59949.268   -0.521012881443   -0.126100800202    0.4119    0.3640   0.297   15
59956.248    0.712696355320   -0.279201596243    0.7033    0.5653  -0.009   12
59957.271   -1.039829173380   -0.144403196600    0.3347    0.2438   0.214   39
59963.250   -0.866304695483   -2.959502396749    0.3055    1.3944   0.280   17
59964.269    0.559966660949    0.362199601511    0.2575    0.3743  -0.002   13
59971.271   -0.133987315143    0.222300002406    0.2463    0.1840   0.152   43
59977.250    1.100748148740   -9.749501999323    0.4417    2.3522   0.344   10
59978.269    0.303118763857    0.358498798647    0.3391    0.2792   0.123   54
59984.248    0.231807665713   -0.666601199839    0.1262    0.3412  -0.035   41
59985.271   -0.000878595848    0.150998400983    0.3659    0.2697   0.100   42
59990.227    0.469470339704   -0.074602800737    0.2435    0.4224  -0.228   68
59996.206    1.191975484504    0.452797198136    0.1553    0.1881   0.175   96
60032.227    0.019037591829   -0.252403199141    0.1803    0.1609   0.183  117
60048.269   -0.074973162750    0.409197603801    0.1336    0.1649   0.153   56
60055.249   -0.194463446631    1.372399199084    0.0080    0.0340  -0.106  195
60055.271    0.170596973758    0.172598402770    0.2436    0.2263   0.186   31
60059.208    2.487770463123    0.639399598867    0.1912    0.3090   0.152  176
60061.250    0.729829174125   -0.206002798819    0.3486    0.2143   0.291   82
60062.269   -0.105432650430    0.655696802454    0.2048    0.5937   0.496   37
60067.207    0.462293891707   -0.339602400601    0.2542    0.1881   0.197  237
60081.229   -0.529503677264   -0.177102000265    0.3123    1.0929   0.160    9
60090.269   -0.013910102066    0.367797600376    0.3227    0.2756   0.100   39
60096.270    0.314835822365    0.159699600744    0.5329    0.3052   0.074   57
60104.269    7.997211591818   -0.238402801500    1.2743    0.4334   0.005   17
60106.041   -0.253477599024   -0.144100801691    0.2873    0.1826   0.287   40
60118.269    0.182166450937   -0.105102000703    0.3399    0.3300  -0.326   36
60125.271   -1.498021752500    0.940698002694    0.4013    0.3243  -0.102   62
60160.269   -1.773903795359   -0.187401601437    0.4099    0.1890   0.117   35
60167.249    0.236344780219   -0.368100001680    0.0509    0.0731  -0.427  113
60167.271   -0.478105320735   -0.343000795766    0.2956    0.2265   0.031   29
60180.252   -1.911549579217    1.560196803752    1.4625    2.7514  -0.280   21
60181.271   -0.336945103543    0.490798800001    0.3812    0.2550  -0.189   15
60185.209   -1.111874831991   -0.053999998073    0.7133    0.3282   0.301   27
60188.269   -1.326106884970   -0.284900397673    0.4015    0.2643   0.178   29
60195.238   -0.528920294016   -0.616003197251    0.2919    0.2878  -0.157   60
60195.271   -0.078195879489   -0.481802399577    0.2339    0.2160   0.097   49
60202.270   -0.128276342246    1.653397201551    0.2016    0.2551  -0.038   40
60208.271   -0.062964387647   -0.656503197405    0.1921    0.2310  -0.079   34
60223.271   -0.355835114044   -0.428201998659    0.1690    0.1572  -0.079   58
60227.209   -2.898810083625    0.886798800792    0.9642    1.3419   0.530   18
60230.270   -0.102796812943    0.056599198928    0.1869    0.1805   0.045   51
60237.271    0.464638012598   -0.940701596619    0.3911    0.2599   0.032   23
