%-----------------------------------------------------------------------------
%                R.A. (mas)        Dec. (mas)        Err. (mas)     Corr. Del.
% Uncertainty in R.A. is in R.A. cos(Dec.)!!!!
%-----------------------------------------------------------------------------
50084.998    0.000000000000    1.613599199857    0.5762    0.9972  -0.508   36
50155.831    1.960130444737    0.625499997398    0.3642    0.6212  -0.176   72
56878.498    1.354657666393    1.513101605610    0.1692    0.2463  -0.166   64
57943.713    1.473316786945   -0.006400806285    0.1093    0.1649  -0.060  126
58137.058   -2.416722748116   23.023202403749    0.1493    0.2314  -0.258   82
58380.227    2.299880449027   -0.381999596755    0.6907    0.2722  -0.007   15
58622.004   -0.519698226500    0.446601603699    0.2595    0.3784  -0.180  107
58772.228    1.751777641852   -0.587098804772    0.3159    0.3031   0.050   20
58899.905   -0.238302223477    0.000000000000    0.1300    0.2142  -0.203  123
