%-----------------------------------------------------------------------------
%                R.A. (mas)        Dec. (mas)        Err. (mas)     Corr. Del.
% Uncertainty in R.A. is in R.A. cos(Dec.)!!!!
%-----------------------------------------------------------------------------
47511.538   -3.864324644617   -6.527699999737    1.9596    2.1584   0.485   15
49482.167    0.321417825563   -1.186300798395    0.4672    0.4376  -0.195    7
49812.251    2.660062751225   -1.475499600900    1.2490    1.4136  -0.803    3
49868.251   -0.569606784997   -1.162800000287    0.5502    0.9673  -0.463    5
49896.281   -0.025432769405    1.846497598024    0.7808    1.6426  -0.107    5
50351.254    0.744419517962    0.034999197140    0.3932    0.9298  -0.019    8
50459.832    0.659642357046   -0.595799998138    0.1967    0.3755  -0.060  125
50575.751    0.051742572115    0.934700400279    0.2169    0.4689  -0.095   89
50680.253   -1.281872187200    5.534398801643    1.6655    5.3102  -0.837    3
50960.254   -0.923182166057   -0.399902402393    3.0138    2.4737   0.909    4
51247.249    0.649118455902    0.482900401266    0.6592    1.3496  -0.297    4
51450.251   -0.813266906562   -0.920001598104    0.5256    1.0005  -0.119    6
51618.252    1.197533567861   -5.161201200821    1.5581    3.7283  -0.912    3
51841.083    0.361321021355   -2.035400398626    0.1548    0.3182  -0.493   76
52711.248    0.263974811149   -0.273499200887    0.1944    0.4432  -0.310   71
53131.252    0.481760181993    0.243597596494    0.1261    0.2452   0.064   64
53150.205   -0.427681280494   -8.201300400401    0.5122    3.3067  -0.143    3
53479.204    0.000000000000   -0.174301200673    0.5052    0.3669  -0.156   17
53488.251    0.043849621332   -0.300002403719    0.2179    0.3683  -0.115   70
53507.204  -20.308959081740   15.453698397749    6.1035    4.9654  -0.732    5
53815.205    0.742518190716   -0.684601201328    2.9670    2.6629   0.458    4
53941.205   -0.213547714214    0.700200000381    2.3170    1.5177  -0.955    5
54152.206   -0.034935866196   -0.080499600585    0.2864    0.1493  -0.089   11
54207.082    1.872817955723    0.477197999516   15.9481    2.6831   0.943    3
54362.229   -0.034350063981    4.569400800136    1.1314    2.5893   0.318    6
54564.004    0.690775618601    0.662198398516    1.3922    2.4200   0.163    5
54571.207    0.306800138540    0.705499198261    0.6301    0.2907   0.220    9
54907.207    0.817795744431    0.038897998422    0.7579    0.2531  -0.165    6
55026.206   -7.699413815485   -0.635799598570    5.2668    0.5101   0.766    9
55257.208   14.073246153750    3.161800798779    3.6929    1.0303   0.952    3
58363.696   -0.152596716135    1.347598800550    0.1296    0.2718  -0.068   81
58510.833   -0.011257063697    0.412797597704    0.1606    0.3696   0.072   80
58512.780   -1.304674006245    0.000000000000    0.2051    0.4053  -0.033   86
58530.834   -0.190454763781    2.244398401530    0.3937    1.0905   0.630   28
58827.209   -0.063729308778   -1.176699601757    0.0754    0.2258   0.080  255
58942.891    0.289260270067    0.309099600315    0.1858    0.4369   0.061   74
58996.207   -1.777373072763   -0.391399201050    3.2595    0.7582   0.907    7
59101.209   -0.318495693964    0.901900800443    0.3315    0.3620  -0.125   39
59163.206    0.763860663831    0.086997596327    0.2047    0.1931   0.195   41
59170.208   -1.751940303358   -0.199501202758    1.2396    0.3403   0.446   10
59178.207    0.157125554004   -0.559101603415    0.3609    0.6039  -0.621   46
59395.228   -0.144121452725   -1.933801202370    0.3144    1.1503   0.561    4
59457.207   -0.121901996158   -0.055799998222    0.1838    0.2830  -0.019   36
59576.209   -0.709781762331    6.058497601202    1.5983    4.8286  -0.890   13
59744.209   29.362007675298   31.296499196998   11.6423   11.7532   0.944    3
59758.210   -0.640790502981   -1.014001203004    0.6045    0.4112   0.447   26
59821.208    0.631725947768   -0.352299597495    0.2512    0.1843   0.146   84
59891.208    3.520101460569    0.417499200012    2.1145    0.4012   0.695   13
59898.206    5.472434626637    1.740798001748    4.1404    0.9805   0.971    4
59913.207    0.429870249539    0.286397996518    0.4030    0.3503   0.155   22
