%-----------------------------------------------------------------------------
%                R.A. (mas)        Dec. (mas)        Err. (mas)     Corr. Del.
% Uncertainty in R.A. is in R.A. cos(Dec.)!!!!
%-----------------------------------------------------------------------------
46840.289   -0.726707095207    2.495098796373    1.8089    2.4813  -0.320   11
49426.167   -1.346205296568    3.891999593009    1.7000    5.4952  -0.845    3
49482.167   -0.361314015361    0.762299995927    0.3801    1.0955   0.108    5
50631.755    0.525229026781   -0.213501600399    0.2309    0.9200  -0.060   78
50687.836   -0.173903450465   -0.029001607516    0.2211    0.4314  -0.015   72
51157.708    2.393141315674    6.008399998336    1.1504    3.7838   0.813    4
52353.230   -3.002789471736    7.761898797298    8.8568    7.3447  -0.926    7
52409.164   -0.155331240104    0.994798790543    0.3700    0.8114   0.465   87
52773.234    0.038974634824   -0.261900005682    2.7506    0.9366   0.056    6
53143.207   -0.203450227291    0.366699592291    0.3206    0.2701  -0.123    8
53151.228    0.883446458085    0.485099998571    1.1710    0.9668   0.104    6
53165.232    1.092664211145   -3.400700406075    0.8411    1.0818  -0.067   19
53411.249    0.292370512384   -0.082900803022    0.6725    1.2884   0.244    7
53529.229    0.560965324730   -0.586202408215    0.7826    1.3931  -0.048   13
53719.250    1.925037042750   -1.472000403169    1.3472    1.6085  -0.013    6
53789.250    0.145903286133   -0.502999203889    0.5131    0.8566   0.247   10
53892.207   -0.644820513892    2.349899999388    0.6233    1.7743  -0.021    8
53928.228    0.377495430574    0.490600788794    0.2435    0.3837  -0.142   99
54060.211   -0.498073045104    0.142099196410    0.8176    1.3829  -0.064    8
54118.253    1.802490820372   -0.037699200561    3.5290    5.9005   0.778    9
54125.251   -0.156175422759    0.400798792555    0.1734    0.3975  -0.693   90
54202.235   -0.117200787936    4.837600796748    7.7125   13.2967   0.944    4
54461.208   -0.122127490121    0.614397595200    0.3467    0.6501   0.453   11
54621.228    0.237920155283    0.191498388347    0.6875    1.0812   0.432   16
54664.250    2.714778266374   -4.832200802696    1.0366    3.7346  -0.234    5
54741.249   -0.037144420722   -1.068699612006    0.8864    1.7595   0.107   15
55154.248    0.000000000000    0.476999994703    0.2006    0.4475  -0.388   28
55174.227   -0.128597445728    1.589698791804    0.8908    1.1411   0.093   14
55413.250   -0.634973923638    1.325699997778    0.1364    0.3562  -0.281  174
55516.207   -0.097784394920    0.285400797395    0.1985    0.7149  -0.035    8
55538.228   -0.096659969728   -0.019000800933    0.1252    0.2300  -0.145  189
55545.241   -0.193039600945    1.587297589367    0.6888    0.8126  -0.078   16
55694.270    0.738947935654   -5.508500407814    0.6789    5.6278  -0.706    9
55861.251    1.387570726540    2.820700792938    1.3702    5.8429   0.845    3
55966.250   -0.167713833369    0.530999999171    0.0828    0.1926  -0.053  113
56007.541    0.728395460517   -2.024100004405    0.7297    1.9396   0.092    8
56072.271   -0.351463970062   -0.282700800369    0.6845    1.1385   0.307    3
56075.540    0.343444138864   -0.570402004030    2.7049    3.9986   0.757    6
56085.252    1.636185109777    2.643800391411    1.7369    2.5060   0.488   14
56111.543    0.086671434709    0.031399190448    0.4331    0.5351  -0.165   35
56204.250   -0.131552085021    0.887597988708    0.0961    0.2155  -0.041  156
56274.250    1.643360758320    1.373597990550    1.8779    1.3017   0.197   10
56427.228    0.456143675014   -0.012999610988    0.2688    0.2269  -0.044   14
56463.249    0.016741996260    0.547999188427    0.3349    1.0904  -0.838   71
56470.251   -0.140838190202   -0.324900004500    0.2948    0.6959   0.427    5
56483.239    0.076119055546   -1.035500402224    2.3300    1.7110   0.180    7
56553.207   -1.543746149299   -1.661702404476    0.4873    0.4766   0.499    7
56555.270   -0.440245957383   -1.131001199894    0.7515    0.7199   0.579    3
56560.208   -0.591636526748    0.112697998134    0.2772    0.6416   0.433   11
56561.249   -0.186286043730   -0.589701599552    0.3072    0.7433   0.281    6
56569.270    0.579679383882   -1.905300007365    0.5755    0.7738  -0.411    4
56583.270   -0.650169307405    0.789598799145    1.0569    1.0083  -0.415    3
56594.206    0.199651309369    0.236998798187    0.2331    0.3081   0.234   28
56596.269    0.280413465492    0.454197588340    0.4468    0.6039   0.488    9
56602.208   -0.149563714335    0.280400394104    0.2873    0.7220  -0.503    6
56603.249    0.010410530373    0.307000799182    0.2842    0.3345   0.327   18
56604.272    0.263107529114    0.073000792611    0.2543    0.2597   0.065   25
56611.270   -0.437291222116    1.357498791776    1.7725    3.8463   0.819   12
56615.208    0.142810157120    0.201599991101    0.2934    0.8149   0.733   11
56636.206    0.424628386315    0.732499194100    0.3363    0.4743   0.489   12
56639.270   -0.166869650714   -0.269701202171    0.2695    0.4793   0.233   15
56645.250    0.413231728523    0.394898398781    0.1595    0.3660   0.202   16
56657.208    0.129441532410   -0.440402402546    0.2211    0.3549   0.045   14
56661.920   -0.360891924033   -0.169002002792    0.3097    0.6472  -0.277   25
56664.210   -0.105243645070    0.971499591174    0.1732    0.3799   0.325   23
56666.248   -0.693503441197    0.107099992874    0.5063    0.4926  -0.155   21
56667.270    0.193039600945    0.275500799773    0.3354    0.4686   0.170   20
56686.209   -0.227509624911   -0.658000809040    0.3693    0.2927   0.253   37
56687.250    0.125926408043    0.048700793798    0.1277    0.1805   0.102  109
56688.269   -0.153501026003   -1.224399602506    0.7073    0.8241   0.399   11
56699.208    0.297297214569    0.689000395937    0.2479    0.3010   0.106   72
56706.206   -6.241810733445    1.922597991211    2.2095    0.8365  -0.750    6
56713.208   -0.848976434119   -0.205401609321    0.3134    0.2922   0.335   30
56716.269    0.148858021399    0.613400389682    0.2344    0.2672   0.261   18
56720.206    0.332611517164    0.658097998496    1.3913    0.4320   0.692    5
56734.206   -0.221178159024    0.377398797013    0.3859    0.2389   0.207   18
56744.269   -0.346540626948   -0.054201609601    0.2274    0.2410  -0.146   18
56749.229    0.273798302023   -0.566499602428    0.1094    0.2592   0.128  105
56762.206   -0.157441696742   -0.674100007814    0.1877    0.2541   0.448   29
56771.250    6.378289520651  -38.805102005313    0.4152    0.4371   0.232   15
56772.273    1.821343369244   -1.254301200504    1.4506    1.3494  -0.843    3
56776.206   -0.007877982407    0.349498797902    0.1924    0.1687   0.004   78
56777.269    0.328532356705    0.435398392540    0.4928    0.3957   0.467   17
56807.271    0.153642874794    0.698698788426    0.6107    0.6126  -0.384   19
56811.208   -0.151812660693    0.134697590681    0.2482    0.2974   0.236   11
56814.269    0.221320007814   -0.358099201492    0.3641    0.6675   0.541   11
56817.881   -0.274362242141    1.360299597764    0.1318    0.2670  -0.091  135
56820.248   -4.825963055081   17.360499597885    0.4421    0.9529  -0.041    7
56832.206    0.237217821419    0.250199988727    0.1445    0.1489   0.014   85
56840.253   -3.632978446006   -1.905901203259    0.7849    0.9399   0.219    4
56842.291    0.082308672642   -0.366102003113    0.1761    0.2148   0.098   49
56846.206   -0.195994240238    0.130499988416    0.3253    0.3835  -0.141   21
56850.498   -0.189240778997   -0.038300409244    0.1819    0.2468   0.145   55
56851.499    0.485690451839   -0.273099610126    0.1947    0.2381   0.079   47
56853.208   -0.550693188103    1.094097599719    0.3264    0.2783   0.028   30
56857.500    0.389172330903    0.190400399447    0.3236    0.3015   0.022   41
56858.501   -0.338942887078    0.062600395268    0.3066    0.2435   0.090   31
56870.269    0.235387607318   -0.020700011305    0.2078    0.2835   0.329   49
56874.206    0.021668698445   -1.765202409842    0.4697    1.7191   0.393   45
56875.792    0.102849586824    0.119800796483    0.1481    0.2166   0.217   57
56877.271   -0.270705268984   -0.651801607887    0.6430    0.5357   0.297    8
56878.498   -0.530010521104   -0.369799205657    1.1216    0.5310  -0.072   10
56878.498   -0.116218211535    0.674697596992    0.1816    0.4545   0.249   79
56879.503    0.838704297492   -0.780199201245    1.6823    0.6480  -0.222    9
56885.496   -0.369475695350   -0.214099202367    0.1294    0.1776   0.224   74
56886.501   -0.253821423933   -0.359899208036    0.1395    0.1791   0.262   80
56891.271   -1.454542070651    4.887799195785    1.0814    4.9286  -0.227    4
56895.208    0.297857795616    0.198500390525    0.1440    0.1633   0.187   60
56899.496    0.111433262167    0.217900795008    0.2672    0.2481   0.068   35
56900.501   -0.382982713806    0.274399191369    0.2493    0.2464   0.199   35
56901.790   -0.693081253896    0.642297594311    0.2696    0.2755   0.014   31
56904.665   -1.379550895342    0.268099194045    0.2631    0.3350   0.259   21
56905.662    0.196416331566   -1.565701207085    0.2750    0.4957   0.224   27
56906.659    1.295975852743    1.205499597745    0.2557    0.4286   0.255   23
56907.656   -0.127614773353   -3.765801609745    0.3750    0.5383   0.327   20
56910.969   -1.706111189155    3.230398796461    0.2754    0.4332   0.125   24
56911.645    0.259166762401   -0.881301610889    0.2352    0.4399   0.220   26
56912.642    2.208546996326    1.206500397188    0.2662    0.4836   0.096   24
56913.639   -0.899205877944    1.756198795988    0.2806    0.4599   0.184   25
56914.636    0.959704003350    0.306698397878    0.2748    0.4588   0.125   21
56916.959    0.656781015829   -1.687302010112    0.4336    0.6489   0.353   13
56917.627   -0.698990628456    1.375700398398    0.2638    0.5217   0.334   20
56918.625   -0.633846043401    1.549799993938    0.2550    0.4717   0.160   25
56919.603    0.941975975644   -1.071302406785    0.3311    0.5833   0.080   11
56920.619   -1.088162959359   -5.639101205190    0.3594    0.5018   0.217   13
56921.616   -0.016181511186    2.598699597911    0.4060    0.6445   0.139   13
56923.208   -0.609226064734   -0.459799200314    0.4285    0.3898   0.333   28
56924.790    1.348032151598    0.304099197024    0.3746    0.5777   0.244   25
56934.498   -0.087373864547   -3.242901601652    0.3388    0.5507   0.062   15
56935.499    1.902385767903    2.317197595403    0.3835    0.5174   0.079   16
56937.208    0.227509624911    1.019699998039    0.4380    0.8232  -0.392   15
56939.250    1.641388695428    1.441799997792    0.2184    0.3281   0.330   44
56941.496   -0.366801298593   -1.276099200709    0.3252    0.4524   0.227   38
56942.501   -2.363172543494   -4.504802406302    0.3384    0.6815   0.017   37
56944.207    0.701665025212    2.111000398486    0.3801    0.5271   0.429   57
56945.229    1.060584886354   -0.210002409062    0.1937    0.2675  -0.172  231
56945.792    0.303206589129    0.737600393563    0.2631    0.3054   0.323   49
56948.498   -0.088920381067   -1.464199206680    0.4832    0.3874   0.104   24
56951.208    1.317783040908    1.069700398659    0.2059    0.2919   0.234   83
56958.207   -0.155050997568   -0.212702406088    0.3634    0.2948   0.134   57
56962.502   -0.423503865149   -0.396900010458    0.1521    0.2272   0.311   78
56963.503   -1.237726673694   -0.745599601260    0.1671    0.2324   0.272   81
56965.209    0.506234629119   -0.069199199970    0.2392    0.1972   0.110   47
56973.229   -3.895802373511   -1.870901999723   12.7143    5.5159   0.227    3
56974.248    0.112135692005   -0.093700803916    0.4447    0.5426   0.239   23
56976.498    0.689002189411   -0.680601610270    0.3753    0.3667   0.170   24
56977.499    0.372008243315    0.812700000097    0.2694    0.3539   0.143   34
56980.228   -0.975183084699   -0.951001210581    0.4909    0.5607   0.182   19
56981.247    0.457129706460    0.532900789096    0.3395    0.4341   0.171   39
56983.497   -1.037653272997    1.678100397839    0.3716    0.5277  -0.210   47
56984.501   -0.201620013190   -0.894700799847    0.2769    0.2632   0.176   58
56986.167   -0.372146637061   -0.890701208789    0.2112    0.2864   0.265   57
56986.207   -2.533841016156    3.880299588843    0.5054    1.0876  -0.652   23
56990.498    0.315163731995   -0.863701200160    0.1909    0.2357   0.223   91
56991.503   -0.587699215080   -0.229600811963    0.1767    0.2443   0.265   76
56993.205   -0.193319843482    0.066297597812    0.2122    0.1890   0.115   77
56997.497    0.044039730755   -1.161302401442    0.4202    0.3522   0.050   33
56998.501    0.258602918256    0.691397991659    0.4144    0.3669   0.088   32
57001.208    2.478968567728    0.995097597922    0.4064    0.5123  -0.088   35
57004.498    0.085543650446    0.086299198188    0.2500    0.2200   0.101   54
57005.499    0.059795791542   -0.109101604551    0.2616    0.2531   0.259   56
57006.792   -0.891186046746   -0.007200000596    0.2285    0.2870   0.306   47
57007.209    0.065144585055   -1.936000799674    0.5612    1.1851   0.115   58
57010.269   -0.291387935983    0.085798798466    0.2458    0.3876   0.206   65
57011.551    0.472605428737   -0.175100407773    0.1560    0.3635  -0.092  121
57011.610    1.092103630098   -1.332900011164    0.3486    0.2946   0.144   54
57012.501    0.409291057783    0.204897590095    0.2797    0.2591   0.126   49
57015.270    1.295834099926   -3.733801210615    0.4181    1.2763   0.370    3
57021.209   -1.936997640660   -5.911999210184    0.4001    0.9408  -0.213   42
57032.290    1.082111736008    1.510898388801    0.3906    0.4774   0.207   59
57039.497    0.047416557349   -0.262202406986    0.2101    0.2520   0.252   67
57040.501    0.621888900536    0.554399994712    0.1930    0.2463   0.304   72
57045.271   -0.580381717746    0.044297992474    0.5144    0.3071   0.263    6
57046.458    0.198526884177    0.539899197349    0.1576    0.3637  -0.170   48
57046.499    1.333258763185   -9.945201603045    1.4963    0.8057   0.025   11
57047.499   -0.909336165779   -2.105802009567    1.4257    0.7401   0.054   11
57049.209    0.019696635553   -0.623599207472    0.2066    0.5163   0.464   34
57051.250    0.938318906513    2.676700793813    0.6817    2.8857  -0.782  124
57053.511   -1.671357563581   -1.725001210673    0.7428    1.2576   0.553   17
57054.501   -0.913134987728    1.386197997988    0.7552    1.2312   0.639   17
57056.207   -1.001211186139   -3.757399204574    0.5790    1.8913  -0.038   17
57057.230   -0.999242578292   -2.490699601765    0.1778    0.2859   0.296  108
57058.249    0.359625650051    0.255499199397    0.9502    0.7189   0.252    5
57059.271    0.227789867448    0.273297595754    0.4818    0.3941  -0.141   10
57060.342   -0.259308611192    0.530798394038    0.1907    0.2665   0.319  100
57061.291   -0.000563940118    0.397997999357    0.1366    0.2087   0.175  108
57062.230   -0.105101892253    0.173199592268    0.1489    0.2439   0.162   73
57063.209   -0.152940540930    0.073299599990    0.2080    0.2675   0.259   59
57064.228    0.603877271221    1.114599599816    1.0218    1.3237   0.018    4
57066.273    0.061203914316    0.173897990408    0.3663    0.2992   0.208   20
57067.289    0.245379501408   -0.448502406414    0.1479    0.2535   0.321  108
57068.289   -0.600500540601   -0.200102411441    0.1384    0.2037   0.177  101
57069.228    0.548022150419    0.085697989505    0.1699    0.2920   0.344   81
57070.207    0.241860921996   -0.524800810808    0.1762    0.1370   0.148  100
57071.226   -5.285483556689   -1.953900004992    2.4534    1.5946   0.129   11
57072.249    0.009144256390    0.029199593143    0.1335    0.2028   0.218  102
57073.271   -0.079634275886   -0.256802400145    0.4047    0.3176   0.429   14
57074.290   -0.423784203659    0.000000000000    0.1410    0.2036   0.246  107
57075.291   -0.000280242537   -0.373500002127    0.2155    0.2815   0.158   71
57076.394   -0.613585467730   -0.500601608167    0.2155    0.2787   0.358   81
57077.209    3.598508422040    2.257099198744    1.2305    0.7291  -0.005    8
57078.228   -0.104257709598   -0.411901207542    0.1438    0.2417   0.291  108
57079.229   -0.914961842758   -1.991599205553    0.1497    0.2406   0.299  105
57080.273    0.848412494000   -0.108100805107    0.4549    0.3894   0.136   37
57081.289    1.207896295260   -3.450301203145    0.1817    0.3473   0.030  135
57082.293   -0.455441341149    0.456497994605    0.2138    0.2669   0.119  100
57086.581  -10.835198971710  -27.779900402436    1.6700    4.2661  -0.641   21
57087.271   -0.160676674546   -0.017200807179    0.2717    0.3615   0.243   28
57092.232    0.195288547302   -0.167702408760    0.2583    0.2891  -0.120   44
57093.251   -0.698990628456    0.194299194334    0.1758    0.2514   0.260  105
57094.270   -0.975041331881   -0.292201207230    0.8472    0.7790   0.303    3
57095.497    1.407689453420    0.629499588456    0.3374    0.3335   0.170   51
57096.501    0.285336712632   -0.133599601781    0.2841    0.2745   0.188   48
57098.832   -0.253959817679    2.263197590935    0.2000    0.4093  -0.142   45
57101.271    0.708840673755    0.539099990249    0.3656    0.2630   0.402   17
57102.499    4.067456877620   -0.994201201365    0.3665    0.4086   0.067   71
57105.209   -1.812621204182   -2.560701602761    0.2827    0.2404  -0.153   96
57107.251    0.182487221782    0.107899199975    0.1066    0.2510  -0.220  107
57108.270    0.295186757931   -0.156002404594    0.2952    0.2325   0.194   27
57109.497    0.384671079116   -0.135000004775    0.1962    0.2151   0.096   64
57110.501   -0.278863493928   -0.108302410240    0.2123    0.2392   0.153   61
57112.207    0.596985224287   -0.010000806583    0.2894    0.2654   0.166   69
57114.274    0.400288650184    0.286498799085    0.6451    0.5103   0.325    4
57123.497   -0.589809671718    0.625197596094    0.2443    0.2418   0.215   60
57124.501   -0.151812660693    0.665398795263    0.2231    0.2180   0.157   56
57126.207    0.007597739870   -0.048099610694    0.1414    0.1797   0.001  120
57129.272    0.544645419798    0.284900397673    0.3392    0.3161   0.198   19
57130.499   -0.647636759439    0.552200397408    0.2265    0.2575   0.107   51
57131.500    0.060217882870    0.031899590169    0.2170    0.2209   0.164   56
57136.273    1.544448483163    0.289997990421    0.2519    0.2304   0.009   34
57137.497    0.511860402071    0.007700400317    0.2181    0.2070   0.053   57
57138.501   -0.068943407003    0.286099195534    0.2050    0.1907   0.086   60
57140.207   -8.176137336420   11.736399589779    0.5465    0.8578  -0.715   54
57143.290  104.959041883017  -88.256599200065    0.6526    1.0275   0.279   67
57147.209   -0.582772512895    1.190699993003    0.2203    0.2156   0.130   79
57150.270    0.778766753133    0.934599597713    0.2665    0.2973  -0.055   31
57154.207    1.000508852275    1.205899188506    0.1920    0.2475   0.148   78
57156.760 -628.595041097274 1168.915399188108   95.6955  110.5485  -0.904    3
57157.268   -0.010832717674   -0.210801603373    0.2059    0.2650  -0.070   66
57164.270   -2.208969087653   -0.310500003309    0.2957    0.2612   0.093   35
57173.500    0.186286043730    0.623498398511    0.1529    0.1995   0.219   90
57175.209   -0.016461753723   -0.081799207408    0.1948    0.2445   0.119   54
57176.228    0.089203982675   -0.046000809562    0.1410    0.1626   0.153   93
57177.229    0.104257613624   -0.379400408690    0.1319    0.1533   0.129   92
57178.270    1.273604820434    0.732398397929    0.4694    0.3355   0.171   10
57179.289    0.055716631083    0.166298399051    0.1366    0.1703   0.182   85
57180.293   -0.216254911883    0.000100796171    0.1446    0.1946   0.329   76
57183.208    0.420127134528   -0.128800803623    0.1870    0.1691   0.102   79
57184.227   -0.251147027177   -0.710701206685    0.2117    0.2466   0.516   72
57185.268    0.775670265049    0.168400794109    0.5190    0.5024   0.289    9
57186.291   -0.211611811306    0.320000397380    0.1206    0.1718   0.177  105
57187.291   -0.033345598774    0.315698392228    0.1367    0.1947   0.240   88
57190.246   -0.867970735808   -0.489999605691    0.2114    0.2633   0.347   83
57191.123    0.168416167233   -0.393800409881    0.1661    0.2079   0.174   97
57192.270   -0.920871217317   -0.054302405772    1.3488    0.4680   0.313    6
57193.289   -0.718687359983   -2.397700802703    0.1183    0.2127   0.275  139
57194.290   -0.534231434380   -0.217602000419    0.1530    0.2001   0.245   89
57195.228    0.348509330769   -0.042699603853    0.1563    0.1814   0.192   82
57196.207    0.147875349025    0.162500400336    0.1512    0.2136   0.218  100
57197.226    1.237162733576    1.661097589079    0.1497    0.2156   0.143   84
57198.227    0.030110620971   -0.644400002159    0.1242    0.1794   0.206  106
57199.272   -0.392971152851   -0.547002008489    0.3598    0.2519   0.175   23
57201.500    0.323467164801    0.845697591956    0.1581    0.1975   0.181   90
57204.363    2.991673152454   -0.819799204521    0.6480    0.5491  -0.068  103
57210.207    0.171370902500   -1.311001201998    0.2082    0.2332  -0.030  110
57213.272    1.809804958634    2.989699189015    0.3650    0.2386   0.183   36
57219.251    0.545769844990    0.451799992618    0.1699    0.3152  -0.029  155
57239.208   -0.242002674814    0.163400390818    0.2131    0.2154   0.277   38
57241.268   -0.469792638235   -0.383500808709    0.1603    0.1804   0.149   88
57246.206    3.394774593141   -1.035399606053    0.3223    0.2224   0.264   46
57248.270   -0.487662514732   -0.396799201496    0.1511    0.1796   0.219   99
57255.272    1.307510904281   -0.214002000121    0.2405    0.2070   0.024   60
57260.228    0.452628550647  -37.214099999971    3.3362   13.1305  -0.250    6
57266.207   -5.790168214244   -2.942499607173    0.4961    0.2501   0.361   40
57267.230    3.027270960683    1.780797589390    0.3108    0.4347  -0.257  124
57280.207    2.190677119829   -1.938002411350    0.2910    0.2290   0.278   18
57287.206    0.017586178915    0.011397590072    0.1394    0.1325   0.285  112
57291.501 -344.193511918069 -159.906499203544    1.5439    3.8953   0.242   75
57295.230    3.693338177667  -15.439500008085    0.5637    0.8671   0.120    6
57297.272    1.782230244701    1.083499191168    0.2056    0.2648   0.009   28
57302.228    0.225540921090    1.381298390868    1.9357    0.8192   0.431    7
57311.272    0.358501128885    0.436798795533    0.1751    0.2190   0.024   54
57317.207  -64.432358629034   28.947398398316   24.8523   21.4780   0.227   21
57322.208   -0.659171810977   -0.356601609042    0.3251    0.4023  -0.026   45
57332.270   -1.638856147462    2.343099589552    0.2443    0.2753   0.111   74
57336.208   -1.640264270236    0.657597598774    0.2085    0.2332   0.198   61
57337.227    0.370178029214   -1.497499199843    1.3027    4.5888   0.803   18
57338.249   -0.357234854902    0.595299592021    0.8535    0.7313   0.158    9
57338.582   71.443369767895   77.183899195177    3.6236    9.3875   0.361   42
57339.268   -0.308693872361    0.613400389682    0.1973    0.2041   0.198   55
57343.209    1.367026453286    0.714700797744    0.1469    0.1677   0.201   77
57345.247    0.494838067301   -0.452001610540    0.4932    0.6446   0.003   24
57345.580-5864.031909621119 4728.988900797049   20.9442   22.9575  -0.479    9
57346.270   -3.679128729372    0.080798395174    0.2206    0.2808   0.359   48
57360.270    0.915383934085    2.251198792180    0.1875    0.2937   0.328   59
57364.208    0.686327792655    0.093297593651    0.2168    0.2599   0.031   80
57365.227    0.424770139132   -4.113100810343    0.2624    0.6647   0.130   44
57372.225   -0.904270973875   -3.892899609070    0.7077    2.6730   0.361    9
57379.271   11.283886755645   -1.061402409164    0.2084    0.2900  -0.069   27
57385.209    1.669388859760   -1.235102401154    0.2308    0.4806  -0.462   76
57395.272   -6.919136022527    0.048297596322    0.3127    0.3841   0.034   22
57398.771    0.458254227625   -0.737701202524    0.4022    0.4234   0.119   11
57402.270   -2.212345914248    0.314600390539    0.3487    0.2639   0.222   34
57409.269   -0.490053213906    0.276299994084    0.2807    0.2963   0.174   22
57423.269    1.051440629964    0.116499590774    0.3485    0.6639   0.316   21
57428.225   -0.596279531351   -0.184399209502    0.7194    1.2936  -0.432    9
57435.227   -0.785239971838   -0.141800401821    1.1386    1.0800   0.258   23
57436.257   -0.956469025547   -0.094802412320    0.6490    0.6549   0.032   31
57442.236    0.263809862978    2.123999996684    0.2464    0.3808   0.457   37
57443.251    2.105977748012   -5.810202009116    0.2507    0.2596   0.177   35
57448.208   -0.606551667978    0.206499598221    0.1833    0.2088   0.268   56
57451.269   -0.902299006956   -4.389901204149    1.0324    1.3026   0.487    6
57455.206    1.372375246799    0.068597991287    0.1441    0.1506   0.048  114
57458.270   -3.626224984764   -0.246600001219    0.2458    0.3375   0.190   60
57462.208    1.135157425380    0.199400393797    0.1792    0.2243   0.374  137
57463.231    0.051215379297   -0.580701605202    0.3947    0.3048   0.118   27
57469.206   -1.506459879786   -0.996501607631    0.1941    0.1790   0.174  132
57471.270  -33.187001364671   21.181697995587    0.4271    1.5978  -0.360   30
57477.209    2.164365416780    2.786997589510    0.4972    0.4414   0.149   25
57480.496    0.690828948467   -0.816602401699    0.4651    0.3810   0.053   19
57481.497    0.619356352570    0.053600388128    0.4783    0.3718   0.140   15
57483.206    5.308556922863   -3.670099206943    1.2341    3.2364   0.209    9
57484.229   -1.118131731538   -2.742102007858    0.5525    1.4663   0.482   53
57485.251    0.783409757736    2.192299193382    0.6944    3.0314  -0.386   47
57490.208    0.134226481778    0.080600396757    0.2038    0.1857   0.015  119
57491.231   -0.008019831198    0.482097600241    0.2165    0.2640   0.264   31
57493.269   -4.493773629245   -6.800601605050    0.9224    1.2260  -0.695    7
57499.251  -10.507088706332  -26.206902005299    4.1214    3.6031   0.450   10
57500.271    8.745122396375  -10.772600411713    0.5131    2.7595  -0.660    7
57507.269   -1.093650242591    4.526398788585    0.3502    0.7842  -0.352   14
57512.207   -1.343389051020   -2.325499204403    0.4210    0.8063  -0.425   51
57514.271   37.751261558367  -13.991202001762    4.9524    2.9527  -0.613    3
57518.208    0.561107077547   -3.329701199561    1.1182    1.9319  -0.598    6
57528.271    0.395503700817   -4.942799999696    1.4118    1.9069  -0.771   11
57542.271   -0.102569248314   -0.029199605933    0.2711    0.3253   0.290   39
57547.209   -1.155418001052    0.025397987713    0.2175    0.5787   0.176  107
57548.250   -0.330642813343    0.518799595284    0.1685    0.2197   0.161   66
57549.269    0.042067763836   -0.990000005174    0.4015    0.4510  -0.024   19
57554.229   -0.304894954440    0.563598000269    0.1578    0.2175   0.164   64
57556.271   -0.718265268655   -1.314201611535    0.2456    0.3226   0.344   28
57561.227   -0.825761219154    1.150797588423    0.3658    1.1834   0.004   36
57570.271    2.707886315413    4.005597594414    0.3305    0.4155  -0.015   28
57574.208   -2.804546285140    3.229199998600    0.3822    0.3386  -0.203   91
57576.250    0.287727507781    0.536500789394    0.1326    0.3330  -0.050   99
57582.229   46.004078435407   20.455999198532    1.0541    0.5967   0.363   10
57583.248    0.466837902968   -1.523401206782    0.4440    0.6962  -0.513   35
57597.248   -0.277880821553   -1.641301200550    1.3206    1.0509   0.174  124
57598.271   -2.470246402666    3.650698789670    0.4669    0.8648  -0.298   10
57602.208    1.079721036833  -21.839601602380    0.8138    6.1790   0.609   10
57609.206   -2.868421141167   -3.111602406136    0.7112    0.6002  -0.171    4
57610.229   -6.014020865997   -0.259502409961    0.4751    0.4265  -0.198   49
57612.271    5.651160238143   -4.561700406214    1.0239    0.7687  -0.733   16
57618.228   13.896237622495    2.283497998690    1.4623    0.9201   0.142    6
57619.269    0.289557721882   -0.899402408550    0.5036    0.4317  -0.193   12
57624.229    0.541548931714   -2.400300003558    0.6730    1.2383  -0.232   26
57633.269   -0.827307735674   -0.763700411710    0.3077    0.3271   0.103   33
57637.082   -1.668544677105    0.989499592663    0.2660    0.2612  -0.019   43
57638.207   -1.424715147262    0.196498791638    0.5631    0.3762  -0.108   19
57639.230    3.891864965870   15.724198787836    0.4498    2.2983   0.266    4
57640.271   -0.979262245157    1.535000389197    0.2812    0.3045  -0.046   40
57652.229  -34.142906450100 -414.503100003571    0.4349    1.8169   0.077   21
57653.248   -1.034698633704   -1.281099604000    0.3598    0.3654   0.199   45
57658.208   -2.194334188960   -4.702802409895    0.2853    0.6213   0.098   34
57661.269   -0.585869000979   -5.419400403639    0.2584    0.4302   0.194   46
57666.207    1.044123132630   -0.673902009396    0.7615    0.5258   0.407   17
57668.271   -1.334666885958    1.166799597740    0.4450    0.4537  -0.138   18
57669.345    1.728060130137   -1.262901604093    0.4402    0.3220   0.109   40
57670.313   -0.356812763575    0.201200400340    0.4014    0.4173   0.127   29
57675.269    1.207335810187   -4.849502406046    0.2851    0.4540   0.229   14
57680.229   -0.427441176817    0.041500793202    1.2574    0.8069  -0.006   17
57682.271    1.866365772373    3.237299989678    0.2570    0.3446   0.241   52
57685.189    0.736837383043    0.166399195223    0.2235    0.2344   0.256   68
57686.208    2.624027671206   -3.218299201535    0.2832    0.4565  -0.402   52
57689.269   -0.176716336941   -0.894402005258    0.2475    0.3516   0.215   17
57693.207    0.827027493137    0.466498788398    0.1566    0.2276   0.152  136
57694.229   -1.454542070651   -1.290499201900    0.2352    0.3321   0.298   36
57696.271    0.892452320729    0.256499998841    0.3991    0.7781   0.550    7
57699.186   -0.371022211869    1.612699196585    0.3003    0.2843   0.196   59
57700.208   -1.821765460571    3.036200398299    0.4265    1.5398  -0.382   67
57701.227   -7.444081351727    2.415099595510    4.2649    2.1445  -0.632    3
57702.250    0.864171913859   -1.515200406743    1.5718    1.5193   0.599    6
57708.229   -0.025889707695   -0.677001609972    0.6078    0.8946   0.236    8
57709.248    0.080198216004  -12.631701611099    5.8562    3.2129  -0.676    3
57714.208    1.705408855291   -0.968101208798    0.4377    0.4202   0.256   37
57717.313    1.281624651631    2.644898393100    0.4190    0.3562  -0.187   55
57721.207    0.387906056920    1.059598795905    0.3794    0.2135  -0.101   42
57723.248   -0.010410626346    0.037400393182    0.0947    0.2111   0.051  179
57730.250    0.010694227954    2.311099190422    0.4546    0.4654   0.043   30
57731.269    0.958721330976    0.211600797684    0.0899    0.1587  -0.042   28
57732.292    2.262855504636   -2.394900009506    0.3905    0.3939  -0.147   58
57737.270   -0.166447559386   -0.038800808966    0.3332    0.3195  -0.232   21
57743.209   -5.459809098482    0.563900388784    0.5771    0.2101  -0.367   20
57744.272    1.254326821163   -1.244700010261    0.1598    0.2575   0.008   43
57752.271    0.343727836446    2.071699189798    0.1974    0.4343  -0.374   55
57758.272 -293.400472999513-4411.564700400560    0.8032    1.5734   0.740    3
57771.209    0.285617051143    1.301997588143    0.3188    0.9089   0.539   22
57775.461    0.413231728523    0.961999197102    0.1314    0.3122   0.016   75
57777.207 1214.876951045686 -374.371700411302    0.1596    0.1553   0.160  116
57785.231    0.069365498331   -0.797799611973    0.0949    0.2019  -0.391  224
57786.247   -1.641952635546    1.417499998979    0.4825    0.4016   0.297   23
57791.207   -0.712919834214   -0.627300003941    0.1615    0.1685   0.082   90
57792.229   -1.170613480792   -1.108000807903    0.7654    2.7952  -0.113   22
57799.228    2.131303419615   -0.682099202720    0.5248    0.5975   0.020   28
57800.250   -1.576949899282   -4.453002011928    0.9679    1.0787   0.415    5
57804.381   -0.389314179693    1.060199991798    0.1984    0.3759   0.271   69
57808.271   -0.611758612700    0.034898394574    0.9341    0.7589   0.383    8
57809.367   -0.068801654186    0.598798796148    0.1227    0.2489  -0.079   75
57812.209   -1.528128578231   -0.696902401387    0.3346    0.5691   0.262   19
57821.249    1.501252935064    7.601597994267    0.4056    0.3674   0.181   24
57826.209   -0.169962779726    0.469497592803    0.3707    0.7210   0.437   23
57828.250    1.527706486903    4.600598391846    0.2558    0.2952   0.277   45
57836.293    0.186846624777   -0.518202006106    0.1517    0.3535  -0.148  153
57839.792   -0.263387771650    1.307897994707    0.1614    0.3177  -0.233   54
57840.209   -1.179335645854    0.244997993093    0.1923    0.1904   0.062  136
57841.228   -1.249403574023   -5.229799211293    0.7423    2.8862   0.177   11
57843.270   -0.763149182065    0.861897599691    0.3312    0.3178  -0.169   32
57849.249   -0.675353322164    0.072197991585    0.3260    0.3125   0.313   29
57855.228  -78.841584533837   -6.442902007109    0.5074    0.6068   0.051   55
57862.208   -0.219631642504   -3.695500801371    0.2793    0.4725  -0.252  120
57864.271    0.501871867052    0.501497991934    0.3831    0.2972   0.130   39
57868.209   -2.134396644601  -14.626101609849    1.9225    6.1861   0.938    3
57869.228   -1.851312141424    1.081198797692    0.4099    0.4881  -0.535  137
57870.247  -11.577665486776   -4.649400007395    0.5329    0.5583   0.538   26
57871.270    1.255454701400   -0.637999208664    0.3573    0.4166  -0.295   26
57872.197   -0.094691265907    0.377697591603    0.1344    0.3032   0.024  117
57875.167    1.063401131901    1.252799988549    0.4699    1.1453   0.553   13
57875.189    0.056982905066    0.550000800104    0.1956    0.2920   0.298  119
57876.208   -1.624926941705   -0.879102000795    0.1413    0.1407   0.138  113
57878.271    1.496329591950    0.753897590755    0.1717    0.2762   0.213   42
57882.209    0.323183563193    0.104597994266    0.2461    0.4104  -0.008   20
57883.228    1.037791762717   -0.830102399618    0.4935    0.4426  -0.211   15
57885.270   -2.858010610795   -5.929099208402    0.3200    0.7362   0.104   25
57889.002   -1.887190288163   -6.756800405583    0.7404    0.5735   0.106    7
57892.271    2.051243693329    0.425300396500    0.3403    0.3405   0.415   18
57899.270   -0.196696670076    0.899398789045    0.2039    0.2113   0.163   46
57901.417   -1.186933385724   -1.999299605870    0.1177    0.2479  -0.093  118
57904.208    0.965613377910   -0.463100406023    0.4885    0.3683  -0.116   12
57904.690   -0.787630766986    1.889600399352    0.2626    0.4659  -0.338   37
57906.271    0.981372701795   -0.426902404627    0.2700    0.2497   0.122   29
57911.206   -0.037002571931   -1.303599609059    0.2102    0.2540  -0.085   32
57912.251    0.605987727859    0.824097590169    0.3252    0.3830   0.179   14
57913.270    0.584038786877   -1.582999203720    0.4228    0.6953  -0.484    7
57914.628    0.406197928771   -2.591701202448    0.2112    0.4521   0.002   45
57917.207    2.394691287239   -4.229802006250    0.4047    0.4694   0.113    8
57919.271    0.567438543435   -1.081299606653    0.2920    0.3027  -0.245   22
57920.301   -0.273237816950    0.027899999111    0.1627    0.3345  -0.189   45
57924.209   -1.061290675263    0.251200788171    0.1404    0.1876   0.087  120
57927.270   -3.669700775401    1.321700393930    0.4179    0.4307   0.144   17
57938.209   -0.173059267810    1.884398390928    0.6875    0.5906   0.208    5
57941.270   -2.415796045565   -1.760202006551    0.3124    0.3231   0.209   24
57945.207    3.544480156267   -0.445500008084    0.2853    0.2675  -0.247   45
57948.268    4.099958197765    2.134000790477    0.5648    0.5301   0.445    7
57950.916   -0.350059206360   -0.088999208003    0.2125    0.5407  -0.372   38
57954.247    1.353239096320    0.889498791423    0.3088    0.4677   0.037   26
57954.251   -1.416411618482   -0.737100006631    1.4475    1.8403  -0.031    8
57955.270    0.200917583352    6.097600798682    0.3326    0.6131   0.033   16
57959.207    0.497228862449   -0.434199607469    0.1764    0.2111   0.171   92
57970.691    0.157161454206   -1.243800006989    0.2156    0.5027  -0.032   36
57974.230   77.501430364646 -243.990399609118    0.5089    1.2680  -0.272   29
57976.272    0.030110620971   -1.636200001087    0.2449    0.3832   0.328   39
57978.131   -0.202886287173   -0.034700408946    0.1708    0.3230  -0.216  109
57982.247    1.435547768962    2.268298790398    1.0160    1.0653   0.569    9
57990.272    2.293948797981    1.559599195389    0.2410    0.3881  -0.073   29
58004.268    3.255060924105    7.023700788977    0.5196    0.7729  -0.623   11
58008.209    0.158005636861   -0.785700004258    0.2563    0.4706   0.366   20
58011.270   -2.619526515393    7.844198391638    0.2907    0.6423   0.070   10
58015.207    0.577285229662   -0.108702001000    0.1767    0.3155   0.165   29
58015.324   -0.077385329529    2.550600000006    0.2877    0.8040  -0.145   57
58016.230    0.543379145815    0.448397990738    0.4221    0.5675   0.317   13
58018.268    0.008300073735   -2.751400809586    0.4195    0.7573  -0.047    8
58022.797   -1.158230887527   -2.705202001607    1.0628    1.7930  -0.770   28
58033.499   -3.314296134600    1.258599598941    0.3739    0.4189   0.052   26
58036.001    0.461208866918    0.172198792825    0.5350    0.8819  -0.730   26
58039.270    1.278386314756   -9.690699609166    0.6336    1.1935  -0.325   12
58043.207    0.995443660370    5.024098794593    0.2160    0.2821   0.256   41
58044.230    0.734304835077   -0.219301210791    1.2511    1.4155   0.098   93
58046.268   -3.610043473578   -3.505802406778    0.2683    0.4445   0.423   25
58048.076   -2.792866025740    1.299599992421    0.2851    0.6630  -0.510   60
58059.249    1.492672522819    1.393498794755    0.4677    0.4751   0.323   12
58066.247    0.149985805663   -0.803800801918    0.8582    1.2151   0.273    6
58071.207    0.548302392955    1.870599598419    0.3235    0.6717   0.449    9
58073.249   -6.622402748076  -36.839300403813    0.1559    0.1893   0.027  129
58074.272    3.011933728126   -0.102099602373    0.3050    0.3251   0.138   31
58078.209   -1.363933324274   -0.853300802817    0.2376    0.2887   0.272   31
58079.272   -0.691956828704    3.980897992051    0.2806    0.3655   0.152   29
58101.249   -0.224554985618    0.505000789985    0.5363    0.6466   0.411   11
58106.209   -2.976339278968    1.815497998336    0.3986    0.3512  -0.113   16
58116.268    2.151986182587    9.843897588269    1.2804    3.4914   0.936    6
58121.207    4.360529819842   -3.495902409156    0.4330    0.3005  -0.043    9
58122.229   -1.110111900341   -4.949600409532    0.2405    0.4815  -0.165  112
58130.268    0.993471693452    8.843900396016    0.3083    0.4158   0.067   16
58137.058   -1.155978582099   19.556697598944    0.2287    0.6651  -0.192   21
58142.227   -0.050509686361   -0.097200008042    0.3029    1.1622  -0.114   46
58143.231    2.336300163425  -17.696599206829    1.7150    3.9803  -0.170    6
58143.856   -2.281147472460    1.015797596438    0.2221    0.3991  -0.339   65
58144.268   -2.041677345612  -11.897100009151    0.8870    3.7062  -0.362    3
58148.209   -0.878381362154    0.823100397440    0.5196    0.3460   0.177   22
58151.270    5.697026919901   21.931199998448    0.7322    1.8912   0.750    5
58156.227   -4.231230040249   -7.097500801478    0.6294    0.9697   0.301    7
58157.249   -0.737259570344   -0.360201609340    0.4987    0.9099   0.263   11
58159.408   -0.530716214040   -1.449100807349    0.1892    0.4259  -0.237   62
58163.229    2.787098499971   -1.938999604079    0.8030    0.6968  -0.100   89
58164.248  -10.105537141237   25.340698793741    5.3951   11.1576  -0.929    3
58164.248   -0.828574009657   -2.179900803867    0.6463    0.9982   0.465    8
58170.227    0.585588662468   -3.605601602885    1.0191    1.6088   0.114   13
58170.230   -0.381152499705   -0.243500400643    0.1854    0.3548  -0.507  126
58176.209   -1.117145700092   -0.790099211656    0.5788    0.8563   0.499    7
58191.229    0.266062168407   -0.513500410193    0.2248    0.3779   0.132   48
58193.270   -6.268122532467    0.357199198220    0.8933    1.2047   0.177    8
58198.227    0.115090331298    1.449399589148    0.5393    0.4703  -0.003   20
58200.272    0.609786549808    1.077098397673    0.5564    0.5227  -0.239    9
58203.797   -0.102569248314    0.626000397119    0.2810    0.9322   0.774   46
58204.206    1.699357631940    0.223599596438    0.4499    0.3621   0.235    6
58214.269   -2.041113405494    0.142599596131    0.4259    0.4144   0.434   12
58216.836   -1.734533444815    1.973199587724    0.1145    0.2809   0.017  207
58218.206   -0.792415620380   -0.918399602767    1.3964    0.4513   0.725    9
58220.248    0.685341761209    1.262599189999    0.2037    0.3581   0.028   36
58220.251   -0.749220072281    1.379300398696    0.6184    0.6738   0.572    6
58238.207   -0.241860921996    1.874800794610    0.1768    0.3669  -0.032   48
58240.165    1.670233042415    1.279497595874    0.4005    0.4150   0.653   35
58245.742   -0.317557886214    5.789599200057    0.1700    0.4159  -0.352   45
58249.270    1.932074297546    8.196400793281    0.5221    1.0365   0.415    4
58255.250    1.918989274444    2.809997994291    1.4779    2.6249   0.908    5
58256.272   -1.002197217585   -0.233802008154    0.2473    0.3173   0.342   14
58258.146    4.064640632072   -1.320901199620    1.4428    1.7995  -0.977    6
58260.166    1.740442723402    2.723000397964    0.5384    0.9066   0.138  116
58261.207   -0.010974470491    0.223700392610    0.3349    0.3431   0.184   16
58268.209   -0.298279886944    0.038599191043    0.2108    0.2265   0.226   81
58272.782    0.055996873620    2.691399589594    0.2732    1.0096  -0.437   15
58282.227    0.759208511326   -6.349500010572    0.2752    0.5553   0.222   23
58284.269    0.604441211340    0.179600398553    0.3276    0.3808  -0.170   12
58298.269    0.012521082984   -0.165402002494    0.8165    2.3423   0.907    4
58324.227   -1.928697470952    2.591697595733    0.5585    1.1902   0.052   12
58326.959    0.148858021399    1.286398789091    0.3820    0.8005   0.174   21
58330.206    0.082872612761   -0.206100007460    0.1873    0.2034   0.201   38
58332.248   -1.151619179103   -4.232901606827    0.9838    1.8118   0.271    4
58333.271   -0.946480586502   -0.253202399847    0.2601    0.2602   0.061   45
58337.208   -0.690970797258   -0.616701608180    0.1914    0.2886  -0.191  107
58338.227   -0.246223684063   -0.413200801574    0.3272    0.3620   0.439   51
58340.948   -0.324027745848   -0.124999210982    0.2727    0.6071   0.504   22
58347.271   -0.391985217378   -0.144100808086    0.1933    0.2279  -0.028  111
58350.185    3.436281871903   -3.851200804661    1.1641    1.0386  -0.663    6
58351.208   -0.710667528785   -0.083502011705    0.1850    0.1605   0.110   92
58366.227    5.349219922997   -4.324500002895    3.0684    3.8190  -0.801    8
58374.252    0.252693543696    0.006897599292    0.1421    0.3502  -0.188  120
58380.227   -0.229478328732   -2.475500406263    0.3550    0.2860   0.167   22
58381.250   -0.582492174384   -0.375800408392    1.3400    0.7426  -0.441    4
58382.002    0.499903259205    0.267098394602    0.1939    0.3854  -0.076   49
58382.269   -1.175536823906   -0.727801204903    0.4837    0.3101   0.373   19
58386.206   -0.486956725822    0.437000387876    1.3137    0.7547  -0.336    4
58386.484    1.963869924756   -2.104700401162    2.3242    2.7161  -0.975    3
58389.271   -0.005629036050   -0.592902009089    0.6209    0.5801   0.316    9
58403.271   -0.609084215943   -1.038600002801    0.7525    0.4695   0.138   12
58414.206    0.170384871054    0.869299192630    0.2487    0.2251   0.250   20
58417.271   -0.725582670015    0.894700799847    0.6073    0.5720   0.034    6
58421.208   -0.813520378707   -0.455900405427    0.2671    0.2833   0.079   27
58425.726   -0.794948168346    0.625798791987    2.5780    3.0907  -0.983    3
58430.248   -1.089993173460   -1.938801605661    0.6148    1.1988   0.494    3
58431.271   -2.139323346786    1.073699989718    3.8646    2.6879  -0.787    3
58435.208   -0.980808761677    0.239000397073    0.4285    0.3162   0.125   19
58437.250    0.011818653146    0.065098799951    0.0712    0.1721  -0.272  173
58440.833   -0.798041297358   -0.108100805107    1.2590    1.3599   0.923    3
58445.165   -0.700256902439   -2.226902400082    0.3627    0.9701  -0.261   16
58452.269    0.284492529977   -0.248000404213    0.6008    0.4610  -0.216   16
58456.206    5.231313442125   -3.255400800128    1.9977    1.1769  -0.296    6
58456.714   -0.274784333469    1.265198390854    0.2668    0.5563  -0.372   28
58457.233   -0.149985805663   -1.795701609808    0.3807    0.3996   0.189   29
58464.227    0.451642519201    1.609099196287    0.3840    0.3599   0.136   51
58470.207  -14.567792026737   17.254198799321    3.7437    3.7003  -0.969    4
58473.271    0.381574591032    0.260200795310    0.4421    0.3687   0.308   12
58501.271   -0.915806025413    0.022298399927    0.3154    0.4111  -0.095   21
58504.916   -0.849820616774    0.945698393195    0.4767    0.6610  -0.067   14
58506.209    0.218365368521   -0.163501199779    0.1408    0.2272   0.225   50
58512.207   -0.209501354668    0.199699188386    0.4389    0.3287   0.368    7
58512.780   -1.978082732122    0.399099594972    0.2329    0.4702  -0.089   41
58515.271    0.068801558212    0.267299999734    0.3174    0.4461  -0.319    9
58522.269   -0.033203749983    0.563299192891    0.3510    0.3104   0.203   13
58526.207    0.294342575276   -0.297100801561    0.3606    0.3293   0.370    8
58527.229   -5.998261446138   -9.232700402606    0.4406    0.3667   0.065   84
58529.271   -0.158708066699    0.572299200030    0.3214    0.3704   0.229   12
58530.834   -0.517489438120    2.972800795931    0.3217    1.0286   0.663   36
58534.209   -0.920732727598    0.410399995587    0.2059    0.1895  -0.061   28
58536.269   -1.090695507324   -0.612201604611    0.7847    0.6803   0.430   12
58540.207    0.307427598379    0.757900788528    0.1643    0.2234   0.010   44
58543.271   -0.010272136627    0.101199599101    0.5801    0.4640   0.456    6
58547.209   -0.065283074774   -0.266500805424    0.1662    0.2291  -0.041   41
58557.271   -0.083152855298    1.021697990211    1.3209    0.6264   0.342    6
58563.250   -1.114755000918    0.538599590527    0.4408    1.1298  -0.122   22
58571.271   -0.553647827397    0.859600800140    0.6314    0.5769   0.344    5
58576.228    1.002335707305    0.069497994559    0.1258    0.1642   0.178   45
58577.250   -1.207193961396   -3.919500001359    0.3098    1.3070  -0.256   61
58611.208    0.459942592936   -0.466502407903    0.3091    0.5270   0.221   18
58617.209    0.506656720447   -0.398599208040    0.6119    0.3338   0.103    9
58617.209    0.440387710200   -1.461700801997    0.1309    0.3274  -0.551  138
58620.269   -0.618090078587   -0.197701209004    0.4568    0.4278   0.176    8
58652.207    1.374765945974    2.044299590409    0.4500    0.7975   0.134   76
58653.230    1.057491757341   -0.268502404310    0.2662    0.2456  -0.136   50
58655.271    0.176435998431    3.515799593856    0.8549    2.8331   0.197    3
58670.101   -4.128238700608   -4.354502409853    2.0500    3.5017  -0.912   15
58675.251   -1.529533341933   -1.612900801717    0.5229    0.7807   0.009    5
58680.207   -0.881194152656    0.604000791782    0.3790    0.3608  -0.450   38
58682.249   -0.074430690235    0.921398394382    0.3842    0.3157  -0.080   33
58690.270   -7.375701884842    1.054598392614    4.5175    0.9445  -0.587    3
58694.207    0.658047289812   -0.000799207100    0.3772    1.0944   0.296   15
58697.271   -0.333175457282    0.453700795333    0.2662    0.5124   0.222   23
58701.209    1.172440239848   -0.762602410020    0.2708    0.4208  -0.535   59
58703.251   -0.741902574947   -0.883101604643    0.2201    0.2444   0.205  106
58704.270   -0.479220592206   -0.460699203586    0.5105    1.1527   0.316   11
58725.272   -0.573064316386   -0.485899205671    0.4383    0.8890   0.121   10
58730.228    2.815098664304   -9.420901204749    0.1601    0.6223  -0.704   27
58736.207   -1.255876792728   -1.143799205749    0.4243    0.3380   0.271   34
58739.272   -0.768214373970   -0.619502401378    0.4719    2.4608   0.338    9
58744.228  -25.278330960360   -3.905701208851    1.4534    3.2428  -0.271    5
58772.228    0.975743665746   -1.296500404635    0.3724    0.6048  -0.366   11
58785.209    1.870870383231    0.734799600366    0.4940    0.2955   0.299   27
58809.272    0.004784853394   -0.067802403692    0.3757    0.3714   0.017   32
58813.209    0.720797816621    0.540698391660    0.3906    0.4464   0.263    9
58813.249    0.381432742242   -4.571402405418    0.0381    0.0985  -0.370   63
58814.272    3.828128503589  -13.299800403388    1.6483    5.8744  -0.840    5
58816.084   -1.224641746565    2.799899998251    0.7396    1.3092   0.039   10
58827.209   -0.143090495631    0.253598396682    0.5705    0.4593   0.115   14
58827.249   -0.465429876168    3.167798388404    0.1944    1.1318  -0.472   17
58830.270    0.876834749661    0.203900397366    0.6362    0.5597   0.054    9
58834.083   -0.332189425836    0.287899189289    0.8025    1.5733  -0.286    7
58844.248    0.151812660693    1.352599197446    0.1121    0.5173  -0.064   21
58856.206  -18.925086868775  -20.370600003616    5.1554    4.5402   0.865    9
58858.248    1.284295689316   -1.383901211227    0.2497    1.2585  -0.639   21
58861.959    0.151110326828   -1.233799200406    0.2778    0.7486   0.110   58
58862.207    1.145990047080    3.365398788446    1.1620    4.3186   0.851    3
58870.206    1.232097637644    1.431100793070    0.5533    1.0974   0.490   18
58870.250    0.326421900067   -1.173301200197    0.1248    0.5053   0.113   23
58871.905    0.097504152383   -1.546002008013    0.2145    0.4557  -0.113   86
58877.230   -4.656280517891   -3.288999600670    1.5989    1.2364   0.600    5
58879.272    0.764695698584    0.733899597094    0.4427    3.0747   0.093    7
58883.249    0.127895015890   -0.572101201612    0.1030    0.2725  -0.159   37
58897.209    0.504262662201    1.882598397174    1.4443    4.5116   0.910    3
58899.905   -1.334102945840    0.015299991674    0.1379    0.3094  -0.085   86
58900.248   -0.154487057449   -0.285001206635    0.0837    0.2043  -0.419   27
58905.227   -0.511580063561   -1.239400799591    0.3079    0.8564   0.109   16
58918.208    1.164704106232    0.502999191099    1.5645    0.6018   0.741   11
58920.249   -1.247434870202   -0.041101202441    0.2156    0.3292   0.208   33
58922.379   -0.271127360312    0.508798788701    0.2173    0.7734   0.379   79
58926.228    0.018572210361    0.057297590672    0.2564    0.3443   0.067   45
58932.208    0.297999644407    1.784699990992    0.3495    1.3237  -0.216   10
58939.209   -0.408024783801   -2.286702002152    0.4530    1.8661   0.616    7
58939.250    0.462758838483   -1.973599204064    0.3110    1.1035  -0.844    5
58941.251   -0.174183788976   -0.582001212024    0.3748    1.0114   0.029    6
58942.270    0.197260514221   -0.407001600422    0.4415    0.8854   0.017    5
58946.208    0.298701978272   -0.209401200379    0.3014    1.2909  -0.344   14
58947.227    0.836874083391    1.432598398310    1.0585    8.2009   0.898    7
58954.207   -0.531418643878   -1.921201207722    0.3784    1.0656   0.630   11
58967.210    0.188818591696   -1.862402405095    0.9613    2.7483   0.863    9
58981.210    0.412387545867    0.625197596094    0.8443    0.7943   0.113    8
58983.251   -0.009005862644   -0.812700000097    0.2603    0.8190   0.364   38
58988.208    0.325577717412   -0.422099999753    0.3344    0.2836   0.305   29
58995.188    1.087599019240   -0.047199607422    0.2067    0.3139   0.056   48
59009.250    0.227087533583   -0.583099200924    0.2216    0.8082  -0.690   34
59010.229   -1.100261951015   -0.356900403631    0.1788    0.3490   0.102   39
59017.230   -5.480069674154    4.419597590299    2.6393    3.9571  -0.781    3
59023.206    0.258464428537   -0.204001206328    0.2647    0.2633   0.161   19
59023.250    0.832653170115   -2.397301211943    0.2448    0.8002  -0.642   28
59025.251    0.440526199919    1.279900793349    0.4167    0.4445  -0.286   28
59037.250    0.532120977742   -1.249700400763    0.2525    0.9982  -0.671   26
59039.251    0.612460946564    0.684500392367    0.2850    1.0353   0.356   39
59040.270  -11.119971840198   17.272497595400    7.7014   12.1956  -0.959    4
59051.210   -0.912993234910   -3.325802404675    0.4801    1.1056   0.624    6
59051.250   -1.304556264988    3.834597599450    0.0823    0.3421  -0.297   58
59061.269   -6.149793864294   19.005699593322    3.0930   10.1393  -0.912    3
59073.209  -82.195277394588  -58.467499206927   10.4592    8.0224   0.944    5
59074.250   -1.472270098357   -4.482302401243    0.5155    2.0961   0.059    3
59080.251   -0.472467034991    3.265599592339    0.1836    0.4275  -0.879   14
59082.271    7.157478365112    2.151399596073   78.1935   32.4534   0.969    3
59089.269    3.037259495702    5.140497589196    1.9046    2.6658   0.887    3
59096.271  -11.707951201841   20.266397993396    5.6281   12.0910  -0.926    4
59107.206    0.448123939790    0.377099989635    0.4595    0.6072   0.330   13
59107.250   -0.551959462086    0.396298788985    0.2149    0.9301  -0.778   23
59110.271    0.422095742376   -6.538399210854    0.7334    2.1973  -0.044    3
59114.208   -1.529533341933   -0.070999206514    1.6052    0.8444   0.510    5
59117.269    3.948425875582  -30.651199210752    1.7730   10.4714  -0.861    3
59121.206    0.013507018457   -0.137199602079    0.3829    0.2777   0.327   22
59122.229    0.478092711969    1.902499188589    0.3755    0.8773   0.274   13
59134.918    1.978221125868   -6.841101611599    1.9007    3.4402  -0.644   13
59143.231   -0.307285749588   -0.345099603294    0.7991    0.8160   0.278   21
59163.250    0.088359800020   -0.307800006283    0.0892    0.4551  -0.559   33
59165.248   -0.161942948528   -0.900201602860    0.3541    0.6899   0.267   29
59166.271   -0.880211576255  -11.730600004967    2.1813   10.4055   0.947    3
59171.227    1.966966412840   -2.796001203365    0.7824    1.0811  -0.577   28
59180.271    5.171517650583    1.788299991290    1.7400    1.1071   0.444   13
59186.250   -0.102711097105   -0.099399605347    0.2689    0.5989   0.418   37
59191.206   -2.310410551704    0.511797593106    0.6775    0.6794  -0.003   17
59192.229   35.811873218532  -25.172701209897    0.7556    0.7845   0.300   14
59194.271    0.567860634762   -1.042902007953    1.3308    0.7236   0.244   17
59198.208   -0.853899777233    0.020098789832    0.7987    0.4302   0.123   10
59222.271   -2.052651816103    1.400799591522    5.1655    1.5113   0.640    8
59226.208    0.111997202285    0.308599187804    0.2480    0.2366   0.192   92
59231.585   -0.528041817284    1.333198792963    0.3585    0.3992  -0.170   45
59233.206   -0.610772581254   -0.708199208077    0.4747    1.0134  -0.032   14
59234.229   -0.085121559118   -0.495399599743    0.2472    0.4585   0.175   58
59235.456   -0.028000164333    0.709099198559    0.5578    1.0118   0.513    6
59236.249   -0.039254877360    0.322700394406    0.0908    0.3955  -0.190   41
59240.208    0.792695862917   -0.519199211624    0.2816    0.2965  -0.082   67
59247.207   -0.439121436217   -0.402602405813    0.1935    0.2724  -0.048   80
59247.250   -0.446999418624   -2.062202402442    0.0954    0.5167  -0.063   22
59248.229    1.494782979457    9.173498389714    0.7286    4.3539   0.127    6
59250.271   -2.779359007284  -11.213100003715    1.5089    5.6088   0.803    3
59254.208   -1.488029518216    1.745697589683    9.6972    5.0426  -0.658    3
59257.269    0.837015932182   -0.337899602698    0.6020    1.5886   0.255    5
59262.207    3.235928132696   -0.632102408815    1.1266    0.6068   0.494   47
59262.248    2.353606099804    2.215598392752    0.0762    0.5985   0.486   16
59264.267  -18.493846870010   -6.161799608151   11.1191    2.9767   0.971    4
59270.250    0.685061422698   -0.110700005962    0.2014    0.3383   0.346   80
59275.207    0.260996976502    0.033299993163    7.6302    1.3801   0.249    4
59278.249    0.503982323690    1.408600788011    0.1121    0.4126   0.002   25
59283.227    0.369755937886   -0.590500806652    0.2545    0.4984   0.269   33
59289.207    0.750486346264   -0.912999608715    0.5578    0.6501   0.275   13
59297.209    0.062612037089   -0.359402402239    0.3470    0.3495   0.289   55
59304.229   -5.944233180365   -1.582999203720    1.6627    0.8756   0.506    4
59305.270   -0.935364267220    6.713798400426    0.9315   19.2078   0.152    3
59311.209   -0.091314535286    0.340599599724    0.2784    0.5395   0.093   21
59313.269    0.936066601084    0.300599992897    0.9688    0.4490   0.127    3
59320.271   -1.243352350672   -0.271000808993    0.7505    0.5364   0.095   10
59324.209   -2.297187134856   -1.270202400860    1.2974    0.4480   0.738   51
59325.217    0.025889611721   -0.389800806033    0.2252    0.5144   0.036   26
59327.269   -0.600642293418    0.875098790232    0.7762    0.6463   0.263   17
59331.207    6.025981367934    0.554000391162    5.2138    3.7886   0.471    5
59334.271   -1.783635008403   -0.323600410468    0.8623    0.5472   0.111   12
59338.209    0.105243645070    1.067799595944    0.2936    0.3447   0.079   86
59345.207    0.209781597205    0.589899597969    0.3580    0.3732  -0.027   21
59348.271   -0.277316977408   -0.155800812252    0.3957    0.4595  -0.075   17
59352.187   -0.706730217117    0.128998789251    0.3765    0.4184   0.046   32
59353.209   -0.055996969594    0.142898390720    0.3217    0.4179   0.093   20
59354.250    0.078651603511    0.236397589504    0.0944    0.2243   0.043  201
59360.208   -0.284772868487   -1.626800403187    0.5663    1.8661   0.511    8
59361.249    0.047132859767   -0.371300404822    0.1838    0.2552   0.281   79
59362.271    2.305909299918    1.634097593239    1.1991    1.3904   0.771    3
59367.228   -0.178404702252    0.510897589834    0.1764    0.2927   0.311   62
59368.228    0.009566347717    1.220597997076    0.3937    0.5705   0.060   16
59375.270   -0.702789546378   -1.902700806511    0.8640    1.1183   0.805    5
59404.271   -1.365621689584   -2.993000407514    0.7284    1.2773   0.695    8
59408.209   -1.264318715253   -0.467802001936    0.3172    0.3045   0.182   16
59408.209    0.488786939923   -0.954399605746    0.6788    0.4758   0.186   15
59410.250   -0.027858315542    0.094298393094    0.3562    0.4141   0.425   51
59415.207   -3.780009612376   -1.427299200429    0.2839    0.3204   0.177   23
59417.249    0.152234752020   -0.750402006133    0.1989    0.4591   0.111   32
59418.249    0.566732850499    2.130800393729    0.2793    1.8402  -0.490    8
59422.209   15.290278208668   39.549099598446    3.6511    9.6175   0.980    4
59423.228   -0.379744376931  -15.230401209010    1.3061   36.9230   0.634   11
59425.270    0.154064966121    5.061297595432    0.7934    2.7391   0.607    4
59429.207    1.363791475483   -0.334400411361    0.3254    0.6538  -0.057   35
59431.249    1.090837356115   -3.813800411478    0.3068    1.3684  -0.858   20
59437.210   -0.920168787480   -5.797202410918    1.3164    3.8791  -0.159    4
59438.251   -0.309676448763   -0.032500811642    0.3713    0.8649   0.346    9
59453.270    1.035542816359    0.691898391381    0.7326    0.7374   0.443    5
59460.271    1.427808276274   -0.388299606868    0.5691    0.6226   0.130    5
59465.206    0.644398422564    0.242099997649    0.3884    0.4782   0.150   13
59467.270   -0.136195089625   -0.147700808384    0.8724    0.7035   0.435    3
59471.207   -0.555336288681   -0.104000405088    0.2872    0.2877   0.112   36
59474.224    0.805216945901    0.693799194096    0.5548    1.1427  -0.393   25
59478.209   -0.337818461886    0.192599996751    0.4836    0.5511  -0.284    6
59485.207    0.202325706126   -0.010602002476    0.2793    0.5056  -0.208   39
59486.230   -0.390438604885    0.758098799736    0.3917    0.8672   0.236   15
59488.272    0.190365204189    0.624700790297    0.3279    0.6507  -0.212    6
59492.209    0.916089722994    0.235997998743    0.2302    0.2934   0.019   36
59495.270   -1.044687072749    8.830400398097    2.2768   17.1468  -0.960    3
59499.189    0.748095551115   -1.305500411775    0.5680    0.6378   0.108   19
59501.227    0.005487283232    0.025199989295    0.5135    7.9982   0.070   12
59502.272   -1.360414744862   -0.001501211955    1.0632    0.5037   0.465    7
59506.209   -0.997834455518    0.231497995173    0.3225    0.5036   0.337   17
59509.270    4.251068524593  -53.786800805256    1.2956    6.6537  -0.881    5
59514.230    0.330781303063    0.155599194329    0.4315    0.8017   0.105    9
59522.229    0.145481194805    0.880199989695    0.2656    0.6961   0.383    8
59523.270    0.738667597144    7.489497598101    0.8557    7.6389   0.708    3
59528.230    0.349215023705   -2.883402009957    0.2815    0.9655   0.140    9
59530.272   -0.124238042733    0.353199594372    0.3812    0.4681  -0.041   17
59534.209    0.282101830802   -7.990002004021    0.5866    3.3950  -0.665    8
59537.270    0.360327983915    0.546299990845    0.2720    0.6883   0.121   13
59541.189   -0.702789546378    0.171298789553    0.3271    0.4400   0.253   19
59542.248   -0.341755773554   -0.138902406377    0.1646    0.7273  -0.720   13
59543.249    0.739231537262    1.438599588255    0.0883    0.1859  -0.113  112
59548.209    0.515520734300   -0.117601211969    0.2214    0.3523   0.056   56
59550.251   -0.377211828966   -0.234702011426    0.3547    1.0326   0.187   13
59557.249    0.120719367348   -0.144799206225    0.3305    0.9071   0.302   10
59558.250   -0.210906118370   -1.186002003806    0.2317    0.6605  -0.042   31
59562.209    0.607115608096   -1.472000403169    0.4553    0.6565  -0.029    8
59564.251   -0.245237652617   -3.915799204890    0.9391    1.6705   0.321    5
59571.271    0.376931490455   -0.151199999721    0.4598    0.7077   0.279    8
59578.269    1.763658034340   -0.480402009373    0.5599    1.8913   0.194    6
59586.272    0.310662480209   -0.629802002550    0.6018    0.7004   0.498    5
59590.209    0.217943277194    0.001497592450    0.3710    0.3592   0.252   28
59594.585    0.975463327235    3.885098399792    1.1809    4.1942  -0.280    3
59597.083    0.395361947999    0.461800799201    1.2218    1.1884   0.794    7
59598.208   -0.194727966255   -1.796799611498    0.5229    2.0848   0.852    9
59599.249    0.089626169976   -0.571201211130    0.0959    0.3034  -0.216   95
59600.250    0.294200726485   -0.509799600934    0.0751    0.2504  -0.639   56
59604.209   -0.500747441860   -1.935399603781    0.4086    1.2952  -0.471    7
59607.270    0.007597739870   -0.084499204434    0.3024    0.5795   0.172   13
59611.207    1.701748427088   -5.401699209528    0.5652    2.3745  -0.727   11
59614.272    0.022229279492    0.043498798163    0.4410    0.7545   0.425   16
59621.270    0.529449940057   -1.048302002005    0.5003    0.5316   0.032    6
59627.249    0.117622879264    0.658198794667    0.0962    0.2559  -0.249  167
59628.272   -0.806905311211    0.116999990496    0.2868    0.4057  -0.076   21
59632.209    1.431046517176   -1.783800000510    0.4044    1.2913  -0.450   20
59635.270   -1.200862495508   -0.394599604192    0.4441    0.5353  -0.084    9
59639.207    0.171651145037   -1.016100010531    0.4448    1.5576  -0.546   15
59642.272    0.652560102553    0.332798390446    0.3880    1.0497   0.105    6
59646.209   -0.497792802567    1.442998795653    0.4424    1.8055  -0.175    8
59649.270   -0.211189719979   -0.806400002773    0.4033    1.3481  -0.337   11
59653.207   -0.614571499176    1.520200797245    0.5582    2.6592  -0.470    7
59655.249    0.688438249293    0.253799989025    0.4595    0.4224   0.164   19
59656.250   -0.220756067696    0.013600794091    0.1554    0.6271  -0.746   20
59656.272    0.022229279492    2.400598798147    0.7088    2.8108  -0.674   10
59661.206   -0.105804226117   -0.002199610094    0.3690    0.6023   0.334    9
59667.207   -0.500183501742   -1.152900009060    0.5544    0.5381   0.299    8
59674.209    1.178069371871    1.396299587952    0.5412    0.8343   0.459    8
59677.248    0.493571793318    3.777098390856    0.0998    0.2524  -0.033   29
59677.270    1.637873475088   -0.727002010592    0.7803    1.0342  -0.217    5
59683.249    0.304472863112   -1.686200401707    0.3063    0.8105  -0.163   38
59683.271   -1.326366812224    0.855197998817    0.9885    0.6346   0.513    4
59691.248   -0.001124425192    0.850100393279    0.0620    0.1066  -0.096   62
59691.270    0.015053630950   -0.184899609224    0.5253    3.6508  -0.488    8
59705.248   -0.164897683795    1.534197588171    0.0946    0.8144  -0.456   18
59705.270    4.309034102034  -16.499800808845    2.5401   11.4302  -0.981    3
59718.251   -0.695191806508    8.555997600013    1.1236   10.6256  -0.084    3
59719.248   -6.092108529390   10.538697594598    2.7059    4.5221  -0.993   16
59726.250    0.438837834609    0.287697596946    0.1059    0.4032  -0.258   48
59726.268   -1.100967643951   -1.328101200215    0.4989    0.6120  -0.062    5
59730.082   -1.744943975188   -0.668300410211    3.1034    4.9084   0.837    6
59733.270    3.051610696813   -8.010302411776    2.1257    8.7777  -0.947    3
59740.268    0.846302037363   -5.463702002828    1.6683    5.7856  -0.970    7
59747.270   -3.026426874002    0.099298796385    0.7708    2.0720  -0.523    7
59753.249    0.941695733107    0.476099991431    1.1378    0.6987   0.600    5
59761.270    2.102037077273   13.578497993194    1.0910    7.9352  -0.330    5
59765.208    0.365112837309   -0.691902010885    0.2709    0.3284   0.048   73
59766.230    1.606918671462   -0.184302007256    0.2799    0.3560  -0.224   90
59774.251    1.520247236753    0.763599589959    0.8206    0.5158   0.234   15
59779.208   -4.171852980963   -2.866399201196    3.1999    5.5311   0.781    3
59782.269   -0.258322675719    9.909298789523    0.7152    3.7362   0.140    8
59786.210    0.377073339246   -3.530700007559    5.1574    7.7838   0.929    5
59789.270  -17.835235544106   11.068300797490    7.7108    7.4246  -0.414    4
59793.208   -0.051495717808    3.631298397977    0.5907    2.8372   0.380   16
59795.250    2.205872599569   10.990400397759    0.1195    0.5215  -0.078   17
59800.210   -0.974055300435   -1.073001604368    0.7347    2.0591  -0.708   16
59803.270   -1.198049705006    5.346197993106    1.1106    4.1747  -0.855    8
59808.209   -0.883304705267    1.842598790347    0.8005    1.6882   0.111    3
59817.270   -4.774467337273   -6.346202411578    6.7987    6.8041  -0.154    3
59824.272   -0.627234334977   -0.133999205332    0.6586    0.4371   0.276    7
59828.206    0.057263147603    0.208097999632    0.5151    0.6954   0.437    9
59829.229    0.221880588861    3.871799994215    0.1618    0.9286  -0.175  141
59831.270   -0.183611646974   16.585397989388    1.1338    6.8251   0.619    5
59835.208   -1.517576199068    5.810997596711    0.5364    1.5785  -0.600   21
59845.271    0.169682537189    0.372797997272    1.5043    0.5361   0.555    7
59901.271   -0.037424663259   -6.704899202248    0.8733    4.1678   0.191    4
59922.269   -2.994489398001    4.074897590556    4.4253   12.6819  -0.969    3
59948.209    1.087882716822    4.951198798153    1.2388    4.2981   0.635    3
59949.268    1.447224669291    0.330098393420    8.3963    2.3357   0.950    6
59954.206   -0.844191580725   -2.095902011945    2.3286    1.7894  -0.143   10
59957.271  -14.788970281734   -4.355600411543   11.2335    3.1593   0.974    4
59961.208   -0.602472507519   -2.055301209225    5.5980    5.8507   0.849    3
59968.206   -1.528689159278   -0.760100411412    0.7281    0.8059   0.248    4
59969.229   -0.329656781897   22.478097591261    1.2729    5.4456  -0.069   15
60024.206    3.267723759906   -0.708800403970    2.7815    2.2783   0.443    9
60040.248   -0.204436162764    0.464799590816    0.0951    0.2947  -0.698   25
60052.207    0.571659552684    0.998600395974    0.5014    2.0977   0.128   10
60055.249   -0.830684562268   16.211199589122    0.0355    0.2700  -0.576   37
60059.208  -12.822989900340   10.727697591051    8.2319    6.5015  -0.057    3
60081.229    0.372710577179    0.927597595535    1.0846    0.9285   0.433    8
60167.249    0.001830214101   -0.494200801882    0.2888    0.6476  -0.919   11
60195.238   -1.991025810460    0.022899595820    0.2445    0.9332  -0.067   12
60230.251    5.767236600887  -17.493901201249    0.5213    1.2282  -0.979    6
