%-----------------------------------------------------------------------------
%                R.A. (mas)        Dec. (mas)        Err. (mas)     Corr. Del.
% Uncertainty in R.A. is in R.A. cos(Dec.)!!!!
%-----------------------------------------------------------------------------
50084.998   -0.086583439066   -0.415101591500    0.5425    1.3943  -0.646   40
50155.831    0.501506886361   -0.004899594330    0.8222    2.2108  -0.742   21
56878.498    0.000000000000    7.569597607926    1.1817    6.7118   0.728    5
57359.251    1.309158969374    3.121797604422    0.0934    0.1895  -0.258   64
57674.228   15.701840713894  -50.275501189390    1.4596    2.2307   0.042   18
58386.484    0.229215585211    0.446500807527    0.2027    0.4172  -0.132   40
58557.436   -2.141733916643    0.000000000000    0.2495    0.7047   0.494  109
58803.501   -0.472258446936   -0.287899189289    0.1799    0.3592  -0.275  116
59230.577   -0.242178454255    1.063098000031    0.2339    0.3762  -0.221   36
59634.247    0.096527662788    1.168700400456    0.3698    0.4294   0.047   59
59696.227    0.913401369692    3.318498001192    1.0287    0.9192   0.296   12
