%-----------------------------------------------------------------------------
%                R.A. (mas)        Dec. (mas)        Err. (mas)     Corr. Del.
% Uncertainty in R.A. is in R.A. cos(Dec.)!!!!
%-----------------------------------------------------------------------------
48194.245    0.204723440330    3.831098395324    1.4244    2.2061   0.180    9
48195.337   -0.932934672958   -2.014801202677    1.6875    4.0249  -0.329    9
48810.082   -3.217773807976   -4.681198801393    1.2840    2.3922   0.206   11
49253.335   -0.864560911259    2.103598792758    0.4928    1.0419   0.113   18
49659.339    0.633219430998   -2.913598808618    0.3798    0.9757  -0.250   19
50003.416   -0.790450263635    0.000000000000    0.4353    0.6581  -0.445   86
51883.083   -0.149790245479   -0.196801205732    0.1722    0.3836  -0.082   52
52767.244    0.903576577329    1.408899595390    0.4071    0.9953   0.353   33
53488.251    0.745302981990    1.064001597229    0.4420    0.6636   0.332   31
53551.250    1.251435753155    0.818398788738    0.3816    0.5761   0.031   33
53607.250   35.311731120200   -7.984501201008    3.8899    2.0451  -0.577   11
54489.248    0.348250612354    0.687898800322    0.2837    0.7068   0.188   47
56547.249   -0.116517784568   -1.049400003694    0.2946    0.4015   0.065   58
56561.249   -0.320458440845    0.538401592109    0.3962    0.3371  -0.376    9
56568.251    0.121869553200   -0.452901601022    0.3336    0.4594  -0.402   15
56820.248    2.305453991140    5.752299590256    0.3002    0.3969   0.069   43
56904.248    0.063544887474    0.501998391655    0.2152    0.3434   0.095   62
56931.229   -0.555977291149    3.881098795944    1.5642    0.9678  -0.079    6
57051.250    1.247389840990    2.141200791073    1.2555    2.5694   0.861   56
57107.251    0.463725634220   -0.279799211000    0.1420    0.2175  -0.078  131
57121.251    2.466207663528   -0.173199605058    0.6013    0.5043   0.252   12
57149.251   -2.467901930411   -2.971198800594    0.6909    0.6914   0.155   10
57198.249    0.249870632972   -0.041299200859    0.2749    0.4476   0.066    8
57303.247   -2.288102263129    1.425099590335    0.3446    0.4585  -0.345   10
57478.228    1.979255549255   -1.915801200880    0.9864    1.1487  -0.355    7
57589.227   -2.789146270424    3.537601200776    0.6405    1.2422   0.506    8
57736.229    4.444808771493   -2.449101606317    1.0814    1.4691  -0.871    6
57775.461   -0.000391436528    0.210700794412    0.1901    0.3600   0.002   91
57842.250    0.000000000000    9.104500794876    0.8332    1.2790   0.617    7
58023.228   -0.522050388949   -0.314899210707    0.6444    0.7243   0.144    7
58149.228   -0.272442760739   -0.422600399475    0.3486    0.4542   0.155   11
58510.833   -0.065502159119   -1.721998799553    0.6641    1.1694   0.002   35
58512.780    0.712421957608    0.781898398827    0.5255    0.8458   0.046   45
58557.436   -1.511484002870    0.748101599868    0.5124    1.0435   0.187   71
