%-----------------------------------------------------------------------------
%                R.A. (mas)        Dec. (mas)        Err. (mas)     Corr. Del.
% Uncertainty in R.A. is in R.A. cos(Dec.)!!!!
%-----------------------------------------------------------------------------
50084.998    0.865515242140   -1.083398407786    0.4833    1.0790  -0.516   43
50155.831    0.461512056347    1.319302798208    0.5929    1.3435  -0.466   32
57011.551    0.804134274723    0.000000000000    0.1553    0.3109   0.035  105
57970.691    0.390090793910    0.089002801928    0.1324    0.2335  -0.231  119
58456.714    0.000000000000    0.453002397194    0.1283    0.2402  -0.149   89
58635.004   -0.527343376975   -0.686397601157    0.2412    0.5370  -0.404   71
58942.891   -0.108567115936    0.531601195064    0.1614    0.2906  -0.051  111
