%-----------------------------------------------------------------------------
%                R.A. (mas)        Dec. (mas)        Err. (mas)     Corr. Del.
% Uncertainty in R.A. is in R.A. cos(Dec.)!!!!
%-----------------------------------------------------------------------------
50242.333   -0.018873634353    0.364096797512    0.1437    0.3167  -0.134   90
50800.340    0.115930098189    0.060897616549    0.1009    0.0990  -0.230   89
51156.251    0.297548850115   -0.658303184764    0.4378    0.6266   0.258    4
51401.249    0.265442739835   -0.171601203647    0.3867    0.4760  -0.429    9
51660.252   -0.057600371270    0.299296817730    0.2628    0.5380  -0.060   11
51674.252    0.036273761310   -0.360701983482    0.2851    0.5326   0.153    9
53164.205   -0.145589168020   -0.848700003075    0.1911    0.4290  -0.151   17
53290.205   -0.283457615382    0.356097615395    0.1960    0.3151  -0.201   18
53514.206    0.121691882425   -0.014101206602    0.1617    0.2990  -0.132   31
53642.248    1.488120756920    1.868698808494    0.3459    0.2973  -0.007   25
53864.207   -0.480149996035    0.822599997718    0.2391    0.3742   0.084   16
54074.207    0.183209875757    0.399999598244    0.2307    0.4606   0.197    5
54201.208   -0.102574154262    0.166899607734    0.1660    0.2597   0.348   22
54440.250    0.325246057743    0.408099614901    0.1400    0.2139   0.019  125
54746.209    0.237869083800    0.653799600059    0.3145    0.7034   0.141    4
54887.206   -0.960055814666   -1.179100797799    0.2810    0.5106   0.515    8
54937.249   -0.282478230765    0.351900013129    0.3586    0.9402  -0.302    4
55154.248   -0.305148944963   -0.210200394690    0.0806    0.1374   0.050  223
55397.209   -0.784931295594    0.628599610764    0.7966    1.1838  -0.272    5
55421.271   -0.095344714194   -0.714402003155    0.1791    0.3678   0.208   23
55498.273    0.766548774644   -1.426600789500    0.6108    0.7323  -0.464    3
55743.268    0.837257986654   -2.644401587304    0.6834    1.1386  -0.141   10
56498.251    0.651842154883   -1.886702403908    0.2279    0.4509  -0.396   41
56996.269   -0.172183439438   -0.239302798377    0.2416    0.3918   0.501   14
57275.229   -0.395590633726    0.176896807602    0.1096    0.1657  -0.031  165
57378.208    4.303087901986    3.160998016938    0.4110    0.3575   0.767    6
57500.271    4.050636302863    3.295497609201    0.2177    0.3935   0.096   23
57567.206    0.673901129867    1.306699209636    0.3596    0.3804  -0.077   14
57766.271 1708.335862302024-3102.717801596100    0.1435    0.2469  -0.281   53
57843.270    3.963626974323    2.683497609723    0.4038    0.1974   0.025   21
57966.209   -0.209927782362    1.002697214858    1.3758    0.3780   0.301    4
57967.228   -0.051470941630    0.029498400522    0.1004    0.1802   0.169  197
57978.131    0.000000000000   -0.627800403663    0.1647    0.3258   0.164   48
58029.207    2.886167470480   -1.983301203268    0.4551    0.1843   0.266   13
58130.268    4.317305614095    0.957196817808    1.7119    3.4240  -0.948    3
58701.209    0.226104263705   -0.368200804246    0.0909    0.1277  -0.170  153
58857.229   -0.834687478206    0.473097605891    0.0726    0.0909  -0.010  292
58939.209    0.150856745885    0.062499611886    0.1177    0.1648  -0.030   57
59044.208    0.196324735249   -0.010501193515    0.1717    0.1849   0.072   40
59102.228    0.095341704818    0.266598007670    0.2158    0.2609   0.018   65
59186.250   -0.662995235765   -0.279601187003    0.4038    0.7637  -0.488   24
59256.250    0.150000912861   -0.622501192993    1.2012    1.7769  -0.728   22
59319.248   -0.215321921195   -0.468802801379    0.2370    0.2938  -0.311   82
59389.249   -0.776231190319   -1.133200797199    0.4129    0.5074  -0.279   32
59452.251   -0.318751992075   -0.377999992907    0.3803    0.4545  -0.347   42
59480.083    0.150612652075   -0.043801199467    0.2034    0.3345  -0.259   47
59541.185    0.203798269128    0.000000000000    0.1910    0.2210  -0.173   81
59592.251   -0.146203833016   -0.249101987038    0.2426    0.2133  -0.220  146
59662.251   -0.465811658115    2.557897215638    0.3964    0.8113  -0.074   53
59711.249    0.364093336877    0.852199207202    0.2467    0.7255  -0.096   53
59760.248   -0.333825620802    1.420199996005    0.5865    1.2015  -0.261   32
59802.251   -0.073409290803    2.142298805552    0.2705    0.7151  -0.648   30
59837.250   -1.387999661858   -1.256101194258    0.5329    0.6450  -0.334   48
60026.248   -0.575738804039   -0.465102004910    0.3306    0.4801  -0.300   44
60075.250    0.303310634352   -0.644302787123    0.5371    0.6777  -0.445   70
60173.250   -0.356252157595    1.010599194728    0.2827    0.4099  -0.047   27
