%-----------------------------------------------------------------------------
%                R.A. (mas)        Dec. (mas)        Err. (mas)     Corr. Del.
% Uncertainty in R.A. is in R.A. cos(Dec.)!!!!
%-----------------------------------------------------------------------------
49914.167    0.000000000000   -0.044002798205    0.6792    1.9793  -0.361   26
57098.832    1.266702765613    1.094900400744    0.1827    0.3295  -0.207   69
57978.131    0.972535408053    0.000000000000    0.1691    0.3443  -0.007  101
58137.058   -0.291949761437   24.113498398037    0.1884    0.3901  -0.366   84
58510.833    0.597633496574    1.260097204181    0.1522    0.3470  -0.113  107
58670.101   -0.423315802319   -2.795799598232    0.2883    0.6165  -0.363   61
58772.228    0.794678983728    0.386197199020    0.5373    0.6665   0.073    9
