%-----------------------------------------------------------------------------
%                R.A. (mas)        Dec. (mas)        Err. (mas)     Corr. Del.
% Uncertainty in R.A. is in R.A. cos(Dec.)!!!!
%-----------------------------------------------------------------------------
49914.167    0.000000000000   -0.678002399823    0.4370    0.7861  -0.488  115
56701.250    0.087507666058    0.184798800262    0.0847    0.1641  -0.232   90
56878.498    0.047256519200    0.000000000000    0.1508    0.2623  -0.118   84
57359.251   -0.128953661589    0.863999997947    0.1132    0.2815  -0.179   46
57952.187    0.167562527081    0.499697998180    0.1978    0.4279  -0.043   45
58382.002   -0.166371034154   -0.285901200314    0.1448    0.2675  -0.083   63
58530.834    0.228536620860    1.594299597940    0.4133    0.7890   0.868  100
58712.722   -4.703861032586   -5.606600399943    0.1549    0.3440  -0.095  118
