%-----------------------------------------------------------------------------
%                R.A. (mas)        Dec. (mas)        Err. (mas)     Corr. Del.
% Uncertainty in R.A. is in R.A. cos(Dec.)!!!!
%-----------------------------------------------------------------------------
53222.919    2.108056196036    5.223398417797    0.6876    1.4915   0.733    5
53382.230    1.719684980446    1.109898016693    1.1877    3.9754   0.087    5
53446.251    0.091102808405    4.859398822532    1.1215    5.2023   0.021    3
53520.200   -0.749226615731   -0.679100398315    0.9648    2.2603   0.539    3
53552.287    0.464410786752   -3.218601577260    0.3736    0.7227   0.049   40
53568.621    0.131196540235   16.010798421462    0.5034    6.3572  -0.057   12
53850.956   -2.042103475388  -10.972602001402    0.8934    1.3052   0.315    6
54173.241    0.569984692467   -0.329799598831    0.9140    1.6117   0.479   11
54264.229    1.357645219521   -0.936701979981    6.1888    2.0943   0.402    5
54391.230    0.403793232346    0.042998411232    0.8880    1.4583   0.018    4
54523.231    0.732617406148    1.885100408572    0.7485    1.3741   0.441   12
54621.228    0.316605036933    1.898798404909    1.0178    1.0420   0.233   17
54741.249    0.162988580233   -1.030100395383    1.1094    2.0604   0.294   15
54971.232   -0.768679844775   -0.174599995262    0.8935    1.4181   0.456    9
55035.249    1.304856891099   -2.216599179405    0.9703    1.5786   0.373   10
55174.227   -1.453374374023    1.780200000212    1.3474    1.4426   0.017    7
55210.248   -1.018737108166   -3.138901183775    1.7688    5.8707   0.071    3
55390.207   -0.819688921350   -0.182401191751    0.4289    0.5055  -0.058    9
55545.241    0.001543059380    1.011200416201    2.1429    0.8254  -0.375    3
55700.249    4.863679634165   -1.098100784702    3.6656    1.2993  -0.811    4
55728.253    1.189082286704   -0.648201594800    3.0849    1.3467  -0.829    4
55840.253    1.103197964330   -6.581300394259    0.9980    3.9795  -0.500    9
55896.253    0.141636425257    1.787598012015    1.2851    4.7046   0.683    4
55943.170    0.945666975554   -3.066699585474    1.3081    2.9655   0.605    6
56036.250   -0.819093868456   -0.326901590597    0.2485    0.3752   0.068   52
56058.033    1.333090184658   16.131798003016    0.8931   18.2984   0.306    7
56183.248    0.513996316202   11.926900810977    0.4127    8.1122  -0.043   34
56281.230    1.341275196279   11.797398002500    1.5736    6.1239   0.561    3
56282.271   -0.433925451837    0.122000406577    0.8787    0.6814  -0.265    3
56306.834    0.396439547001    8.734600805838    0.8910   16.7712  -0.216   23
56421.245   -0.181374290535    0.168001216139    0.6830    6.3049   0.061   18
56524.231    1.106044977665   -0.062200791717    0.7994    0.9708  -0.010   12
56533.253    0.461563773417    0.252198006478    0.6395    0.6259   0.074   13
56538.187    0.201186299090   -6.005501990103    0.3086    6.0961  -0.039   63
56574.227    2.405683301818   -2.685898786581    2.9834    2.4099  -0.734    4
56661.920    0.249228769160    0.222400811367    0.3376    0.6541  -0.123   36
56700.789    0.667376418604    0.141098422546    0.4100    1.5875   0.090   26
56721.229    7.057383798278   -4.001500801110    0.5558    0.5181  -0.059   22
56812.790    0.000000000000    0.000000000000    0.1709    0.2746   0.062   47
56817.881   -1.248156781730    5.001300007734    0.3190    1.3059  -0.432   15
56833.229   -0.065360580714    0.235699204154    0.1685    0.2469   0.075   60
56834.792    2.631897263451  -33.140501977869    0.2562    3.7944  -0.006   18
56838.792   -0.755156834867   -0.116600386946    0.1235    0.2183   0.065   79
56936.792    2.275315255814  -41.302101578822    0.2353    3.9691   0.307   53
56967.250   -7.800201903106    1.645599598987    0.3834    0.3682  -0.072   14
57002.230  -29.892750673483   13.664898000343    1.9465    1.8673   0.476    5
57011.551    0.287067789420    1.268298004220    0.3395    0.8622  -0.166   36
57050.231    2.647438873377    6.311897999467    0.4596    1.4169   0.459   13
57098.832    0.040213325001    6.106600818612    0.6647    2.2854  -0.166   21
57162.228    0.116845036096   -8.336300379597    0.2760    3.8443   0.293   32
57218.232   -0.093713467443    1.754701216328    0.5963    0.6561   0.039   27
57288.228   -0.546141390708    5.786798419649    0.2718    1.9979   0.026   27
57371.209   -0.762154653660    1.089799201281    0.3426    0.4497   0.699   14
57485.251    0.072477992678  -41.665301992566    0.2213    3.7329  -0.066   51
57498.229   -0.221826801877    0.314298014814    0.2257    0.3705   0.154   77
57569.248   -5.907210963536  -10.524301200121    0.5700    0.7371   0.112   17
57590.254    0.753377421190   -3.338499601568    0.2606    1.8818   0.032   26
57665.188   12.381915472756   -3.607801187400    1.3892    1.4771   0.102    5
57716.294   -0.122655662062   32.606701211080    0.2673    3.3168  -0.043   26
57775.461   -0.274020158320    1.392800422195    0.2922    0.8402   0.251   15
57804.381   -0.888488574417   -3.669901195735    0.9705    3.8380  -0.326   13
57872.197   -0.234993945232    1.187298016703    0.3942    2.4265  -0.404   15
57875.189    0.570816018742    2.439698414491    0.2255    0.5164   0.111   81
57890.230   -9.355950135001   -0.720201600757    2.0011    1.2604   0.422    6
57891.252   -0.583271428992    2.993500820025    0.2622    1.2367   0.158   23
57904.690    0.560615320062    0.624398401783    0.2597    0.6021  -0.236   52
57914.628    0.950885461585   -2.013001196133    0.2968    0.6395  -0.348   30
57920.301   -0.134163146741    0.309200422066    0.3757    1.6036   0.372   28
57943.713   -1.357645219521   -9.205498801634    0.3254    1.6178   0.489   28
57950.916   -0.157886855329    1.508500818659    0.2409    0.6035  -0.094   40
57970.691    0.402013899584    0.216698416011    0.1879    0.4071  -0.233  100
57978.131   -0.594422966203   -0.091699192240    0.1988    0.4131  -0.168   93
57981.232    0.559783993786   -4.066801193403    0.3257    7.0188  -0.131   26
58001.189    3.350163165459    0.618098417249    1.6786    2.4365  -0.102    4
58015.324   -1.435936751124   -3.478798791434    1.0161    5.2434   0.557   15
58036.001   -0.090271482130   -1.199501988935    1.0733    2.2593  -0.749   20
58048.076   -3.306510687189    1.516698011983    0.8427    2.1365  -0.859   29
58159.408    1.636291723938   -9.826599591634    0.7335    2.6217  -0.781   30
58203.797   -0.162632713681    2.494800014574    0.2900    0.9528  -0.090   28
58213.228   -0.444601610241    0.062298019543    0.8717    0.9247   0.238   16
58238.207   -1.006876669894   10.005800399426    0.3664    1.0381  -0.084   14
58258.146   -0.345194197044   -0.570200398897    0.2555    0.4954  -0.191   38
58272.782   -0.381729263350    4.815799215407    0.2046    0.4483  -0.115   66
58301.297   -1.290266200619    1.440500403760    0.2618    0.7086   0.090   21
58326.959   -0.205337185464   -2.245701583092    0.3351    0.8870  -0.439   25
58330.955   -0.213046737362    0.181198799964    0.3036    0.8675   0.092   27
58382.002    0.269274219053   -0.264099577407    0.2801    0.6729  -0.125   19
58386.484   -0.232263773939   -0.567899979842    0.3379    0.8656  -0.045   16
58425.726    0.364174879324    5.718099606611    0.4193    0.9228   0.124   36
58450.227    0.817670402246    3.496899614674    0.9422    1.3308   0.180   12
58472.708   -4.819076236449   -8.836599599249    0.3464    0.8409  -0.282   28
58481.840   -2.423240517888   -2.177899179401    0.7269    1.7433   0.622   51
58499.226    0.548159828896   -3.694600798099    0.4130    2.1094  -0.027   15
58510.833    0.286239295189   -0.756701990667    0.4809    1.6630  -0.141   28
58512.780   -1.193233173078   -2.891199599730    0.9483    2.4816  -0.889   10
58530.834   -4.610419490887  -10.648699202420    0.7159    2.6043   0.667   27
58540.733   -6.031765551530   15.588399614330    0.5868    2.4088   0.588   15
58570.249   -1.994533552082   -1.660600796072    0.4459    2.4359  -0.649   16
58593.332    0.406284298213   -3.120299999182    0.2626    0.6713  -0.089   36
58601.083   -1.305095996525    1.623499210268    2.3135   10.3510  -0.792   15
58622.004   -5.184794175153   21.934198815643    4.8976   15.8017  -0.946   14
58635.004    5.136276245361  -39.071998781992    2.6807   13.6954  -0.069   10
58702.228    0.085884322374    2.565601209881    0.2528    2.6379   0.468   11
58939.209   -0.430603059695   -0.472201196544    0.2555    0.3028  -0.204    7
58981.988   -8.178492013187    2.798600417009    0.6704    1.3606   0.117   21
59037.210   -0.436889145383    1.597697999500    0.3060    0.4124   0.261    4
59177.188   -1.019688027612   -0.905601584122    0.9275    1.1116   0.055    4
59228.250    0.375562770832   -1.286701177605    0.3330    0.5802   0.034   21
59248.229    0.040805545851    0.259599599417    0.4106    1.5655  -0.244   10
59271.737   -1.086235801154   -2.840601584353    0.2038    0.6399  -0.221   49
59592.251    0.903790998002   -0.846399584020    0.5446    0.9151  -0.197    5
