%-----------------------------------------------------------------------------
%                R.A. (mas)        Dec. (mas)        Err. (mas)     Corr. Del.
% Uncertainty in R.A. is in R.A. cos(Dec.)!!!!
%-----------------------------------------------------------------------------
53134.021  -13.421452095847  -43.993098009310    1.2538    3.4509   0.843   15
56661.920    1.758073337222    2.701601988520    0.4280    0.9643  -0.082   21
57872.197    2.081497945792   -1.856897995367    0.2120    0.6644   0.052   39
58258.146    0.000000000000    2.334999598474    0.2911    0.7021  -0.200   31
58324.227   -3.729439640641    0.061502393578    0.8440    1.0714  -0.151    9
58593.332    1.193909622319   -2.308600798528    0.3192    1.0086  -0.039   30
59179.230    0.599241122605    4.835199607101    0.8256    2.5534  -0.584   14
59634.247   -0.596736426768    0.000000000000    0.9008    0.9546   0.629   24
59696.227  -18.905260489765  -20.119197597523    8.6982    9.4656   0.977    6
59796.290    0.287800905514    0.478699192286    1.1495    1.0038   0.377   15
