%-----------------------------------------------------------------------------
%                R.A. (mas)        Dec. (mas)        Err. (mas)     Corr. Del.
% Uncertainty in R.A. is in R.A. cos(Dec.)!!!!
%-----------------------------------------------------------------------------
52872.433   -1.746538579975    1.113202816327    0.4379    1.3230  -0.245    3
57373.248   -6.364423422040   -9.247399185597    1.2534    2.2231  -0.015   62
57821.249   -0.843971950378    3.786102004710    0.6083    0.4916  -0.077    7
57828.250    2.648477416574   13.659699598634    0.4114    0.5415   0.191   12
57954.247    2.891924730334   -0.445100391744    0.4940    0.6216  -0.509    6
57982.247    0.282300582065    1.143601207332    0.6871    0.6194  -0.682   15
58010.244    0.000000000000    0.000000000000    0.3127    0.3460  -0.203   26
58036.187    1.584636599508    0.589701599552    0.2915    0.2638   0.028   20
58059.249    1.381298187629    2.082801617576    0.4176    0.5122   0.510   12
58178.251   -0.728595787921   -0.575197182684    0.6335    1.0564  -0.004   13
58185.249    1.493255747428   -4.208497179548    0.6691    0.9348   0.600   29
58199.246   -1.329122137481   11.745500418670    1.3786    4.5428  -0.944   16
58388.226    0.426624168283   -5.053399183907    0.8605    2.5338  -0.896   34
58499.226    0.702298522306   -4.404898794519    0.5533    0.9957  -0.076    8
58543.271    1.098091887836    0.161301602475    0.2893    0.3873  -0.064   28
58570.249   -0.472662797230   -0.057697181433    0.6150    0.8101  -0.627   16
58610.083   -1.259505013880    9.346500021934    0.5763    3.9026  -0.844   52
