%-----------------------------------------------------------------------------
%                R.A. (mas)        Dec. (mas)        Err. (mas)     Corr. Del.
% Uncertainty in R.A. is in R.A. cos(Dec.)!!!!
%-----------------------------------------------------------------------------
48110.435   -1.346165572483    1.029200404901    2.2084    1.6264  -0.075    6
48657.250    0.416385610442   -3.415798792616    0.5803    0.8691   0.206    9
48756.865    0.002648169339   -0.364298389854    0.5964    1.1722  -0.349    6
48768.089    0.280268261327    0.340498803553    0.5227    1.7547   0.416    3
48785.300   -0.290772064240   -0.819900000693    0.4942    0.7103  -0.537    4
48865.304    0.592931377061    0.429501605481    0.5607    1.2442   0.301    3
49020.002    0.417709695112   -0.713897983928    0.5266    1.1715  -0.351   10
49482.167   -0.612528071019   -0.517697986879    0.4681    0.4770  -0.058    6
49524.168   -0.521870721364   -2.031800391933    0.3817    0.4808   0.496    5
49534.544  -21.602580892984  323.796499193918    0.4058    0.6682   0.224   13
49573.085    0.343030536995    0.402800404231    0.3175    0.4487   0.260   20
49629.086    0.218830070329   -0.681699586380    0.3798    0.5138   0.058    9
49692.084   -0.382486574174   -0.272098785103    0.4670    0.6244  -0.145    8
49706.168   -2.162517962829    0.811900792996    0.8848    1.2866   0.094    3
49895.086   -1.531893225014    2.656800015188    0.8518    0.9812  -0.049   23
49896.281    0.849189991210    0.402800404231    0.5930    0.7400  -0.061   12
49897.395   -0.244515506522   -0.111499187483    0.6620    1.1986   0.164    6
49923.002   -0.371099325592    0.262101610815    0.6558    0.8614  -0.275    3
49979.086    0.162069649485   -1.045501196018    0.4840    1.1984   0.079    3
50038.085   -0.222448572748    0.117399594046    0.2764    0.3525   0.131    9
50048.999   -0.710422365300   -1.959299999044    0.5212    1.0128   0.089   52
50149.333    0.972771829140    2.233602000956    0.3499    0.9518   0.390    3
50182.081   -1.241121100562    3.780799212905    0.9652    1.5544  -0.290   12
50276.166    0.128261715541    0.177501610210    0.5492    0.5431  -0.026   18
51115.712   -3.483614620398    0.000000000000    1.8542    1.3118  -0.578    4
52388.228   -0.643776770279    0.559501194175    0.8234    1.4095   0.509    6
52522.238    0.396964798764   -0.351100806029    0.9676    1.7610  -0.301   15
52941.227   -2.186086910795   -3.471699599800    2.5478    2.0134   0.295    7
53124.013   -0.055876975174   -2.306401188434    0.5772    1.2849   0.257    5
53248.001   -0.239219107632    0.466200006599    0.3111    0.6236   0.029    5
53255.003    0.532552453799    0.038599216623    0.3475    0.5938   0.366    5
53335.018   -0.302070378167    4.928202000087    1.5085    5.8903   0.319    6
53388.001    0.006003962280   -1.417399190018    0.4196    0.6115   0.305    5
53543.999    0.632124704764   -0.809499590559    0.4706    0.9474   0.173    4
53619.033   -0.176545766619   -0.072197991585    0.3573    0.6446   0.285    5
53823.233    0.111842885003    0.439999192281    0.4156    0.7373   0.493    5
53908.241    0.329084053729    0.912301197786    0.4812    1.3186   0.486    6
54062.001   -0.359536254944   -1.156499996569    0.6006    0.9108  -0.028    3
54151.169    0.000000000000   -0.158000383976    0.3516    0.4413   0.372    5
54277.312   -0.386458888395   -1.205499597745    0.1983    0.5628   0.565    7
54495.918    0.404468727993    0.355600809598    0.4252    0.8681   0.337    5
54578.113   -1.281284761344   -2.289499201424    0.4338    1.8703   0.236    4
54706.229    0.187846188002    0.317098795222    0.5395    0.9062   0.573    3
55420.248    0.630535803160   33.387901211768    0.5595   19.3181   0.662    9
56029.230    0.882292469220    1.893301208611    0.7028    2.8354   0.004    4
56058.033    1.421641288858   11.689999215037    0.9703   12.5399   0.206    4
56134.250   -0.386458888395    0.155001592361    0.4424    1.2906   0.239    8
56260.258    2.147423216961   -0.753400797748    1.1409    3.8226   0.204    8
56376.831    0.811231813523   10.585900795945    0.7032   13.5043   0.341   18
56504.230    0.462904877638    6.354500413863    0.2745    4.9382   0.335   24
56624.291   -0.007766638706   -0.970898395281    0.4068    5.7893   0.633   33
56754.795   -0.662136206766   -5.495400000655    0.4523    4.8454   0.139   21
56890.792   -0.200820230731   54.186400799949    0.1449    2.6938  -0.135   59
56901.794   -0.427241117700    0.197398807700    0.4198    0.4602   0.298    5
57001.208    2.342508517258   24.294301201166    0.1993    3.5390   0.284   50
57113.230   -0.135233903446   -8.017801206961    0.2318    4.1169   0.363   55
57247.229   -1.203251917742   48.283902009416    0.1721    3.3711  -0.180   37
57307.795    0.083242355081   -3.551101198696    0.2396    1.1761  -0.015   16
57415.229    1.619815457707    6.219100805538    0.3078    2.2412   0.013   16
57525.082    0.716955961448    1.228201207937    0.4790    2.0926  -0.011    4
57659.231   -0.208059343026   -7.396397990078    0.1933    1.3557  -0.124   27
57848.230    1.645060194687   -6.380999997191    0.2308    2.9289  -0.152   13
57961.249   -0.946287787446  -27.769600788474    0.4032    4.5803  -0.136    6
58010.244    0.530876724997   -4.842399607696    0.3738    0.8433  -0.376    6
58199.246   -1.847558321889   14.978300404778    1.2224    5.9704  -0.938   38
58227.250   -0.644041587213    1.524700800815    0.5721    0.8805   0.303    9
58248.229   -5.658403277479   -0.037997995150    1.0130    0.8111  -0.147   26
58276.251    1.835730374094   -4.352000385666    0.3028    0.5578   0.076   25
58388.226   -1.294174024118   -7.121199604398    0.7745    3.3348  -0.920   45
58532.913    0.589842508510   -0.595799991743    0.1989    1.1018  -0.169   27
58702.228    0.576336724457    2.001301191967    0.3481    1.6836   0.453    5
59193.248    0.780072048917   -3.218000406946    0.5604    4.3931   0.209   47
59248.229    0.145828808683    0.201600016680    0.3722    0.8818  -0.548   15
59550.251    0.200027887386   -1.405598402471    0.3695    0.6435   0.079    9
