%-----------------------------------------------------------------------------
%                R.A. (mas)        Dec. (mas)        Err. (mas)     Corr. Del.
% Uncertainty in R.A. is in R.A. cos(Dec.)!!!!
%-----------------------------------------------------------------------------
53561.356    2.372072421131   -2.160899999937    0.2558    0.4490   0.031   88
57098.832    2.044328332778    1.414900800123    0.1787    0.3247  -0.238   73
57770.475    1.311433710719    1.331902800050    0.1286    0.3280   0.154  130
58216.836   -0.178500520460    3.291602400046    0.1251    0.2856  -0.053  126
58219.229    1.186637374516    0.000000000000    0.2641    0.2981   0.214   73
58504.916    1.181086264143    0.401500800007    0.4097    0.6686  -0.090   13
58551.686   -0.839842359118    0.282902400106    0.2374    0.4968  -0.016   57
58737.230    0.000000000000   -2.487898799974    0.7126    1.2739  -0.305   46
58795.122   -0.799641572631   -0.264196799837    0.1837    0.4363  -0.253  103
