%-----------------------------------------------------------------------------
%                R.A. (mas)        Dec. (mas)        Err. (mas)     Corr. Del.
% Uncertainty in R.A. is in R.A. cos(Dec.)!!!!
%-----------------------------------------------------------------------------
47279.337   -1.384102122739  -23.204599199733    2.2492   11.7070   0.244   10
47459.252    8.189719722351   10.047099600285    5.2899   27.2762   0.286    5
47463.179    1.549690504374    2.904300000095    3.7037    4.0257   0.334    5
47649.252   26.992540214195  185.937300000028    2.3974    8.1050   0.411    6
47924.263   -1.307308774284   -1.094799599777    1.0066    5.0752   0.210   10
48733.251    0.346626735226   -2.535199199771    0.9711    2.4208  -0.035    8
49268.412    6.287254210354  -23.304599999774    0.8955    2.3878  -0.025   12
49694.334    0.069446299014   -0.352497599909    0.6759    1.7898  -0.203    8
49819.958   -0.157337619842    0.000000000000    0.4295    0.6980  -0.170  109
49914.167    0.390273596599    1.299999600368    0.5095    0.8737  -0.628  101
50065.333    0.000000000000   -0.527299199904    0.4163    0.9341  -0.399   19
50182.081    3.516652615410   -5.451998399941    1.9095    5.4230   0.143    3
50330.252   -0.557661729619   -0.799599599732    0.5819    1.0563  -0.133    5
50568.253   -0.331626522072    0.888202800109    0.3554    0.8079  -0.364   15
50575.751    0.051447557432   -1.077800399729    0.2707    0.4846  -0.131   89
50687.251    0.752346825209   -3.631798799697    0.7861    3.9082  -0.521    3
50974.254   -0.155537766146    0.367902000065    0.3786    0.6747   0.058    9
51254.251   -0.944184403287    0.468100800122    0.5010    0.9682  -0.309    3
51464.251    0.665053000151    0.528699600100    0.4484    0.8907  -0.075    7
51597.250   -0.275081732319    1.940000400324    0.5517    2.2548  -0.730    6
51732.286    0.552859766612   -0.447098399903    0.2740    0.4495  -0.078   51
52620.246    0.983331732731   -0.200599199651    0.4905    0.4941   0.386   23
53178.205    0.194235132166   -2.946398399661    0.3195    1.1469  -0.329    8
53285.253    0.222583134812   -0.242798399785    0.1352    0.2851   0.012   93
53514.206   -0.098391797430    0.763002000381    0.2625    0.3908  -0.053   16
53719.250    0.301777515926    0.404002800014    0.1497    0.2407  -0.300   64
53864.207    1.374501675296   -1.810097999888    2.7504    3.8417  -0.990    6
54060.207   -0.258432881009   -0.067698000006    0.3502    0.2454  -0.015   28
54201.208   -0.058794606873    0.289299600276    0.1619    0.5280   0.466   35
54480.208    0.478017385081    0.128401200072    0.3069    0.3190  -0.099   11
54488.207    0.003448594164    0.437101200035    0.2463    0.3055   0.049    7
54494.208    0.570109694574    0.570999600003    0.2437    0.2462  -0.058   16
54501.206    0.067045266355   -0.028998000001    0.1966    0.3284  -0.200   19
54852.208    1.048875893275    1.553101200047    0.4846    1.1194   0.359    4
54928.206    0.412170895770   -0.749098799790    0.3320    0.3557   0.174   13
55154.248    0.064496701350    0.439401600305    0.1113    0.2936  -0.247  115
55264.206    0.101692859248    0.162302400319    0.2662    0.9655   0.602    9
55355.208   -0.069295083475    0.730299599994    0.2370    0.3369  -0.166   18
55516.207   -0.606855889048    0.601700400304    0.3809    0.2691   0.239    8
55518.249   -0.023697050556   -0.078199199915    0.1195    0.2599  -0.138  214
55776.228   -0.280931256832    0.494200800283    0.1832    0.3290  -0.012   69
55868.209    0.259782873592    0.038700000005    0.2652    0.9633   0.355    3
56062.208    0.882837650527    0.782802000021    0.6755    0.7481   0.544    8
56063.242    1.304756526086    5.372600400166    2.1629    7.4681   0.913    9
56132.208    0.431969491048   -0.628599599972    0.1691    0.4599  -0.110   15
56196.229    0.191686464850    0.289602000381    0.4134    0.2163   0.218   11
56203.224   -0.342875709983   -0.288899999923    0.3980    0.9873   0.259    4
56393.249   -0.142938687962   -0.143798399987    0.1421    0.2963   0.094  105
56468.206    0.451768086327   -0.501497999927    0.4110    1.3490  -0.273    4
56594.206    0.152690453256    1.315299600035    0.1922    0.7863  -0.154   24
56630.230    0.037948552400   -2.292299999818    0.9497    1.3703  -0.331   10
56657.208   -0.263681328869   -1.281499199957    0.2975    0.9151   0.292   16
56799.250  -15.334015726473  -37.287298799793    4.1548   10.8699   0.986    3
56930.207   -0.088193751906   -1.737799199741    0.3702    1.7605   0.553   11
57037.250    0.054597403711   -1.929697199632    0.3479    0.6561  -0.007   20
57046.458   -0.352775007623    0.661600800145    0.1464    0.3277  -0.391   69
57098.832    0.320827297585    0.855000000000    0.2034    0.3928  -0.321   45
57107.251    0.100944045628   -0.127400399830    0.1075    0.1866   0.030  112
57159.507   42.133670698774  -70.889097600002    1.0406    2.7223  -0.848   12
57163.251    1.316156929536   -3.731299199616   12.3227   14.6243  -0.995    3
57357.209    1.401200937474   -0.213998399801    0.4438    0.4178  -0.244   17
57401.233    1.401049721935   11.170702800367    0.1587    0.2103  -0.014   48
57477.209   -0.025349371906    0.035100000106    0.4260    1.6125   0.520   12
57584.271    0.037347373437   -2.705698799810    0.1682    0.3434   0.034   31
57721.207    1.013479589073    0.330400800319    0.3335    0.2812   0.271    6
57772.228   -8.936969212928    4.120102800131    0.9629    1.0239  -0.024    7
57775.461   -0.297277779375    1.491602399994    0.2382    0.5156  -0.320   48
57804.381   -0.816091029746   -0.073299599990    0.3050    0.6024   0.153   27
57875.189   -0.557510514080    0.106199999994    0.3304    0.5148  -0.402   28
58048.076   -1.494045539159   -0.990298799763    0.2697    0.5979  -0.501   56
58128.230   -0.851188586063   -2.922299999986    0.6483    0.7611  -0.313   18
58143.856    0.519414531645    1.329001200290    0.3363    0.7267  -0.566   34
58159.408   -0.557211766195   -0.128300399904    0.3437    0.6570  -0.422   27
58216.836   -1.827320801699    3.081502800129    0.1463    0.3301  -0.144  114
58238.207    0.742897490994    1.568001600161    0.6710    0.9431   0.437   16
58512.780   -1.021578930705   -1.513198799863    0.1895    0.3897  -0.206   80
58530.834   -0.896487768786    1.996300800267    0.3836    0.6305   0.743   90
58540.733    0.430169637352   14.038200000055    0.1647    0.3230  -0.130  101
58551.686   -2.759953585996    0.615099600054    0.2382    0.5065  -0.113   52
58593.332   -0.299829925262   -0.185399999753    0.2114    0.4314  -0.005   72
58601.083   -0.346025453952   -0.357699599940    0.3801    0.7776  -0.297   55
58645.413   -0.296827815951   -0.099698399936    0.2406    0.5575  -0.530   78
58677.683   -1.405999319599   -3.645399599783    0.3005    0.7436  -0.615   60
58712.722   -3.305167452971   -5.734198799789    0.1590    0.3759  -0.240  119
58747.059    0.041397146564   -0.653000399753    0.1614    0.3625  -0.106  125
58795.122   -2.210243665663   -0.400197599859    0.1744    0.4131  -0.309  101
58803.501   -0.620354894080    0.030902400239    0.2127    0.4739  -0.243   44
58829.901   -0.130040759583    0.960300000319    0.1630    0.3794  -0.235   83
58861.959   -0.490915211149    1.468299600305    0.2113    0.4670  -0.080   82
58871.905   -0.279279037792    0.641001600199    0.1917    0.4011  -0.075  102
58899.905   -1.673730421595    0.413499600160    0.1470    0.3216  -0.268   67
58932.208    3.029786972766    0.783900000112    1.4802    0.5211   0.782    3
59102.228   -0.166336990633    0.570200400096    0.3728    0.4265   0.102   44
59186.250   -0.540861765080    0.963201600079    0.8207    2.3378   0.128   23
59241.227    1.172015985959    2.226402000360    0.8672    1.2602   0.701   41
59271.737    0.312879069181   -1.703098799988    0.1013    0.1963  -0.324  109
59312.228    0.739898962564   -0.156099599646    0.2266    0.5283   0.244   78
59395.228    0.122690129260   -1.006898399858    0.3133    0.6230   0.042   13
59452.251   -0.655002486973   -2.117098799870    0.9996    1.3541  -0.033   29
59494.251    1.684979711817    2.116400400132    0.9509    1.0723  -0.112   34
59541.185   -0.431969388737   -0.008600399992    0.5862    0.7313   0.001   43
59592.251   -0.003300959507   -0.103899599724    0.2335    0.3960  -0.159   53
59662.251    3.465655021402    3.374802000256    6.4604    6.2013  -0.843    4
59711.249   -0.038247300285    0.550800000010    1.1019    1.7350  -0.012   19
59982.206   -0.134839244019    0.013802400023    3.9182    0.5324   0.291    3
60075.250    1.577437328057   -1.671897599964    0.8997    1.2296  -0.188   50
60122.207   -0.361324414990    1.063000800183    0.3881    0.4440  -0.404   15
