%-----------------------------------------------------------------------------
%                R.A. (mas)        Dec. (mas)        Err. (mas)     Corr. Del.
% Uncertainty in R.A. is in R.A. cos(Dec.)!!!!
%-----------------------------------------------------------------------------
47639.726   -3.864643323208    1.911200401139    1.6097    1.4886  -0.097   12
47685.554    0.229182327968   -3.568100400742    1.0108    1.6181  -0.284   15
49895.086   -1.169060382889    6.049299595645    1.8572    2.4767   0.344    6
49896.281    1.044460284705    1.489697990564    0.9577    1.3925  -0.092    3
50210.001   -1.214406605492    1.611197997420    1.0530    1.0066   0.102    3
50631.755    0.200722820450   -2.900401199213    0.4098    0.7563  -0.124   49
50687.836   -0.460953158988    0.000000000000    0.2797    0.6400  -0.117   50
50905.916    0.189963910522   -0.242600410161    0.7218    1.3908   0.386   16
50919.324   -0.563355591840    7.785899988733    0.1075    0.3238  -0.163  123
51073.711   -3.820793986766    0.435099597951    2.6164    1.4477  -0.209    4
52353.230   -4.741337269834   10.237798794321    4.1443    4.0439  -0.520   14
52430.228   -0.350242938270   -0.297100801561    1.2021    1.5965  -0.137    6
52522.238    0.395451872773   -0.310798810688    1.1226    1.7437  -0.389   13
52676.249    6.573024524103    0.556700400978    3.7375    1.5637  -0.711    7
52752.229   -2.343297493218   -1.687100404979    1.7335    1.0139   0.150    4
52815.231    2.525907944663   -1.733299200168    1.1844    0.8773  -0.437    4
52872.433    6.759040519288    4.988300396747    0.9964    2.0265   0.275    7
52878.229   -0.451557098192   -0.073799999711    1.1756    0.7883   0.085   12
52982.081   -1.880439113499   -0.328500004798    1.4075    0.5995   0.386   11
53095.001   -1.612855408773   -3.818700005809    2.5691    4.3140   0.119   12
53192.001    0.886635722979   -3.511800002798    0.9313    2.1761   0.245    5
53396.230   -2.984135405386   -0.442101600129    2.1447    1.2351   0.083   13
53564.227   -0.746783083973   -0.820000809654    1.2114    2.4673   0.695    4
53732.205   -0.611152936507    1.390899593900    5.8560    4.4920   0.247    5
53752.166   -2.178662029788   -0.354999600916    1.9311    1.9896  -0.143   12
53837.251    0.342206382648   -0.388198810697    0.6667    1.3961  -0.081   15
53851.229   -0.358955995408    0.552797999376    0.1206    0.2682  -0.030  111
53929.082    0.244160478364   -3.118798800017    0.6080    2.3055   0.218   12
54173.241    0.474297135121   -0.844199999506    0.5117    1.1976   0.134   21
54187.230    0.278342521767    1.016701193635    0.1226    0.2883  -0.077  137
54264.229   -0.465309594669   -0.380098806829    0.7759    1.3796  -0.075   31
54391.230    0.387418568222    0.001000799443    0.5819    1.0393  -0.141   10
54523.231    0.392046329033    1.999997991220    0.4450    1.1903   0.080   12
54601.248   -0.163681134641   -0.931500009926    0.2167    0.5167   0.222   56
54621.228    0.344248984367    0.733100389994    0.6825    0.9927   0.228   14
54741.249    0.698848358318   -0.209001609619    0.7970    1.7782  -0.039   12
54971.232   -0.626405570217   -0.164401203051    0.5485    1.1379   0.033   10
55035.249    0.748279877248   -1.890601198795    0.6414    1.1827  -0.013    9
55174.227    0.893034853267    1.840600798175    1.1477    1.2025   0.017   11
55210.248   -0.058419059381   -3.058700403358    1.1231    3.7162  -0.329    6
55412.228    3.356438627998   17.994700795043    0.8277    4.2878   0.794    4
55545.241    0.025328447093    1.309399193872    1.0933    0.6893  -0.137   11
55700.249    1.207736150074    0.630698399107    3.0616    1.2424  -0.892    3
55728.253    3.511677937744   -1.813701611297    3.3629    1.1602  -0.820    3
58382.002    0.509567451454    0.890798398245    0.1933    0.3952  -0.015   48
58557.436   -2.924899398205    1.439798398906    0.2701    0.7162  -0.003   56
58593.332   -0.458910464381   -0.063799205918    0.2011    0.4996   0.021   62
58601.083   -1.063389694398    0.600400791484    0.4851    1.2355  -0.459   48
58622.004   -2.345748615281    0.783601190335    0.3311    0.7825  -0.445   62
58806.207    4.827264666129  -18.601300800469    5.1731    6.0959  -0.546    4
58911.209   -4.766665809815   -3.172798804485    6.7539    7.7021   0.866    4
58981.988   -5.034795230099   -5.672998800321    0.4472    1.1024   0.057   80
59009.210    5.124396058416   11.234800788884    4.7823    4.6336   0.480    3
59230.577    2.462178120812   -0.504399606882    0.1637    0.3894  -0.064   36
59368.228   -0.423231627704    0.608000395630    0.4044    0.3996  -0.006   40
59550.251   -0.111118741062    1.104098393512    0.4348    1.3038   0.177    7
59618.209    0.285967213086    2.019999591596    0.6230    2.1761   0.723    9
59689.206    0.000000000000   -2.105200800884    0.4914    1.9460  -0.239   16
59695.208    0.844828988257    1.935298794820    1.6259    4.7208  -0.836    5
59765.208    2.578470338242    2.068700398183    0.9848    0.6886   0.472   27
59913.207    1.053313788128    0.719398799731    0.7193    0.7142   0.401   18
59919.208    0.128413976491    6.692900390703    1.2323    5.3884   0.370   10
59926.206   -0.311567078198    5.837399990583    1.6719    4.8561  -0.838   16
