%-----------------------------------------------------------------------------
%                R.A. (mas)        Dec. (mas)        Err. (mas)     Corr. Del.
% Uncertainty in R.A. is in R.A. cos(Dec.)!!!!
%-----------------------------------------------------------------------------
47212.416    0.329898914333   -1.792299607928    0.8367    2.0835   0.492   17
47262.017   -3.080112134905    2.897398800883    4.4129    2.0199  -0.297    7
47270.279   -2.439167406700    3.949498801603    0.3475    0.8191  -0.072   24
47280.090   -0.585193652066   -0.890701195999    2.6475    1.1038   0.429   11
47300.208    1.766387087640    2.131797612037    0.4115    0.8256   0.268   12
47303.995   -2.378362413752    0.349199990524    2.8918    2.1904  -0.720    6
47318.017   -0.960263873753   -3.127701592121    0.9121    1.4811  -0.199   16
47321.915   11.932735253916   -7.363602003352    8.8538    4.1838  -0.554    3
47335.294    1.791789415696    0.648500414968    0.4022    1.0220   0.067   13
47336.086   -1.948691590215   -5.745099602450    2.9490    4.2816   0.830    7
47342.916   19.860955064279  -12.905499593785   16.3758   10.8164  -0.852    6
47348.994    1.078775898108    7.545200406867   10.8765   12.6569   0.149    4
47360.920   -0.474728988766    7.969698015131    1.8410    5.5896   0.479    7
47363.473   -0.843936911589   -2.952601209927    1.8827    1.9229  -0.140   10
47368.283    0.476800830424    0.664797599370    0.5663    1.0669   0.313   11
47391.933    3.147816758883   15.208397996958    3.8814    3.6940  -0.722    3
47395.918    0.448637066123   -1.266501604391    0.6015    1.1597   0.070    6
47403.157    0.415532448732    5.014400414893    2.4973    4.1667   0.603    3
47415.251   -1.672819491127    0.911800810854    1.7971    3.2027   0.114    4
47423.005    1.277058922773    0.836200791809    9.6269    4.0808   0.488    5
47425.335   -3.076431997150    2.001600012136    0.3796    0.9658   0.009   14
47432.921    1.283381944526    0.617399993530    5.2980    4.7280   0.203   12
47440.917   -2.264220356963    0.809798410728    4.3010    9.2713   0.819    3
47448.160   -1.449476230638    2.365498798440    3.5191    4.7844  -0.382    7
47470.338    0.739913900697   -4.777401591127    0.3334    0.7750   0.047   14
47473.497    0.707612020018    2.293498792483    0.7487    1.3809   0.288    3
47515.267   -1.842593993401    1.129798795318    0.8526    1.6897   0.350   10
47550.272   -3.164482131296    0.305298007675    0.4396    1.0355   0.018    8
47585.271    0.267022158136   -1.389499203697    0.3583    0.8066   0.217    9
47601.915   16.492440673170   -8.280899984925   15.0044    9.7454  -0.885    3
47617.274    0.644966958193    0.422899194064    0.3275    0.5853   0.241   11
47620.338    2.654579506153    0.967298407772    4.6985    3.0322  -0.777    6
47635.277    1.452927418285   -2.865700790267    0.3250    0.7177  -0.087   25
47640.018   94.560800897875   41.692499999613    4.7365    2.2407  -0.645    4
47655.329   -5.737563396756    3.371997593149    3.2420    1.2629  -0.693    9
47670.275   -0.068623168673    1.083297598825    0.3570    0.8694  -0.034   14
47681.247    1.425111234747    1.650600015068    1.0265    0.8752   0.053   10
47682.354   -7.600160886500   -2.289599984806    2.0120    3.0676   0.508    4
47700.266   -1.686036498565   -2.025302396191    0.4557    1.0430  -0.104   22
47705.314  -12.240445688123  -18.205801205795    3.0344    2.9102  -0.384   10
47717.290    1.771675599901   -1.071899995964    0.3157    0.4892  -0.015   18
47731.053    3.293110300469   -6.718701601471    3.1456    2.8171  -0.481    6
47735.268    0.132305562663   -1.301101204376    0.5367    1.3586  -0.167   20
47743.205    4.630745266082    9.076197611080    1.2898    2.6393   0.588    4
47746.054  -19.794398091919   -4.539002389947    4.1657    2.1418  -0.823    8
47756.252   10.099449180090  -10.862701202541    2.4823    1.8839  -0.666    6
47763.158    0.032991553674    0.957200398943    1.1282    1.5364   0.056    9
47770.336   -7.958565657367   -0.031701591752    2.3989    1.6173  -0.736    6
47777.232   -3.039189263381    1.857200396671    2.4889    1.6388  -0.745    6
47780.311   -8.499388072934    4.773700794658    0.4602    0.6886   0.041    8
47790.275    0.033449532296    1.570298400111    0.4160    1.0417   0.054   14
47797.258   -3.031373831921    0.397000806629    1.3916    1.4350   0.149    5
47805.352   -4.096011198408    0.819698408350    2.7885    1.7390  -0.782    3
48078.168    2.134676387360    0.099698399936    2.3999    1.5619   0.383    3
48204.253   -2.287208751129    0.358898395802    0.8180    0.6998   0.003    4
48495.423   -0.497604319215    0.780300010206    0.5695    0.6777   0.149   11
48524.255    0.592551261719   -0.104702397152    1.6319    1.1577  -0.697    3
48797.251  -60.036437388298   57.013599601419    2.7434    2.8015  -0.880    3
49254.416    0.753936467520    1.003399194133    0.4271    0.7772   0.296   24
49547.332   -0.065864398285    0.604400395332    0.2639    0.3208  -0.221   30
49576.417   -0.615997556100    0.291797996965    0.5016    0.9343  -0.127   14
50183.250   -0.053563269685    0.133099214850    0.1667    0.3744   0.064   40
50242.333   -0.030690761909    0.198198014800    0.1327    0.2416  -0.298   81
50309.250    0.076670451321   -0.043902008429    0.2605    0.3862  -0.507   15
50421.251    0.827271539176   -0.123001206020    0.5489    0.7058  -0.416    4
50458.831   -0.123681670737    0.216900008354    0.1489    0.1659  -0.122  117
50491.251   -0.117474613782    0.684899995917    0.3045    0.3842   0.120   10
50575.251   -0.269433190946   -0.012402009020    0.3822    0.5469  -0.179    7
50666.253   -0.241961843905    0.113997592166    0.2661    0.3728  -0.177   10
50771.252   -0.320356477713    0.144500398847    0.2051    0.4017  -0.213   15
50862.254    0.127361886900    0.050598015378    0.2039    0.3699   0.044   19
50953.252    0.286104287111    0.214200011328    0.3951    0.4085   0.013   16
51051.252    0.440131961668   -0.190699194036    0.3263    0.4086  -0.033   14
51170.251   -0.201154858770    0.235598395193    0.1976    0.2571  -0.077   25
51284.084   -0.044023655737    0.165398395779    0.0638    0.1079  -0.080  717
51296.251    0.273803080103    0.412700401853    0.3145    0.3337   0.020   19
51422.251    0.218860386021    0.327099601805    0.2378    0.2876  -0.059   22
51534.251   -0.105289293164    0.220197594558    0.3098    0.4301  -0.165   11
51555.250   -0.154601461161    0.459899996486    0.2600    0.3214  -0.350   12
51688.252    0.517720957683   -0.180601185207    0.3044    0.3658   0.016   13
51702.248    0.435420058685    0.847198791121    0.3133    0.5298   0.070   12
51704.001   -0.236673410052   -0.858301206108    0.2463    0.8247  -0.200   20
51814.252   -0.103680997067    0.318999610727    0.2890    0.3759   0.250   15
51967.168   -0.045403001727   -0.338601594763    0.2411    1.1185   0.421   20
52039.272   -0.534270443706   -0.159001208999    0.0615    0.0912   0.122  247
52991.252    0.146672965983   -0.171899998236    0.0497    0.0695  -0.149  278
53178.205    0.099085058882   -0.411101987652    0.1684    0.3269  -0.253   11
53341.249   -0.011034846328   -0.020199598794    0.0744    0.0930  -0.054  233
53503.201   -1.471661809684   -3.507101988021    0.4427    0.5374   0.009   36
53514.206    0.138167861528    0.071899196996    0.1605    0.2674  -0.135   27
53552.287   -1.626955766512    3.256099211058    0.3548    0.4442  -0.266   45
53560.315   -3.414836015939   -5.081900391701    0.3694    0.4256   0.106   35
53572.467   -1.558677434337   -7.058599209131    0.2950    0.4429   0.029   88
53719.250    0.043910592019    0.011498411823    0.1501    0.1643  -0.318   94
53850.203    0.586228318373    0.734698804195    0.3325    0.4748   0.492    4
54074.207    0.435877958900   -0.241999188688    0.1541    0.2073  -0.010   28
54087.561   -2.109042286524   -7.489101588476    0.3578    0.3746   0.366   36
54112.274    0.383004362210    0.116798398153    0.4315    0.4649   0.004   36
54186.208    0.101843750862   -0.389501985865    0.0992    0.1457  -0.039   41
54473.206    0.032991553674    0.199699201175    0.1845    0.2591  -0.457   40
54608.250    0.399324898126   -0.770299203623    0.1507    0.3213  -0.128   39
54754.208    0.160582469089   -0.441500404236    0.2079    0.4328  -0.037   17
54788.209   -0.094370333226   -0.039200386936    0.2848    0.4453   0.057   60
54823.207    0.521974882043    0.003099600576    0.1536    0.2250  -0.383  116
54872.205    0.048393544894   -0.111902397748    0.1779    0.2493   0.265  139
54936.208    0.350934175904   -0.111401985237    0.1250    0.1671  -0.055   75
54956.209    0.364151261750   -0.176101207217    0.3638    0.3852   0.177   55
54985.207    1.765236770165    0.748900794179    0.1129    0.1230   0.074   71
55021.249    0.311045813872   -0.611801988271    0.1625    0.2397  -0.086   70
55032.999    1.729373382386   -3.587299187302    0.3103    0.5808  -0.352   81
55042.251    0.370013482207   -0.314802008461    0.1429    0.2004  -0.408  300
55068.210   -0.064714080810   -0.100202393583    0.3555    0.4215  -0.547  184
55075.208   -0.202305254653   -0.145799992879    0.1589    0.2356   0.494   59
55089.208   -0.398174423836    0.157499997044    0.1422    0.1713  -0.165  113
55096.206   -0.156557416429   -0.567399592910    0.1097    0.1782   0.095  207
55098.248   -0.026091922643    0.408499192872    0.2304    0.2806  -0.100   71
55131.208   -0.131842017103   -0.217000791736    0.1031    0.1745  -0.021  206
55154.248    0.151040032469    0.301600792341    0.0858    0.1372  -0.039  123
55168.252    0.203571615333   -0.102200385754    0.1395    0.2403  -0.399  438
55182.248    0.098279499496   -0.113702404292    0.1232    0.2717  -0.207   78
55222.206    0.152074541961    0.121499994066    0.2013    0.3085  -0.088  241
55294.230    0.047243149012   -0.510800387588    0.1405    0.2218   0.116   92
55313.208    0.169432410042    0.186800411939    0.1297    0.1924  -0.092   98
55327.208    0.322312432980    0.007398011803    0.1789    0.3104   0.243   52
55355.208    0.394039208538    0.073900795883    0.1648    0.2710  -0.059   31
55371.250    0.300010967544   -0.036100786360    0.1857    0.2625   0.069  261
55386.269   -0.001953132595   -0.532101594786    0.1933    0.3115  -0.019   72
55390.207   -0.036552982366   -0.493801198331    0.1640    0.1562  -0.042  240
55407.271   -0.802442997724    0.248997596941    0.3417    0.6419   0.107   36
55414.269   -0.052183923695   -0.444099592301    0.2821    0.2959   0.079   24
55418.207    0.029888025196    0.040600789930    0.2601    0.4805  -0.296   16
55421.271    0.209204885683   -0.724802387708    0.1394    0.2493  -0.064   77
55435.271    0.571745028663   -0.239702401927    0.4829    0.5736  -0.007   59
55447.208    0.461511981328   -0.321300004202    0.1642    0.1646  -0.090   63
55454.228    0.283113822351   -0.120801595926    0.1011    0.1218   0.088  246
55467.209   -0.039424816472   -0.925002001395    0.1219    0.2429   0.383  218
55474.207    0.066554149688   -0.172400385168    0.2419    0.2953  -0.209  104
55484.270   -0.088852870859   -0.281001589997    0.1873    0.3574   0.180  106
55505.271    0.209318027808    0.260100011928    0.4615    0.5201  -0.019   19
55509.209    0.473697301946    0.576399600050    0.2318    0.3591  -0.265   20
55512.270    0.465650097706   -0.669499195283    0.2307    0.4720  -0.231   37
55516.207   -0.059196618442    0.051299994652    0.1017    0.1511  -0.135  110
55530.207    0.047587985509    0.197899194632    0.1858    0.2214   0.349   70
55540.270    0.038966994664   -0.287499585738    0.2263    0.2954  -0.132   56
55546.249    0.647035977178    0.999799206625    0.3638    0.7308   0.080   42
55547.271    0.690830682808    0.687999596494    0.3084    0.5607  -0.074   28
55551.209    0.027242396934   -0.129902386448    0.1045    0.1201  -0.068  155
55568.270    0.143914274003    1.060199991798    0.2929    0.4053  -0.027  128
55575.272    0.155409843219   -0.137300398251    0.1648    0.2564   0.036  176
55580.206   -0.837271797603   -0.228902388244    0.3124    0.1802  -0.049  114
55589.272    0.480478223914   -1.148702406795    0.3657    0.4626  -0.071   32
55600.207    0.001724260895   -0.232502401332    0.1570    0.1841  -0.144   43
55610.270    0.766695574743    0.210898792830    0.4525    0.5850   0.681  131
55614.207    0.177363727892   -0.064501185193    0.1286    0.1561  -0.074   67
55615.230   -0.106439689047   -0.210301203651    0.1367    0.1186   0.396   52
55616.249   -2.049269058804   -4.492400410072    0.1087    0.1620   0.489  200
55624.270   -0.346103563859   -0.366001194152    0.3219    0.4305  -0.271   20
55631.272    0.039543525534   -0.160502395374    0.3579    0.4953  -0.249   14
55642.207   -0.581974237198   -0.529001994209    0.5652    0.9160   0.335   24
55645.272   -0.504730077680   -0.109299602968    0.2268    0.3371   0.171   34
55652.270    0.320701392618   -0.259300804828    0.2641    0.4511  -0.392   88
55659.272    1.780064896374    2.219500794354    0.5173    0.7740   0.519   80
55666.270   -1.165788621681    0.037997995150    0.6494    1.0314   0.079   60
55685.226    0.104831471357    0.065898007051    0.4966    0.9748  -0.203    3
55694.270    0.094141383119   -0.804099596508    0.3356    0.5904  -0.433   83
55701.272   -0.254836837518   -0.248702409067    0.1963    0.4186   0.167   65
55729.272    0.384267821810    0.072899996439    0.3277    0.3498  -0.400   39
55750.270   -0.740255914522   -0.081799194618    0.3571    0.3283  -0.282   46
55778.270    0.075291026923   -0.132901203642    0.3097    0.3288  -0.199   42
55799.268   -0.017355045408    0.134697603471    0.5205    0.6996  -0.628   22
55819.500    0.004714725655    0.073598394579    0.0751    0.1044  -0.124   81
55820.497    0.182997076650   -0.144900002397    0.0655    0.0856  -0.193  119
55821.498    0.094831056114    0.209498389836    0.0880    0.1109  -0.130   55
55822.498    0.091269549014   -0.226900789357    0.1529    0.1097   0.252  106
55823.499    0.176100268292   -0.100601997133    0.0658    0.0819   0.001  132
55824.500   -0.003677315083    0.135597593953    0.0904    0.1345  -0.392  106
55825.497   -0.411739090444    0.344998807122    0.1448    0.1340  -0.427   41
55826.498    0.184489486357   -0.142901984646    0.0712    0.1077  -0.203  129
55827.499    0.219089414536    0.003999591058    0.0909    0.1024  -0.156   92
55828.499   -0.242422566792   -0.006602385838    0.1353    0.0981  -0.460  133
55829.500    0.087360461151   -0.043999185095    0.0937    0.0959  -0.474  103
55830.501    0.057588322345    0.103399196405    0.0586    0.0796  -0.127  124
55831.498   -0.163799061284    0.101397597518    0.1126    0.2136  -0.723  111
55832.499   -0.110577805424    0.041598008238    0.0672    0.0884   0.004   68
55833.500    0.001840068878    0.065300392293    0.1094    0.2149  -0.384   55
55841.272   -0.248974538652    0.227498404115    0.1970    0.3562  -0.412   63
55845.206   -0.145522491693    0.194299207124    0.2864    0.2777  -0.840  176
55876.270   -0.221042468724    0.003297611784    0.4703    0.5749   0.114   52
55911.269   -0.068968005170    0.071600402407    0.2990    0.3427  -0.105   42
55915.206    0.395186860156   -0.246200397669    0.1954    0.4774   0.314   55
55916.229    0.878194747535    0.053697590374    0.3566    0.1690   0.672  418
55939.269   -0.032988731001    0.087299997631    0.2327    0.4175  -0.325   31
55944.207    0.057588322345   -0.126399601186    0.0917    0.1053   0.002   66
55957.210   -0.161614155909    0.160999201171    0.1048    0.1667   0.245  138
55985.206    0.807731509985    0.590000394141    0.4384    0.1822   0.477   75
55995.273   -0.646575254291   -0.399200391143    0.3120    0.3366   0.362   51
56016.271   -1.387176005310   -2.534000401511    0.6199    0.7671   0.081   52
56020.208    0.252194031928    0.096098412428    0.1363    0.1615   0.086   65
56022.268   -0.426680358777   -0.844502400810    0.4930    0.9871   0.018   56
56037.269   -0.078852455616   -0.220802397166    0.1932    0.2320  -0.028   40
56044.267    0.161272142084    0.275500812563    0.3059    0.2574   0.123  125
56058.267    0.122418289545   -0.057099592254    0.1777    0.2184   0.204   41
56079.269   -0.159889895014   -0.251600391721    0.1868    0.2212  -0.300   35
56084.207    0.003103606885   -0.481499998273    0.1303    0.1561   0.053   90
56093.269    0.229550474259   -0.073900795883    0.2482    0.2704  -0.096   22
56104.208    0.202308077326    0.556797590434    0.1215    0.2722  -0.226   79
56107.273    0.217020317144   -0.682199998892    0.1602    0.3109   0.098   53
56114.271   -0.153337923154    0.159998401728    0.2635    0.2865  -0.133   17
56121.269   -0.408403789186    0.992998809579    0.4661    0.3316  -0.011   20
56135.273    0.475650434541    0.954298809575    0.2129    0.2777   0.114   69
56139.207    0.172075294039   -1.042801198992    0.0782    0.1921  -0.062  359
56148.247    1.425456071244   -0.573400808435    0.9174    0.7126   0.229   63
56175.209   -0.284148253436   -0.078400799453    0.0886    0.1120  -0.088  287
56177.273    0.009310742248   -0.087299997631    0.2503    0.3320   0.052   81
56188.209    0.307942285395    0.074397601679    0.1654    0.1585  -0.266  134
56191.269   -0.261501873095   -0.288100807211    0.2237    0.2178   0.185   74
56195.207   -0.158165712526    0.240598811274    0.1380    0.1875  -0.402  197
56205.269   -0.105634129662   -0.012999598198    0.1682    0.2080  -0.034  121
56219.269   -0.163567288504    0.152298014200    0.2875    0.2937  -0.729   71
56244.209    0.296104623947    0.261597591589    0.1504    0.2664   0.155  204
56251.207   -0.048735558719    0.082998005269    0.0797    0.1624  -0.069  101
56259.228    0.157247167831    0.017600410729    0.0777    0.1159   0.035   58
56261.269    0.125408754305   -0.448002006692    0.2539    0.2868   0.184  161
56272.209   -0.108048063552   -0.011401209576    0.1059    0.1359  -0.041  188
56280.540    1.471088101486    0.500799606584    1.3953    3.1271  -0.075   13
56302.251   -0.312769996360    0.384998401159    0.3655    0.1614  -0.017  239
56313.540   -0.776693088906    4.929897590955    1.6578    2.8467  -0.435   19
56316.583  -62.644118503530  -26.379799209053   21.5944   11.7077   0.934    5
56322.230    1.103375411044    0.154000792918    0.1035    0.1272   0.163  193
56324.271    0.183799813362   -0.379501204861    0.2051    0.3360  -0.213  102
56338.271    0.378060686448   -0.498301201901    0.1225    0.2995  -0.442  221
56343.228    1.068891369255    0.004899607120    0.4562    0.5679  -0.108   12
56372.251   -0.606686892259   -0.979200004281    0.6873    1.1201  -0.113   18
56392.230    0.063682393990    0.037299597011    0.0992    0.1487   0.135  177
56393.249   -0.031264548514    0.246898795808    0.1452    0.1860  -0.135  136
56401.270    0.124719081310   -0.088502389417    0.1859    0.2267  -0.090   66
56405.207   -0.006320199080   -0.514699195264    0.1143    0.2337   0.087  121
56420.208    0.065635526585    0.205300813150    0.3568    0.3463   0.119   17
56461.207   -0.110348776909    0.455900405427    0.2003    0.2322   0.107   65
56464.272    0.258746003788    0.029498400522    0.1510    0.2024   0.066  173
56470.251    0.115408417470   -0.407699985772    0.1504    0.2174  -0.203  139
56471.270   -0.058851781945   -0.049701606031    0.1551    0.4450   0.297  140
56475.207    0.174376007397    0.154998011226    0.1326    0.1414   0.134   48
56482.206   -0.022414607561   -0.138499208902    0.1399    0.1821   0.103   43
56492.272    0.110348855317    0.451997991036    0.2172    0.2875   0.157   87
56513.270   -0.262423318870   -0.061801188167    0.1842    0.2367   0.036   68
56524.209    0.032646717176    0.470498392247    0.1680    0.1981   0.181   42
56526.251   -0.234604391067    0.780199201245    0.3858    0.6024  -0.761    8
56527.270   -0.391851480491   -0.036399606529    0.2145    0.2807  -0.090   26
56541.270    0.137823025031   -0.649699200039    0.1915    0.3942  -0.050  123
56545.208   -0.926469583367   -1.080701991896    0.2313    0.2782   0.277   70
56547.249   -0.392428011361   -0.515001596568    0.2389    0.1872  -0.252  192
56576.268   -0.268514567843    0.592300813196    0.1577    0.2575  -0.320   71
56602.208   -0.057356549565   -0.097999202353    0.0979    0.1772  -0.096   81
56603.249   -0.091382612731    0.084798011812    0.0769    0.1039  -0.270  330
56604.272    0.501397599095    0.166698015391    0.2206    0.1705   0.155   80
56639.270    0.009081713733   -0.127101606040    0.1370    0.2038  -0.495   86
56645.250    0.087015624654    0.082098014786    0.0806    0.1142   0.320  332
56660.269    0.147707475476    0.335800814355    0.3760    0.3429   0.419   41
56661.920    0.592322311611   -0.185299199984    0.5303    0.3738  -0.367   13
56674.269   -0.071381860653    0.114199210088    0.2795    0.2037   0.154   95
56695.271   -0.277019672298   -0.014900388123    0.1820    0.2303  -0.344   75
56702.265    0.039427717552   -0.229301991794    0.1355    0.1781   0.008   50
56709.271   -0.734048779159    0.701697592831    0.5642    0.4971  -0.617  122
56715.250   -0.697034995498   -1.828299585327    1.0472    2.5486   0.812    3
56720.206    1.471319795859    0.205398015396    0.3098    0.1422  -0.105   99
56730.272    0.010461138130   -0.006901206007    0.1502    0.1933  -0.092   86
56737.271   -0.304149005515    0.110498413619    0.4110    0.5962  -0.333   31
56755.208   -0.001147573210   -0.347299200598    0.1751    0.2753   0.403  153
56756.227   -2.591586785158    0.394498795231    0.4406    0.4740  -0.013   75
56762.206    0.026207887441    0.004500003570    0.0802    0.1023   0.088  155
56772.273   -0.280699810054    0.051199211271    0.1195    0.2813  -0.030  113
56777.269   -0.217594103749   -0.409899595866    0.1319    0.1640   0.159  134
56800.269   -1.014403831123    0.276199210703    0.3898    0.2127  -0.412   66
56805.207    0.083567181271   -0.199900793518    0.0693    0.1142  -0.229  252
56809.214   -0.007241566448   -0.163601995951    0.1717    0.1483  -0.035  100
56828.269   -0.302308936637    0.067899605938    0.2453    0.1811  -0.053   94
56832.206   -0.010458237050    0.226900814937    0.0744    0.0822  -0.115  199
56842.291    0.042070523142   -1.600700397830    0.2806    0.8562   0.010    9
56846.206   -0.010458237050   -0.041299188069    0.0901    0.0981  -0.102  275
56848.248    0.781062978064   -1.058299201873    0.9967    1.2834   0.065   43
56853.208   -0.588297258951    0.689000395937    0.2258    0.1489  -0.697  226
56885.496   -0.396334433366   -0.014601593534    0.3647    1.1093   0.650   18
56886.501   -0.783245060766   -3.856499989752    0.3987    1.4708   0.562   12
56888.207    0.071726775558   -0.017301590560    0.0667    0.0850   0.142  177
56895.208    0.005749235148    0.012798005855    0.0896    0.0963  -0.066  197
56899.496    2.868956939299    1.443898798925    0.9393    2.4133   0.011   11
56900.501   -0.314952157470    5.738500797747    0.8872    2.2620  -0.034   10
56901.790    1.946738536028   -0.666701996010    0.3804    0.9961  -0.485   12
56901.998   -0.460819485661   -3.024500406923    1.5939    3.6928   0.030   27
56903.207   -0.033678403996   -0.099302403100    0.0543    0.0689  -0.058  287
56904.665    0.626345630513   -4.218602401806    0.2770    0.6564  -0.096   10
56905.662    0.238055578715   -3.381001207003    0.3008    0.9000  -0.031   12
56906.659   -2.530321069323   -2.413501206888    0.2869    0.7176   0.058   12
56907.656    0.153340824234   -4.543199992213    0.3646    0.9215   0.086    9
56908.412    2.096972930704   -1.307800792461    0.3870    1.0514  -0.315    7
56910.969    1.976278902054    3.322699197383    0.5671    1.1480   0.487    5
56911.645    1.483389230087    0.516200407219    0.2817    0.7411   0.028   11
56912.642    2.143297378205   -5.346601190581    0.3170    0.8521  -0.089   12
56913.639   -1.504650619092    8.750199592100    0.3028    0.7547  -0.058   12
56914.636    0.482202406402    2.505200399128    0.3008    0.7304  -0.049   12
56915.399   -0.111957151414    6.722099996637    0.3553    1.0206  -0.205    6
56916.959   13.807631127995  -34.916500794679    0.7923    3.5876   0.004    3
56917.627   -2.081455053093    2.396098807367    0.3341    0.7626   0.152   12
56918.625    0.445878374143    9.239598014688    0.3160    0.8152  -0.062   12
56919.271   -1.457868192968   -0.607899599459    0.6232    1.0197   0.680    8
56919.603   -0.480362259117    0.489798000558    0.3769    0.9263  -0.265    6
56920.619   -6.458740004975   -0.673300800713    0.3842    0.7335  -0.202    8
56921.616    3.483346199301    3.424798799756    0.6018    1.5357  -0.318    5
56924.790    1.338324638608    1.102500004890    0.5818    0.9723  -0.128   15
56926.269   -1.038197784674   -1.630400390695    0.1450    0.2005   0.026   68
56932.270   -0.283571644159   -0.250599592277    0.1474    0.2060  -0.059  129
56934.498    2.362499856459    4.150699214733    0.4085    2.1359  -0.230    7
56935.499    2.268474359730   -4.119501591049    0.4720    3.0444   0.238    4
56939.250    0.877160238042    4.152999608209    0.2900    0.6149   0.073   21
56940.273    0.001266282273    0.389300393522    0.1694    0.3088  -0.480  188
56941.496    1.214758775853   -3.946399201027    0.5592    0.8862   0.416   11
56942.501   -1.622357005655    7.694600412833    1.1295    0.9949  -0.015    9
56944.207    1.262230796565    2.050099200801    0.3803    0.4871   0.560  199
56945.792    3.318051905637   -2.999699995598    0.3386    0.7557   0.339   17
56948.498   -1.547065978732    2.209399204389    0.7970    1.9163   0.150    9
56951.208    1.279472856664    1.191898803654    0.1621    0.2356   0.402  370
56961.271    0.030346003819    0.201898811270    0.1679    0.1769  -0.120  135
56962.502    1.355108720084    4.268897990301    0.3950    0.9210   0.519   14
56963.503   -6.974505007391   11.004998410158    0.5003    1.2028   0.342   13
56968.269    0.319208904503    0.000000000000    0.2166    0.1753   0.018   59
56973.229    0.752786071638   -0.268300786388    0.5620    0.3413   0.353   36
56980.228   -0.519213367391    0.291297610033    0.3952    0.5933  -0.156   11
56981.247    0.953369966476   -0.383101192369    0.4730    0.5752  -0.246    6
56983.497   -5.545948151934   -0.103201185198    0.6942    1.6655   0.231   12
56984.501   -1.029692601811  -16.794500407968    0.7790    1.8799   0.206    9
56988.997    0.949460800205    0.707799591737    0.7895    0.8731  -0.184   11
56991.503    4.410276505556   14.456498411164    0.4833    1.3236   0.682   18
56993.205    0.053450284375   -0.369302387071    0.0902    0.1232   0.158  135
56996.269   -0.241846035922   -0.023101188162    0.1614    0.2108   0.604  122
56997.497   -6.709322918132    0.908697603563    1.1888    2.5990   0.521    4
56998.501   -0.671403717334    3.808198812294    1.3012    2.1537  -0.534    4
57000.185   -7.014738205920  -13.269999601562    0.2747    0.3020   0.241  298
57003.271    0.196100941963    0.187599593460    0.1228    0.1656  -0.043  140
57004.498    3.785542072221   -7.396999185971    0.5343    1.2637   0.223   13
57005.499    0.655312209934   10.862499610198    0.7093    1.9902   0.332    6
57006.792    1.441776685568    1.465498800712    0.2877    0.8385   0.134   14
57009.250   -0.545192226317    2.751098395493    0.3853    0.4006   0.271   32
57011.610   -1.831101090043    7.520198403199    0.6630    1.5570   0.344   15
57012.501    0.770143939718    1.021798811962    0.6611    1.6265   0.346    9
57014.207   -2.672166245934    1.190397591699    0.2787    0.5057  -0.208  481
57022.268    3.344949466073   -4.722400800006    0.2317    0.4115   0.148   33
57028.207   -1.252343523447    2.031497990629    0.1592    0.2091   0.129  118
57036.209    0.172996661407   -0.480999585761    0.0802    0.1223  -0.087  342
57039.497    1.499251865787   -2.694002409953    0.4196    0.9363   0.498   27
57040.501    2.343649500263    2.406700809843    0.4215    1.0229   0.536   21
57044.581    5.808374293477   21.007900801351    6.8722    5.1647   0.885   18
57045.271    0.066899064593    0.182098790447    0.0825    0.1149  -0.035  114
57046.458   -0.103796883457   -0.781502401992    0.1942    0.2891   0.312   36
57047.499   -0.185752945957    1.581699609687    0.7590    3.1749  -0.272    4
57049.209    0.424614084057    2.316700815186    0.1491    0.2615  -0.159  177
57052.270    0.145177733603    0.111999599994    0.1540    0.1826  -0.211  110
57054.501   -6.803924945731  -13.975902010088    3.0602    7.9623   0.845    4
57057.230   -2.545609918419   -4.078501197569    0.3250    0.6799   0.139   20
57058.249   -3.013326212438    2.746699200884    3.9568    5.9241  -0.982    3
57059.271    0.098969172491   -0.098099985735    0.1063    0.2264   0.128  102
57060.342   -0.331849302663    4.578800391641    0.3636    0.8338   0.377   17
57061.291    3.374031853477   -1.339599586458    0.2583    0.5835   0.088   22
57062.230    2.197897980055    2.019297599531    0.3583    0.7025  -0.185   12
57063.209   -0.166441866874    0.134697603471    0.1557    0.1597   0.463  486
57064.228    2.017775560183    0.158500796488    2.5796    3.1014  -0.780    6
57065.247   -0.313459669355    2.314000792580    1.3699    1.6452  -0.766    6
57066.273   -0.053218433187    0.139697993973    0.0970    0.1423  -0.158  152
57067.289   -0.337827409511   -0.259199995867    0.2740    0.6341   0.180   22
57068.289   -0.761864962698    1.599897609594    0.2493    0.6159   0.040   20
57069.228   -1.585803944881   -3.521199587908    0.3029    0.6427   0.080   18
57072.249    1.066590577490    1.284098408405    0.2453    0.5779   0.015   23
57072.581  -44.271841181597   87.765199191381   18.1506   12.8523   0.064   12
57073.271   -0.057011713067   -0.001601995336    0.1493    0.1333  -0.086  158
57074.290    0.145983292988   -0.120499194622    0.2389    0.5743   0.031   21
57075.291   -1.444303604768    0.555998408913    0.2971    0.7181  -0.164   18
57076.394   -1.233032444364   -2.741202004586    0.3574    0.8597   0.045   10
57078.228    1.456836506148    0.228499203558    0.2684    0.5917  -0.006   22
57079.229   -0.391277693886   -1.672999198377    0.2562    0.5744   0.073   23
57080.273   -0.311158877590   -0.224701204843    0.1566    0.1606  -0.058  136
57081.289    5.594457583218   -8.890099203995    0.4230    1.0295  -0.009   20
57082.293   -0.531856588224   -2.335899588957    0.3543    0.9832   0.077   18
57087.271    0.037358620159   -0.092800800644    0.1513    0.1705   0.149  134
57093.251   -0.018966164178   -0.696099587572    0.2681    0.6685   0.069   28
57094.270    0.030461811801    0.575499609567    0.2145    0.2924  -0.176   78
57095.497   -2.900563501638    3.227698812225    0.9163    2.0513   0.423   13
57096.501   -0.849570181939    0.862797602963    0.7189    1.7576   0.253   15
57098.832    0.443351376535    0.517798795840    0.1984    0.2179  -0.213   66
57101.271    0.017473754471   -0.104000392298    0.1604    0.1972   0.421  142
57102.499    2.640441052940   -5.869000798953    0.4815    0.4322  -0.212   72
57108.270    0.357715097872   -0.189500408965    0.1028    0.1358  -0.115  192
57109.497   -0.104715506559   -0.412700401853    0.3152    0.8345  -0.248   23
57110.501    2.095938421211   -1.809302403899    0.3511    1.0277  -0.174   21
57114.274   -0.113910284009   -0.137001603662    0.1487    0.1754  -0.037  104
57122.270   -0.087012801981    0.048700806587    0.0848    0.1324   0.042  199
57123.497    4.539130880571    6.071900409665    0.7777    1.8441   0.225   12
57124.501    0.909804210954   -6.782799601979    0.7465    1.7005   0.082   14
57129.272   -0.087934169348   -0.411001204270    0.1146    0.1557   0.280  133
57130.499    0.009655578745   -2.208999600839    0.3653    0.9461  -0.282   25
57131.500    2.673316720224   -2.954800794441    0.3631    0.9693  -0.227   21
57135.251   -0.121957488250   -0.102801607227    0.0936    0.1069  -0.054  266
57135.583 -221.542089999327 -269.508002398311   18.5555   21.8407  -0.080   25
57136.273    0.715775032241    0.839699995936    0.1096    0.1409   0.078  205
57137.497    3.287705980226   -3.804800391549    0.6736    1.0990  -0.577   16
57138.501    1.069236205753   -2.081599200210    0.6440    1.0543  -0.558   15
57140.207    0.662782804896   -0.334000807811    0.1418    0.1426  -0.181  689
57142.271   -0.076438600133   -0.090302395961    0.1246    0.1561   0.220   92
57143.290   96.507423547513  -70.364699999459    0.7080    1.2728   0.244   63
57149.251   -1.261883137395   -3.253100393863    0.3619    0.4182  -0.022   37
57150.270    0.082877508276   -0.641300388793    0.0989    0.1162   0.244  198
57157.268   -0.070692187658    0.393300010160    0.1911    0.2172  -0.135   83
57164.270   -0.315412801950    0.003499204126    0.1256    0.1209  -0.092  179
57171.268    0.253457569935    0.035697601675    0.2291    0.2218  -0.161   45
57173.500    0.066670036078   -0.087101986423    0.3976    0.9195   0.474   17
57176.228    0.796006990662   -0.209300404208    0.2514    0.7159   0.107   19
57177.229    1.060038605630    2.008400409181    0.2614    0.9295   0.439   19
57178.270    0.025518214446    0.258199196423    0.2121    0.2534  -0.622   96
57179.289    0.368521072500    0.144698410054    0.2083    0.6833  -0.022   22
57180.293   -0.996356211640   -1.059800388248    0.2250    0.6100  -0.005   27
57184.227   -0.463120277426   -2.701000792626    0.2634    0.7582   0.058   15
57185.268   -0.266329662468    0.098398805903    0.2296    0.2393   0.210  108
57186.291    0.543584008627    1.764100801438    0.2336    0.7195   0.011   16
57187.291   -0.306675924715   -6.201302409181    0.2435    0.7099   0.166   25
57190.246    1.800526292932    0.756100794774    0.2767    0.7984   0.210   30
57191.123    0.711750057988   -0.603302393642    0.4185    0.9875   0.614   19
57192.270   -0.258285202493    0.424699200607    0.1769    0.2565  -0.486  137
57193.289    4.302570534237   -1.563699595408    0.3041    0.8577  -0.201   11
57194.290    0.183226026757    0.921499190554    0.2697    0.7608  -0.116   15
57195.228   -0.670598157949   -1.413302396713    0.2225    0.6387  -0.021   24
57197.226   -1.109350695219   -2.852301588518    0.2471    0.7734   0.032   21
57198.227    0.538756219254   -0.744699585198    0.2215    0.6871   0.003   19
57199.272    0.079773979798   -0.148302004277    0.2028    0.1686   0.271   72
57201.500    1.879494713345    3.062397593112    0.3342    0.6186   0.116   18
57204.363    1.905586714396   -1.036101585328    0.7190    0.5876  -0.277   34
57205.269    0.133684908653   -0.010299601172    0.1077    0.1411   0.061  189
57213.272   -0.584043334591    1.686599992468    0.1179    0.1327  -0.001  191
57220.270    1.155791107519    0.551599214305    0.1467    0.1668   0.035  126
57227.272   -0.074024744650   -0.309499191076    0.1294    0.1817   0.075  210
57231.205    1.144179651913    0.765399596503    0.1059    0.1107  -0.009  324
57252.207   -0.129083246715    1.138298389947    0.0867    0.1012   0.180  342
57260.228   -2.315601543945   -3.401802001690    0.3971    0.8128   0.442   78
57262.270   -0.256216183508   -0.336002406698    0.0930    0.1181   0.005  223
57266.207   -1.624886747527   -0.735699603638    0.0855    0.1103   0.131  420
57287.206    0.080234702686   -0.632599201822    0.0628    0.0761   0.171  585
57291.501  -51.614638232973  259.469999994622    2.3496    4.3104   0.075   52
57294.207   -1.011184337848   -0.993401994265    0.0818    0.0729   0.076  423
57297.272    1.344763468344   -0.110300402412    0.0936    0.0895  -0.086  274
57301.209    0.259435676783    1.015498801848    0.0885    0.1260   0.144  188
57302.228    0.935206539010    0.006598804703    0.4931    0.4593  -0.284   25
57303.247   -0.816810401045   -0.208101593557    0.2012    0.2516   0.249   88
57304.241    0.645195986708    0.504698414261    0.0778    0.0982  -0.213  264
57309.208    0.895436807633   -0.110401185793    0.0749    0.0921   0.059  764
57311.272   -0.503350731690    0.125697596332    0.0966    0.1045  -0.102  184
57317.207   80.215221932683   33.156500393261   23.7511   14.4109  -0.274   14
57322.208   -1.154982725461   -0.336401984669    0.2638    0.2722   0.017  700
57325.268   -0.448292151218    0.596498389882    0.1188    0.2152   0.124  188
57344.228   -5.946191673162    3.853799992726    4.4187    3.7092  -0.969    3
57346.270   -1.030495416931    0.876700798358    0.0920    0.1594   0.350  280
57352.290   -0.365875365830   -3.746199587340    0.2417    0.2526  -0.199  110
57359.251    2.273302149103    2.197098004331    0.0835    0.0858   0.191  199
57373.248    1.199354040368  -11.805602409254    0.7495    2.1856  -0.011   73
57378.208    0.681635905357    0.300200414927    0.1382    0.1229   0.483  221
57400.207    0.134719418145   -1.154401195436    0.0877    0.1052   0.057  336
57402.270    0.265069025541   -0.911800785275    0.1495    0.2063  -0.305  134
57406.208   -0.285527599426   -0.179802003686    0.1930    0.1368   0.379  249
57409.269   -0.754165339220   -0.271602004887    0.0936    0.1061  -0.015   94
57414.207    0.336450886193    0.093499198783    0.0695    0.0778   0.102  469
57423.269   -0.059425568550   -0.043502404878    0.1054    0.1209   0.073  216
57430.270    0.811640597847    0.798098406563    0.1811    0.1978  -0.156   83
57435.227   -0.960724596641    0.481600807234    1.3402    1.4987   0.127    7
57436.257   -5.645491111030    4.947098398134    2.0654    2.1944  -0.693    9
57444.270   -0.386220954405   -1.463500808541    0.1554    0.1725   0.106   66
57458.270   -2.357785130804   -0.439901990035    0.2392    0.3119  -0.327   69
57462.208    0.662209018291   -0.074800786365    0.1769    0.2293   0.350   52
57465.269   -4.195898994002    0.243597602889    0.1341    0.1638   0.029   92
57469.206   -0.465647275034   -0.421401588824    0.1157    0.1442   0.061  200
57471.270  -18.592975032566   19.732698009989    0.2166    0.3174   0.138   82
57484.229   -3.491506388852   -0.047501995937    1.9992    4.5597   0.598    5
57485.251    0.455420732356    0.627299991152    1.0138    1.3839   0.286   12
57490.208    0.076554564931    0.145198796986    0.1247    0.1270   0.164  262
57493.269   -0.600134920399    0.336999599426    0.1281    0.3061  -0.139   44
57497.206   -0.273226470826   -1.501999190623    0.1271    0.1633   0.085  250
57499.251   -0.059886291437   -0.490500005412    0.5853    0.3399   0.351   41
57514.271    1.333038949021   -0.981601206718    0.2972    0.3690  -0.054   69
57518.208    0.345529855661    0.518900404245    0.1961    0.5283   0.220  156
57520.250   12.399761953347   17.126499591313    2.1276    2.1518  -0.134    4
57521.269    0.190238721505   -1.240401599034    0.2421    0.2622  -0.130   55
57528.271   -1.357748703002   -0.184899596434    0.2063    0.2922  -0.138  128
57535.269    4.949261674917   -4.427301610122    0.5863    0.7129  -0.336   38
57547.209   -0.149773671788    0.036799210079    0.2933    0.4359   0.759  231
57561.227    0.874630496170    0.730299609586    0.4727    1.0255   0.321   37
57562.250   -0.379782046263   -0.111301201855    0.2667    0.5297  -0.251  120
57563.269   -0.067817609288    3.234398400309    0.1627    0.2088  -0.231   71
57574.208    3.785542072221    3.683098805141    0.2050    0.2597  -0.038  198
57577.269    0.639678524341   -7.653301199184    0.1836    0.4343   0.082   66
57584.271   -1.058543373250    0.416699992911    0.1387    0.2272  -0.153   47
57605.269   -4.144401920630   -7.906301993899    0.2533    0.3662  -0.074   91
57612.271   -0.726346411416   -2.703999609821    0.1797    0.2307  -0.176   52
57624.229   -0.124716258637   -1.270900799000    0.3155    0.9673   0.261  118
57625.248   -1.699601165173   -4.834000796450    0.3228    0.4693   0.339   21
57630.208   -0.336103227023    0.413600392335    0.1613    0.1582   0.010   91
57633.269    0.084830719278    0.338299193459    0.1598    0.1567   0.000   76
57636.998    1.187055656032    0.382698007684    0.4101    0.5120   0.204  147
57639.230   -1.842249156903   -1.707400787154    0.1794    0.3034   0.026   70
57651.206   -5.386747851507    2.988900007495    0.2619    0.2616  -0.776  147
57660.250    0.553813295570    3.017897995505    0.9056    1.5812   0.058  395
57661.269   -5.236626520549   -1.891400393106    0.2177    0.3432   0.020  106
57675.269   -0.641286742031   -0.092199604751    0.1423    0.1477  -0.158   61
57680.229   -0.040114489467   -0.347799587530    1.1605    0.6195   0.029   25
57689.269    0.704163576636   -1.804499999025    0.1798    0.1799   0.061   57
57693.207    0.520363841681   -0.353199607162    0.1683    0.2282  -0.044   47
57696.271   -1.040727526546   -1.960502390830    0.3316    0.2126  -0.203   19
57716.999    0.085981115161   -0.291599985758    0.2726    0.6206  -0.070  195
57721.207    0.859112696967   -0.136299598807    0.1350    0.1337   0.281  152
57729.228   -1.801902816249   -1.087300796598    0.6760    0.4864   0.525    7
57736.229    0.585999289858    2.237299190710    0.2927    0.3053   0.250   69
57744.272    0.530480064906   -0.197899194632    0.0917    0.1086  -0.098  159
57752.271    0.781294672436    1.057600803733    0.1120    0.1350   0.223  125
57757.209   -0.222534956839   -0.083001586404    0.1496    0.1358  -0.145   85
57764.207   -0.869570934017   -2.408299198464    0.2077    0.1737  -0.040   27
57765.248   -0.288054597034   -0.493401594781    0.2391    0.2906   0.242   12
57773.269 1234.866581473718  211.783298405521    0.1833    0.1694   0.421   35
57778.229    0.351623848899   -0.001900789925    0.2273    0.2227  -0.009   22
57791.207    0.092648895004    0.766097994642    0.1726    0.1654  -0.222   19
57793.249   -0.764739541068    0.636699601841    0.2794    0.6332  -0.652  122
57794.271   -0.962217084756   -2.375402402777    0.2438    0.2322  -0.558   23
57798.209   -0.271273259823    0.265500005980    0.2723    0.2093  -0.408   78
57805.189    1.443961590943   -3.141302386211    1.0534    1.0443   0.002   19
57812.209    0.104947279339   -0.654102001363    0.1787    0.2282   0.024   48
57822.271   -1.637758918468    0.201798002308    0.2610    0.3257  -0.066   42
57826.209    0.480362337524   -0.333701987643    0.1582    0.2205   0.114   45
57833.207   -3.526909053743    0.314999994089    0.2753    0.2972  -0.027   22
57834.230  -21.709066441640   -1.783400409749    1.9207    1.2668   0.216    9
57836.293   -0.525765339251    0.152697592171    0.2678    0.2482  -0.193   36
57839.792    0.281850284344    0.750599991761    0.1979    0.1881   0.130   66
57841.228   -0.751061810742   -1.500602394344    0.4470    1.0703   0.113   24
57850.271    0.405647919879    0.122000406577    0.1031    0.1040   0.112   76
57863.227    5.782511320941    3.944199590933    0.2796    0.3713   0.052   48
57868.209    0.367486563007   -3.086200786129    0.1824    0.4114   0.290   50
57871.270   -0.157247089424   -1.246201196636    0.1224    0.1276   0.015   84
57872.197    0.002874656778   -0.424699200607    0.1229    0.1608   0.018  119
57875.167   -0.491165411072    0.218998809487    0.5313    0.5750  -0.525    6
57875.189    0.092877923519    0.002300393476    0.1687    0.2357   0.311  105
57876.208   -0.178856137600    0.117298810665    0.0838    0.0751  -0.118  245
57899.270   -0.996243147922    0.895698005365    0.1563    0.1347  -0.135   98
57901.417   -0.711863121706   -3.341300407556    0.1615    0.1512  -0.073   72
57904.690   -0.560478331147    0.372099611923    0.2566    0.3237   0.609   36
57911.206   -0.936814756700   -1.256900401359    0.1369    0.1241   0.025   80
57917.207    0.928541425025   -3.688502405907    0.0829    0.0951   0.004  292
57920.301   -0.094254446836   -0.482000385205    0.1264    0.1695   0.054   79
57924.209   -0.159316108409    1.084197614887    0.1126    0.1498   0.162  102
57939.228   -0.318055685948   -0.162399604164    0.3459    0.5502   0.239   77
57941.270   -1.389360910685    0.088797602871    0.1271    0.1383  -0.243   65
57946.230   -7.363945376664   -0.967201205526    0.4518    0.4223   0.339   19
57966.209    0.824857683693    1.042797592277    0.1466    0.2023  -0.046  147
57967.228    0.030577698191    0.053298012404    0.1181    0.1678   0.407  302
57978.131   -0.039885539359   -0.354801602498    0.1437    0.1640   0.092  118
57983.270    0.608184947312   -0.663501586473    0.0926    0.1087   0.077  123
57987.207    0.506915061463   -0.340901988238    0.1088    0.1352   0.098  107
58008.209   -1.477753058656   -1.903701593164    0.0900    0.1107   0.187  186
58009.228  -10.631076739799   -4.010799602838    2.1485    1.8067  -0.063    5
58010.247   -1.089694779638    1.192899603097    1.0142    1.0907   0.174   93
58011.270    4.489244925969   -3.990999607595    0.1192    0.1391  -0.536  204
58015.324    1.343152427981   -0.914000395369    0.3643    0.6211   0.141   15
58018.268    0.725085774489   -4.023399597486    0.0861    0.1540  -0.033  266
58022.209    1.429249351125    1.151298013724    0.1543    0.2193  -0.027  168
58025.270   -0.175868417104    0.394398011849    0.1183    0.1565  -0.082  147
58031.249   -0.806236199197    2.799198006187    0.4076    0.3802  -0.150   17
58032.268   -1.490743938659   -0.745801193602    0.0927    0.1074   0.092  110
58036.001    2.421122688297   -0.893199600682    0.3596    0.4738  -0.273   49
58043.207    0.577494185403    0.948200391804    0.0694    0.0860   0.095  292
58053.270    0.088623920751    0.370198796418    0.1544    0.1431  -0.032   83
58071.207    0.027129333216   -1.328900407316    0.0893    0.0987   0.071  161
58072.226   -0.010113400553    2.463699593136    1.3554    1.1345   0.300    4
58081.000    0.040691177152   -0.887000399530    0.3202    0.7181   0.025  150
58085.500    0.769454266723    1.485100810328    0.1217    0.1814  -0.698  138
58086.500    0.737844803304   -0.021301207198    0.0680    0.0618  -0.093  260
58087.498   -0.197132628783   -0.916099196502    0.0648    0.0817  -0.078  237
58088.498    0.046095497394   -0.236102388840    0.0570    0.0678  -0.092  294
58089.499   -0.030690761909    1.247799610837    0.0723    0.0803  -0.185  222
58090.500   -0.333115506528    1.709798408456    0.0641    0.0730  -0.084  188
58091.453   -0.136785614458    0.264999593469    0.0200    0.0408  -0.047  127
58091.497    1.975244392561   -0.010202398926    0.0789    0.1149  -0.516  326
58092.454    0.178282429402   -1.716699588883    0.2615    0.3375   0.573   98
58092.498   -3.725881829811    0.783500394164    0.0534    0.0626  -0.123  579
58093.451   -2.561011831232    0.585100812600    0.5683    0.4719   0.670   99
58093.499   -3.710824753495    1.041300012616    0.0520    0.0636  -0.046  423
58094.452   -0.017355045408    0.286599595256    0.1529    0.1849   0.453  108
58094.496   -0.069312841668   -0.120002388826    0.0533    0.0702  -0.101  329
58095.478   -1.310621518787    0.590500806652    0.4702    0.2587   0.370   89
58095.500    3.355871248684   -3.077099995608    0.0931    0.0802  -0.126  226
58096.497   -0.500820989817   -0.515401200119    0.0570    0.0662  -0.002  330
58097.498    0.491742098757   -0.106001991185    0.0566    0.0675  -0.091  258
58098.499   -1.816846828847   -3.470500789149    0.0672    0.0819   0.191  295
58099.500    0.206446193703    0.828900007832    0.0682    0.0823   0.197  325
58109.000   -0.027010624154   -1.738501208592    0.4993    0.9908   0.023   45
58121.207   -3.495528618839   -3.810902390455    0.1110    0.1132  -0.079  195
58123.270   -1.081073788793   -0.224499586921    0.1499    0.3012  -0.030  135
58129.249   -0.463809950421    0.074300399433    0.3583    0.4381   0.175   32
58137.270   -0.045976788332   -0.034199996435    0.1543    0.1625  -0.082   88
58141.208    0.123223848930   -0.339199209520    0.0950    0.0943   0.094  203
58144.268   -4.302683519546   -1.072900795407    0.1258    0.1485   0.074  112
58149.228   -0.238742429037    0.491097594590    0.2804    0.2794   0.000   38
58158.272    0.834055205408    0.111398404101    0.0923    0.1167   0.055  114
58159.408    0.032415022804    0.364298389854    0.2067    0.2399   0.211   56
58165.270    0.036668947164    0.574300798917    0.1120    0.1249  -0.048   60
58169.208   -0.589100074071   -0.491201984687    0.1500    0.1427   0.286  162
58172.272   -0.648412578903   -1.851001195519    0.1980    0.1741   0.084   22
58176.209   -0.028045133646   -1.637999994841    0.0962    0.1477   0.147  227
58177.229 -753.939754287070  753.355198793315    3.1654    2.5344   0.113   22
58186.272   -0.992449868042   -1.474901992538    0.1746    0.1696  -0.016   29
58190.206    0.672438305234   -1.349200789491    0.2679    0.2248  -0.124   35
58193.270   -1.928690916544   -0.423302404329    0.3178    0.3124   0.102   33
58198.227    2.024788254931   -0.201002401923    0.7780    0.4189   0.010   20
58200.272    0.476455993927    0.372798010062    0.1028    0.1367   0.053   65
58203.797    0.154833233941   -0.087101986423    0.7184    0.5249   0.786   45
58214.269   -0.255755460620    0.097099211871    0.0970    0.1295   0.032  183
58216.836   -1.030495416931    0.059097610006    0.1563    0.1869  -0.057  125
58220.251   -1.780293768073    0.325598389850    0.4260    0.3394   0.118   18
58221.270   -0.026091922643   -1.159099184633    0.1548    0.1667  -0.147   31
58232.210   -0.668529138964   -0.274201192951    0.1984    0.1660  -0.013  191
58233.225    0.727728580079   -0.159901199481    1.2064    0.6554  -0.147    6
58238.207   -0.750945924352    0.127800004179    0.2022    0.1923   0.225   77
58240.165    1.767192647025    0.884397604750    0.9433    0.8106   0.235    5
58245.742    1.061189001512    1.005998407777    0.1267    0.1315  -0.048  109
58246.082    0.090003345149   -1.155801598429    0.1185    0.2450  -0.241  110
58249.270   -1.213837251671    0.349599594074    0.1075    0.1366  -0.001   56
58256.272    0.682325578352    0.556797590434    0.1079    0.1200   0.177   92
58261.207   -0.129199133105    0.236397602293    0.1189    0.1500   0.098  343
58263.270    1.025209805751    1.166698814359    0.1671    0.1928   0.096  286
58272.782    0.061726438723    0.450100807825    0.1538    0.2713  -0.056   33
58288.206   -0.159200222019   -0.102700798266    0.1393    0.1229  -0.039  160
58295.208    0.266216598751    0.288900014311    0.1121    0.1091   0.106  178
58298.269    0.150926890344    0.282600004198    0.1348    0.2325   0.422  322
58326.269   -0.239432102032    0.047700007144    0.1886    0.2201  -0.054   86
58330.206    0.049657004495   -0.081799194618    0.1370    0.1616   0.120  123
58333.271    0.327598200976    0.046098011808    0.1843    0.1970  -0.220  110
58338.227   -0.240237661417   -0.197099987531    0.3271    0.3174   0.449   38
58352.231    0.077933910921   -0.727200009010    0.2156    0.4020   0.618  375
58361.271    0.252538868425    0.375699599431    0.2041    0.1811   0.055   53
58368.269    0.398290388633   -0.151199986931    0.1635    0.1965  -0.014   96
58372.206   -0.054942615675   -1.370800791278    0.1664    0.1923  -0.330  264
58374.252    0.602667484944   -0.232099191066    0.1559    0.1660  -0.051  222
58379.208    0.432429593925   -0.736901995424    0.1182    0.1372  -0.081  203
58380.227   -0.800487042457   -1.935201592573    0.4014    0.2707  -0.050   34
58400.206    0.131960726165    0.025200014875    0.0838    0.0844  -0.053  341
58401.229    0.178514123775   -0.597002409108    0.1055    0.2669  -0.203   76
58402.252    0.349438943524   -1.145102393707    0.2749    0.3455  -0.089   38
58410.269  521.138404671226-5968.484899193527    0.2294    0.2221  -0.224  119
58421.208   -0.237707919544   -0.280699188693    0.0851    0.1118   0.120  366
58428.206    0.062992642588   -0.026100005357    0.0958    0.1176   0.053  274
58437.246    1.343613072461   -1.189299590010    1.0279    1.8692  -0.643    6
58437.250    0.034484041789    0.148698001112    0.0615    0.0744  -0.117  352
58443.269   -0.389092788511    0.248597993391    0.2757    0.4234  -0.015   48
58452.269    0.148741984968    0.080798395174    0.1316    0.1620   0.036  346
58463.208   -2.399165980951   -0.803001594818    0.5896    1.7215  -0.847  201
58464.227    2.163298130284    5.943099606043    1.0611    0.7672  -0.124   12
58464.227  -12.922307799323   -7.208099998479   12.0657    5.8875   0.978    5
58465.250    1.021303462153   -0.344300408983    0.6546    1.3295   0.258   48
58466.269    0.177592678000    0.230500802445    0.3417    0.3208   0.023   22
58471.226   -1.070728615460    0.802699193514    0.1070    0.1808   0.071  200
58472.708   -4.527290318043   -8.294601587977    0.2562    0.2534  -0.165  226
58480.269   -0.423808524672    0.892497595828    0.1555    0.2246  -0.199  148
58487.271    0.043565755522   -0.234601202465    0.2430    0.1904  -0.114  157
58491.249   -0.075404090640    0.635500791191    0.0372    0.0667   0.158  277
58504.916   -1.232113821262    1.418500798422    0.5542    0.5461  -0.015   28
58505.161    4.250154837762   16.473898801905    0.5505    0.4639  -0.123   28
58506.249   -0.191615244823   -0.321800391134    0.0271    0.0515   0.026  163
58508.269   -0.007009872075   -0.094201203638    0.1090    0.1400   0.054  153
58510.833   -0.207593766913   -0.127400400629    0.1382    0.1630  -0.021  109
58512.780    0.833133838041   -1.652201984825    0.2313    0.2817  -0.388   77
58515.271   -0.160005781404   -0.155401195912    0.1396    0.1634  -0.366  325
58519.249   -0.218167890354   -0.235602001908    0.0229    0.0371  -0.011  142
58527.229  -30.237652866775   10.157598001115    0.7373    0.5375   0.122   15
58534.249    0.083222344773   -0.448801188213    0.0281    0.0677   0.315  248
58536.269    0.748303118762   -0.013399201748    0.7649    0.3603  -0.244   12
58547.249   -0.595651967524    0.291099598826    0.0239    0.0741  -0.303  276
58554.207    0.449671575615   -0.070300808375    0.1369    0.1405  -0.134   55
58561.209   -0.027816183539   -1.295200797813    0.0444    0.0971  -0.190  645
58561.249    0.204032259813   -0.147002384665    0.0687    0.0797  -0.929  165
58562.228    0.350934175904   -0.002001598887    0.3912    0.3998   0.311  101
58570.249    0.191386294715   -1.174600794229    0.6032    0.8293  -0.559   21
58571.271    0.176213332010    0.135100813736    0.1022    0.1120   0.083  197
58575.209    0.118167109450    0.054698389818    0.0878    0.0767  -0.023  195
58575.209   -0.365759479440   -0.825102009117    0.0838    0.1446   0.668  572
58575.249   -0.191615244823   -0.573199190512    0.0536    0.1467  -0.234  273
58584.249   -1.584424520483   -0.634802393051    0.8769    0.5618   0.699    6
58589.249    0.284609054731   -0.538099203595    0.1343    0.2624  -0.608  212
58597.208    0.052415774882    0.135597593953    0.0904    0.1434   0.046  252
58603.209   -0.546800600822   -0.020001587586    0.2128    0.2026  -0.168   36
58603.249    1.558103647732   -2.602101599791    0.2413    0.3614  -0.388  210
58610.083    0.340244166074   -0.294199199402    0.1869    0.2659   0.070   57
58611.208    0.263918629658   -0.385999200603    0.1339    0.1549  -0.548  107
58612.230    0.605539319049   -1.678201206801    0.2303    0.2539  -0.073   31
58613.271    0.095520729109    0.057499195805    0.1418    0.1383   0.183  244
58617.209   -0.160579568009   -0.255401997151    0.1251    0.1170  -0.207   82
58617.209    0.179087910380   -0.005202008424    0.0740    0.1009  -0.259  201
58617.249    0.401280853394   -0.190900786379    0.1260    0.1606  -0.172  175
58618.228  -15.457572544409   -3.550701595145    1.4777    0.7063   0.080   17
58645.413   -0.024712576653   -1.521399607896    0.2332    0.2417  -0.200   91
58646.250   -1.213031692286    1.901199607346    0.5143    0.5404  -0.879  151
58653.230    0.449326739118   -0.003099600576    0.3185    0.2294   0.108   49
58655.271   -0.309779531600   -0.158202001899    0.1467    0.1702  -0.002   57
58659.209    0.072416448553   -0.053802006050    0.1120    0.1177  -0.010  174
58659.249    1.973865046571   -1.092499198307    0.4276    0.3807  -0.443  135
58661.251    0.847733014141   -1.688000395461    0.1700    0.2089   0.038   54
58662.270   -0.302769581117   -0.020599202344    0.1563    0.1548   0.028   51
58668.249   -2.721936314146    2.457000005052    0.9124    0.9650  -0.261   42
58673.209    2.257439513403   -0.202802408467    0.2257    0.1595  -0.219  219
58680.207   -0.071037024155   -0.035899194017    0.1120    0.1058   0.004  163
58682.249    1.754317731820   -0.247600800662    0.5829    0.3400   0.010   26
58683.271    0.043220919024    0.009197992767    0.1982    0.1824   0.319   64
58687.249    0.035405487564   -0.149400005967    0.2888    0.4131  -0.015  208
58688.228   -1.097394403116    0.347299200598    0.0564    0.0724   0.223  311
58689.251    0.363577396737   -1.468101595492    0.3907    0.3613  -0.102   18
58690.270   -0.112417874302    0.331398013032    0.3602    0.2572  -0.449  103
58701.249   -0.535881562476    3.299598009221    0.0459    0.1499  -0.024  364
58703.251   -1.242572136720   -4.365601205336    0.7673    0.5143  -0.122   34
58715.209    0.304035941797   -0.082799994061    0.1274    0.2271   0.089  150
58715.249    6.173444178329    4.222000796972    0.1858    0.2144   0.181  311
58718.270    0.154143560946    0.136497610015    0.1828    0.2293  -0.134   73
58725.272   -0.809684642580    0.466898404738    0.3774    0.2217  -0.526   92
58729.209   -0.063450542802   -0.303102004295    0.0920    0.1002   0.060  486
58730.228    0.541054188347    0.594500397710    0.0254    0.0409   0.151   77
58732.248    0.295988737557   -0.259001984659    0.2434    0.2444   0.970  304
58737.230   -2.104443525666   -3.761100001043    1.0849    1.0320  -0.069   42
58743.209   -0.132302739990   -0.240602392410    0.0802    0.1058  -0.006  331
58743.249   -1.155559256331    0.769100392972    0.0507    0.0704  -0.166  372
58744.228  -17.504543634120   -2.331201599759    1.6131    0.9709   0.222    8
58751.230   -0.931068344225    0.693197998203    0.0789    0.1514   0.080   87
58753.268   -0.070805329783   -0.062701204229    0.1369    0.2450   0.242   81
58757.209   -0.739221326622    1.310097604801    0.2674    0.3328  -0.021   53
58757.249    0.139776157626   -0.101800807784    0.3283    0.1994  -0.172  111
58767.272    0.487719868769   -0.772300802510    0.1211    0.1208   0.026  200
58771.209    0.168742737047    0.689000395937    0.1391    0.1775   0.778  531
58772.228   -0.127359064228   -1.983301203268    0.3018    0.2734  -0.162   22
58774.270   -0.002069018985    0.136098006465    0.1201    0.1967   0.260  227
58778.211    0.353806010009    0.042897602270    0.1531    0.1647   0.071  105
58781.272   -0.240466611525    0.089899211275    0.2848    0.3564   0.338  157
58785.209    0.293919718572    0.068399992870    0.1982    0.1442  -0.308  160
58785.249    0.192536690598    0.384098410677    0.1486    0.1456   0.033  182
58787.269   -0.116211075775   -0.430999185141    0.3119    0.1864   0.237  140
58795.272    0.271505111011   -0.811699200653    0.1292    0.4328   0.295  154
58802.248   -0.437602141387    0.332899199407    0.0155    0.0221  -0.033  111
58802.270   -0.072416370145    0.286199991706    0.1375    0.1713  -0.334  264
58807.230    0.101959637252    0.475200013739    0.0569    0.0679  -0.058  111
58808.249   -0.540019600446    0.079797595731    0.3343    0.3796   0.214   59
58809.272   -0.153798646041    0.053697590374    0.1323    0.1946   0.007  164
58813.249    0.019771801971   -1.025899186402    0.0325    0.0449  -0.033  272
58814.272   -0.012414192318    0.059799614860    0.1322    0.1600   0.259   84
58816.084    0.570365604265    1.316800799600    0.8771    0.8481  -0.101   30
58821.230   -1.968231619406    0.692099996513    1.6236    2.2877  -0.107   10
58827.209   -0.906468831289   -0.487101584667    0.1178    0.1233   0.631  418
58827.249    0.074946190425    0.872297997034    0.1844    0.1483   0.059  262
58828.228   -1.100613817984    1.288198808425    0.0998    0.1274  -0.033  273
58830.270    0.281389561456    0.319600806620    0.1851    0.2269   0.162  154
58834.083   -0.053450205967    0.609998400591    0.1185    0.4137  -0.500  182
58837.272   -0.815891777943    0.117597605254    0.1262    0.1499  -0.269  144
58844.248    0.244836579090    0.570200398897    0.0884    0.2041   0.324  179
58844.270    0.307597448897    1.694998803714    0.1852    0.3663   0.227   31
58848.207   -0.403118099599   -1.102899608441    0.2935    0.8617   0.643  166
58858.270   -0.020113815796   -0.203201986437    0.1488    0.1463  -0.023  111
58861.959   -0.714276977188    0.437500813177    0.3201    0.3690  -0.544   36
58862.207   -0.226099208204   -0.243399591682    0.0877    0.1108   0.388  306
58865.272    0.487375032272    0.309898794626    0.2025    0.2433  -0.362  125
58868.833   -4.944662757245   -2.846300398573    1.4767    1.9411   0.056   10
58871.905   -0.270699473218    0.392000390548    0.2097    0.2692  -0.187   90
58872.270    0.026552723939    0.059698805899    0.0844    0.1200  -0.018  201
58877.230   -1.382119265830    1.168300809695    0.3048    1.2286   0.017    9
58879.272   -0.013677730326    0.156297605258    0.1062    0.1369   0.054  171
58883.209    0.033104695799    0.213199211885    0.0753    0.0827  -0.098  494
58886.270    0.025060235824   -0.249800385177    0.1254    0.1526   0.046  134
58891.230   10.547857296106   16.634898003076    0.4245    0.4428   0.224   16
58893.272   -0.195753282793    0.098200794696    0.1766    0.2685   0.115   64
58899.905   -1.086820201268   -0.465901186431    0.1340    0.1576  -0.088  126
58904.208    0.505422573348    2.392099190729    0.1517    0.1972   0.500  229
58911.250   -0.065977540410    0.862599591755    0.0801    0.0820  -0.122  397
58918.208   -0.499902288307    0.369900001829    0.1628    0.2022  -0.126  215
58922.379    0.452201317488   -0.672901197163    0.8359    0.2125  -0.500  137
58925.250   -0.589789747066   -0.071899196996    0.0555    0.1090   0.221  592
58926.228   -0.063105706305    0.256600807802    0.2929    0.4728   0.013   16
58928.270    0.142534849606    0.175600794705    0.1422    0.1334   0.176  291
58935.268   -0.091266726341    0.514299591714    0.1056    0.1374   0.087  177
58939.250    0.145638456491   -0.349199990524    0.0736    0.1601   0.042  112
58942.270    0.089890203024    0.199497608833    0.1254    0.1791   0.105  142
58942.891   -0.060920800930    0.097898393392    0.1664    0.1700   0.126  203
58947.227   -1.787764363036   -0.310899594069    0.5547    0.4801   0.076   22
58956.270    0.377255127063   -0.060400785173    0.2353    0.1886  -0.091   31
58962.271    0.081958885173    0.134798412432    0.1399    0.1871  -0.253  112
58967.210   -0.236560267927    0.654800399502    0.1782    0.3929   0.217  310
58981.210    0.005749235148   -0.020401191136    0.1105    0.1789   0.074  549
58983.251   -0.075748927138   -0.204299988127    0.1490    0.2128   0.052  109
58996.207    0.263802743268    0.010198792211    0.1859    0.2214  -0.462  413
59003.209    0.196674806975   -0.375501588223    0.1070    0.1404   0.000  357
59009.250   -0.399324819718    0.303098397580    0.2435    0.3359  -0.740  125
59011.270    0.346680251544   -0.499302001344    0.2624    0.3115  -0.021   38
59019.269   -0.561168004142   -0.840801604340    0.2507    0.2402   0.391  159
59023.250    0.386797563683    0.119700013101    0.1404    0.2638  -0.338  252
59025.251   -0.026552645531    0.664300793574    0.2463    0.1990  -0.363  483
59026.270    0.471628282961   -0.460699203586    0.3482    0.3768  -0.446   83
59032.271   -0.330814793171    0.226598413633    0.1552    0.1777  -0.041  140
59037.250    0.614047246177    1.177200007874    0.2205    0.2151  -0.268  400
59039.251    0.176789941287    0.485600398292    0.3789    0.8097   0.804 1117
59040.270   -0.081840176111    0.020300407755    0.1450    0.2261   0.273  122
59053.248   15.957364591671    1.102399195929    0.7651    0.6908   0.256   42
59054.270   -0.192533867925    0.359600400657    0.1378    0.1762  -0.072  226
59061.269   -0.578065149336   -0.736199990570    0.1828    0.2317   0.439  120
59071.916   -1.968347505796   -4.408901992292    1.7416    0.8034   0.318    7
59075.269   -0.327598122568   -0.857199597704    0.3761    0.7178   0.368  131
59080.251    0.733361928837   -0.903700794197    0.0707    0.1301  -0.396  253
59086.208    0.404152687499    0.363200413744    0.1944    0.1077   0.145  301
59089.269    1.827194824853   -0.514400400675    0.4134    0.3485  -0.214   63
59096.271   -1.335678931938   -0.498301201901    0.3989    0.4193   0.414   51
59101.209   -0.142074126718    0.896299201258    0.0872    0.2929   0.212  455
59103.269    0.120004434062   -0.052700397646    0.2517    0.2887  -0.070   39
59107.250   -0.112530938019   -0.281102398958    0.0999    0.1352  -0.276  239
59110.271   -0.495764250337    0.764798400610    0.3505    0.3871  -0.025  112
59122.229    1.374188026387    9.657399590424    0.7356    5.3375   0.336    5
59130.250   -0.326792563183   -0.196502398353    0.6246    0.3976   0.317   17
59138.271    0.141616226503    0.573400808435    0.3952    0.4348  -0.169   16
59163.250    0.112533760692   -0.200199588107    0.0562    0.0993   0.079  348
59172.250    0.105063165729   -0.072701985232    0.0684    0.0797   0.056  346
59201.269    0.485766657767    0.233798414229    0.2048    0.2622   0.248   27
59222.271    0.518294744288    0.469799994107    0.7390    0.6437   0.483   95
59229.269    0.204377174718    0.161600397064    0.2369    0.2946   0.532  136
59247.250    0.082532671778   -0.232700386960    0.0455    0.0931   0.129  466
59249.248    3.720712105021    3.174498002068    5.2459    3.3096   0.976    4
59262.248   -0.281847461671    0.871599598895    0.0683    0.0991  -0.300  524
59270.250    0.177824450780    2.928398413360    0.5111    1.7583  -0.041    5
59275.207    0.905437144469    0.623998798233    0.2910    0.2805   0.490   24
59278.249   -0.086667965483    0.127497602875    0.0495    0.0804   0.162  384
59283.227   -1.224182503411    2.243397608481    0.4697    1.2870  -0.011    8
59289.250   -7.281412704885    5.600498394642    0.0611    0.0622  -0.718  302
59304.229   -0.465302438536   -0.135302406079    0.3785    0.4470  -0.312   76
59311.209    0.123107962540    0.682300807853    0.2281    0.2658  -0.543  573
59320.249    0.304954564900   -0.769499996522    0.0481    0.0446  -0.236  702
59334.249   -0.004022151580    2.234700002646    0.0414    0.0558   0.063  648
59346.229   -0.493005479950   -0.851400000101    0.3085    0.3802   0.114   43
59348.249   -0.220236909339    0.127598411837    0.1779    0.2602  -0.477  292
59352.187    0.436454568177    0.347299200598    0.5586    0.4723   0.088   27
59361.249   -0.290355388799   -1.379502003829    0.6088    1.2502   0.639    7
59366.209    0.354727455784    0.615099600054    0.2739    0.2369  -0.062  264
59367.228    1.108547958507    0.262198813061    0.3817    0.9753   0.450    9
59394.209   -0.245755123785    0.050997593348    0.1277    0.1389   0.099  271
59408.209    0.623702746515   -1.471499990657    0.6191    1.8277   0.705   18
59410.250   -0.515764924008   -0.364600791158    0.5854    0.5188   0.113   20
59411.270   -0.030803825626    0.045900000600    0.1343    0.1978   0.117  106
59417.249    0.655083181419    1.406498392953    0.6700    1.6245   0.681    7
59418.249    0.261620582158    0.203198405302    0.2389    0.1917  -0.204  378
59425.251    0.000921445775   -0.155599207119    0.0680    0.0905  -0.048  461
59425.270   -0.077473109626   -0.597999601837    0.1320    0.1686  -0.031  169
59437.210    0.096555317009    0.002800805987    0.1185    0.1471   0.201  441
59460.250   -0.033333567499   -0.218199602386    0.0490    0.0832  -0.190  191
59465.206   -0.197706493795    0.178498802939    0.0946    0.1314  -0.008  233
59466.251   -0.916124331626   -0.036100786360    0.2767    0.1777   0.444  406
59471.207    0.159776909704    0.342298810097    0.1547    0.1924  -0.211  247
59473.249    2.063984199702    0.444700813773    0.7390    0.6012   0.014   25
59492.209   -1.217053922273   -0.072302407261    0.2010    0.1789   0.129   82
59499.189    0.348288547641   -0.614300392954    0.3814    0.5252   0.019   64
59507.228   -0.122418211137   -0.921301204926    0.1012    0.1095   0.018  112
59509.270    0.423924411062    9.761997597479    0.1514    0.2682   0.118  207
59513.207   -0.023907017268   -0.134600401225    0.1622    0.1800   0.166  237
59521.210   -0.119198796270    0.580197598765    0.1871    0.2396   0.119  153
59534.209   -0.247595192662    1.096398005984    0.1324    0.2443   0.172  238
59542.248    0.110004018819   -0.331200001824    0.0742    0.1187  -0.216   90
59555.207   -0.276906608581   -0.313700400056    0.0967    0.1372   0.186  602
59558.250    0.080002929906    0.059299202348    0.2223    0.3098   0.910  312
59558.268    0.219779087531    0.042497998720    0.1251    0.3667   0.507  271
59564.251    0.164720507059   -0.287701203661    0.3578    0.3773  -0.270   76
59565.270    0.117477436455    0.742500000683    0.1120    0.2719   0.314  185
59590.209   -0.070576301268   -0.023900395263    0.1675    0.1634  -0.186  280
59593.270   -0.193339427310    0.214300794710    0.1228    0.3484   0.793  272
59594.585    0.616805938157    1.283698804855    0.7590    0.6738   0.436   26
59600.250   -0.014596353428    0.136098006465    0.0279    0.0448  -0.269  159
59600.272   -0.015517799203    0.114699597020    0.0812    0.1285   0.211  232
59618.209   -0.787270035019   -0.060901197685    0.0977    0.1324   0.305  568
59626.230    0.419902259482    3.692700008173    1.0706    2.7187  -0.303   13
59635.270   -0.084714754481    0.235598395193    0.1001    0.1195   0.164  223
59649.270   -0.057933080435    0.065397594540    0.1574    0.2266  -0.391  129
59653.207   -0.051839087197   -0.167500803627    0.1028    0.1637  -0.139  335
59656.250    0.076670451321    0.176198409463    0.0451    0.0592  -0.367   92
59677.248    0.326218776578   -0.631202405543    0.0817    0.1345  -0.016  250
59677.270    0.000000000000   -0.640900785243    0.2810    0.2604  -0.480  251
59681.208    0.034484041789   -0.165200410152    0.0985    0.1220   0.009  254
59683.249   -0.550593802294    0.289497603490    0.4110    0.8425  -0.500  158
59689.206   -0.072874348768    0.103899608916    0.1022    0.1572  -0.148  251
59691.248    0.216904509161    0.393199201199    0.0258    0.0455  -0.325  351
59695.208   -0.052644646582    0.283899598230    0.2017    0.1924  -0.014  120
59703.207   -0.195408446295   -0.367599608353    0.0805    0.1264  -0.052  354
59705.248    0.350244502909    0.329997610038    0.0618    0.0699  -0.139  204
59709.208   -0.146096278298    0.025999196396    0.1333    0.1806  -0.113  149
59712.268   -0.470017085784   -0.094899601777    0.2849    0.1627  -0.438  312
59719.248    0.122994898822   -0.144701991189    0.0648    0.1949   0.546  372
59719.270   -0.347367101866   -0.190202388239    0.2527    0.2210  -0.196   94
59730.082   -0.819798121540    0.379000792350    1.4445    0.7616   0.089   27
59731.207    0.003680137755    0.089999994657    0.1290    0.2402   0.136  421
59738.208    0.093796546621   -0.354801602498    0.1469    0.1775  -0.047  229
59739.227   -1.359128048992    1.063997990514    3.6882    1.1813  -0.716   10
59754.268    0.100580291262   -0.096602406074    0.1436    0.1540  -0.034  159
59761.270   -0.315873524838   -0.221299202963    0.1852    0.2361   0.079  108
59767.249   -0.101267063176    0.308700009555    0.0739    0.1030  -0.274  297
59767.271   -0.406221628076   -0.265500005980    0.1562    0.2021  -0.034  203
59775.270    0.055635189750   -0.006800397045    0.1879    0.2099   0.369  170
59782.269   -0.189430339448   -0.141501607231    0.1473    0.1854  -0.062  268
59787.229   -0.413921251554   -0.607499995908    0.7605    0.7575  -0.052   39
59789.270    0.540251451634    0.349398001731    0.4234    0.3050   0.339   86
59795.250   -1.647301355088    2.900498401459    0.1285    0.1190  -0.646   94
59795.271   -0.488177768984   -0.212299195823    0.1977    0.1908   0.097  202
59803.270   -0.508407471170   -0.226900789357    0.1983    0.3436  -0.195  282
59814.210    0.240353626215   -0.199101586418    0.0939    0.1126   0.042  542
59817.270   -0.093106795219    0.954399592956    0.3221    0.3314   0.037  120
59821.208   -0.036897818864   -0.127299591668    0.0766    0.0911  -0.112  650
59824.272    0.013793616716    0.085298398744    0.1319    0.1418  -0.047  116
59831.270   -1.156706907949    0.589798801798    0.4061    0.3137  -0.297   84
59835.208    0.305873266410   -0.217400395286    0.1840    0.2023  -0.151  313
59838.269   -0.243341268302   -0.034502397739    0.1654    0.2177  -0.240  176
59845.271   -0.543236271049   -0.068202007242    0.2927    0.2603   0.096   76
59849.208    0.446223210640   -0.038501988797    0.1233    0.1129  -0.155  298
59852.269    0.064140294205    0.373600798298    0.1825    0.1730   0.102  142
59857.207   -0.686000149170    0.009000007140    0.1862    0.1256   0.241  470
59859.249   -1.089118248768   -4.022999993936    0.0646    0.1539   0.299  359
59859.271    0.060578787105    0.173397603476    0.0950    0.1326   0.061  169
59864.209   -0.133911036088    0.223599596438    0.1649    0.1637   0.075  260
59866.269   -0.164028011392    0.137998796390    0.1661    0.2244  -0.003  155
59884.206   -0.470706758779    0.515800803669    0.3951    0.4779  -0.571   72
59954.206    0.343576723066    0.462200389961    0.1606    0.1825   0.559  235
59957.271   -0.555882236147    0.255898802948    0.2334    0.2537   0.207   60
59962.227    0.021151147961    0.598100410798    0.2017    0.2533   0.100   26
59964.269    0.502663881368    0.130399192244    0.1339    0.1725   0.007   85
59968.206   -0.127246000510   -0.223700405400    0.0991    0.1280   0.083  158
59971.271    0.182765303870    0.339098400559    0.1507    0.1960   0.030   66
59982.206   -0.235180921937   -0.368802000139    0.3051    0.3219   0.464  147
60024.206   -0.170006118239   -0.178001997142    0.2554    0.3612   0.072  200
60040.248   -0.609332520522   -0.564602393638    0.0261    0.0443   0.260  256
60048.269    0.112304810585    0.147898794012    0.1251    0.1542  -0.159   89
60055.271    0.296907439067    0.789199208384    0.2136    0.1853   0.260   60
60160.269   -0.859915433679    0.918197997635    0.2354    0.2096  -0.282   75
60164.207   -0.389898269488    0.023400008331    0.2982    0.2536  -0.001   68
60167.249   -0.102646487574    0.485600398292    0.0471    0.0584  -0.135  178
60167.271    0.244723436965   -0.199501189968    0.1704    0.2057   0.041   51
60181.271   -0.345758727361    0.861199214341    0.2517    0.2593  -0.120   47
60195.238   -0.860260270177    0.339998391041    0.2471    0.3815  -0.529  223
60195.271    0.195524411093   -0.047901599487    0.1674    0.1979  -0.044   81
60199.209   -0.407830002581    1.384498813195    0.2310    0.2971  -0.006   93
60202.270    2.052833388577   -2.381702387311    0.1796    0.2258  -0.216   48
60206.207   -0.280468115681    0.233200799471    0.1373    0.1980   0.072   78
60206.207   -0.280468115681    0.233200799471    0.1373    0.1980   0.072   78
60206.207   -0.279894329076    0.232099191066    0.1373    0.1980   0.072   78
60207.230   -2.652394522371    4.750898401085    0.6514    3.2582  -0.525    3
60208.249    0.335874355323    2.160799206763    0.0741    0.1587  -0.269  267
60208.271    0.072648221333    0.016999214836    0.1624    0.2188   0.067   66
60223.249    0.127246078918   -0.205700391120    0.0524    0.0956   0.178  471
60223.271   -0.212189783506   -0.016300791117    0.1630    0.2050  -0.055   47
60230.251   -0.521282386376   -0.053899208297    0.0920    0.1412  -0.562  179
60230.270    0.180812171275    0.559400410793    0.1474    0.1619  -0.146  103
60237.271    0.532778033999   -0.407001587632    0.2335    0.2680  -0.096   47
