%-----------------------------------------------------------------------------
%                R.A. (mas)        Dec. (mas)        Err. (mas)     Corr. Del.
% Uncertainty in R.A. is in R.A. cos(Dec.)!!!!
%-----------------------------------------------------------------------------
53134.021   -1.765619774565   -5.069300400251    0.1787    0.4709  -0.057   80
56749.229    0.459662415723    0.257097600009    0.1507    0.3021   0.214   55
56817.881    0.628981903944    1.425898799834    0.1596    0.3033  -0.035   80
57407.230    0.000000000000    1.339297199543    0.1448    0.2697  -0.259   71
58340.948    0.041539714989    0.214700399859    0.1960    0.2885  -0.376  118
58510.833    0.261400918632    0.000000000000    0.1233    0.2831  -0.090   90
58670.101   -1.783015301295   -3.231399599901    0.2183    0.4685  -0.277   69
