%-----------------------------------------------------------------------------
%                R.A. (mas)        Dec. (mas)        Err. (mas)     Corr. Del.
% Uncertainty in R.A. is in R.A. cos(Dec.)!!!!
%-----------------------------------------------------------------------------
46840.289   -2.184136450080    1.271199606379    1.2439    1.8511  -0.104   11
49868.251   -0.106702589506   -0.116100000014    0.2777    0.6827   0.100   13
49896.281   -0.601173880305    0.239597999041    0.5384    1.6325  -0.022    3
49897.395    0.015591861205   -0.520700397999    0.6572    2.7707   0.245    3
50407.247   -0.564985077466    0.852300003373    0.4025    0.6708   0.017    8
50413.168   -0.119146554749    0.779497209180    1.1832    1.1992   0.234    9
50459.832   -0.562410386587    0.822999601269    0.1649    0.3282  -0.085  111
50631.755    0.189663658688   -0.459701998068    0.2269    0.4073   0.053   90
50701.251    0.556976207273   -2.932599596761    0.4765    1.7749  -0.708   11
51009.252   -0.043909265504   -0.569102397208    0.4162    0.9656  -0.060    7
51275.249    0.000573302649   -0.736102801113    0.3173    0.5901   0.019   10
51471.250    0.421238804623    1.190898004211    0.3528    0.7142   0.012   10
51632.252    0.133022020413    1.113598800373    0.3741    0.9440  -0.120   20
51981.080   -0.060788520932    0.525398399986    0.0851    0.1923   0.048   92
52048.082   -0.390769076219    2.109798006700    1.2321    1.0074  -0.028    6
52067.334    0.751360051268    1.201197605383    0.6671    0.8110   0.061   11
52254.170   -0.234146324408   -0.221302796888    0.4650    0.5805   0.066    8
52430.228    0.267619745010   -0.559299589042    1.0985    1.5854  -0.011   12
52522.238    1.134120354861   -0.587602798419    1.0561    1.7228  -0.365   17
52619.230   -1.028560955815   -0.621100789999    0.6154    0.9434   0.051    8
52676.249   -0.541099450946    1.109098809593    2.3138    1.1934  -0.546    9
52752.229   -2.274817981928   -0.493401594781    1.1411    0.8672  -0.281   11
52830.246   -0.235004522179   -0.038700000005    0.0993    0.1773  -0.033  146
52850.229   -0.889102354554    1.246298398883    1.0319    0.6697  -0.282    8
52860.679    1.383573645353   -7.421201995328    0.7072    2.3646   0.040    7
52941.227    0.344285119836   -4.219700390706    1.3870    1.9367   0.258    8
53031.002   -1.275151245467   -1.015801190363    2.1454    2.5419   0.582    3
53095.001   -1.134549453746   -3.966501597574    2.6183    4.7324   0.140   11
53125.576   -0.100266008658    0.527997600841    0.2731    0.5342   0.033   90
53134.021   -1.198914969526   -1.530802799721    0.1981    0.4798  -0.023   45
53152.747   -3.785406263298  -11.382501597268    0.2534    0.4829  -0.068   90
53192.001    0.308384626958   -2.748200400049    1.1308    2.5709   0.252    5
53396.230   -5.012357059273    0.157197608530    2.2905    1.4847   0.076    9
53472.001   -0.789691031261    1.307700009079    1.0822    5.8204   0.219    7
53501.437   -0.317965688929   11.426799602532    0.6948    4.7016   0.268    6
53564.227    1.135980954166    1.101200410858    3.0258    6.3903   0.940    3
53699.001    2.821928232109   -2.137802395907    2.4629    8.0757   0.449    8
53752.166   -3.602608186777    0.827600401010    1.9482    2.1119  -0.005   10
53837.251   -0.728902510329    1.081598401242    0.8346    1.7313  -0.223    8
53844.206   -0.359873566202    2.046499200503    0.3307    0.6274  -0.238   11
53850.956  -29.870174229969  -12.859901994489    2.3448    1.8753   0.320    5
53929.082   -0.154048158499   -4.180899594530    0.8033    3.0061  -0.100   12
53978.249   -0.202536820384    0.190800002997    0.1568    0.2649  -0.422  161
54076.249   -0.387621180258    0.522097207067    0.1741    0.3609   0.622   80
54207.082   -0.930866125631    0.629298008903    1.1016    1.5333   0.507    5
54306.232   -0.152331762957    1.068397210702    0.9272    0.7250   0.165    9
54362.229   -0.737913684489    4.616600401164    0.5835    2.2216   0.043    9
54474.240    0.754652150993    2.770297207633    0.8401    1.8516   0.913    3
54564.004   -2.165969897995    1.376499605499    0.8907    1.9269  -0.037    7
54684.230   -0.247877586308    0.450399602414    1.1316    0.5176   0.382    9
54907.207   -0.061502514940    0.208699208315    0.1367    0.2061  -0.107   18
55026.206   -0.916564975921    0.105800398842    0.7119    0.2724  -0.132   16
55042.251    0.106990899466   -0.059799589280    0.1450    0.3392  -0.050   95
55154.248   -0.097118112696    0.193597202269    0.0793    0.1707  -0.026  181
55362.207    0.236295233674    1.023998409266    0.2702    0.7819   0.594   16
55413.250   -0.426813772861    1.184598006887    0.1770    0.3527  -0.338  114
55495.209   -0.903118511576   -1.786402795290    0.6273    1.4934   0.497    5
55575.272    0.043627785221   -1.072202397268    0.3885    1.4047  -0.379   19
55810.065    0.275913510324   -0.854402398431    2.5785    6.6549   0.617    5
55889.295    4.070190158858   -1.304402397295    0.6548    0.6755  -0.110   12
56000.207   -0.553543416190    0.097898406182    0.5593    0.4561  -0.429   12
56007.541    1.022412684927   -2.283101989065    1.3274    3.0322  -0.624    7
56075.540   -8.277405017022   -6.978301200888    7.2883    4.7159   0.886    4
56111.543   -0.589728901757   -0.460101588828    0.4556    0.4641   0.147   29
56203.224   -0.123008542285    0.228499203558    0.2502    0.2754   0.220   16
56281.230   -0.532802270793   -1.037502001111    0.7120    1.8099   0.333    9
56301.228   -4.204355369730   -9.206402398831    2.9163    9.1585   0.954    3
56392.230   -0.547820926916    0.240897605863    0.2281    0.2386  -0.074   27
56454.206   -0.777106277093   -2.407402789117    0.3902    3.1119  -0.465    4
56533.253   -0.240297912568   -0.222202800160    0.4286    0.4496  -0.088   19
56547.249   -0.342565309455   -1.179100797799    0.2050    0.3674  -0.199  189
56560.208   -1.747020791563    0.486698399982    0.6198    0.5399   0.337    8
56574.227    0.268189632820   -0.258001198006    1.5571    1.4422  -0.586    5
56576.268   -3.168499732863    0.651798001172    3.7634    1.3724  -0.835    4
56581.207   -0.360446868852    0.470700010169    0.2286    0.1804   0.166   29
56626.286   -0.949032580149   -0.639899998589    0.2478    0.5064  -0.056   18
56628.225   -0.637218576946   -0.590799588451    0.2898    0.8693   0.276   15
56629.208   -0.312957193662    0.121298401723    0.6803    0.2623  -0.703    9
56632.269   -0.060215218283   -0.660401998687    0.2875    0.5289  -0.006   19
56634.263    0.102984805734    1.404997206578    0.2762    0.4434   0.187   24
56636.257   -0.488175498876    0.271299603583    0.2238    0.4217   0.042   35
56638.251    0.311244115392    0.375498007088    0.2649    0.4579   0.091   28
56641.243   -0.185942557644    0.497397604704    0.2597    0.4302   0.232   31
56645.250   -0.245302992996    0.309499203865    0.1561    0.2932  -0.155   16
56677.793    0.079243382978    0.890600399828    0.4005    1.6445   0.072   18
56692.206   -0.285782882255   -0.069800395863    0.1462    0.1650  -0.035   24
56706.206   -0.665110297199    0.193899603573    0.5212    0.3014  -0.443   16
56716.269    0.164205840390    0.281599204754    0.2928    0.2073   0.192    9
56721.229    8.802198515189  -16.713500394872    0.4044    0.4988  -0.140   22
56729.228   -0.554257507764   -3.369599997427    0.1823    1.3987   0.044   47
56749.791   -1.216937317847   -2.938600799496    0.2885    1.3349   0.224   34
56778.792    0.052638959382    2.081998803760    0.3677    1.5243   0.202   36
56819.207   -0.189375348728   -0.047199594633    0.2029    0.2372   0.272   13
56820.252    0.474303448051   -0.426902391837    0.4580    1.8487   0.226   16
56826.209   -0.046913055269   -0.023201997124    0.2037    0.2215   0.175   16
56832.206    0.180367589406   -0.202100390823    0.6906    0.5151  -0.802    3
56854.790   -0.852484355263    1.447599608184    0.5647    1.9667   0.199   14
56870.269    0.471443862050   -0.374900392330    0.7373    0.7678   0.169    3
56875.043    0.337275236339   -0.429501592691    0.2355    0.5195   0.066   33
56880.792   -0.622340709748   -0.149399993177    0.3525    1.2121   0.228   14
56896.790   -1.258560397566    1.955098802853    0.4430    1.4661   0.293   14
56909.208   -0.276483398134    0.569300408415    0.3611    0.4043  -0.332   11
56912.269    1.034712543974   -1.538002800316    0.5803    0.9732  -0.567    7
56944.207    0.329266463713    1.934298008166    0.6790    0.7689  -0.524    3
56945.229    0.363021462164    1.493499608785    0.2098    0.2978  -0.025  165
56951.208    0.183656274292    0.761097604141    0.4021    0.3121   0.084    4
56967.250   -0.656239911963   -8.626600796902    0.2967    0.2528  -0.237   20
56968.269   -0.071086991749   -0.293399992302    0.2352    0.1675  -0.158   20
56971.790   -8.985710585718    2.672298005280    0.1789    1.1154   0.130   82
56989.165   -9.197258580263    7.159798808232    0.4212    1.9815   0.163   33
56993.205    0.093115433802   -0.154702797772    0.2427    0.1993  -0.183    6
56995.250   -0.157480949582   -0.488602796622    0.1113    0.2407   0.041  271
57001.208    0.672978378467   -0.685202397221    0.2818    0.3342  -0.291    7
57002.230   -4.385292846947   12.524799603852    1.2293    0.9243   0.117   10
57003.271   -0.226278243140    0.020998805894    0.2136    0.2001  -0.347   25
57008.794   -8.619829537553    4.679100000260    0.1655    0.9688  -0.020   70
57014.207   -2.730669982773    0.679298409523    0.2790    0.5614  -0.069   45
57045.271   -0.204109109729    0.033897607921    0.2780    0.2168  -0.144   25
57059.271   -0.233288126637   -0.194799594055    0.4127    0.2632  -0.054   18
57077.209   -1.531610907050    1.164499204265    0.3710    0.2335  -0.151   11
57091.209   -0.206110400392    0.435297609158    0.1735    0.1987   0.021   59
57102.499   -0.134450105994   -3.313000792105    0.5074    0.5387   0.004   27
57103.499   -2.664158972566  -22.628501990596    0.8140    3.2902  -0.238   37
57107.251    0.001002401534   -0.112201192337    0.0941    0.1943  -0.101  143
57122.270   -0.427671970632   -0.465699594088    0.6327    0.2626   0.217    8
57142.271   -0.784830154597    0.974599204540    0.5924    0.6053  -0.073    3
57148.232   -1.646754782906    0.933199207509    0.3276    0.8090  -0.145   47
57149.251   -5.188289553628    5.448600009572    0.3221    1.1400  -0.105   13
57151.497   -0.680558052207   -0.099302390311    0.6072    0.9121   0.287   44
57210.207   -0.433679355028   -1.253102389853    0.1815    0.2134  -0.241   53
57218.232   -0.005149284192    0.729399606314    0.2949    0.3813  -0.084   44
57248.270   -0.761943514773   -0.384800389952    0.2926    0.1977   0.310   32
57255.272    2.015642938108   -0.083602795087    0.2928    0.2169   0.135   34
57260.228   -0.826882333201   -6.134302793726    0.6703    1.1673   0.016    6
57262.270    0.202681024148    0.002199610094    0.3375    0.1800   0.174   26
57266.207   -5.347198491224   -3.079202390666    1.0005    0.3599   0.688    9
57269.272    5.915619774612    1.243699210818    0.3565    0.2798   0.270   29
57276.270   -0.807428484461   -0.540100789692    0.4906    0.2648   0.410   19
57280.207    2.013497443680   -0.212101197405    0.1283    0.1129   0.170   58
57287.206    0.857207857841   -0.560401197447    0.3661    0.2550   0.291    5
57325.268   -0.234002120645    1.054998008954    0.2020    0.2596   0.062   46
57337.227   14.300588993750   54.170798406972   34.2946  132.4277   1.000    6
57339.268    0.764806418046    0.369298805936    0.3939    0.2217   0.408   13
57371.001  -10.420488275194    8.692898407503    1.2993    2.2237  -0.323    3
57372.225   -0.938020115325   -1.239800390351    1.1212    4.2498  -0.642    7
57385.209   -0.437256447442   -2.871201593280    0.3605    0.5044  -0.455   33
57398.771   -0.600744781419   -0.387500399768    0.2166    0.2213  -0.067   33
57407.230   -1.100361941571    0.834699605434    0.1842    0.2085  -0.321  195
57409.269   -0.470153150555    2.946099607470    0.4063    1.2751   0.389    5
57416.270    1.827266576076    0.188798404110    0.2156    0.1699   0.097   26
57448.208   -1.725853962120   -0.467499600632    0.2547    0.1406  -0.041   14
57458.270   -4.218086631630    1.164398408093    0.3649    0.4707  -0.307   13
57465.269  -11.718955259370    5.309297999645    0.3047    0.2436  -0.042   21
57471.270   60.709552297673    0.045597599296    0.3657    1.5434   0.203   29
57479.269    0.418520007547   -2.238602391458    0.3285    0.3700  -0.579   14
57484.229    0.215269193155   -5.754200392971    1.0025    3.0387  -0.083    9
57485.251   -1.158864179152   -0.541000792964    0.7224    2.3343  -0.275   51
57486.271   -0.379039104983   -2.056499994296    0.1492    0.1962  -0.170   60
57493.269   -3.047348375045    0.956699999222    1.3852    1.8642  -0.962    3
57499.251   -8.265530939589  -15.256501188787    2.6283    1.2738   0.476    6
57500.271    0.231715837293    1.637197206605    0.2938    0.4590   0.457   15
57505.209   -1.446936759598    2.340097204012    0.2642    0.3719  -0.091   22
57520.250   21.618947952496    1.473098404858    0.9329    2.2497   0.223   18
57553.206   -2.198725909751   -3.798201599636    0.1791    0.4464   0.591  234
57560.208    0.149901275841    0.155998810669    0.1485    0.2299   0.120   73
57561.227   -1.306046657917    0.368798406214    0.6478    1.1809  -0.058   11
57563.269    1.123536891356    3.947997602438    0.4548    0.4927  -0.393   12
57569.248   -2.001767472444   -3.634102797889    0.2401    0.3031  -0.102   38
57574.208   -0.056926630964    1.940097605768    0.2601    0.2816   0.110   44
57576.250    0.037620303259    0.569098803282    0.1152    0.2516  -0.016  188
57582.229   -5.480793911853   25.489897207365    1.7827    1.1343   0.226    9
57583.248    0.698439611603    0.124797605849    0.4756    0.5033   0.120   20
57591.269   -1.160865567382   -2.971601998070    0.2160    0.3478  -0.119   45
57597.248    1.087348088517   -3.881300401076    1.2784    1.7281  -0.017  107
57602.208    0.114285678085   -4.218602389017    0.4767    0.7336  -0.334   18
57610.229   -7.690532286428   -3.955301993130    0.5458    0.4435   0.052   34
57623.206    2.741685960002    0.286297206742    0.2638    0.2281   0.067   54
57624.229    1.077193723897   -1.783702798264    1.2310    1.1032   0.046    6
57639.230    3.305527847009  -17.425299590457    3.5737    5.4789  -0.994    3
57652.229   -7.521324780448   71.963899210914    0.5376    0.7021   0.216   10
57658.208   -1.766330436541   -4.978101591746    0.3390    0.3581  -0.332   27
57660.250   -0.432247952175    3.105298802097    0.6754    1.5443  -0.235  305
57665.188    1.547346972019   -1.626800390397    0.9055    1.0406  -0.177    7
57668.271   -1.823830272587    1.585998008125    0.3105    0.3708  -0.408   15
57674.228   28.049062754458  -17.174901590522    1.0978    1.2720  -0.407  102
57679.207   -0.957758859187    1.103900407884    0.1334    0.1888   0.033  114
57680.229    2.852394643240   15.314497203178    1.0791    5.2087   0.750    8
57682.271    0.000717408846   -0.744901190330    0.2018    0.2318  -0.021   46
57686.208    3.120728479824    2.089198804356    0.2598    0.2383   0.375   42
57693.207    0.882380781017    0.874299608711    0.1797    0.1986   0.032   32
57703.269    4.093934996453    1.194199209920    0.3267    0.3307  -0.115   11
57735.207   -0.348432002493    0.976500007255    0.1641    0.1234  -0.004  120
57744.272   -0.341566322760   -0.873500388821    0.1187    0.2074   0.025   77
57765.248   -0.142462391026   -0.613000798921    0.6571    0.8904  -0.924    3
57775.461   -0.389196786875    0.124700403603    0.1541    0.3417  -0.222   28
57778.229    1.079768414777    0.023400008331    0.3187    0.3122  -0.056   18
57786.247    0.725473134084   -0.944301596917    0.2040    0.3911   0.100   33
57787.269 1570.647404640616  223.289197205645    0.1435    0.1782   0.144   56
57804.381   -0.786831542827   -0.134902789739    0.2692    0.5306   0.507   28
57841.228   -1.480406862927   -6.229501190091    0.9228    3.8745   0.545    6
57847.207    0.248021790072    1.027897204153    0.1255    0.1430  -0.046  140
57849.249    2.878425764187   -1.396800000464    0.3871    0.6036   0.309    8
57854.209   -2.126636614034    1.593298804892    0.2059    0.3893  -0.068   46
57855.228  108.650991536094  -23.791899599246    1.3466    0.6109  -0.274   12
57862.208    1.183182319396   -2.472901192618    0.2550    0.3278   0.128   59
57875.167    0.132023131284    0.336798007083    0.2214    0.2770  -0.291   75
57875.189   -0.413655716043    0.063997204336    0.1795    0.3631   0.451   37
57890.230    0.218557780475    3.961897203908    0.6288    0.6577   0.086   26
57897.228    1.215938331151    0.014900400913    0.4426    0.5626  -0.330   64
57901.417   -0.390484083531   -2.721200391420    0.1417    0.2952  -0.184   36
57911.206   -0.612900436702   -0.913802396951    0.2334    0.2639  -0.062    9
57914.628    1.025986264936   -1.175799592090    0.2720    0.5646   0.512   27
57920.301   -0.215121574553   -0.142300788752    0.1765    0.3744  -0.067   64
57927.270   -3.519791223791    0.707597999394    0.2026    0.2174   0.009   42
57934.272   -0.792554032101   -2.446901996223    0.1525    0.1577   0.024   42
57943.713    0.379471618707   -0.757299592635    0.1244    0.2527  -0.015  109
57950.916   -0.018880546092   -1.149299995973    0.1449    0.3122  -0.227   72
57955.270    0.806573701529    2.224497603720    0.1874    0.1851  -0.034   34
57959.207    1.164157569540    0.853200006645    0.4251    0.2815   0.212   10
57966.209   -0.188661354721    0.415897204675    0.5270    0.3075   0.280    9
57970.691   -0.196529338422   -1.798599592462    0.9138    1.1606   0.897    7
57974.230   83.591780735474 -229.690602000687    0.4177    0.7363   0.213   73
57978.131    0.070802096627   -0.839001597797    0.1360    0.2424  -0.155  196
57980.209    1.157291889807   -1.388001598457    0.1938    0.2099  -0.121   19
57983.270    0.671117779161    0.419799606277    0.1952    0.1651  -0.311   26
58001.189    0.782828766367   -1.189101591592    1.2957    0.8373  -0.308    7
58003.231    0.424671595706   -1.398502791972    0.1574    0.3776  -0.394  110
58004.268   -0.693002017451   -0.291402000130    0.2128    0.1774   0.124   20
58008.209    0.355726683545    0.616399206876    0.1621    0.1460  -0.089   33
58015.207   -0.970772712241   -0.232599590788    0.1706    0.1784  -0.042   43
58018.268    1.996333293130   -5.702202000180    0.2623    0.2385  -0.044   45
58029.207    4.154438622264   -2.330701200037    0.1673    0.1778   0.165   25
58033.499   -0.374748018562  -11.927199592776    0.2793    0.2389  -0.158   10
58036.001    5.700069101174   17.072600408596   14.7653   61.5354   0.999    3
58050.209    1.117529506960    1.325797200025    0.2043    0.1699  -0.348   22
58065.228   -0.689140127482    0.048600010416    0.4072    0.5256   0.083    5
58066.247    0.909414303499    0.287899202078    1.0507    0.8230  -0.842    3
58071.207    1.219227016038   -0.587102398697    0.2166    0.1708  -0.091   19
58086.497   -0.255457260049    1.932800402926    0.0593    0.1450  -0.086  201
58088.498   -1.596264732790    3.206797208577    0.1078    0.2390  -0.739  203
58089.499   -0.383474297601    2.451798009417    0.0472    0.1434  -0.080  270
58092.498   -0.686565534170   -4.371001199388    0.0497    0.1175  -0.165  270
58093.499    0.170069118589    1.956999605568    0.0658    0.1429  -0.431  152
58095.497   -0.759653816582    0.505800009876    0.0671    0.1748   0.231  200
58096.497   -0.015159347481   -0.724402796948    0.0567    0.1342  -0.307  174
58097.498   -0.432965361021   -0.129999588694    0.0471    0.1027  -0.081  239
58098.499   -0.763086607665    1.626098411123    0.0531    0.1214  -0.123  209
58099.496    0.215983187162   -0.031499999409    0.0656    0.1434  -0.294  230
58115.209   11.783039197300  -13.622201990415    3.1581    3.1414  -0.966    6
58137.058   -7.677230123414   12.557098810362    0.1971    0.4355  -0.267   34
58141.208   -0.605464966726    0.354999600916    0.2447    0.2064  -0.026   17
58142.227   -1.351816522726    0.625500010187    0.3079    1.0956   0.076   40
58143.231    0.360446868852  -21.020702401131    0.7379    4.3094   0.185   12
58148.209   -0.366883449700    0.660398404762    0.4046    0.3340  -0.261    8
58162.206   -2.445745395855    0.494899200021    0.3327    0.1759   0.160   12
58164.248   -5.380527805629   23.867499605501    2.3326    6.0697  -0.645    6
58186.272   -0.568702763671   -1.497401997597    0.3097    0.2343   0.291   16
58193.270   -0.534233771213   -1.640199592146    0.5528    0.4082   0.240    7
58197.208   -0.437685546327   -1.359201596074    0.1618    0.3243  -0.392   42
58200.272   -0.085247450101    0.580698011277    0.1430    0.1865   0.002   50
58213.228    2.018646630305   -1.332899998374    0.6871    0.9280  -0.253   13
58279.305    0.220703274902    1.024797603577    0.1525    0.3224  -0.067   78
58301.297   -0.557116996198    1.849597211390    0.1539    0.3263  -0.059   71
58303.229    0.304378533225    1.128999601008    0.7019    0.9692   0.085    4
58305.026   -0.104127996193   -1.580000399315    0.1522    0.3404  -0.052   70
58309.208    0.534951180059   -0.134002799257    0.1818    0.1967   0.011   50
58310.227    1.822261495647   -3.620401194837    0.4799    0.5444  -0.486   37
58324.227   -2.337611305930    1.984500001129    0.4412    1.1429   0.048   25
58326.959   -0.071086991749   -0.158201989109    0.1751    0.3112   0.049   52
58337.208   -0.093685321613   -1.806101994362    0.3321    0.2351  -0.005   18
58344.206   -1.724851560585   -0.960299999520    0.8019    0.3208   0.570   10
58351.208    0.216841384933   -0.946202399632    0.3048    0.2302   0.086   10
58352.231    0.665539396084    0.024800411325    0.2141    0.4155  -0.133  120
58358.206    0.470441558082   -0.348501592384    0.3089    0.2360   0.269   13
58363.696   -0.064365515779   -0.134499592264    0.1646    0.3690  -0.124   72
58367.250   -3.131452634687  -16.806200399344    1.4107    6.1011   0.546    7
58387.207    1.346526547177   -1.535000389197    0.4348    0.2499   0.052    8
58403.271    0.048203766764   -0.222001195027    0.5603    0.3604  -0.093   18
58435.208    0.694718412992    0.728499603042    0.2348    0.2586   0.193   34
58440.833   -0.099122915765    0.000000000000    0.1232    0.2798  -0.165   45
58445.165   -0.772241985590    0.198900006865    0.2741    0.8494  -0.036   54
58452.269    1.277300154733   -0.177400788459    0.3534    0.2608   0.267   65
58470.207    6.018175481461   11.373800410297    0.4959    1.1657   0.589   12
58491.208   -0.199388924423    0.606099605704    0.2753    0.2606   0.099   34
58506.209    0.152331665390   -0.205599594949    0.2607    0.2064  -0.140   10
58515.271    0.025605436900   -0.189100792625    0.2198    0.2549  -0.003   31
58522.269   -0.080383061031    0.338698809799    0.2207    0.2301  -0.128   27
58557.271   -1.022553473852    1.826499604363    0.5464    0.8966  -0.545    6
58561.209   -0.419234099121   -2.147000388675    0.0587    0.1657  -0.015  214
58563.250   -1.824832674121    1.680199198972    0.3093    0.8310  -0.188   69
58575.209   -0.035042295107   -0.556102799010    0.0711    0.1900   0.085  281
58576.228    0.221561570240    0.316699204461    0.0875    0.1124  -0.320   29
58577.250   -1.990751495214   -2.336302799222    0.4112    1.1252   0.073   35
58597.208    0.862068734506    0.347598007977    0.2446    0.2630   0.150   11
58613.271    0.029752319558   -0.210200394690    8.4284    2.2354   0.990    6
58617.209    0.366742660775   -0.212900391716    0.1981    0.4682  -0.770   91
58618.228  -74.584038292864   -5.756900389997   34.2320    3.2955   0.984   10
58655.271    0.076095487016   -0.153701998329    0.4163    0.2927   0.209   10
58666.207    0.179224496513   -0.540899996793    0.2250    0.3116   0.146   21
58673.209    3.412803641597   -0.741502795165    0.3139    0.1644  -0.221   76
58683.271    0.159626444009    0.126198008843    0.3224    0.2575   0.097   13
58704.270    0.338850940522    0.089697606143    0.3511    0.3583   0.075   20
58711.272    0.000000000000    0.699498008316    0.4805    0.2754  -0.210   11
58715.209   -0.252312876493   -1.146902400251    0.2625    0.4863   0.410   42
58743.209    0.731909714932   -0.519800394727    0.1977    0.1875   0.081   19
58753.268    0.183227175407    0.027000008629    0.2956    0.5046  -0.022    6
58758.268    0.685422343710   -0.426902391837    0.4096    0.5697   0.098    7
58767.272   -1.188757287634   -1.521100800517    0.1629    0.2237   0.075   89
58799.205   -0.561837181504   -0.211402799266    0.2784    0.2730  -0.005   42
58820.207    0.172787915665   -0.822099597997    0.2912    0.2943  -0.251   28
58827.249   -0.531799869258   -1.497200392464    0.3614    1.2256  -0.552    7
58844.248   -0.245018097874    0.939999604554    0.1001    0.4908   0.020   15
58858.248    6.525804829077  -14.438501990810    0.3369    1.5199  -0.752   10
58862.207   -0.253600173149   -0.231101998338    0.1756    0.1838   0.118   55
58868.913    0.021743546932   -0.547199994116    0.6561    0.6333   0.148   15
58870.250   -0.026316113635   -1.142701191270    0.1528    0.7300   0.490   12
58883.249   -0.237864010613   -0.370101594172    0.1085    0.2999   0.173   40
58897.209   -0.088680241185    0.110898004380    0.1961    0.2289  -0.123   23
58900.248   -0.226851545789    0.195800406289    0.0930    0.3955  -0.596   33
58911.250   -0.440829929883    0.716400008116    0.0597    0.1696   0.245   39
58918.208    0.081388877405   -0.980499598313    0.3175    0.3520   0.092   25
58920.249   -0.771668682941    0.157100406284    0.1831    0.5455   0.208   16
58925.250   -1.208784341457    2.963599209238    0.0895    0.2071   0.150   52
58939.250   -0.943169301950    0.421297211517    0.2178    0.9692  -0.790   10
58941.251    0.098264620427    0.223797607646    0.2479    0.9471   0.236   11
58968.229    1.643895196905    0.539600402760    0.4262    0.6350   0.177   30
58981.210    0.112998381429    0.425700000051    0.2882    0.3875   0.153   32
58990.249    0.334989050554    0.735300000088    0.3615    0.6649  -0.071   60
58995.188    0.503482464959   -0.244101596536    0.1354    0.2774   0.154   58
58996.207    0.417806013539   -0.739400400107    0.3439    0.4095   0.358   43
59009.250   -0.793553018797    4.511998800183    0.2727    1.1531  -0.746   14
59010.229    0.143464694993   -1.433800790096    0.1359    0.4383  -0.035   23
59023.250    0.044197673031    2.267600405048    0.2803    0.7646  -0.628   23
59025.251   -0.278343997440    0.232498807407    0.2115    0.2732  -0.295   93
59030.208   -0.180508378331   -0.143301600986    0.1960    0.1611  -0.128   29
59037.250   -2.271529394609    7.205997603421    0.2533    0.8743  -0.708   36
59039.251    0.109709696542    1.081299606653    0.2602    0.7798  -0.462   44
59053.248   16.625756334436  -17.418502800126    1.0926    2.7866  -0.378    3
59071.916   18.931044044767  -16.513599588563    0.7154    0.4615   0.195   19
59074.250    0.242014308109   -2.577002393878    0.3122    1.2988   0.174   12
59086.208    0.005008495267    0.046998002290    0.4055    0.2592   0.406   22
59093.250   -0.900828813385    1.856599200778    0.1888    0.6259  -0.691   48
59121.250   -0.804709687384    0.612799206579    0.0881    0.1837  -0.592   61
59122.229    0.175503297903    2.094800403540    0.2455    0.9630   0.378   24
59143.231   -0.700296796070   -1.340999989452    0.2522    0.7642   0.205   28
59165.248    0.907413012835    0.622897202618    0.2499    0.9216   0.497   17
59178.207    0.735771604901   -0.080002794789    0.2164    0.2295   0.170   37
59186.250   -0.276054299249    0.605397600850    0.1633    0.6528   0.249   40
59201.269   -0.132019716445    0.139698006763    0.3530    0.2670  -0.058   23
59219.206    0.178366298743   -0.274600796502    0.2270    0.3074  -0.022  121
59222.249    0.158198358428   -2.240200792869    0.0564    0.3149  -0.203   50
59231.585   -1.307618849695    0.400597200212    0.4130    0.5014   0.131    7
59234.229    0.276486812973   -0.559101590625    0.1480    0.3729   0.151   43
59289.250   -3.057217746976    0.298699202972    0.0999    0.4445  -0.626   27
59297.209    0.084533358527   -0.803501994540    0.1796    0.2487   0.181  106
59298.250   -0.314817792967   -2.438701196184    0.0694    0.1945  -0.093  255
59304.229    1.597122930561    0.322797609442    0.4678    0.6047   0.179    5
59325.217   -0.016735051665   -0.835199992366    0.1825    0.4782   0.016   19
59338.209   -0.875370995087    0.397400410179    0.2263    0.3147   0.040   93
59352.187   -0.018022348321   -0.084902389119    0.3640    0.3824  -0.122   19
59353.209    0.036902894413    0.169200001210    0.1687    0.1706   0.050  106
59354.250    0.413944026004   -0.678599998594    0.0893    0.2545  -0.250  193
59361.249    0.232433246139   -1.533402000575    0.1440    0.5143   0.492   25
59367.228    0.213123601161    0.280800010444    0.1212    0.2752   0.191   35
59375.249   -0.507485143853    2.106597609952    0.2725    0.8365  -0.420   53
59387.207    0.073376689940   -0.252702000125    0.3973    0.3877   0.228   22
59390.249    0.585585433938   -0.309200396487    0.2323    0.9485  -0.553   43
59394.209   -0.650949936413    0.010997999311    0.1614    0.1756   0.081  100
59404.249    0.345287521370   -2.289401999178    0.2460    0.7891  -0.523   43
59410.250    0.059789534237   -0.271400399754    0.2841    0.3840   0.399   52
59417.249    0.083819364520   -1.231502400856    0.1170    0.3776   0.225   37
59431.249    0.332126049714    0.191700006269    0.4136    0.8892  -0.775   39
59438.251   -0.175503297903    0.877399209287    0.1421    0.5793   0.382   19
59446.249    0.159626444009    1.504699200439    0.1671    0.6897  -0.698   55
59465.206    0.014877867198    0.495997201710    0.2043    0.3606   0.157   26
59473.249   -1.585677952013   -0.001501199165    0.7767    0.3081   0.015   12
59474.224    0.686280541481    1.861099204348    0.4627    1.0781  -0.144   29
59485.207    0.029038227984   -0.004499990780    0.2579    0.4732  -0.178   41
59493.228    0.082102871412    0.190299603275    0.1336    0.5547   0.345   18
59527.207    0.891247751414    0.425098804158    0.1941    0.2727   0.133   54
59528.230    0.292792668186    0.575197208263    0.1769    0.6258   0.292   10
59542.248    0.278776413597   -1.212699598341    0.2048    0.8073  -0.805   10
59557.249    0.651238246374    0.288399601800    0.1496    0.4139   0.090   24
59564.251   -0.454561289350    0.434898005608    0.3694    0.3711   0.069   40
59569.207    0.762516719855   -0.098499589285    0.1626    0.2044  -0.162  160
59593.248    0.139602805025   -0.647999989667    0.0413    0.1959   0.209   92
59594.585   -0.222275564247    1.125298804538    0.5568    0.5698   0.276   76
59597.083    0.103702312147   -0.190400399447    0.1323    0.4518   0.392   28
59599.249    0.101841712841   -0.283899598230    0.1061    0.2603  -0.702  236
59600.250    0.445409326264   -0.352101592682    0.0555    0.1857  -0.552   81
59607.248    0.442549837830   -1.314701998467    0.3269    0.4191  -0.456   61
59614.250    0.000144203764   -0.315100790260    0.0276    0.1674   0.320   41
59621.248    1.430775010582   -4.976402394163    0.1559    0.2484  -0.903   54
59627.249    0.747786471260    0.401900400959    0.0976    0.1669  -0.254  172
59628.250    1.319208129573   -2.804000398271    0.0440    0.1314  -0.664   64
59633.228    0.151473467619    0.354898804744    0.1307    0.3931   0.382   42
59635.248    0.132881329055   -0.808102794281    0.0410    0.0963   0.084   70
59635.270   -0.194668836683    0.093898802334    0.2176    0.1969   0.243   35
59642.250    0.368314852553   -1.682301594030    0.0255    0.0726  -0.450   71
59649.248    0.719894751007   -0.888901189455    0.0966    0.2219  -0.302   58
59649.270   -0.159911436698   -0.071200798857    0.2116    0.2460  -0.380   50
59654.230   -0.258320260889    0.549597602628    0.1929    0.8192   0.382   14
59655.249    0.623058118594    0.036097205225    0.1834    0.1652   0.208   98
59656.250    0.333557550134   -1.195199996573    0.1434    0.5056  -0.794   24
59677.248    1.150714617601   -4.480300789567    0.0732    0.1944   0.053   42
59683.249    0.538524760067   -0.255700791740    0.2995    1.0024  -0.249   40
59683.271    0.429676676134    0.016099211564    0.1571    0.3222  -0.041   50
59690.251    0.431393071676   -0.264401991501    0.1056    0.2600   0.087   63
59691.270    0.364023863698    0.607698007116    0.1302    0.2376   0.001   53
59705.248    0.134882619718    0.315000006879    0.0536    0.2759   0.203   33
59719.248    0.431393071676    0.243997206439    0.1640    0.2707  -0.243   89
59724.230    0.084821668488   -0.389602794826    0.1051    0.2832   0.179   58
59726.250    0.412656729348   -0.061199992274    0.0978    0.3053  -0.181   44
59730.082    0.247307698498   -1.062201590685    0.8187    0.5757   0.329   42
59733.248    2.113049458331   -0.169001990002    0.5349    0.8623   0.570   25
59737.120    0.283925697789    0.702298801514    0.1526    0.3543   0.041   26
59739.227   -0.760371322995    0.090900010719    0.4381    0.3592   0.448  134
59740.250    1.603559511409   -0.600602396617    0.0654    0.2234  -0.281   68
59761.270   -0.257891162003   -0.300902394201    0.1998    0.2695  -0.007   46
59767.249    0.571994863396   -0.021099589276    0.0567    0.3347   0.145   54
59767.271    0.188235670674    0.203299201473    0.2888    0.2727  -0.215   46
59774.251   -1.967295065147    0.210099611309    0.4798    0.2710  -0.115   35
59775.248   -0.278199793676    3.706398004510    0.0588    0.3033   0.160   42
59775.270    0.651378937732    0.155797205537    0.2061    0.3196   0.178   39
59782.269    0.953327081408   -0.309099600315    0.1944    0.2735   0.144   77
59794.230    0.313389707386    0.497998800597    0.1447    0.4498   0.468   45
59795.271    0.010157681892   -0.021801594130    0.3094    0.2644  -0.050   66
59803.270   -0.338274223035   -0.063802799843    0.2400    0.3718  -0.143  106
59838.269    0.663682211618   -0.101901591165    0.1976    0.2580  -0.072  128
59843.229   -0.208544302347    0.452797210926    0.1686    0.4242   0.181   30
59845.249   -1.712407595342    5.817697210375    0.0771    0.2312  -0.386   68
59849.208    0.131594032399   -0.137001590872    0.1489    0.2112   0.183  138
59852.269    0.426099681287    0.145598400536    0.2352    0.2236   0.142   34
59863.084    0.263328756155    0.596599198843    0.1209    0.3036   0.195   66
59878.227   -0.588300816175    4.054798800723    1.1669    1.2590   0.048  126
59879.250   -0.633641582099   -2.469200396149    0.1975    0.5488   0.436   32
59891.208    0.061361726015   -0.062099995546    0.1349    0.1840  -0.011  174
59899.229    0.208115105895    0.025700401807    0.1511    0.5558   0.202   43
59901.271    0.476304738714    0.285897603192    0.2024    0.2430   0.118   57
59908.269    0.423954186860    0.338698809799    0.1643    0.1891  -0.046   60
59915.271    0.124439945138    0.326199611322    0.1676    0.2238   0.373   59
59922.269    0.860496542728    0.287899202078    0.2451    0.2433  -0.297   67
59928.270    0.219415978246    0.279298811279    0.1634    0.1877   0.104   38
59935.272    0.636504582939   -0.574901994810    0.2165    0.2029   0.069   86
59949.268    0.052065656733    0.087199201459    0.3998    0.3215   0.081   60
59954.206    1.011825806583   -0.218501990901    0.1956    0.2003   0.158  259
59963.250    2.690766811001    0.864500407260    0.1666    0.4752   0.406   53
59977.250    1.413037557383    0.770399999794    0.2444    0.9014   0.410   32
59984.248    0.359447882156   -1.674100793991    0.1653    0.5169  -0.048   46
60032.227    0.403930450309    0.148899606245    0.1939    0.1765   0.191   97
60040.248    0.509774842044   -2.210799594593    0.0306    0.1121  -0.235  110
60055.249    2.004771164642   -4.813901993828    0.0220    0.0688  -0.668   72
60081.229    0.081673772526    0.162500400336    0.1257    0.3906   0.252   27
60082.248    0.009011174160   -0.288701990314    0.2120    0.4038   0.206  194
60102.228    0.277774109629    1.457697604224    0.2328    1.0471   0.497   14
60106.041    0.788980452093    0.389098801179    0.2272    0.1618   0.223   84
60159.250    0.229285350177    0.007498807975    0.1509    0.4985   0.191   39
60167.249   -0.137168903070    1.866600007361    0.0822    0.1923  -0.653   88
60195.271    0.224565262437    0.273999600608    0.2372    0.3371   0.065   42
60202.270   -3.084824572107   -1.872802789649    0.2779    0.4637  -0.028   28
60207.230    1.305905868992   -0.468100796525    0.1822    0.4885   0.141   18
60227.209   -0.850194657072    6.638399999304    0.8592    2.4165   0.714   46
60230.251   -0.323973073324    4.089798004259    0.0863    0.2085  -0.480  103
