%-----------------------------------------------------------------------------
%                R.A. (mas)        Dec. (mas)        Err. (mas)     Corr. Del.
% Uncertainty in R.A. is in R.A. cos(Dec.)!!!!
%-----------------------------------------------------------------------------
48043.320    0.829818378895   -4.339000787468    3.5988    4.0457  -0.488    4
54456.854    3.192240289095    7.706098824656    5.4802    6.5909   0.594    3
57318.270   -0.103355544366    0.727498803599    0.4888    0.8475  -0.707    4
57325.268    3.869983405188   -2.269400386012    0.4711    0.5771  -0.695    6
57480.496    1.144188115546    0.000000000000    0.4606    0.4667  -0.044   18
57481.497    1.400504701952   -1.439499578737    0.4223    0.3900  -0.043   22
57548.250    0.413474896092    0.133398009439    0.2234    0.2392  -0.018   56
57554.229   -0.684490617111   -0.938199610800    0.2628    0.2732  -0.012   14
57694.229    0.760289166399    0.067697988015    0.2752    0.3741   0.047   25
57730.250    3.674961318952    1.573797629817    0.4853    0.5201  -0.092   21
57821.249   -1.319835635295    2.669000406286    0.2162    0.2214  -0.140   12
57849.249    0.000000000000   -0.689900411999    0.1698    0.1463  -0.027   33
58016.230   -0.196722249870    0.149000402416    0.1971    0.2261  -0.224   38
58030.230    5.048121531180    6.034798798282    0.5566    0.2814   0.732   90
58086.500   -0.399625408404   -2.025802808703    0.2920    0.2702   0.512   10
58087.498    4.676796518143   -7.625699981872    0.6531    0.6579  -0.898    7
58089.499    1.711491978165    0.479898028516    0.5758    0.4818   0.114    3
58090.500   -4.648195201375    1.599498006044    0.7092    0.7987   0.583    3
58091.497    2.761551722438    0.471297624927    0.1916    0.2944   0.224    5
58092.498   -1.643591945195   -2.712401976623    0.2574    0.3283   0.569    7
58093.499   -3.617757815632   -1.911700775281    0.1827    0.3003  -0.003    8
58095.500    0.086938403449   -5.282100005388    0.2486    0.4587   0.344    6
58096.497   -2.707394483546   -4.724402373313    0.2333    0.3788   0.081    9
58097.498   -5.222742161177    2.609298019252    0.8571    0.7040   0.012    6
58098.499   -0.546157725576   -2.841101996864    0.2530    0.1787  -0.207   10
58099.500  -37.139992700299   18.443797222290    3.8579    1.7615  -0.785    3
58108.291    1.791044893401   -2.745601199194    0.3858    0.3497   0.125   18
58145.291   -2.098879658548    2.251400422892    0.3861    0.2879  -0.053   20
