%-----------------------------------------------------------------------------
%                R.A. (mas)        Dec. (mas)        Err. (mas)     Corr. Del.
% Uncertainty in R.A. is in R.A. cos(Dec.)!!!!
%-----------------------------------------------------------------------------
48853.258    1.160113040253   -1.779602411034    1.1420    1.3565  -0.478   15
49253.335    0.435148926968    0.663897583308    0.4757    0.6043  -0.418   21
49554.333   -1.699536539349    1.686297616743    1.0482    1.0611  -0.042   11
49819.958    0.082846294417   -0.825202818078    0.2381    0.4307  -0.243  369
50168.169   -0.182451320712    0.164599214258    0.4126    0.2666   0.367   85
50169.250    0.433665005562    0.715996810641    0.2399    0.3122  -0.119   24
50393.251    0.077981183145    0.052797599892    0.2355    0.2106  -0.109   15
50652.253    0.303022896496    0.140097597523    0.2515    0.2217   0.016   25
50659.251    0.454559149217   -0.215801981085    0.2912    0.3527   0.023   32
50687.836    0.173889231250   -0.515401200119    0.3754    0.2839   0.203   67
50925.252   -0.221028316355    0.008100016657    0.3835    0.5323  -0.452   13
51036.087    0.414084320998   -0.966103203837    0.1156    0.0767  -0.377  648
51219.249    0.293658701705    0.159699607138    0.2505    0.1968  -0.014   17
51429.249   -0.238151914571    0.199097979703    0.2684    0.3321  -0.107   19
51611.250   -0.745006542664    0.632599176242    0.4884    0.4339   0.130    3
53115.229   -0.193032079526   -0.020800820266    0.1203    0.2102   0.595  167
53131.252    0.115512657786    0.225298794021    0.1064    0.1344   0.175  150
53136.227    0.000000000000    0.043797592753    0.1485    0.1786   0.079   22
53143.207    0.047357994953   -0.386002807318    0.1474    0.1759  -0.067   24
53479.204    0.084743529695    0.128599185700    0.3316    0.2257  -0.189   11
53488.251   -0.082529892203   -0.352000796511    0.2464    0.2296   0.405   55
53522.205   -0.407298049331   -0.037800009522    0.2454    0.2531   0.248   14
53789.594  113.474506386689 -161.464701602654    0.4002    0.6863   0.094   45
53815.205   -0.104153735353    0.001897183211    0.1986    0.2302   0.081   15
53878.207    0.456480309612   -0.007401592939    0.1961    0.1782   0.194   14
54152.206    0.042371466198    0.007498795185    0.0961    0.1092   0.042   15
54214.208   -0.018850968478    0.216198003500    0.1441    0.1621  -0.082   22
54440.250    0.453513030917   -0.044902782292    0.1711    0.2047  -0.035  155
54676.209   -0.024591138436    0.045399588089    0.2222    0.2094  -0.434   35
54803.228   -0.344202885202    0.135997197503    0.2961    0.3462   0.147   15
54937.249    0.016977658318   -0.295700385777    0.2320    0.2559  -0.067   20
55154.248    0.091578248895    0.000000000000    0.0774    0.0843   0.085  280
55418.207    0.192010483642   -0.080902810851    0.2677    0.3694   0.077   12
55482.206   -0.216090815840    0.200699975039    0.1617    0.1539   0.044   31
55533.271   -0.456529354444    3.063999588448    0.5886    0.5535  -0.244   25
55568.270    0.723066878007    2.218096784645    0.4418    0.3340  -0.151   70
55838.208    0.255567989884    0.137998796390    0.1426    0.1464   0.353   21
55901.206   -0.077762273297   -0.230601585827    0.1373    0.1511   0.148   47
55966.250   -0.113031646321   -0.078800428582    0.0949    0.1050  -0.264  207
56051.269   -0.860519200450    0.341697614203    0.4913    0.5547  -0.488   40
56125.207    0.230295599487    0.158299178565    0.1061    0.1172   0.131   65
56188.209    0.786575920124   -0.297403215654    0.3636    0.2630  -0.160   13
56258.205   -0.008683506945   -0.035402388221    0.1542    0.1299   0.254   15
56261.269    0.446410357036   -0.495802822797    0.3019    0.2876  -0.028   24
56387.270   -0.111109888628    0.075099580954    0.2478    0.3012   0.078   42
56461.207   -0.600208694782   -0.748900794179    0.4165    0.7838   0.599    3
56548.272   -0.272302215938    0.372499215473    0.3228    0.3253   0.019   18
56615.208    0.052514405316   -0.073501217912    0.3656    0.3581  -0.081    3
56692.206    0.026002089892   -0.013701628632    0.1342    0.1327   0.177   22
56762.206   -0.044463686207    0.044297979684    0.1150    0.1249  -0.063   21
56826.209   -0.043490554448    0.371599173832    0.1231    0.1756  -0.196   41
56834.248    1.524625728806   -0.049600822649    0.1152    0.0900  -0.105  222
56898.269   -0.373950434001   -0.164699997640    0.3672    0.3327  -0.493   13
56965.209    0.032082603774    0.121798814234    0.1204    0.1690  -0.220   52
57028.207    1.210997567672    1.775599213261    0.2701    0.1972   0.033   24
57031.271    0.017002180734    0.004697989198    0.2489    0.1950   0.285   17
57036.209   -0.050495735963   -0.081403197782    0.1029    0.1103   0.025   39
57098.207    0.289912678683    0.014698821360    0.2453    0.1398  -0.507   55
57161.209    0.119890904529    0.073699203540    0.2034    0.1540  -0.407   56
57224.207   -2.061617261269   -2.174302824187    0.2069    0.1703   0.258   26
57322.208   -0.755928209516   -0.051800407164    0.3363    0.2957  -0.068   20
57385.209   -0.422014203330   -1.146599998947    0.1458    0.1934  -0.333  108
57451.269    1.531606985204   -0.518601609656    0.2230    0.2671  -0.035   22
57526.207   -0.561436731001    1.193400015609    0.1556    0.2240  -0.351   65
57595.206    0.915369241447   -0.848901595418    0.1246    0.1938  -0.562  174
57666.207    0.296553010451    0.181897172524    0.3156    0.2563   0.269   18
57764.207    0.522153960981   -0.232300783409    0.2196    0.2209  -0.012   23
57862.208   -4.209851362394   -2.912601615890    0.5532    0.3257  -0.262   55
57872.197    0.164354590736   -0.090201587000    0.1430    0.1541   0.173  116
57875.189   -0.073700428768   -0.356201979912    0.1585    0.2259   0.078  225
57901.417   -0.649682851453   -3.392301607619    0.1581    0.1481  -0.112   90
57914.628    0.151024882368   -1.246201196636    0.1700    0.1888   0.533  126
57920.301    0.239562882619   -0.363502789469    0.1298    0.1336   0.033  180
57966.209    1.630628251903    1.345499993022    0.2392    0.2699  -0.027   19
58029.207   -0.157397840163   -1.417802400283    0.1321    0.1357  -0.036   43
58048.076    0.318346735208   -0.692701217986    0.2871    0.3286  -0.030   77
58085.500    0.247468242535   -0.640900810822    0.0978    0.1869  -0.662  205
58086.500    0.919795935723   -0.762202819260    0.0677    0.0582  -0.242  231
58088.498   -0.676705956523    1.314900009675    0.0633    0.0863  -0.118  107
58089.499    0.842325558816    0.653597982136    0.0958    0.0952  -0.269   80
58090.500  -18.955993605209   10.042599609505    0.1050    0.1116  -0.207   44
58091.497    3.004958814427    2.660799606247    0.0984    0.1409  -0.080   58
58092.498    0.711489045725    0.574898388095    0.0784    0.0904  -0.223   77
58093.499   -2.386167105847    2.052698414445    0.0616    0.0742   0.090   93
58094.496   -0.300736853170   -0.327200410766    0.0693    0.0878   0.140   67
58095.500    0.629639841368   -1.968800393115    0.1089    0.0783  -0.107   94
58096.497   -0.460907584595    0.613098001168    0.0686    0.0748   0.233  129
58097.498    0.989337044188    0.806400015563    0.0711    0.0820  -0.047   84
58098.499   -1.736703164243    1.219298377464    0.2253    0.4180   0.167    3
58099.500   -0.076351885956    0.577998014251    0.1241    0.1051   0.174   63
58258.146    1.657286507225   -1.926500380023    0.4591    0.2495  -0.388   36
58272.782    0.224871251035   -0.554101200123    0.1642    0.1328  -0.025  127
58279.305    0.108313072247   -1.353301189511    0.1441    0.1034   0.021  236
58301.297   -0.072313983137    0.845596821364    0.1343    0.1497  -0.001  129
58438.269   -0.129644454892   -0.248302779937    0.1391    0.1496  -0.098   77
58452.269   -0.095445705992    0.423997221333    0.1758    0.1993  -0.327  107
58472.708   -3.502813533361   -7.740702005776    0.2930    0.2688  -0.065  126
58481.840   -0.993374947008    0.805899577472    0.3297    0.3411  -0.054   72
58505.161   16.300467056295   13.787899206363    0.5363    0.2781  -0.123  115
58526.207    0.013013306154   -0.337802413242    0.1008    0.1183   0.017   38
58529.271   -0.194856344854    0.128397618937    0.1198    0.1263   0.081   46
58597.208   -0.164427544094    0.113299194027    0.1236    0.1352   0.208   50
58635.004   -0.788934916808    0.336898790465    0.6335    0.4145  -0.426   72
58659.209   -0.276388566291   -0.294602409667    0.2026    0.2225   0.039   18
58743.209   -0.058887363110   -0.108403219201    0.1065    0.1144   0.051   55
58795.122   -0.448721486893   -0.288302425133    0.1967    0.2078   0.181  135
58803.501   -0.224457937163    0.012697171314    0.5646    0.2402  -0.465   21
58861.959   -0.160657015248    0.303998388063    0.2218    0.2220  -0.010  108
58871.905   -0.543339984433    0.680497220173    0.2384    0.2055  -0.063  131
58876.207   -0.173986723616   -0.129700794105    0.0996    0.1043  -0.155   52
58988.208    0.135725549480    0.060998399931    0.0794    0.1008   0.300  235
59051.210    0.160316671325   -0.153000019054    0.1135    0.1121  -0.104  105
59058.208   -1.012298288137    0.286099208324    0.1815    0.1989  -0.059   45
59142.208   -1.305640587628    3.078298806258    2.1914    2.7905  -0.716    5
59186.250    0.060054898893   -0.076701627449    0.5308    0.2700  -0.566   34
59230.577   -2.451378398511    3.512098771807    0.1570    0.2100  -0.316   49
59256.250    0.555501576311    0.362199614301    1.3652    2.3445  -0.838   42
59319.248    0.362251184235   -0.140803183513    0.2466    0.2020  -0.417   67
59389.249   -0.153359937343   -0.236300400047    0.2926    0.2649  -0.436   49
59452.251    1.010717455073   -0.055400420251    0.4563    0.2105  -0.021   30
59480.083    0.545626608466   -0.047203201348    0.1503    0.1722  -0.219   59
59563.228    0.763955003507    1.210798808415    0.2322    0.1555   0.176   91
59613.249   -0.189626383835   -0.226000798875    0.1180    0.1283   0.081   56
59662.251   -0.306768902926   -0.526302022763    0.3014    0.4833   0.658   53
59711.249    0.480998478099    0.265298388058    0.1398    0.1945   0.148   55
59760.248    0.729634239826   -0.032702416775    0.4860    0.7355  -0.183   24
59802.251   -0.634309951317    0.419896821313    0.2459    0.2648  -0.810   51
59837.250    0.378255694202   -1.076000421563    0.5087    0.3704  -0.269   59
60047.250   -0.337489583484    0.216900008354    0.4906    0.4050   0.050   61
