%-----------------------------------------------------------------------------
%                R.A. (mas)        Dec. (mas)        Err. (mas)     Corr. Del.
% Uncertainty in R.A. is in R.A. cos(Dec.)!!!!
%-----------------------------------------------------------------------------
48104.251  -27.592445812598   63.837802794353    1.3665    3.3095  -0.833    6
48111.253    9.397807155883    7.299500396130    0.4562    1.4513  -0.096    9
48126.246   -5.451478089380   18.623102394599    0.6428    2.1018  -0.421    4
48132.269    2.949249282107   -9.795499195775    0.6731    2.4204  -0.375    4
48146.415   -3.715799925510    3.547101594847    0.9798    2.6041  -0.286    9
48155.346    2.112876061345  -17.717400001516    2.5493    9.5875  -0.946    6
48160.346    4.572022423554  -20.769800394760    1.0432    2.2221  -0.419   10
48419.250    2.325581763839   -5.796899996824    0.7043    3.0845  -0.635    5
48454.270   -2.590283196708   26.253899994799    0.9159    3.2139  -0.161    4
48559.250    0.040651456949    1.936799993985    1.0482    3.7724  -0.746    4
48580.256   -1.737298761200   -5.280998396984    0.9415    0.9802   0.388    8
48833.125   -0.592739737416   -0.790398006245    0.4599    0.7919   0.286    7
48838.878   -0.846634977180    0.610901997788    0.8449    1.0108   0.477    6
49056.085    0.711585844592   -0.013298405577    0.6888    0.7386  -0.132    7
49125.168    0.561679025576    3.914002805061    0.5253    0.8047   0.076   13
49153.168    2.208223323004   -0.777398395257    0.2849    0.3386  -0.204   25
49209.169   -3.230020809400   -2.805897594271    0.6359    2.1286  -0.674   17
49216.170    2.600006872805    1.423501201714    0.4368    0.6144   0.124   10
49272.167   -0.244171471546    0.451501198029    0.5383    0.9626   0.114   11
49328.167    0.160440793778   -0.377100002424    0.5381    0.6763   0.074   19
49363.173   -1.972018774993    0.868701603451    1.2845    1.3477  -0.067    5
49365.302    1.742701857752   -0.205200004189    0.2673    0.5352   0.074   28
49367.336    2.212002597983   -0.972597605653    0.4031    0.4708  -0.147   22
49370.324   -0.164492379222    0.077500796181    0.4302    0.7283  -0.036   17
49372.322    1.899091158207   -2.121497998075    0.4454    0.7421  -0.210   14
49373.363    1.494475576518   -0.550497605900    1.0230    0.7234  -0.292    6
49374.360    0.129785323391   -0.159300003588    0.4491    0.5151  -0.339   14
49377.308    0.773033124841    0.261302403715    0.4091    0.7718  -0.120   13
49391.165   -0.219052028700    4.636702797711    1.3559    5.3060  -0.814    5
49426.167   -0.127892415596   -0.250700401239    0.4154    0.7644  -0.113   17
49482.167    0.244712776111   -0.502999203889    0.3902    0.5090   0.084   14
49524.168    0.137078011373    0.276602395388    0.3148    0.4051   0.050   14
49534.544  -32.372720428114  124.410402005992    0.3695    1.0074   0.121   19
49594.168    0.012154572091   -0.075697195712    0.5688    0.5902   0.103   10
49629.086   -0.314668284459   -0.108997201664    0.3923    0.5308  -0.011   24
49692.084    0.257408652766    1.142802000231    0.3582    0.4532   0.082   22
49895.086   -1.645059855332    5.240102406390    0.9979    2.0324   0.099    7
49896.281   -0.485779208231    1.123200003406    0.4452    1.3484   0.020    6
49897.395    0.326417707218   -0.354599997365    0.5048    1.7995   0.100    7
50324.335   -0.265644662522    0.863002802021    0.5830    0.6673   0.316   25
50631.755   -0.497933780322    0.513802798707    0.3322    0.4989   0.306   81
50687.836   -0.014044255641    1.128700793629    0.2112    0.4413  -0.011   90
50765.338    0.748723888538    2.140401596762    0.9789    0.9603  -0.257   11
50835.273    6.714746972986   -1.262098803068    3.6542    9.3079   0.225    5
51072.250    0.731976426438   -0.058399199077    0.4620    0.7112   0.349   13
51324.251   -0.066850376801   -0.045097199575    0.3551    0.9553  -0.318   12
51513.250   14.518948883589  -13.663198802760    3.9764    4.1062  -0.980    4
51883.083    0.237283840775    0.205401596531    0.0711    0.2002  -0.080   88
52767.244    0.029034873057    0.046702801626    0.1043    0.2290  -0.403  143
53125.576    0.733597023768   -0.568198800011    0.3230    0.6311  -0.029   45
53152.747   -4.397401218903  -14.268697199782    0.2981    0.4789  -0.116  135
53227.225    0.064688474907    0.066902400420    0.3098    0.4043  -0.218   12
53374.206    0.344921829758   -0.383597998166    0.8934    0.5509   0.625    7
53381.207    0.422575175420    0.104399995848    0.2371    0.3394   0.111   17
53552.287   -0.599491212954   -6.501898795364    0.2964    0.5938   0.163   44
53561.356   -1.662481460864   -2.556500393780    0.3519    0.6324   0.023   81
53572.467   -8.627746323722   -5.843397599392    0.5113    0.8734  -0.067   42
53703.205    0.074412151004   -0.229100399451    0.5196    1.0085  -0.091   12
53768.252    0.143965642143    0.385102804046    0.1039    0.3394  -0.364  189
53992.249    0.668367336417   -1.302699605787    0.1822    0.2716  -0.271   48
54123.209    0.267670409184   -1.215597593784    0.1660    0.6245  -0.181   33
54354.208    0.223644826588   -0.345398397883    0.2472    0.9679   0.067   23
54468.206    0.862303054394   -1.689699605834    0.2427    0.5646  -0.106    7
54473.206    0.327500224226    0.497602803762    0.2829    0.3394  -0.398   18
54566.250   -0.002294832882    0.489600002140    0.2254    0.5560   0.059   13
54748.247   -0.308052872033   -0.364197593683    0.2186    0.3136   0.121   84
54767.207   -0.565863449887   -0.496998001154    1.1376    0.9467  -0.854   11
54774.209   -0.301570390595   -0.041900396752    0.3419    0.4530  -0.397   15
54781.207    0.117494503946    0.694400402779    0.1618    0.2746   0.195   34
54803.228    1.033141667701    2.494501194406    0.8396    0.9854   0.088    4
54810.208    0.381113419807   -0.208897193943    0.2166    0.2132   0.006   22
54837.207   -0.229180854129   -0.845600402499    0.2280    0.6754  -0.103   10
54852.208    0.439996780952    0.371901600715    0.4506    0.2306   0.157   13
54865.207    0.154768703125   -0.092300400922    1.1181    0.3196   0.242    6
54880.208    0.212569547262    0.682502400196    0.2326    0.2491   0.090   16
54936.208   -0.054964798810    1.068101997248    0.2965    1.2640   0.537    6
54942.209    0.427168065430    0.585302404943    0.2333    0.3382   0.042   19
54970.209    0.054290563257    0.110102403994    0.3185    0.2442  -0.029   18
54985.207   -0.048077168040   -0.901800004272    0.7528    0.1965   0.407    3
54991.208   -0.095211106427   -0.822099597997    0.3185    1.1161   0.754    8
55061.208    0.165707827219    0.102600002094    0.3585    0.3343  -0.044   16
55083.207   -0.183939731415    0.003902401602    0.3401    0.2928  -0.116   12
55118.209    1.825080932291    0.145800005669    0.9409    0.3113   0.177    5
55119.250    0.153553255128   -0.040499993759    0.3726    0.4668   0.280   31
55152.206    0.907407929754   -0.677699995322    0.5237    0.3678  -0.148    4
55154.248    0.086971872427    0.657100805768    0.1012    0.1981  -0.005  170
55166.206   -6.478811511196   -0.194997605263    3.4317    0.3452   0.607    6
55201.208    1.539988917576    6.149300396885    0.6063    2.0786   0.828    3
55208.206    1.099450739937   -1.913900398165    0.8046    2.2290  -0.763    3
55274.269   -0.444722509829    0.858902402001    0.5843    0.8096  -0.339    9
55278.206   -0.456744243052   -0.136997996947    0.2816    0.2984  -0.113    9
55285.208    0.313452744341    0.431402395407    0.2369    0.6784   0.228    7
55293.207   -0.018637053529    2.434302001575    1.0129    2.6140  -0.744    3
55306.206    1.319721440878    0.275000400052    0.5738    0.3714   0.127   10
55313.208    0.674039519190    0.169700400932    0.8810    0.3877   0.180    4
55320.207   -0.510629656977   -0.022399196098    1.1450    0.5664  -0.335    3
55349.207    1.288119424473   -0.542199603615    0.5357    0.3267  -0.537    5
55376.207    0.211085013044   -0.533199596475    0.3718    0.2991   0.049   11
55384.209   -0.997219163873    1.424901604707    0.6690    0.6016  -0.617    5
55390.207    0.782892864049   -0.680997594316    0.5712    0.4731  -0.384    6
55414.269    0.141398590917    0.543002404640    1.1720    0.8129  -0.876    4
55428.269   -0.343975467982    1.249300797213    3.2402    2.2657  -0.963   10
55447.208    3.227858815385    0.332499595856    1.7333    0.3465  -0.338    5
55453.209   -0.144775940808    0.868701603451    0.3686    0.3286  -0.072    9
55467.209   10.127219755339   10.900101595723    3.2210    3.4176   0.987    3
55482.206    0.161925327996    0.435801602805    0.1931    0.2848   0.172   17
55488.207   -0.302244626148    0.656600406046    0.2321    0.2913   0.026   13
55512.270   -2.900089597059    0.421700396203    1.2129    1.6286   0.090    3
55518.249   -0.059693751931   -0.237898801458    0.1746    0.2942  -0.283  150
55530.207    0.842178242403   -0.150998394588    0.5044    0.3497  -0.338    4
55544.207   -0.099262691871    0.782999994442    0.2788    0.4397  -0.111    6
55546.249   -0.593686191313    0.298900795315    0.6802    2.3552   0.615   11
55551.209   -0.111822413294   -0.224499599710    0.2663    0.3859  -0.144    5
55586.207   -0.219862327365    1.750201199968    0.2929    1.0256   0.017    5
55691.206    0.085218344109   -0.188499596732    0.9187    0.5181   0.140    5
55705.209   -0.089538923653   -1.323597602720    1.2026    0.4264   0.113    6
55736.270   -0.150581054570   -0.317397602601    2.9002    2.4639   0.893    4
55776.228    0.587608859207    0.755902796357    0.2607    0.4164   0.180   59
55791.251   -2.319909581065   -2.027397603399    1.0308    5.2484  -0.405    6
55845.206   -0.482401858340    0.606700801598    0.8729    1.0146  -0.835    6
55880.208    0.108850212735    0.191901598612    0.1807    0.2005  -0.237    6
55916.229   -0.645140709244   -0.924497994959    0.3023    0.2614  -0.033  134
56021.249    0.112363717859   -1.108998000632    0.2922    0.5524  -0.173    4
56030.271   -1.684492640039   10.034801994152    1.2541    6.4141  -0.750    6
56063.242   -1.140102289007    3.882599995109    1.5200    2.7176   0.092   15
56078.250    0.908354383651    3.326900406364    0.7706    2.5142   0.833    4
56162.250    0.118168739500    0.393901206053    0.2200    0.6447  -0.573   79
56189.228    0.206359284168    6.692202005354    1.2043    1.4767   0.190    9
56210.186   -0.059016292134    2.112901201201    0.4833    2.4187   0.535    7
56267.249   -2.027524878368   -3.188700004841    0.1332    0.3061  -0.215  212
56400.247   -1.039355155039    3.107001606395    9.7330   25.5575  -0.986    3
56405.207    0.866623541817   -0.999799193835    1.1704    1.5562  -0.927    4
56463.249    0.474570997916    0.155300399740    0.6330    0.8498  -0.099  108
56497.228   -1.297301888126   -0.455497195162    1.5101    1.3554  -0.790    3
56499.270    0.691866274055   -0.243000000921    0.7888    0.9139   0.563    4
56510.209   -0.084271982333   -0.209699994969    0.1572    0.2662  -0.105    8
56513.270   -0.459713219367    0.028602003965    0.4050    0.5533  -0.375    4
56524.209    1.974177452643   -1.589399997215    0.9267    1.0721  -0.952    5
56525.228   -3.084029328474   12.077200794636    4.1173   12.1767  -0.975    3
56548.272   -2.491558585158   -1.292097603312    1.5188    1.6489   0.058    3
56573.208   -1.040570603036   -1.571597994143    0.8436    1.3953  -0.521    7
56587.208    0.280771435172   -0.218498396976    0.5481    0.6570  -0.703    5
56590.272    0.675932334864   -0.041399997031    2.2472    0.5192   0.821   14
56609.207    0.244712776111    0.147999602973    0.3354    0.3981  -0.590    3
56615.208    0.228911767908    0.267202797488    0.2740    0.4311   0.172   10
56626.286   -0.437160735626   -0.314298002024    0.1987    0.4431   0.054   17
56628.225    0.295087909156   -0.133797600199    0.2449    0.6941   0.280   14
56630.230   -1.054478703444   -5.586299998583    1.0439    1.3682   0.234   11
56632.269   -0.433783385735    0.573901195366    0.2053    0.4515   0.141   20
56634.263    0.150175813116    0.616899593808    0.2063    0.4049   0.268   25
56636.206   -1.442346915155    0.385700406014    0.3655    0.5338   0.149    3
56636.257   -0.151258422246    0.252899998543    0.1778    0.3770   0.147   33
56638.251    0.394350601028    0.398001606072    0.1855    0.3762   0.182   35
56641.243    0.306159964238   -0.740898005347    0.1792    0.3620   0.204   34
56643.208   -0.509414208980    0.649000801900    0.2473    0.3323  -0.185    6
56661.920   -0.279286993075    0.943599604852    0.2697    0.4850  -0.278   48
56674.269    0.403669127792   -0.000097202246    0.3941    0.3958   0.332   17
56679.207    0.514545087189    0.407901603694    0.4400    0.2514  -0.114    4
56681.270   -0.027145281629   -1.099400404314    0.9994    3.5293   0.175    5
56688.269   -0.870406133162    0.137401194422    0.6681    0.4459  -0.602    5
56695.271    0.025793678399    2.114802003916    2.0623    6.6452  -0.857    3
56701.250    0.237419996008   -0.124898402021    0.0795    0.1581   0.000  161
56728.209   -0.212705702495   -0.287899202078    0.2213    0.2017   0.112   16
56741.208   -0.215541747821    0.053499604746    0.1744    0.1915  -0.274   19
56743.250   -0.174621204651    0.105102000703    0.1107    0.1231   0.096   76
56758.272    3.027307777102    0.906699598602    2.2925    0.5655  -0.247    3
56772.273   -0.103045191095   -0.050997606138    1.1303    1.0886   0.807    4
56777.269   -0.231478819135   -0.327898796115    1.7996    0.6756  -0.609    3
56800.269   -0.986280039779    0.199501202758    0.3826    0.3495  -0.241    7
56817.881   -0.417982377532    0.754102802603    0.1797    0.3312   0.130   94
56839.208   -0.385842372928   -3.285698394961    1.2036    3.0761  -0.594    5
56856.269   -0.122492543288   -0.203097596341    0.2864    0.3281  -0.020   10
56860.206    0.206764433500    0.442601999850    0.4095    0.5603  -0.779    3
56874.206    0.091700825547   -1.008597595842    0.5799    1.9337  -0.308   10
56877.271    2.105042068798   -2.853997204966    2.6210    3.2549  -0.971    3
56878.498   -0.292115800719   -1.526597996815    0.2444    0.5898   0.250   36
56884.269   -0.657159218224    0.635302805563    0.4073    0.3880  -0.583   12
56891.271    0.489966856787    0.425901605183    0.3996    0.7065  -0.355    8
56895.208   -0.160576949010    0.395002801667    0.3487    0.3665   0.271    4
56901.794   -0.631498378692   -1.304398803370    0.5276    1.5275   0.812    6
56903.207    0.064150394587   -0.035798397846    0.3752    0.2196   0.347   10
56905.271   -0.371794893043    0.366001194152    0.4272    0.7388  -0.333    7
56910.227    7.273181579659  -41.796597594157    0.7048    1.5835   0.504   10
56923.208    0.520353333074   -0.914198393787    0.5403    0.5623  -0.146   10
56932.270   -0.168274878445    0.381600005994    0.3202    0.4482  -0.500   18
56940.273    1.984983645748   -0.138398399940    1.3793    1.5546   0.735    5
56947.271    0.912000819763   -1.513497602446    0.6632    0.8226  -0.797    4
56961.271   -0.367069164166    0.344401205155    0.3053    0.6906   0.385   11
56975.271    0.074279220016   -0.187297204945    0.3058    0.3906   0.254   18
57011.551    0.115063607953    0.598100398008    0.1821    0.3412  -0.111  162
57015.270   -1.726223481873   -1.586599204018    0.4582    0.3851  -0.369    7
57021.209   -0.496313182992   -4.266198006064    0.6177    0.7987  -0.633   23
57037.250   -1.007211926190   -1.135497596749    0.4816    0.5152   0.286   44
57085.208   -0.565458300555   -0.822599997718    0.4386    0.2216   0.283   17
57098.207    1.176297103300   -1.526597996815    0.2398    0.2409   0.130   33
57098.832    0.208248967718    0.574102800499    0.2018    0.4423  -0.264   45
57114.274   -0.815710328451   -0.069897598109    0.9938    0.5831  -0.015    4
57156.760   53.288098524116  304.398601198841   86.6237  146.6000  -0.884    3
57183.208   -0.129107863593   -0.000500399722    0.2058    0.2312  -0.249   11
57192.270   -0.726709485118    0.542602801090    0.6849    0.5246  -0.766    3
57198.249   -2.936417250219    2.801001593866    0.5391    0.7269  -0.383    3
57217.209   -0.320071381012    0.972201596028    0.3167    0.3285  -0.244   10
57231.205   -2.320450885630    0.791499601860    0.3771    0.2029  -0.395   17
57252.207   -0.491451391005    0.569699999176    0.4753    0.2607   0.354    5
57309.208   -1.005322242640   -2.776798797299    0.2905    0.9514   0.779    3
57311.272    0.081166850786   -0.482299205373    0.2790    0.2297   0.093   18
57315.209    0.162466632560   -0.739998002075    0.1547    0.1806  -0.012   22
57330.206    1.130647607010    0.787899601562    0.5001    0.2357   0.171    4
57343.209    0.552629492911   -1.045198794714    0.2571    0.2722   0.219   12
57350.208   -9.663724128870    0.326800794426    2.8549    0.3770   0.747    4
57364.208    0.558165520452    0.232102797781    0.4333    0.2598  -0.353    5
57367.268   -0.006751475538   -0.442198802375    0.3917    0.2653  -0.317    6
57374.270   -1.755799659496    2.082402001236    0.5036    0.4595  -0.769    5
57378.208   -2.064931824293    1.002502797576    1.4423    0.2231   0.493    5
57386.269    1.363610960363   -3.439598404498    0.2988    1.0426  -0.787    7
57395.272    0.604489160174    4.052102397623    0.5421    0.9415   0.430    3
57401.233    5.808418335996   10.860202797858    0.1820    0.1836   0.133   53
57402.270   -2.483050357058   -1.335599995400    0.6110    0.3036   0.290    6
57437.269    0.486453351663   -0.310597205555    0.4012    0.3428  -0.572    8
57455.206   -0.466737005370    1.524801596986    0.4937    0.4905   0.745    4
57462.208   -0.190422212854    0.152600402714    0.2276    0.2048   0.040   17
57477.209   -9.259649759625    0.958701598108    1.7959    0.3316   0.139    8
57483.206   -1.939606552044    1.089302395485    0.3394    0.3239   0.092   12
57490.208    0.891607013673   -0.620100003346    0.5870    0.2329  -0.403   14
57497.206   -1.094319953850   -2.206998001952    0.3031    0.3647  -0.109   42
57507.269    2.067229881420   -1.129197599425    0.3383    0.4175   0.209    7
57520.253    1.960807340434  -14.821898396633    1.0801    1.0469   0.233    6
57577.269    1.379142882344   -2.974597195760    0.3120    0.5776  -0.369   17
57582.229   16.085272784129   32.799099602698    0.9352    1.3227   0.279   19
57588.208   -2.063042232864    4.278999605845    0.3352    0.3315  -0.367   33
57596.229    2.346380719262    0.118202395072    0.7399    1.8276  -0.769   25
57609.206    1.243821623534   -6.735499198385    0.2502    0.3718  -0.406   14
57630.208   -1.366314166822   -1.804697997443    0.2050    0.1978   0.170   39
57640.271    3.157093100493   -4.194399605240    0.1805    0.2561   0.185   29
57644.208   -0.719552860248   -2.389100399114    0.3545    0.3439  -0.168   19
57651.206   -2.019826948933    1.734501604744    0.5829    0.4850   0.582   12
57710.267    1.213571210358   -1.107298803049    0.2493    0.2581   0.225   35
57714.208    0.856225722288   -1.286600394224    0.1992    0.2138  -0.074   23
57715.271   -0.748454894439    2.015099997266    0.2004    0.2379   0.028   29
57723.248    0.057395694804    0.455601598048    0.1211    0.2156   0.050  157
57729.228   -1.314587338425   -1.311998394726    0.4265    0.4580   0.128    6
57737.270   -0.890391565676   -0.529700405139    0.3869    0.2862   0.150    9
57757.209    3.346705014682   -1.532699995721    0.3923    0.3156  -0.038    9
57770.475   -0.327633155214    0.433900800090    0.1666    0.3921   0.043  135
57772.228    4.261000575206    7.028002794129    0.4038    0.4147  -0.114   52
57791.207   -0.196094395627    0.796500005151    0.2914    0.2640  -0.141    6
57792.229   -1.131457905675   -1.570698003661    1.3375    0.7419   0.415    4
57804.381   -0.714690976139    0.083699997333    0.1879    0.3586  -0.110   72
57809.367   -0.043215283931   -0.377298000842    0.1820    0.5272   0.153   45
57815.269    0.982228454335   -3.503599202759    0.3245    0.4298  -0.224   37
57829.269   -1.470302495448    0.313200000335    0.5391    0.3836   0.212   12
57836.271    0.963724331794   -3.387599998916    0.4028    0.5075  -0.091   10
57836.293   -0.176241801980    0.171399598514    0.2250    0.5229  -0.218   69
57839.792   -1.601303266836    0.083199597611    0.2292    0.4730   0.173   64
57840.209    9.971371759450    2.739502794213    4.2105    1.0092   0.934    4
57843.270   -7.501014054803  -10.017698402010    2.2932    1.1974   0.900    4
57849.249   -6.668018276053  -20.163200402123    1.5285    1.7511   0.222    4
57871.270  -10.152880594871   13.573800003996    1.7880    1.5778  -0.854    3
57872.197    0.062798791357    0.102600002094    0.1616    0.3483  -0.068   90
57875.189    0.041999835934   -0.519998405935    0.1677    0.3488   0.237   83
57892.271   -0.908085389552   -0.420598800588    0.4802    0.6051  -0.405    8
57896.209    2.252790210164    2.492600404480    0.4814    0.5419   0.406   10
57899.270    0.031738079517    0.489002400172    0.3587    0.4278  -0.054    6
57901.417   -0.085082280998   -3.573899998344    0.1826    0.3942  -0.303   71
57904.690   -0.047266869375   -0.558799202111    0.1825    0.3609  -0.067  141
57914.628    0.264160128304   -1.613897994446    0.1670    0.3361  -0.158   73
57920.301    0.072253473354    1.101801593961    0.1804    0.3654  -0.082   66
57931.207    0.306432274704    4.396802397366    0.4482    0.3238   0.029    6
57943.713    0.814358725221    1.890302404206    0.2670    0.7526   0.047   36
57962.272   -4.822138388338   18.883900804667    0.5115    0.3735  -0.023   18
57970.691    2.898063850397   -3.741498004217    4.1014    5.3287  -0.995    3
57973.207    0.900520391105    0.779101199555    0.4426    0.2831   0.184    7
57976.272   -2.085461785616   -4.626097201310    0.4791    0.2726   0.063   16
57978.131    0.205412830270   -1.524898799232    0.1875    0.3816  -0.140  104
57987.207    0.050102914701    0.617900406041    0.4802    0.4094  -0.139    5
57988.230   -2.280473572114   -3.771698396804    1.4793    1.6080   0.423    3
57997.270   -0.850281321171   -3.051000003040    0.8885    0.3895   0.701    8
58009.228    7.573400459145   -3.198499206292    1.1171    2.0133   0.285    5
58010.244    2.025768033685    0.033699596713    0.3071    0.8907   0.046    8
58011.270   -7.721958899176   -4.554500405618    0.5674    0.3413   0.506    7
58015.324   -4.514490665638  -10.162400405989    1.1541    2.6319   0.755   28
58022.797    0.881072946790    0.206301599803    1.2122    1.2329   0.305   56
58036.001    0.379628885589   -1.416200404947    0.3806    0.9124  -0.410   55
58039.270   -1.216945336005   -3.853497604211    0.5429    0.4388   0.393    6
58057.207    0.829349434759    0.498902397794    0.3421    0.3685  -0.612    4
58082.022    0.327905373559   -1.230199200108    1.3494    2.2692  -0.286    3
58128.230    0.426762916097   -1.555498795369    0.3746    0.4547  -0.215   19
58137.058   -8.346569647097    2.001200395796    0.2210    0.5145  -0.445   63
58159.408   -0.886339980231    2.179000800595    0.2819    0.5619  -0.644   34
58203.797    0.067255526134    0.064601994154    0.1975    0.4428  -0.283   81
58238.207   -1.868027222122   -1.980399601109    0.8488    1.6234   0.820   15
58241.209    0.943061439482    1.314899996885    0.6054    0.7693  -0.507    3
58258.146    3.186669278115    7.345702798034    0.9804    1.5941   0.635   16
58270.269   -2.024147436356   -3.311499605729    0.4240    0.4181  -0.515    3
58272.782    0.155579001790   -0.748497596703    1.7197    3.2499   0.892   15
58279.305   -0.124518289950   -0.342900005990    0.2806    0.7327  -0.109   28
58296.227    1.828594437415    1.129100397179    1.1915    1.3334   0.028    5
58301.297   -0.203387083609    4.598499603503    0.2954    0.8726   0.198   24
58305.026    1.045701481245   -2.763500404512    0.1838    0.4085   0.009   56
58312.269   14.175919869505    6.845201998829    4.9611    2.0426   0.976    3
58337.208    0.149232675584   -0.687697195190    0.3727    0.5129   0.093    3
58340.269    0.426357766765  -10.245099603878    0.9319    4.8129   0.169    6
58340.948   -0.930774028525   -5.294199600314    0.3546    1.0145   0.152   16
58374.252    0.254300296975   -2.247299997293    0.2628    0.6112   0.439   54
58382.002    0.381249575040    0.192301202162    0.2846    0.6438   0.086   15
58407.208    0.347890806073   -0.345798001433    0.3225    0.3466  -0.055    5
58425.726    0.281717889069   -0.525499196158    0.1853    0.3965   0.282  141
58428.206    0.656484982670   -0.063698396957    0.7494    0.5034   0.403    3
58437.250    0.150986111781   -0.081500400029    0.0827    0.1959  -0.366  140
58440.833    0.268885857181   -0.335998799983    0.1125    0.2516  -0.076  187
58456.714   -0.268616863081   -0.290498402933    0.2017    0.6391  -0.242   29
58499.226   -0.006618636671   -3.264497996724    0.7215    3.5578  -0.031    3
58532.913    0.369363997049   -3.357298797368    0.2729    2.7591  -0.108   30
58570.249   -2.244009763721   -6.131498393813    0.4295    3.3468  -0.356   16
58571.271    0.139236689022   -0.044398801435    0.2028    0.2151  -0.204   15
58601.083   -2.342867214138    2.793301206339    0.6450    1.5179  -0.635   28
58603.209    0.138293459369    0.276101995667    0.3085    1.3345  -0.451    6
58606.269   -3.741729759141   -0.528199205974    4.0893    1.2070   0.950    3
58627.271    0.659321027996   -0.325598402640    0.3884    0.4164   0.228    3
58631.757   -1.541068210340    3.618500404912    0.3662    1.1175  -0.566   60
58635.004   -0.102234892430   -1.282597196450    0.5864    1.0692   0.063   19
58638.207    0.140993441584    0.216201597425    0.1244    0.1794  -0.085   51
58641.271   -0.119384187497    0.425800796222    0.4332    0.7163  -0.272    3
58645.413    0.786944449493   -1.684497597410    0.3205    0.7688  -0.564   70
58646.210    0.776274319499   -0.874098003578    0.1391    0.2483  -0.423  112
58652.207   -0.691866274055    1.849201201765    0.6142    0.8741  -0.133   17
58659.209    0.393404147130    0.225802800458    0.1085    0.1700  -0.089  121
58666.207    0.109660511400   -0.017697600185    0.1378    0.1977  -0.115  173
58680.207    0.414472096653   -0.139697993973    0.1820    0.2790  -0.265   14
58681.230    4.056261888368    3.386102393677    7.6488   11.2085   0.030   30
58697.271   -0.719958009580    0.363502802259    0.3347    0.3512   0.031    6
58702.228    0.587472703975    4.154900398134    0.2842    3.6419   0.095   19
58703.251    0.084946125765   -0.846899996532    0.2116    0.1583   0.129  162
58708.207   -0.244981862332    0.026402393871    0.1690    0.2032  -0.091   77
58725.272   -0.394888681348    0.538002001349    0.5044    0.4796  -0.173    6
58744.228  -33.328205525908   -1.352300402857    0.9699    0.4093   0.154   73
58750.207   -0.584905744870    2.130299994008    0.3673    0.6018  -0.348   79
58764.182    0.382465023037    0.572702397506    0.2349    0.3396  -0.308   63
58765.208   -0.127354335276   -2.184299998476    0.4291    0.4683  -0.224   89
58771.209   -0.463631873823    0.545202001945    0.1398    0.2385  -0.537  169
58778.211    0.260782778413   -0.760698000590    0.2389    0.4118   0.266   92
58785.209   -0.221213930594    0.111200405684    0.1676    0.2541   0.334  147
58793.226   -0.166654281116    0.277300806317    0.2309    0.2957  -0.272   27
58800.228   17.831757141105   94.079502000000    1.6185    2.0324  -0.753   19
58802.270   -0.152201651899    0.181900804819    0.1897    0.2849  -0.119   43
58807.230    1.170893914626    0.167799598216    0.1513    0.1101   0.117   37
58808.249   -0.063067877578  -17.826800400655    1.0592    3.5312   0.255    5
58816.084   -2.081137981828    2.837199595263    0.9943    1.6749   0.030   10
58823.272    0.609487199516   -2.629598401427    0.3425    0.8973  -0.443   33
58844.270    1.078924094979    1.204901995777    0.4201    0.9457  -0.101    3
58877.230    0.701995099484    1.601802006235    0.1054    0.2341  -0.020   82
58883.209    0.251869400981    0.408999605384    0.1169    0.1792   0.125  135
58883.249    0.583557365884    2.595401998917    0.3447    1.0872   0.895    5
58890.208    0.443374222965   -0.944899198885    0.2892    0.2499   0.353   31
58891.230   49.971378060634   21.995100000538    0.4539    0.3740   0.470   53
58900.248    0.166654281116   -0.886697998226    0.1010    0.3752  -0.388   13
58905.227    0.024714385635   -0.764298000888    0.2500    0.7088   0.151   31
58914.270    0.106960529185    0.130500001205    0.4351    0.5372  -0.032   67
58920.249   -0.606245912736    1.152899996271    0.1266    0.2529   0.207   62
58921.268   -0.241335426220    0.421401601614    0.2508    0.2472  -0.062   43
58926.228    0.590577835522    0.119602798065    0.2562    0.3214   0.290   52
58928.270    0.795316522360    0.304502394499    0.4540    0.4415   0.367   14
58935.268   -0.506036859089    0.960299999520    0.2224    0.3174  -0.180   25
58939.209    0.355455804519    0.001799993754    0.1346    0.2047   0.091   44
58941.251    0.407448402771   -0.938397596428    0.2301    0.6349   0.150   14
58946.208   -0.388947504475   -0.538898397906    0.1478    0.2194   0.086   26
58947.227   -0.260782778413   -2.163599999960    0.2615    0.5896   0.051  152
58948.271    0.086566723094   -0.699299997109    0.3596    0.3012  -0.186   30
58954.207   -0.034301906499   -0.005497196298    0.1396    0.2515   0.091   24
58969.270   -0.558301675685   -1.051498804827    0.2654    0.4668  -0.077   22
58974.208    0.175567658548    0.027500395561    0.2751    0.3885  -0.123   39
58977.272   -0.075494760134    0.096800404492    0.1489    0.2127  -0.036   63
58981.988   -4.408340342996   -7.965799194665    0.5059    1.3424  -0.089   36
58995.188    0.634201493029   -0.274697998748    0.1340    0.2041   0.151  103
58998.270    0.506578163654    0.264502800462    0.2814    0.2762  -0.203   63
59005.269    0.203792232941   -0.272300403026    0.2067    0.2507  -0.148   75
59010.229   -0.115737843506   -0.356997605877    0.1208    0.3140  -0.090   32
59011.270   -0.035112205163    0.817599594427    0.1985    0.2981  -0.016   42
59017.230    4.966509179814    1.008201599006    0.4160    0.3857   0.211  102
59019.269   -0.841098949639    0.376300795324    0.3371    0.4210   0.041   17
59037.250   -4.897496901118   14.910901198562    0.5410    1.7858  -0.902   14
59038.229    0.500095682216    0.407602796315    0.3226    0.4542  -0.164   51
59047.269   -0.031332930184    0.068500801831    0.1760    0.3260  -0.152   69
59053.248    1.218296939234   -0.928400396560    0.5106    0.3776  -0.049  101
59054.270   -0.506442008421    0.368999998557    0.2563    0.3083   0.002   17
59065.206   -0.550739901482   -0.597200394736    0.3920    0.4272  -0.128   38
59068.271    0.386247522260   -0.044999997328    0.3783    0.4683  -0.359   32
59071.916    7.642143651620  -15.876298803619    0.5479    0.4520   0.088   49
59074.250    0.097373008321   -1.757898006360    0.3542    0.7262  -0.070   35
59080.207    0.004725728876   -0.144698397264    0.2941    0.3200  -0.185  129
59080.251    0.343434163417   -4.526398801374    0.3439    1.5840  -0.882   13
59081.230   -0.324797109888   -0.663299994130    0.5400    1.2171   0.411    3
59082.271    0.189475758956   -0.654699603331    0.5179    0.6994  -0.026   23
59086.208   -0.037410262290   -0.221900398856    0.1657    0.2111   0.086  116
59103.269    0.222834435802   -0.347997598737    0.3805    0.5737  -0.415    7
59107.206   -0.119656497962   -0.181997994275    0.1435    0.2005   0.082  128
59107.250    0.444184521629   -2.340997194494    0.1851    0.7824  -0.687   18
59114.208   -0.307242573368   -0.127400400629    0.3634    0.6694   0.107   42
59117.269    0.205143836171    0.827100001288    0.3399    0.4121  -0.222   22
59121.206    0.296031138809    0.060501594135    0.1595    0.1980  -0.014  205
59122.229   -0.017421605532    1.214402402638    0.2549    0.7484   0.298   29
59124.271   -0.076437897665   -0.048898805005    0.2794    0.3058  -0.150   39
59128.208   -0.000268994100    0.160300803032    0.1730    0.3221   0.074   90
59131.269    0.170164469874   -0.344797201990    0.2246    0.3001  -0.061   46
59136.207    1.074467360203   -1.375297200923    0.1323    0.2144  -0.213   53
59138.271    0.692812635831    0.546202801388    0.2499    0.3755   0.153   48
59143.231   -0.941576997386   -0.223999199989    0.2467    0.5481   0.075   55
59145.269   -0.778300066161   -0.520199998277    0.2746    0.3271   0.156   56
59152.271    0.206087065824    1.095501596637    0.2319    0.3525  -0.057   41
59159.269   -0.954810954362    0.004201196191    0.2975    0.3897   0.062   38
59163.206   -0.116010061850   -0.238899600902    0.1070    0.1837  -0.060  152
59163.250   -0.101962581965    1.271401198721    0.1753    0.5483  -0.890   16
59165.248    0.489020402889    0.719902806168    0.2070    0.5773   0.410   50
59171.227    3.686492741987   -1.896497998644    1.0600    1.0764  -0.716   34
59173.269    0.143019188246   -0.284799601502    0.4758    0.3817  -0.252   18
59179.230    4.622397648720    4.869802801011    1.6476    4.4550  -0.638   20
59184.208   -0.680389069640    1.333299601924    0.3990    0.4292   0.059   73
59186.250   -0.555329475126    0.163299594647    0.1564    0.5567  -0.008   59
59187.269    0.490641000219   -0.180198000521    0.4011    0.3297  -0.093   22
59192.229    8.130081445379  -59.876197197184    0.9040    1.0105  -0.021   18
59198.208    0.770060924282    0.848502004658    0.2176    0.3295   0.178  111
59226.208    0.436350436961    0.364899598537    0.1842    0.2051   0.025  134
59231.585   -0.205412922392    1.151701198410    0.3081    0.3183  -0.189   81
59234.229    0.087918326324    0.051901203335    0.1558    0.2600   0.196  103
59240.208    0.511034806309    0.271299603583    0.2292    0.2723   0.246  101
59247.207    0.224318970020   -0.082799994061    0.1469    0.2591   0.028  109
59247.250    0.197173688392   -0.549097202907    0.1706    0.7911   0.221   18
59249.248    1.247604122757   -0.490100401862    0.6005    0.5108   0.352   29
59262.207   -1.686113237368   -1.391900406134    0.5377    0.5575   0.256   60
59262.248    0.451882358943   -1.359799198042    0.0756    0.6759   0.265    9
59269.227   -0.196094395627    0.309600000037    0.1714    0.2848  -0.071   44
59270.250   -0.054964798810   -0.943599604852    0.1151    0.2603   0.201  100
59271.269   -0.296167294042    1.075100405501    0.2576    0.3618   0.069   41
59276.229   -2.230775806745    1.093402795505    0.2415    0.4405   0.260   47
59277.248   -0.168543872545    0.764801994535    0.2616    0.4343  -0.246   64
59278.249   -0.006213487339    0.978501606141    0.1545    0.5858   0.056   10
59282.208   -0.636901475244   -0.213098402924    0.2518    0.3697  -0.019   53
59283.227    0.535613036711    0.049100397348    0.1522    0.2918   0.062   80
59284.250   -0.270778764975   -0.031298394276    0.2088    0.3004   0.366   39
59285.269   -0.060504050596   -0.484797597267    0.2737    0.3551  -0.088   37
59290.226    0.313994048906    0.550299594693    0.2233    0.3189   0.233   31
59291.248    0.123571836052    0.382802397780    0.1808    0.3015   0.254   24
59292.271    0.641089123800    0.136602000111    0.2515    0.3076  -0.128   60
59303.207   -1.572942445089   -0.541800000065    0.3491    0.4039  -0.084   54
59311.209   -0.432567937738    0.530301601032    0.2384    0.4920   0.090   53
59317.207   -0.136267712708    0.938401203143    0.6890    0.6699   0.163   30
59318.229   -0.068739968230   -2.139699604697    0.2747    0.5593   0.082   54
59325.217   -0.152742956464   -0.365097596955    0.1757    0.3888   0.202   21
59326.250   -0.078735954792   -1.001998803929    0.1283    0.2962  -0.032   82
59339.228    0.262403375742   -3.794399994206    0.3597    4.5629  -0.664   42
59352.187   -0.128297564929    0.105400795292    0.3860    0.3907  -0.170   22
59355.269    0.135995494364    0.747802805279    0.2677    0.2771  -0.177   25
59360.208    0.157873742551   -0.425199600329    0.2072    0.2790  -0.052   51
59361.249    0.070632876025    0.046400400322    0.1358    0.4231   0.407   28
59366.209    0.100747133968    0.284900397673    0.3574    0.4460   0.073   15
59367.228   -0.129649168158    0.404200794435    0.0970    0.2111   0.167   63
59383.269    0.183398426851    0.683002799917    0.2391    0.4301   0.025   15
59390.271   -0.798962958472   -0.254898003504    0.2037    0.3534   0.141   29
59395.228    0.065093624239   -0.095497203745    0.2490    0.3397   0.167   27
59397.269   -0.075899909466    0.059702399824    0.2100    0.3104   0.027   29
59402.208   -0.131538759587    3.248402404665    0.1641    0.2711  -0.052   80
59410.250    0.029981326955   -0.412498796720    0.2773    0.3734   0.294   93
59411.270    0.122492543288    0.699501602242    0.2159    0.2958   0.138   34
59415.207    0.528184193497   -0.591800400684    0.1543    0.2200   0.033   88
59417.249   -0.199335590286   -0.227397595154    0.1200    0.2859   0.194   59
59425.251   -0.151122267013   -1.714698002786    0.1758    0.6569  -0.637   28
59425.270   -0.205818071724    0.205801200082    0.2068    0.2576   0.124   39
59431.271    0.118979038164    0.009399597900    0.1978    0.3370   0.047   53
59438.251   -0.441481315170   -0.651999606305    0.1242    0.3337   0.322   48
59439.270   -0.083461683669   -0.444499195851    0.2393    0.4304  -0.064   47
59444.208   -0.177188255878    0.002102395058    0.1245    0.1794  -0.068  157
59445.230   -0.383544315801   -2.152699202895    0.7974    5.5129  -0.220    3
59446.271   -1.575373433204   -1.567897197674    0.3093    0.4804   0.043   31
59450.209   -0.279825073396    0.248201996556    0.2508    0.4024  -0.240   71
59457.207   -0.103988328626    0.676900801011    0.1889    0.2922  -0.234   52
59473.249   -1.662345305631    0.567900005422    0.6077    0.3082  -0.094   23
59478.209   -0.408531011901    0.111099596722    0.1979    0.2436   0.167  133
59481.270   -0.878778206029   -0.056300397944    0.8317    1.0264  -0.898    7
59486.230   -0.393268084019    0.618800396524    0.1998    0.5293   0.303   55
59488.250   -1.119575551928    6.652602002077    0.3441    1.1743  -0.403   16
59488.272   -0.269022012413    0.643100395337    0.3145    0.3612   0.115   20
59492.209    0.752911537094    0.480902396305    0.1937    0.2916   0.085   56
59495.270   -0.310078618694   -0.555098405641    0.3616    0.4409  -0.130   16
59499.189    0.204738686838   -0.197697602289    0.9439    0.5786   0.083   15
59514.230   -0.676875564517    0.428302794830    0.1361    0.3247   0.068   60
59516.272   -0.291036415833    0.538300795938    0.1823    0.2929   0.027   61
59521.210   -0.364638268172   -0.395100003914    0.3072    0.3109   0.276   33
59522.229    0.237419996008    0.662601595991    0.1411    0.4569   0.238   24
59528.230    0.189206764857   -0.395197206160    0.1400    0.3047  -0.008   56
59530.272    0.000000000000    0.676601993632    0.3089    0.4996   0.042   23
59542.208   -0.092644055200   -0.132098402617    0.1680    0.2185   0.270   42
59542.248    0.157468593219   -2.391199200247    0.3073    1.2271  -0.884    6
59548.209   -0.172595457990    0.342802803743    0.2225    0.2974   0.098   42
59551.270   -0.494423591563    0.397702798693    0.2192    0.3059   0.314   79
59555.207    0.151527416346    0.570402004030    0.2054    0.3510  -0.274   63
59557.249    0.197445906736   -0.047797196601    0.1369    0.3173  -0.030   44
59558.268    0.085756424430   -0.089899198485    0.2356    0.4324   0.183   58
59562.209   -0.025660839532    0.335800801565    0.3764    0.3383   0.069   21
59564.251   -0.145450176361    0.672501606402    0.4298    0.4196   0.082   51
59565.270    0.895930725340    0.937601996043    0.2995    0.5399   0.461   27
59593.270    0.215405592588    0.279601199793    0.1956    0.3313  -0.591   90
59594.585   -0.257003503434    1.590400796658    0.7720    0.6406   0.180    5
59598.208   -0.117763590167    0.111801601577    0.2742    0.2765   0.036   26
59600.250    0.126407881379    0.000000000000    0.0959    0.3042  -0.677   31
59600.272    0.096426554424   -0.081900003579    0.1299    0.1800   0.047   69
59614.272   -0.150042974249   -1.231797601520    0.2988    0.6187  -0.022   51
59621.270    1.219107237899   -1.293199198926    0.1982    0.2927   0.125   44
59625.207    0.080894540321    0.636202796045    0.3025    0.3404   0.061   25
59639.207    0.000946453897    0.552002398990    0.2313    0.3448  -0.155   21
59642.272    0.593686191313   -0.492598793755    0.2105    0.2692  -0.141   39
59646.209    0.068065824798   -0.100897197797    0.2001    0.2604  -0.043   49
59654.230   -0.170838705428    0.486701993907    0.1960    0.6609   0.155   13
59655.249   -0.061988492692    0.016102805489    0.1889    0.1746   0.247  105
59656.250    0.118979038164    0.879400795384    0.0713    0.4219  -0.221   18
59656.272   -0.028360729626    0.433900800090    0.2561    0.3596  -0.079   36
59663.270   -0.541149156374    0.631601996304    0.4002    0.5415   0.227   21
59667.207    0.210948857811   -0.157597199291    0.1505    0.2595   0.196   38
59669.249    0.906464792222   -0.015800404185    0.6233    0.4726  -0.055   18
59677.270    1.135104249665   -0.198597605561    0.4251    0.4165   0.202   30
59690.251    0.311021848347   -0.082400403301    0.1205    0.2595   0.005   51
59691.248   -0.019852501526    1.372302003233    0.0467    0.1141  -0.127   84
59703.207    0.030117482187   -0.342000002718    0.4458    0.3265   0.553   10
59704.251    0.852712217165   -0.233899197610    0.0847    0.1905   0.062  204
59705.270    0.363017670843    1.635101999398    0.3267    0.5920  -0.041   22
59712.268   -0.005941176873   -0.188798404110    0.2346    0.4238   0.117   19
59718.251   -0.093726664330   15.281801999834    1.1455    9.6196  -0.029    3
59719.248    0.294951846045   -0.653000405748    0.1901    0.3239  -0.201   49
59719.270   -0.130728460923    0.950202003480    0.3399    0.4332   0.514   16
59723.208    0.260649939546   -0.674099995024    0.2653    0.3770   0.340   36
59724.230    0.117358440835    0.066099599394    0.1224    0.3236   0.138   44
59730.082    1.054751013910   -0.423000003025    0.7862    0.5642   0.343  105
59738.208   -0.573292385223   -0.370497603797    0.3323    0.2997   0.207   22
59739.227   -0.536423427497    0.108302397450    0.6988    0.4095   0.342   56
59753.249    0.301298172251    0.699602398413    0.6322    0.5260   0.022   21
59754.268   -0.333982705664   -0.368697597253    0.2308    0.3278   0.011   31
59758.210    0.151122267013   -0.449999998864    0.2230    0.2788   0.375   58
59772.210   -5.116685085051    5.089802397151    0.4784    0.5193  -0.695   31
59774.251   -0.730628139574   -0.575298004435    0.7036    0.4684  -0.024   16
59787.229   -0.334925935317   -1.007697605360    0.6994    0.6570   0.048   48
59793.208    0.927127592413   -0.262098004100    0.3132    0.2763   0.428   27
59794.230   -0.278476694410   -0.208400400936    0.1812    0.5624   0.439   22
59795.250   -0.520486264062   -1.828400394288    0.1804    1.4111  -0.300    6
59803.248   -1.499742609959   -1.077598797394    0.3859    2.0719   0.610   16
59814.210   -0.407853552103   -0.470397596075    0.4084    0.3335   0.593   23
59821.208    0.059557596698   -0.285800400945    0.1757    0.2894   0.155   32
59824.272   -0.181508835422    0.333302396882    0.3259    0.2964   0.289   20
59842.210   -0.627988097812   -0.562399202408    0.4372    0.3215   0.461   15
59843.229   -1.206547516476   -0.298299599422    0.2303    0.5859  -0.023   16
59845.249   -2.143667779085   -0.894898798265    0.2012    0.7754  -0.616   25
59859.249    0.802067997898   -0.102297600790    0.0748    0.3498  -0.176   17
59859.271   -0.743320791986    0.712000800718    0.2738    0.2696   0.037   24
59866.269    0.240525127555    0.326699998254    0.2741    0.3422  -0.244   25
59870.210   -0.336818843112    0.185000405395    0.2247    0.2537   0.083   16
59884.206   -0.298329195936    1.073199602786    0.5840    0.6355   0.124    4
59898.206   -0.952380058368    0.123400796781    0.4102    0.3756   0.128    8
59899.229    0.135995494364    0.908100001595    0.2302    0.7700   0.396   13
59948.209   -1.244362928099    0.490600801584    2.9692    0.8638   0.917   15
59961.208   -0.219052028700    0.692200805474    0.4348    0.3422  -0.116    9
59968.206   -0.543580052368   -0.450597600832    0.5424    0.2976   0.276   19
59971.271    1.555925988890    0.266799600013    3.6865    0.9459   0.932    7
59985.271  -14.682498033159   -3.334399201549    8.0108    2.1725   0.977    6
60038.207   -0.726171404798    0.750801596894    1.6640    0.7532   0.383   28
60173.250    1.783350090457   -2.719800001216    0.5709    1.0695  -0.008   22
60178.053   -0.503469807862    0.609602403756    0.9395    4.2671   0.813    4
60223.249   -5.250927051097   20.371499994098    0.4507    1.2051  -0.951   16
