%-----------------------------------------------------------------------------
%                R.A. (mas)        Dec. (mas)        Err. (mas)     Corr. Del.
% Uncertainty in R.A. is in R.A. cos(Dec.)!!!!
%-----------------------------------------------------------------------------
49576.501    0.607154070307   -1.540000792488    0.4869    0.5244  -0.066   66
54608.250    0.037038938868   -0.788601593626    0.2538    0.3525   0.057   25
54795.207    0.017963123329   -0.147401988215    0.2200    0.3110  -0.196   10
54936.208    0.000000000000    0.220399212481    0.2268    0.3883   0.046    5
54943.228   -0.385437631843   -0.552301193579    0.6606    0.1930  -0.109  229
54998.206    0.211708393438    0.800100005449    0.2595    0.2828   0.087    4
55131.208    0.066122799433    0.421999203581    0.8166    2.2087  -0.925    3
55371.250    0.361401904714   -0.273200393508    0.2485    0.2839  -0.118  200
55447.208    0.239252572722   -0.647402387699    0.4273    0.8470  -0.630    3
55537.209   -0.373803667513    0.190897205243    0.3891    0.7425  -0.248    4
55546.249   -2.827141379009    1.308099612629    4.0171    2.0534  -0.662    3
55547.271    0.171848689379    0.827499604839    0.3012    0.4903   0.056   34
55580.206    0.028913426693   -1.252303195542    0.4965    2.4551  -0.309    3
55614.207   -0.006585830894    0.493297204684    0.1650    0.2112  -0.161   24
55616.249   -3.585442403851   -3.476401195712    0.1382    0.1399   0.485  293
55852.208    0.178947747366   -0.204202811460    0.6204    0.4834  -0.459    4
56268.271   -1.881424243055    1.622897988796    2.4023    2.8518  -0.925    3
56336.208   -0.125056335207   -0.036302404283    0.2000    0.2340  -0.288    7
56385.206   -0.436418073139    0.000000000000    0.3767    0.3822   0.386    5
56405.207   -0.152257662921   -0.443699988750    0.2604    0.3748  -0.314    3
56408.268    1.079757045823   -0.016401600078    0.6583    0.4898   0.084   16
56547.249   -1.093698548251    0.576298791088    0.3292    0.2834  -0.585  110
56940.273    0.271159182303    0.562597213616    0.2039    0.3734  -0.069   28
57003.271   -0.111199028629    0.327099601805    0.3154    0.6221  -0.793   10
57107.251   -0.431371981875   -0.417200405423    0.1465    0.1663  -0.056  153
57386.269   -0.794654377268    3.738099596262    0.2125    0.2997  -0.070    8
57493.269    5.164402245616    2.313298813306    0.4389    0.3832   0.510    6
57514.271   29.373752711344    5.957596809480    1.8079    1.3713   0.311    8
57577.269   -4.562464700445   -4.528303210805    0.6021    1.0304   0.330    4
57596.229   27.365387616406  -14.029801192805    2.0241    1.9439   0.265    6
57661.269   -6.167172368316    0.405997207054    0.5425    0.5454   0.373    8
57948.268   -0.880791224580   -2.510999996730    0.6908    1.1186  -0.472    4
57967.228    0.037038938868    0.316097995778    0.1832    0.2142   0.281  214
57990.272    2.413562144938   -0.705801599565    0.4612    0.3945  -0.213   17
58086.497    0.109234342100    1.710399604349    0.1953    0.3088  -0.148   28
58087.498   -2.388411741775   -5.009702400116    0.2156    0.3149   0.379   27
58090.496    0.776180010669   -0.508499994112    0.1890    0.1727  -0.523   70
58091.497    0.584058559344   -1.902200406789    0.1391    0.1985  -0.383   49
58096.497   -0.184591261574    0.129600010723    0.1065    0.1934  -0.194   49
58097.498    0.431628537074   -0.510501592998    0.1389    0.2763  -0.036   24
58098.499    0.754794614860   -0.116701195907    0.1606    0.2704  -0.476   27
58122.229   -2.876068853581   -2.600999991387    0.2491    0.2447   0.086  115
58508.269   -0.757531242550    2.374898409130    2.9351    3.0075   0.802    5
58522.269    0.023181690638    0.146797211187    0.9903    0.9009  -0.418    4
58827.209   -1.160931997721   -0.005399994052    0.1651    0.1114   0.348  665
59230.577    0.740081287967   -1.202399997169    0.4188    0.2382   0.358   31
59425.270    0.591500468901   -2.833502392718    1.5727    3.3547  -0.970    3
59466.251   -1.698543038288    1.341097191698    0.3462    0.1446  -0.282  415
59495.270    0.049613119363    1.479898801904    0.6106    0.5723   0.696    5
59599.249   -0.183993896978    0.014698795781    0.1152    0.2219   0.597  144
59621.270   -1.460487353626    1.157497189297    1.0996    0.5740   0.482    4
59627.249    0.219322720692    0.057797990394    0.1038    0.1100   0.208  236
59754.268    0.210084516307    0.311299197620    0.7908    1.1616   0.790    3
59767.271   -0.028227840250   -0.216201610215    0.6111    1.0734  -0.528    5
59775.270    0.091868583368    0.282196793933    0.3254    0.5324   0.308   12
59795.271   -0.561989619264    0.033098413610    0.2884    0.3973   0.116   15
59803.270   -2.265151759744   -0.909802793103    0.5653    1.0070   0.222    6
59901.271   -0.058592726377    0.014198408849    0.3926    0.4176  -0.460   16
