%-----------------------------------------------------------------------------
%                R.A. (mas)        Dec. (mas)        Err. (mas)     Corr. Del.
% Uncertainty in R.A. is in R.A. cos(Dec.)!!!!
%-----------------------------------------------------------------------------
55966.250    0.382419110559    0.000000000000    0.1971    0.4772  -0.161   83
57775.461    0.194488197708    0.435898798656    0.1695    0.4065  -0.186   74
58382.002    0.805658254180    0.901699195310    0.2452    0.5358  -0.297   39
58472.708   -3.150027814282   -6.721801202048    0.2538    0.4792  -0.196   70
58510.833    0.000000000000    1.265198397249    0.1537    0.3754  -0.100   88
58563.250   -2.073192475956    2.692598400245    0.3565    0.7905  -0.066   42
58670.101   -1.548770993991   -4.196502000298    0.3852    0.7959  -0.552   47
59271.737    0.125966082572   -1.414202399985    0.1587    0.3773  -0.351   92
59368.228    2.659722193999    2.041797598196    1.1684    0.9432   0.350    5
