%-----------------------------------------------------------------------------
%                R.A. (mas)        Dec. (mas)        Err. (mas)     Corr. Del.
% Uncertainty in R.A. is in R.A. cos(Dec.)!!!!
%-----------------------------------------------------------------------------
54723.348   -0.211439220365   -3.531599998041    0.3782    3.2907   0.210   16
57862.208    3.184170108881    0.000000000000    0.4915    0.3830   0.466   20
58143.231   -2.290519649951    1.462499983518    0.6777    0.5680   0.483   31
58171.249    0.985604886458    0.487602022758    0.3621    0.3091   0.139   39
58246.184    0.000000000000    1.007002788356    0.4539    0.5621  -0.522   58
58290.248    0.111859513493    1.012701602576    0.3624    0.4201  -0.318   39
58646.210    0.539495625344   -0.045097186785    0.4387    0.4726  -0.155    4
