%-----------------------------------------------------------------------------
%                R.A. (mas)        Dec. (mas)        Err. (mas)     Corr. Del.
% Uncertainty in R.A. is in R.A. cos(Dec.)!!!!
%-----------------------------------------------------------------------------
50575.751    0.000000000000    0.805100402346    0.3477    0.5515   0.047   64
56463.249    0.569972058367   -0.337302000730    0.3970    0.9399  -0.346   63
57011.551    0.382751413389    0.857199597704    0.1385    0.2920  -0.017   73
57359.251    0.253239070661    2.066997600281    0.0749    0.1873  -0.274   88
57952.187    0.271782020223    0.000000000000    0.1756    0.4269  -0.030   88
58137.058   -4.706507219458    1.671800400516    0.1525    0.2901  -0.167   98
58530.834   -0.660023660558    1.673899201649    0.2688    0.4026   0.351   80
58712.722   -1.751014653553   -1.054101599607    0.1435    0.3141  -0.258  108
59230.577    3.132921796815   -1.530702003549    0.1078    0.2305  -0.110   64
