%-----------------------------------------------------------------------------
%                R.A. (mas)        Dec. (mas)        Err. (mas)     Corr. Del.
% Uncertainty in R.A. is in R.A. cos(Dec.)!!!!
%-----------------------------------------------------------------------------
49576.501   -0.158239675662    0.000000000000    0.6190    0.5111  -0.153   88
54643.249   -0.036893729265   -0.928198778638    0.5623    0.9098   0.085   19
57836.293    0.100190068826    0.443901606673    0.2262    0.1420   0.153  145
58176.209   -1.777437475523    0.324601197121    0.5458    0.6039  -0.499    7
58203.797    0.559082488453    0.604202409704    0.8872    0.2294   0.173  125
58256.272    1.992176789639    0.149101211377    0.2230    0.1747  -0.077   24
58603.209    0.457517792079   -2.940098391946    0.6087    0.8989  -0.183    5
58729.209    0.000000000000   -0.235900796497    0.1234    0.1628  -0.206   89
