%-----------------------------------------------------------------------------
%                R.A. (mas)        Dec. (mas)        Err. (mas)     Corr. Del.
% Uncertainty in R.A. is in R.A. cos(Dec.)!!!!
%-----------------------------------------------------------------------------
50458.831    0.892778845422    0.084398408262    0.5344    0.9668  -0.388   28
50560.082    0.010767325818    0.368701191178    0.5001    0.9139  -0.036   10
51036.087   -0.906389279973    2.896300799193    0.6278    0.8537  -0.119   25
51284.084    0.877986930479    0.000000000000    0.5265    0.9274  -0.705   18
52039.272    0.000000000000   -1.351101604996    0.1684    0.3133  -0.235   50
52991.252    0.527453984274    0.194698810674    0.1630    0.2735  -0.037   60
57325.268   -3.989936134788   -6.368500811504    1.9486    7.0007   0.916    4
57526.207    0.672541568545    3.632198388459    0.5909    1.0731   0.756   15
58551.686   -1.218343371786   -0.127699195218    0.2688    0.3618  -0.164   79
