%-----------------------------------------------------------------------------
%                R.A. (mas)        Dec. (mas)        Err. (mas)     Corr. Del.
% Uncertainty in R.A. is in R.A. cos(Dec.)!!!!
%-----------------------------------------------------------------------------
53572.467   -4.282900109860   -9.781398001962    0.4121    0.5899   0.013   80
56661.920   -0.118090777714   -0.327797999944    0.2569    0.5223  -0.381   33
56749.229    0.598897905989    0.628300803385    0.1137    0.2826   0.099   55
57723.248    0.000000000000    0.421502397785    0.1326    0.2913   0.171   71
57809.367    0.418111748886    0.759502809444    0.1032    0.2316   0.090  135
58425.726    0.637404976562    1.478102402075    0.1693    0.4819  -0.004   74
59230.577    3.605418222619    0.000000000000    0.1306    0.3103  -0.089   47
