%-----------------------------------------------------------------------------
%                R.A. (mas)        Dec. (mas)        Err. (mas)     Corr. Del.
% Uncertainty in R.A. is in R.A. cos(Dec.)!!!!
%-----------------------------------------------------------------------------
54112.274   -0.403701660688    0.241599610717    0.4564    0.9039  -0.052   62
57046.458    0.000000000000    0.739198807764    0.1812    0.3536  -0.158   80
57373.248   -0.748861031429   -3.694301990720    1.2192    3.4530  -0.602   13
57872.197    0.198510389202    0.151398010928    0.2228    0.4502   0.131   72
58143.856    1.582691281237   -0.657201589149    0.2201    0.5694  -0.388   68
58380.227    1.612248897899   -1.765198790338    0.4273    0.3939   0.288   12
58772.228    0.965841986846   -0.890200796277    0.3339    0.8196  -0.046   13
58922.379    0.121494237477    0.306500399461    0.2603    0.8514  -0.214   72
59332.229   -1.757049456126    0.000000000000    0.5180    0.4495   0.327   15
59796.290   -1.564647005830    1.287000010564    0.6767    0.4877   0.226   17
