%-----------------------------------------------------------------------------
%                R.A. (mas)        Dec. (mas)        Err. (mas)     Corr. Del.
% Uncertainty in R.A. is in R.A. cos(Dec.)!!!!
%-----------------------------------------------------------------------------
50242.333   -0.164155591695   -0.091997986829    0.1449    0.3437  -0.085   90
50868.167   -0.103442431732    0.563702403156    0.8255    0.6543  -0.365   13
51128.251    0.609072559330    0.319701615581    0.3496    0.3748  -0.006   15
51618.252   -1.030208942141    2.165702395018    0.5527    0.7548  -0.074    7
51687.087    0.506838143236    0.142001994163    0.2462    0.1677   0.034  129
54278.229   -0.792057946572   -0.082998005269    0.3179    0.3133   0.306   90
54566.250    0.136516223550    0.138801610206    0.1501    0.2538  -0.102   50
54643.249   -0.998461892688   -0.684997198164    0.6004    1.0033   0.321   25
54803.228   -0.311778527722    0.254901610219    0.4800    0.5087   0.033    6
54893.207   -0.460968705955    0.325400404222    0.2779    0.4153   0.467   13
54965.249   -0.583240933234   -0.999496805321    0.2045    0.4125  -0.598  143
55042.251   -0.388546307723   -0.512297992827    0.1790    0.2970  -0.124   72
55377.229   -1.446516226453   -0.366598783330    1.7323    0.8755   0.729    3
55413.250   -0.350162417722    0.812602797851    0.1939    0.2239  -0.319   78
55540.270   -0.525786830180   -0.418096789190    0.6035    0.8730  -0.671    5
55558.207    0.617763240531    0.005900406563    0.2765    0.3479   0.072   18
55568.270    0.695376927884   -0.194997605263    0.3052    0.5984  -0.203   18
55589.272   -0.882829305338    1.731200399036    1.0541    2.4077  -0.627    6
55616.249   -3.675678383422   -2.178900004424    0.1448    0.1416   0.259  133
55650.228    3.105473513157    1.667502002078    5.7074    0.9324   0.439    3
55665.247   -0.131446707545   -0.171298802343    0.2054    0.3257   0.041   15
55755.230   -0.013154789697    0.298602000726    0.2293    0.3615   0.461   15
55868.209    0.334229488464   -0.336797981504    0.1720    0.2409   0.104   12
55888.269    1.558168422037    2.910600017003    1.6640    3.0864   0.846    3
55902.229    0.000000000000    0.671601603131    0.1687    0.2458   0.424   18
55957.210   -0.154500194080    0.589003201412    0.1781    0.3140  -0.047    7
56020.208    0.398685422068    0.077302797763    0.1773    0.2333   0.054   12
56084.207    0.155467792211   -0.328197603494    0.2069    0.2667   0.181   16
56097.206    0.201456038554   -0.313898385684    0.3364    0.4847  -0.122   11
56163.269    0.856516844228   -0.052099201753    0.2214    0.2574  -0.011   56
56181.207    0.617401132245   -0.549997193389    0.2199    0.3373   0.247   26
56244.209    0.236942979931   -0.160498788659    0.1925    0.2620   0.241   41
56315.210   -0.079664646289    0.128901612584    0.1970    0.2511   0.063   11
56321.207    0.187211959948   -0.141498000517    0.1501    0.2216  -0.263   23
56370.209   -0.132411341624    0.695401215012    0.2948    0.3667  -0.041   10
56426.209   -0.138807682329   -0.002797199272    0.3238    0.2250   0.101   19
56602.208    0.137845929967    0.265301994773    0.3291    0.4135  -0.111    7
56603.249    0.364646913836    0.000000000000    0.1833    0.1977  -0.184   41
56609.207    0.048644695125   -0.058298402905    0.4063    0.4722  -0.287    6
56884.269    0.680770740991    0.462700802473    0.3347    0.5798  -0.077   11
57038.269   -0.851325555108    0.623102414465    0.5416    0.6468  -0.224    4
57114.274    0.595193553061   -0.613897182689    0.6659    0.5490  -0.166   10
57129.272    0.427776105074   -0.212597990412    0.7705    0.2803   0.207    8
57150.270   -0.430670089646   -0.980398789352    1.1236    0.7595  -0.412    3
57164.270    0.128068923908    0.062600395268    0.3776    0.2892  -0.203   11
57199.272   -0.383717209224    0.130201206616    0.4372    0.5775  -0.415   14
57213.272   15.817903066068   -3.527999984954    0.8308    0.7574  -0.363   12
57220.270   -6.348306275499    2.675300416399    0.6093    0.2521  -0.057   18
57227.272    0.951149785696   -0.670798789315    0.4303    0.5899   0.196   19
58771.209    0.608591724317    0.230500802445    0.1846    0.1322  -0.072  359
