%-----------------------------------------------------------------------------
%                R.A. (mas)        Dec. (mas)        Err. (mas)     Corr. Del.
% Uncertainty in R.A. is in R.A. cos(Dec.)!!!!
%-----------------------------------------------------------------------------
47510.588    3.004392735896  -35.914302009132    6.4165    5.0262   0.676    6
48110.435    3.467746945450    0.879800398934    2.5219    1.8996   0.201    4
48756.865    1.337313396196    1.128200381117    0.5058    1.8557   0.170    5
49020.002   -0.883799608151    0.044798392196    0.6665    2.2277  -0.024    9
49594.168    1.062194118038    0.557600378670    0.4993    0.6613   0.060    3
49960.334    3.333447475598   -0.102999618434    5.9460    0.6870   0.063    3
50204.252    0.664507483690    1.712498379902    0.4787    1.0903   0.179   11
50232.252    1.354382449168   -1.068400817417    0.7990    1.5855   0.483    6
50253.254    0.261370146528   -0.327801606659    0.7813    1.8176   0.435    3
50267.250    0.945911002632    1.817398788262    0.8505    1.6652   0.561    4
50288.252   -0.067092893603    1.272200393032    0.8139    1.5378   0.619    9
50324.335   -0.935126271300    0.840898781007    0.5786    0.8826  -0.140    9
50337.251   -0.010432040224   -0.961902020435    0.7638    1.4698   0.611    4
50365.254    0.190010030109   -1.143702016293    0.6335    1.2382   0.394    4
50393.251    0.129557060048   -1.212800407302    0.7023    1.2374   0.553    5
50407.247    0.554033583791    0.416498400568    0.8182    1.3467   0.539    4
50421.251   -0.726741374051   -2.031400813962    3.3444    3.4403   0.905    3
50435.251    0.467738025807    1.074499184028    0.8356    1.6919   0.760    3
50448.254   -0.758270762455   -3.083101211132    1.0814    1.5856   0.328    4
50463.254   -0.088190241783   -0.037900818484    0.6225    0.9561   0.510    4
50491.251   -0.632030793813   -0.429901209031    0.5698    1.2508  -0.009    3
50539.172    0.956340212918   16.990498787095    0.3803    1.0789   0.328   14
50588.082   -0.019202745236    0.164897983268    0.1415    0.3707  -0.237   56
50589.251   -0.177091606514    0.654199178030    0.6963    1.1213   0.387    7
50654.331   -2.899253026227   11.039997588114    0.1549    0.4437  -0.339   65
50700.090    0.125764862510    3.768300001639    0.5169    1.8898  -0.586   33
50728.167    0.169504381500   -0.773802014464    0.7808    0.6734  -0.189    5
50742.167   -0.752700555411    0.009197992767    0.6468    0.6834  -0.041   12
50800.340    0.074913305494   -0.488001600729    0.1055    0.3020  -0.158   77
50835.273    8.840473409077   -6.847102801544    4.2158    6.5204   0.060    5
50854.079   -0.594217083768    0.395600378056    0.6162    1.1452   0.305   52
50919.324    2.878272190630    4.351697984362    0.1361    0.3810   0.012   97
50953.252    1.334232402460   -1.051401602581    1.2788    2.0488   0.629    4
50981.252    0.706468912318    2.015197199512    1.1669    1.7223   0.605    4
50989.324    2.306930545404   10.922198390517    0.2998    0.7565   0.226   55
51009.252    3.456367522898    8.153099980746    2.4670    5.3267   0.956    3
51023.252    3.260664951575    2.960697594290    1.3276    2.4635   0.754    3
51036.087    1.420288951981   -2.056402817630    0.3645    1.8433  -0.792   17
51037.252   -1.802329021817   -1.507302008008    3.8518    4.2423   0.941    3
51051.252   -0.273816374784    1.731297601282    0.8011    1.4974   0.547    5
51065.252   -2.106252377400   -4.609000822597    1.2007    2.5311   0.818    4
51079.252    0.000000000000   -0.754200004849    0.6416    1.2884   0.522    7
51088.084    0.517642362206   -0.906300007841    0.2036    0.5183   0.055   69
51093.252    1.574621875102    0.599497181497    1.0966    1.8316   0.701    5
51121.249   -0.784349448047   -0.697701608487    0.8635    1.5930   0.680    4
51130.457    1.380222207152    0.534697201715    1.6642    0.7901   0.294    7
51135.252   -1.038843654219   -1.295100014431    1.5692    2.7131   0.871    3
51177.249    0.653008637762    0.001598388621    0.9821    1.8056   0.528    3
51191.253    0.966772253142    0.855298782199    0.6066    1.4736   0.516    3
51233.253   -0.227232040583    0.970999178662    0.6154    1.1179   0.599    4
51261.249    0.794659154102   -1.782601202649    0.4509    1.0333   0.297    5
51284.084    0.173179904745    1.062698396481    0.3489    2.1808   0.606   15
51309.086   -0.122447851960    0.429199178598    0.1692    0.3996  -0.086  100
51345.249    1.351062527825    0.509997599352    0.6929    1.5443   0.543    3
51351.086   -0.016832955303   -0.309502797791    0.4182    0.4474   0.284   60
51359.249   -0.739304195745   -1.046901599011    0.9077    1.8844   0.561    3
51393.082   -0.453636203070    2.984399978345    0.3731    0.7163   0.219   57
51443.249    0.973528770122    0.923299197098    0.8727    1.1023   0.528    3
51457.249    2.214000804610    3.415697983655    0.6237    1.3566   0.415    3
51471.250    2.556685171710    3.081499190216    0.9377    2.1244   0.544    3
51485.250    1.425384133748    6.595999190040    0.9190    2.0915   0.547    3
51499.250   -0.112727015538   -0.916902010317    0.7081    1.4091   0.519    3
51533.086    0.910706090983   -0.727300817971    0.1345    0.4140  -0.171   50
51617.079    0.079300032541   -1.028800801350    0.1977    0.7933   0.282   24
51653.246    0.682051642795    0.546497989262    0.5476    0.6383   0.554    3
51687.087   -0.832000668807   -4.495402808402    0.1440    0.2846  -0.205   78
51723.246    0.264570563640    2.463199180625    0.6943    0.6222   0.294    3
51732.286    0.285195716480   16.305699600139    0.3183    2.2107   0.550   22
51736.227   -0.519423282506   -0.828000017350    0.9326    0.8617   0.470    3
51778.224    2.715285317647    0.892097992278    1.0683    0.6591   0.344    5
51794.708  502.784088922470  205.685099979291   24.8997   19.6446   0.837    5
51806.228   -0.242762092512   -0.235800013115    0.6199    0.8171   0.370    3
51813.226   -3.286863141398    0.086799585119   12.1473    1.3465   0.879    4
51841.083    0.649691546356   -2.612800804513    0.1739    0.4087  -0.246   21
51848.228   -0.349560388311   -0.134902802529    0.7191    0.7309   0.430    4
51861.709 2192.990957622086-1438.812302401971   43.7677   24.8543  -0.858    3
51883.083    0.345054076178    1.741899578178    0.1396    0.6986  -0.141   18
51939.084   -0.404443151329   -3.410600416487    0.1995    0.6137  -0.194   44
51974.224    0.013512953104   -1.013000422745    0.9820    0.7560   0.138    3
51981.080   -0.066617787470    0.020699985726    0.2195    0.6327  -0.029   46
51995.223  -30.059585566648   -9.332200804124   14.2841    4.3544   0.986    3
51996.274   -1.749343772538   -0.263102410258   13.8689    4.0919   0.986    3
52009.168   -0.400175847658    0.036399580949    0.1486    0.2836   0.318   38
52039.272   -1.033865146746   -5.716400409028    0.1331    0.7327   0.369   22
52051.226    0.861868641143    1.956697178684    0.4797    1.4540   0.230    6
52081.264   -0.286262603039    0.429800400070    0.5016    1.4353  -0.244    5
52096.083   -0.414519589651   -5.133200411933    0.1779    1.1414   0.169   46
52142.228    1.990560961565   -2.889399618766    1.8702    1.9988   0.076    3
52149.227   -0.589477584758   -2.292400816373    0.4448    1.4009   0.422    4
52163.227   41.415257824939    9.969299983936    7.2801    1.5166   0.917    3
52205.227    8.438522300995   -1.250100004313    0.8077    1.1215  -0.111    4
52212.082    1.566203942054   -1.477900809732    0.2600    0.5012  -0.066   27
52291.250    0.066142600482    2.020798785907    0.1546    0.4320  -0.314   49
52326.712  261.761799977440  252.111200396143   53.2642   47.9433   0.985    3
52340.245   -0.977087780784    4.064900377898    0.1950    0.8009  -0.654   31
52403.251   -1.506584590819    4.155800388617    0.1443    0.4611  -0.448   48
52471.688  -41.619970028882   35.329597193368    6.9952   14.6467   0.041    5
52543.244   -2.568067505055  -10.080500402410    1.3723    7.8063   0.953    3
52556.228    0.055235454125    0.025099180334    0.7567    0.4685  -0.533   10
52584.228    0.149115407185   -0.503301617982    0.7171    0.5176  -0.388    9
52620.246   -0.541943038291    1.940000390732    0.3061    0.7110   0.497   22
52711.248    0.516219873746   -2.738700018767    0.2869    1.1201   0.653   28
52767.244    0.730886262697    0.141897578487    0.1467    0.4398  -0.166   97
52809.248   -0.155994258334   -0.911300398343    0.1848    0.5725  -0.041   87
52830.246    0.512072155162    0.165797999330    0.1317    0.3175   0.088   70
52900.250    0.028565068963    5.519397598164    0.1991    0.7199   0.686   69
52921.241    0.885930308765    0.110498388040    1.2834    0.6051   0.117    7
52934.240   -0.271327161475    0.409899595866    2.6907    0.9185   0.564    4
52991.252    0.110709997569    1.146999602497    0.4755    1.3740  -0.682   15
53045.207   -2.651515337035    1.835999998434    3.2110    1.4044  -0.900    3
53066.585   21.068568602050  104.065297179545    4.7081   10.7793  -0.115    4
53068.250    1.245331037730   -3.009999622350    0.3950    1.2465  -0.653   26
53101.583   57.351486525210   95.979398381019    8.0081   13.4916   0.700    4
53108.205    0.115096724616   -0.484102818632    0.5457    0.5096  -0.422    4
53109.246    1.020113104323    0.484397980927    0.6015    0.6877  -0.236    4
53125.576    1.300449898417   -1.812600015683    0.3916    0.9705  -0.075   27
53129.207   -0.655381257632    0.049899591659    0.3913    0.4175  -0.327    6
53131.252    0.586274256853    1.373399979343    0.2099    0.8977   0.278   50
53137.224    0.748430421802    0.698097579743    0.7010    0.7107   0.133   14
53143.207    0.183728619262    0.659797183289    0.2909    0.3539   0.184    8
53152.747   -6.801077827610   -1.365202811598    0.4069    0.6890  -0.048   81
53234.205    0.379786792487    0.497797182675    0.3446    0.7373   0.570    4
53243.249    0.852978512756    0.086000378019    0.2436    0.6540  -0.177   23
53248.205    0.429216022753  -30.291102004298    1.8109    8.0131  -0.414    4
53285.253   -0.254733133780    8.677897184839    0.1939    0.5905   0.380   37
53290.205    0.772847691326   -0.915300014981    0.3316    0.4337  -0.128    9
53451.208   -0.403020743723    0.610397978562    1.2269    0.4764  -0.415    3
53488.251   -0.158008446365    0.098600398246    0.4627    2.7000  -0.410   15
53528.206    1.672413368220   -0.046900800044    4.4964    0.5679   0.619    9
53551.250   -0.875620683566   -0.320702415024    0.2194    0.4303   0.024   58
53607.250   -0.078708332969  -11.206000812081    0.1856    0.5099  -0.274   39
53851.229    0.730294482271    0.805798794090    0.2530    0.6461   0.025   36
53928.228   -0.530447022301    1.287097200020    0.3026    0.5672  -0.050   27
53978.249   -0.377772685311   -2.487600013978    0.3413    0.6262  -0.003   36
53979.272    1.060532701970   -0.251600417300    2.7020    1.1912  -0.899    3
54021.272    0.409538252240   -0.872701207300    1.4459    0.8852  -0.685    4
54154.270   -0.140108685359   -0.455400018495    0.7418    0.5194  -0.385    4
54172.208   -0.576792428894   -0.538300821518    0.4618    0.3588   0.277   19
54175.268   -0.643885241642    0.667897199946    1.1358    0.7336  -0.672    4
54179.206    0.108931907207   -0.816699616735    0.4465    0.7052   0.591   12
54189.268    0.441662170154    0.285800388156    0.7638    0.7567  -0.609    4
54266.270    0.383578990025   -0.662799607198    0.8911    0.8992  -0.416    5
54301.272   -2.252050693180    1.718999982359    1.0963    0.8825  -0.596    5
54364.271   -0.056305170622   -0.818701215621    0.7741    0.5903  -0.529    4
54375.210   -0.529971916169   -0.641001619783    0.3976    1.0308   0.795    6
54384.228   -0.651944661996    0.551199585175    0.3194    0.4368   0.008   36
54396.208    0.044095040036    0.010097983250    0.2746    0.3053  -0.182    9
54403.206   -8.198371917672    1.636498782887    7.3915    0.6756  -0.322    3
54418.225    0.089137543256    0.000000000000    0.3712    0.5692  -0.386    8
54419.248   -1.000557748835    6.499897196477    0.2954    0.4111  -0.285    7
54431.206    0.879884995588    1.014098398855    0.3906    0.4183   0.446    7
54445.206   -0.171165797568   -0.284000407191    0.2418    0.3480   0.028   19
54468.206   -0.366629441284   -2.375600413984    0.6364    0.7580   0.667    8
54476.271   -0.968314245834   -0.287902821583    0.7095    0.5704   0.020    3
54490.271   -0.227943244386    0.051598789241    1.0019    0.7683  -0.325    4
54509.227   -9.543983742685   -2.690402422445    1.8467    1.0715   0.574    3
54510.250    1.209650939093    0.124398002299    0.3331    0.3676   0.067    4
54511.269   -0.096369166368   -0.469800019687    0.4275    0.4031  -0.465    4
54525.273    0.907741771541    1.164297586342    0.7956    0.6910  -0.380    5
54539.269   -0.276425092324   -0.292701619742    1.0735    0.9174  -0.273    4
54559.230    0.058791553993   -4.016901601744    0.2393    1.0264  -0.077   47
54564.208   -0.220358930165    0.149000402416    0.2045    0.2939  -0.065   26
54637.269   -0.119958638651    0.052397996342    0.7973    0.7144  -0.450    7
54707.270    3.043034243182   -2.110302000347    4.1040    3.6222  -0.971    3
54749.273   -0.076455217330   -0.042102001885    0.9942    0.8208  -0.537    4
54760.209    2.192900626492   -0.519001213206    0.5157    0.4809  -0.449    7
54783.249   -0.456953294475    0.560699979246    2.3709    1.4162  -0.715    3
54790.251   -2.010833423298    2.939097592503    2.2546    1.3603  -0.841    4
54873.225    2.904348046284   -0.341200808407    1.9064    1.1013  -0.742    3
54874.247   -5.720511672370    5.230598392814    3.3583    2.4205  -0.950    4
54928.206  -10.548925307773   -0.216399621422    6.6922    0.5804   0.717    5
54965.249    0.684657530398   -0.395301609046    0.2539    0.5135   0.425   40
54976.999    6.809728947535  -46.813302009241   16.0135  140.0160  -0.975    3
54998.206  -15.250032168830   -0.719100017932    8.1317    0.8728   0.966    3
55012.206    1.038960247657    7.699399185412    0.6818    2.2866   0.803    6
55077.250    0.113554812779    1.556999981744    0.3973    0.5063   0.124   48
55112.251   -1.791424705398    1.774497579277    0.9924    0.6072  -0.771    8
55166.206   -3.303576592469    0.603298786928    4.1241    0.5370   0.703    6
55173.208    1.047494774143    0.635097580926    0.6908    0.3498  -0.453    5
55201.208   -0.228062748617   -1.022500816816    0.6161    1.1091   0.662    3
55257.208    0.637245318101    1.606798790021    1.2864    0.4224   0.741    5
55327.208    0.486468494848    3.001399193181    1.3791    4.3089   0.947    4
55334.207   -0.508635640381    1.927198778162    0.4135    0.5379   0.150    5
55362.207   -0.182900822021   -0.074602800737    0.6496    2.2209   0.803    3
55454.228   -0.296219537131    1.772197185801    0.1823    0.5126  -0.462   69
55483.229    0.089493145157    0.571798787519    0.2835    0.4906   0.115   81
55558.207    0.840887886401    2.608498786572    0.5343    2.2896  -0.518    5
55616.249    1.569643367628   -1.690002019927    0.1531    0.5565  -0.276   75
55617.272   -2.973574551294    1.620698378701    1.8878    1.2249  -0.414   12
55628.207   -0.506501948118    0.538297189223    0.4439    0.4850   0.020   14
55636.210   -4.045133903853    3.457897187786    5.2096    5.7877  -0.954    3
55663.209   -6.017914608643    0.597599998287    6.8172    0.8285   0.470    5
55678.210    1.838836836840    9.503697592095    0.8135    3.3278   0.768    4
55776.228    0.249040592566   -0.224402410254    0.3787    0.6520   0.473   28
55782.208    0.568849521124    0.399898789283    0.3890    0.5096  -0.123   21
55783.227   -5.092036978426   -2.545502420048    1.8380    1.2627   0.826    8
55852.208    1.147775561426    1.519199997801    0.5669    1.5524   0.754    4
55869.269   -2.334195621786   -1.699902017549    2.1363    2.4653   0.679    3
55880.208   -0.275358286620    0.242099997649    0.3095    0.2258  -0.200   19
55881.231    2.722397436528    2.718399585433    2.6664    1.6254   0.150    7
55883.269   -9.807843183377  -10.759500017343    2.9344    2.2525   0.838    5
55888.269   -1.211668037918   -6.562800018628    1.9963    3.8589   0.679    6
55930.207    0.244062085092    0.803699992957    0.4741    1.2319   0.879    5
55936.208    0.550594158216   -0.448300801281    0.2957    0.3997   0.345    6
55988.267    0.452922088474    1.366297180994    4.5863    1.6427   0.884    3
56041.206   -0.951364616238   -0.741099597690    0.3431    0.3943   0.318   13
56091.205   -0.222136939671    0.196599600599    0.3008    0.3897  -0.354   12
56118.208    0.024772871425    0.480697184457    0.2613    0.3402   0.191   18
56177.273    1.313251647718    0.153500380407    0.5478    0.5594  -0.093    6
56181.207   -0.121381046256   -0.571402816263    0.5227    0.6228   0.778    8
56184.271    0.395194510247    0.743399991165    0.3345    0.4564  -0.434   10
56251.207    1.344545019308    0.555397187441    1.4137    1.3103   0.918    3
56275.270    2.087405234066   -1.182301207336    1.4340    1.2013   0.700    4
56280.208    0.915565094225    1.061297993488    0.2406    0.4443   0.289   11
56302.251   -0.037933214276    0.925898385162    0.2409    0.6538  -0.089   76
56342.209    0.578570357545   -0.502700422089    1.2118    0.6350   0.174    8
56345.270    0.236238762409    0.315500381021    0.4673    0.4791  -0.220   13
56349.207    0.137144285062    0.252399598821    0.6811    0.5552  -0.189    7
56356.205    1.153820874603    0.998697598220    0.2816    0.2672   0.156   29
56359.270    0.917223599500    0.959399983458    0.5104    0.5638   0.148    9
56364.208    0.827374852442    0.294497993991    0.3341    0.3442  -0.144   19
56370.209   -1.474104990149    1.743800393683    3.8873    0.8455  -0.642    8
56498.251    1.133906925565   -0.941702421642    0.2650    0.5969  -0.149   52
56511.787    0.356908604862    0.128199582150    0.2920    0.3766  -0.172   15
56525.228    2.314398266186    0.312800383995    0.7228    0.9716   0.128    9
56551.793    0.349676981750   -0.876002400219    0.3224    0.4497  -0.061   15
56565.789   -0.735987104340    1.209999601315    0.3241    0.4439   0.165   11
56626.286   -0.142125622473   -0.802000820954    0.2081    0.3395   0.180   18
56628.225    0.534830919410    2.051100000244    0.2639    0.4756   0.112   14
56632.269    0.361887031480    0.091097996346    0.2288    0.3641   0.193   17
56634.263    0.201272778368    0.646297198159    0.2617    0.6162   0.459    7
56636.257   -0.096013564467   -0.346201198909    0.2168    0.3417   0.301   20
56638.251    0.938443281850    1.271599197139    0.2071    0.3254   0.252   24
56641.243    0.916156793796    0.692297982141    0.1999    0.2958   0.210   25
56899.496   -0.201511786831   -0.027601217312    0.3600    0.3170   0.173   25
56900.501   -0.266823760134   -0.100400404790    0.3147    0.3091   0.243   26
56901.790   -0.740371001449    0.832899598890    0.5061    0.5584   0.615    7
56901.794    0.247618184961   -0.473500816156    0.3619    0.7874   0.639    7
56903.207    0.526651994825    0.422297998171    0.1565    0.2360   0.480   37
56904.248    0.227704235923    0.577897179710    0.1679    0.5982  -0.188   55
56924.790   -0.288279540154   -1.430402420510    0.3995    0.6646   0.579   12
56934.498   -1.781228762844   -2.763802805816    0.4010    0.7677   0.614   10
56935.499    2.751437611623    5.460598782747    0.4435    0.7834   0.754   10
56939.250   -0.350391096345    0.336599995876    0.2904    0.4527   0.646   17
56940.273   -0.423409718039    0.540097195767    0.9630    1.6733   0.176    3
56941.496   -0.673872718210    2.554898398444    0.8211    0.7722  -0.100   11
56942.501    0.589830275866    5.131097978506    0.7867    1.1553   0.071   11
56945.792    0.182186707426   -0.044301611979    0.3295    0.4994   0.702   15
56948.498    0.219644815569   -0.303300015503    0.4593    0.4291   0.154   24
56952.271    0.129320962378    0.009597596318    0.2687    0.3352  -0.133   23
56962.502    0.401478751031   -0.943102799056    0.2578    0.3308   0.260   25
56963.503   -3.544085569342   -3.590200802250    0.8199    0.6922   0.634    6
56995.250    0.563515492605    1.949799579393    0.1885    0.5589   0.324  121
57010.269    0.246434704963    0.103298387444    0.3339    0.6652   0.461   10
57102.499   -1.375957814275   26.745498001901    0.7011    4.7304   0.226    9
57161.209   -0.621243151687    0.575499583988    0.4658    0.3968  -0.009    8
57217.209   -4.371104819882    0.855298782199    1.9109    0.5513  -0.179    4
57275.229    0.205776179708   -8.443900810562    0.1693    0.4439   0.098  106
57337.227    2.856580232085    0.313397998752    1.5549    0.9157   0.133    9
57338.582 -171.120764525171  193.640997585476   13.1423   68.1124  -0.166    8
57351.270    1.323919866468    0.834098383962    0.6972    0.3546   0.847    5
57364.208    7.592180881844    2.344697978174    6.4124    2.5098   0.988    3
57373.248    7.204926287719   -9.722502022669    1.5151    1.6030  -0.408  183
57385.209   -6.434448386326   -1.622001605028    3.1662    4.6121  -0.939    3
57674.228   28.879563672284   13.020497985394    1.7166    1.3928   0.379   15
57675.269    1.927027078623   -0.018900004761    0.5532    0.7304   0.572    6
57714.208    0.806749699601   -0.700200013171    0.4011    0.6070  -0.627    7
57723.248   -0.110832331738   -0.860601599584    0.1620    0.6201   0.196  119
57934.272   -5.019137860964   -9.031302016638    2.2112    1.1237   0.934    3
57967.228    1.581139383618   -1.837400401428    0.1916    0.5742  -0.108   35
57988.230   -0.124462039991    0.702799201235    0.2758    0.9862  -0.020    6
58030.230    1.215221146137    3.413098795590    0.3159    0.7364   0.609   32
58082.022   -1.285278359182   -1.995602403326    0.3717    0.9506  -0.153   23
58108.291    1.772810829796   -3.527002817805    0.2865    0.9584  -0.308   27
58122.229    5.169200488765   12.815099995578    0.5171    1.5177   0.307   43
58197.208    1.123474885341    0.293698786891    0.6915    0.9425   0.074    6
58200.272   -1.654988794201   -0.815500806084    1.3599    0.9611   0.850    4
58213.231   -0.170098991864    0.820598398832    0.1756    0.6080  -0.125   58
58248.229   -2.044971529243   -6.162602409177    0.7360    1.3275   0.173   14
58276.251    1.792369176933  -10.295301609631    0.3547    0.9342   0.004    6
58374.252    0.869216857694    0.938498379810    0.3288    0.7113   0.539   33
58491.208    0.175313597008    0.594500397710    0.2329    0.5722  -0.379   89
58508.269    1.322614052301    0.972298798274    1.4133    1.0836   0.830    4
58654.249    2.637643790381   -1.159401611517    0.4231    0.8041  -0.169    3
58674.228  -12.798486787644   71.201897983997    0.3525    0.9112  -0.164    3
58701.209    0.054763258786   -0.282700813159    0.5620    0.7754   0.639    6
58745.251   38.061896400303    5.736898802411    1.8243    4.9326   0.964    3
58765.208   -1.655819502235   -2.974701598646    1.2071    0.7538   0.415    5
58771.209    0.066498202383    0.029397591561    0.2044    0.3411  -0.036   74
58813.209    0.069223594218   -0.789102006138    0.1298    0.4171  -0.315   58
58822.249    0.527007596727   -1.879200002008    0.4105    2.8603   0.089    4
58883.249    0.280808989433   -1.592100019820    0.2537    0.9401   0.737    7
58900.248    1.131773314157    2.997698396712    0.5384    2.4064   0.919    3
58946.208    0.103481204394   -0.256802400145    0.2239    0.3734   0.352    7
58989.230    1.298552384679   -0.930402021027    0.1918    0.5687  -0.477   96
58991.269   -0.291241029657    0.544697982718    0.6989    0.5469  -0.145    4
58995.188    1.585645614897    0.576899986982    0.1406    0.2229   0.280   49
59010.229    0.027617767490   -0.313502414429    0.1268    0.2478   0.148   35
59023.206    0.363665121842    0.727797598188    0.2496    0.3528   0.465   17
59037.210    1.655580493773    0.887997592258    0.2553    0.2846   0.272   13
59037.250   -0.187998752871   -3.756999601023    0.3839    1.5112  -0.527    5
59051.250    1.118024182528   -2.505801620600    0.3099    1.4013  -0.522    6
59053.248    2.509625731377    5.390297999952    0.7976    0.5892   0.178   10
59071.916    6.782938977285    1.931698781732    0.8506    0.6137   0.111   18
59074.250    0.480184254063    0.107899199975    0.4717    0.6133   0.163   30
59080.251   -1.126558789870   -6.384902411583    0.3603    1.6706  -0.293    3
59081.230   -0.169979568488   -0.546602404938    0.5484    0.8974   0.483   12
59107.250   -0.622665559293    3.129699584292    1.1334    3.7141  -0.966    3
59121.250    2.798497051957  -19.012701608290    0.3869    2.3869  -0.844    3
59122.229   -0.422223408104    0.074397601679    0.2835    0.6372   0.002   34
59142.208   -1.815011347743   -1.114502410360    1.1507    1.3237   0.884    6
59143.231   -0.613064146247   -0.875102409736    0.2762    0.4521   0.005   54
59152.249   -5.544011765427    2.689898377639    0.9627    2.6929  -0.942    4
59163.206    0.490971896188   -0.215499605360    0.2052    0.2902   0.180   21
59163.250    0.072660189854    5.434599586351    0.3682    1.8530  -0.799    6
59165.248    0.898020935120   -0.766900808458    0.2108    0.5174   0.116   48
59172.250   -0.055830145345    1.706799591261    0.1574    0.3860   0.055   22
59186.250   -0.219764319801    1.623697195896    0.2364    0.4303  -0.436   61
59205.206    0.639378929508   -6.681099603156    0.5091    1.1329   0.198    8
59226.208    0.454700097980    0.314099978027    0.2371    0.3057   0.151   24
59230.577    2.765306247484   -2.812302020061    0.1873    0.5272  -0.082   25
59231.585   -0.067684593174    0.723200392372    0.5650    0.4276   0.105   19
59233.206   -0.071951815990   -0.224802013804    0.2690    0.4544   0.251   25
59234.229    0.517522857975    0.418899577426    0.1852    0.3128   0.552   73
59249.248    2.018062135617   -0.589100403658    1.4690    0.8750   0.636    4
59264.267   -0.360939810863    0.665197177341    0.6372    0.6785   0.223    9
59270.250    0.228771041626    0.244799994675    0.1462    0.2404   0.274   63
59271.269   -0.319453407512   -0.478000819726    0.3421    0.5220   0.126   15
59283.227    0.858548719800    0.274399178579    0.1848    0.2793   0.210   50
59297.209   -0.071832392614   -0.649800009001    0.2215    0.3810   0.373   11
59299.269    3.138456027223    2.861398797904    1.0363    0.7887   0.796    5
59303.207   -1.445892612295   -0.609400811413    0.4079    0.5573   0.091   11
59313.269   -0.490974806982    0.279698389249    0.6003    0.6332   0.554    6
59320.271   -0.308073984960    0.001497579660    0.5202    0.5958   0.044    6
59325.217   -0.038644418079   -0.500900415545    0.1726    0.2627   0.088   46
59327.269   -0.971042467606   -1.187499609046    0.9880    6.3939   0.089    3
59333.248    0.488718780549   -0.640299614929    1.1285    0.6596  -0.369    8
59334.271    1.690074201619    1.041897601795    1.3784    1.2855   0.763    3
59348.271   -0.202814771060    0.829400394764    0.7946    0.6517   0.602    5
59352.187   -0.058202684360   -0.598201219759    0.5131    0.4039   0.006   17
59355.269   -0.182664724352   -1.615600811533    0.3306    0.8851   0.233    6
59360.208    0.842190789775   -0.483400813778    0.2663    0.3901   0.161   26
59361.249    0.035441090174    0.176097600502    0.1271    0.2053   0.299   71
59362.271    0.555572665689    0.029498400522    0.3146    0.5574   0.266   19
59367.228   -0.245251305821    0.156599980983    0.1180    0.1702   0.319   69
59387.207   -0.278794882257   -0.411202822193    0.5239    0.6055   0.200   11
59397.269    0.018608134871    0.039697192733    0.3475    0.6239   0.491    8
59402.208   -3.440012584521   -0.664401602535    0.8261    0.7996   0.799    5
59404.271   -0.895890153650   -1.000400402518    0.9242    1.1480   0.748    6
59408.209   -0.035204992504   -0.351802810883    0.2054    0.2231   0.101   96
59410.250    0.270376949209   -0.110300402412    0.2743    0.3241   0.041   75
59411.270    0.327393323634    0.720799189935    0.4246    0.7717   0.673   10
59417.249    0.068987496548   -0.103600814327    0.1662    0.2704   0.470   49
59422.209   -0.042556038993    0.396399585156    0.3200    0.3465   0.234   48
59425.270    0.550477564778    0.053197177863    0.3850    0.4753   0.362   11
59429.207    0.307715472266   -0.020602809059    0.3464    0.3835   0.431   39
59438.251   -0.552611257041   -0.700200013171    0.1438    0.2147   0.375   84
59450.209    8.485342813721    6.508400397820    2.2161    1.3502   0.927    3
59466.251    2.181046178663    2.268597597777    0.2533    0.3466   0.409   97
59471.207   -0.351102300148   -0.266702397766    0.2261    0.2929  -0.020   37
59473.249   -0.361414836141    0.072698378517    0.3901    0.3124   0.034   66
59485.207   -0.166662477083   -8.840901617191    0.9302    4.8844   0.775    4
59486.230   -0.462762509982   -0.222202800160    0.2153    0.3741   0.214   93
59488.272   -0.341381463726    1.246100387675    0.4058    0.6695   0.447    9
59493.228   -0.609391452941   -0.923400006059    0.1532    0.2671   0.266   54
59495.270   -1.000674342273   -2.130400815759    0.5479    0.9616   0.354    5
59499.189    0.346595988014   -0.878000417970    0.7895    0.4875   0.001   23
59506.209   -0.421748301971   -0.035100012497    0.1750    0.2383   0.163   73
59508.251   -0.097555476304   -0.374799608949    0.1670    0.2124   0.152   99
59513.207   -0.352524707753   -1.520002811617    0.2978    0.4395   0.230   21
59514.230   -0.892809240770   -0.102902416188    0.1495    0.2405   0.090  108
59522.229    0.087240029518    0.308897995183    0.1461    0.2579   0.003   58
59527.207    0.327512827866    0.100598390418    0.3171    0.4632   0.156   17
59528.230    0.032121087976    0.244598402332    0.1476    0.1983   0.258  112
59541.189    0.153977240364    0.588599991147    0.1013    0.1515   0.140  143
59542.208   -0.362837243746   -0.366300014321    0.1199    0.1718  -0.020   64
59555.207   -0.101111495317   -0.247201222692    0.1673    0.2110   0.180   88
59557.249    0.169029275367   -0.029300414894    0.1279    0.1750   0.234  114
59563.228   -0.197600165916    0.017999988700    0.0896    0.1502   0.198  122
59564.251   -0.669369397725   -0.081100822058    0.3423    0.4525   0.097   80
59578.269   -0.322417726954    1.798199988912    0.7433    0.6024   0.075    5
59590.209   -0.320995319349   -0.878202010313    0.2418    0.3252   0.034   57
59592.284   -1.071439848327    0.062398777345    0.3967    0.3671   0.018   24
59594.585   -0.459206410114    0.323499588717    0.6351    0.6864   0.380   21
59597.083   -0.105970498558   -0.516801603112    0.1242    0.2105   0.067  103
59598.208   -0.192382649980   -0.338500811381    0.2001    0.2654  -0.066   49
59604.209   -0.090679455092   -0.581302813885    0.2033    0.3404   0.074   26
59614.272    5.573168533961    1.064397594064    1.4163    1.0178   0.633    5
59621.270    0.151724124725   -4.023500406447    0.4700    0.5816   0.424    6
59626.230   -0.008890128388   -0.597999601837    0.3492    0.2900   0.091   63
59632.209    1.438424891512    0.901997989899    0.3378    0.4970   0.774   53
59633.228   -0.524757311025   -0.347799613110    0.1242    0.2426   0.261   95
59635.270   -0.451858193563   -0.712800007818    0.2034    0.2808   0.313   26
59639.207   -0.198072361256   -0.206701216143    0.1569    0.2132  -0.114   49
59646.209   -0.019913949038   -0.398199617280    0.2041    0.2354  -0.229   67
59649.270   -0.611997340543   -0.479300413758    0.2732    0.3078  -0.187   21
59653.207   -0.415230793454   -0.849099606626    0.2286    0.2029   0.029   79
59654.230   -0.221781337770   -0.612900015540    0.2571    0.2739  -0.543   84
59655.249    0.177208199952   -0.263199612505    0.1800    0.1964   0.224  124
59663.270   -1.008736673420    0.358397983291    0.8004    1.1071  -0.700    8
59674.209    0.233393947199    0.106898400531    0.1677    0.2567   0.038   34
59683.271    0.238255780378    0.148298397562    0.1831    0.3774  -0.121   10
59689.206   -0.398161740482    0.094399189265    0.1952    0.3840   0.105   19
59690.251    0.120075232089   -0.107002816208    0.1277    0.1902   0.138   84
59691.270   -0.164053678687    0.565099199434    0.2121    0.3915  -0.201    7
59695.208   -1.007314265814   -1.612299618614    0.2398    0.3572   0.212   24
59704.251    0.744993826166   -1.738000821661    0.1009    0.3145   0.067   98
59705.270   -0.448418767989    1.299099579910    0.4089    0.9403   0.242    5
59724.230   -0.311985686730   -0.758700008419    0.1038    0.1615   0.172  152
59730.082    1.079974374813   -0.641102403165    0.6946    0.4971   0.428   71
59731.207   -0.710264020650   -1.009602002000    0.2654    0.3136  -0.018   34
59737.120   -0.594336588000   -0.338799605970    0.1691    0.2186   0.303   61
59739.227   -0.334744450978   -0.032702416775    0.4752    0.3919   0.205   69
59744.209   -0.784110520439   -0.799200014967    0.2410    0.3495   0.534   20
59754.268   -0.253785832307   -1.024200014399    0.2862    0.5217   0.232    7
59774.251   -0.563754501068   -0.009302408444    0.3502    0.2561  -0.019   70
59789.270    0.622070948928   -1.204502405017    0.6545    0.8288  -0.352    5
59794.230   -0.893992639912   -0.556801222729    0.1241    0.2411   0.366  114
59817.270   -0.321942620821    0.151297189177    0.3171    0.5242   0.152   12
59824.272   -0.141058816769   -0.844002013878    0.2565    0.6178   0.000    7
59831.270   -1.340041617968    0.484498789888    0.3101    0.4353  -0.119   33
59843.229   -1.131776224951   -0.641300414372    0.1957    0.3427   0.586   51
59845.271   -0.244776199688   -0.237002404901    0.2810    0.4165  -0.088   12
59849.208   -0.477106171121   -0.114501611392    0.1937    0.3054   0.173   28
59863.084   -0.041369729058   -0.407602809105    0.1524    0.2311   0.569   76
59873.271   -1.131776224951   -1.079701218032    0.2976    0.2426   0.065   34
59878.227   -2.679608210658    0.252500382203    1.2825    0.6631   0.357   98
59879.272    0.002489213309   -0.894600003676    0.2238    0.2967   0.131   34
59887.271   -0.140464287260   -0.379299612518    0.2024    0.2780   0.051   40
59891.208   -0.324906940263   -0.281102398958    0.2145    0.2459  -0.042   40
59893.268   -1.494849566366   -0.249202821578    0.7643    0.6141  -0.131    4
59899.229   -0.641396028333   -0.758401213830    0.2098    0.3291  -0.107   66
59913.207   -0.170098991864    0.344199600022    0.2784    0.2981   0.344   79
59954.206    0.222964736912   -0.250502415611    0.2176    0.2435   0.050  102
59957.271   -0.809002896095   -0.854701218600    0.3895    0.4737  -0.081   31
59961.208   -0.742979718989    0.270698382110    0.3676    0.3798   0.534   17
59963.250    3.122573284185    4.480199993395    0.1904    0.3490   0.494   68
59964.269    0.015171539235   -0.717699614938    0.6058    0.7534  -0.408   11
59971.271   -0.188234931396   -1.157302810384    0.3169    0.3818   0.233   36
59975.208   -1.496863754398   -1.170201599621    0.8897    2.0944   0.561    8
59977.250    0.260183836593    1.004399993576    0.3014    0.6570   0.024   45
59978.269    1.148842367130   -0.848800812037    0.7570    0.9511   0.381    5
59982.206    0.236949966211   -0.241801203060    0.3312    0.3890  -0.185   35
59985.271   -0.785416253751   -0.695901601944    0.5597    0.6890   0.539   15
59989.208   -0.418431210566   -0.448002006692    0.1574    0.2305  -0.147  144
59990.227   -0.923035644945   -1.000501211479    0.6263    0.6299  -0.053   33
60032.227   -2.236642975420   -0.185400008945    0.9221    0.7230   0.309   15
60052.207   -1.357702451367   -0.810900019133    2.0611    0.7896   0.760   10
60061.250   -2.141340695611   -0.769500022102    0.8621    0.4896   0.531   19
60081.229   -0.045756536960    0.468298782152    0.1554    0.2924   0.115   29
60101.208   -0.512902863196    0.447199192877    0.5453    0.5506  -0.012   16
60102.228    0.087240029518   -0.578401198936    0.2854    0.4834   0.034   19
60106.041    0.076216208867   -0.166600813145    0.3129    0.2298   0.304   49
60159.250    0.054407656884    0.543499197647    0.1980    0.3160   0.169   28
60160.269   -0.322773328855   -0.502300818539    0.9276    1.0630   0.830    6
60181.271   -1.087797778353    0.202499981583    1.1059    1.1952   0.800    3
60202.270  133.236668024392  148.906897180723    1.6389    1.6914   0.829    3
60207.230    1.168875820399   -1.580302813409    0.3161    0.4288   0.530   19
60208.271   -0.627407888241   -1.412100004927    0.6568    1.9737   0.754    3
60223.271   -0.871945079466    0.023597993959    1.5975    3.1503   0.950    3
60230.270    0.340550755692    0.744497992855    0.5065    1.1063   0.582    6
