%-----------------------------------------------------------------------------
%                R.A. (mas)        Dec. (mas)        Err. (mas)     Corr. Del.
% Uncertainty in R.A. is in R.A. cos(Dec.)!!!!
%-----------------------------------------------------------------------------
49914.167   -0.027822550265    1.929999596939    0.3946    0.6608  -0.186  126
54292.229    0.037246315645    0.132501600092    0.2406    0.2997  -0.094   90
54566.250    0.286600867882    0.874702799791    0.2034    0.6061   0.287   23
54748.247   -0.096334250023   -0.031597201655    0.2386    0.2686  -0.048   66
54760.209    0.506937438600   -0.342900002792    0.2292    0.3076  -0.646   36
54767.207    2.400367084335   -1.597899601435    1.8092    1.1387  -0.856    3
54788.209   -0.614490335463    0.881099999361    0.5510    2.1152   0.658    4
54789.228    0.317715445628    0.095101197317    1.4487    0.5289   0.059    7
54802.209    0.104558910922   -0.107697601237    0.1238    0.2938   0.172   33
54803.228   -0.066863849404    0.296499599273    0.3371    0.9527  -0.429    9
54810.208   -0.138215157544    0.427802398306    0.3163    0.2154   0.052   10
54823.207    0.375004723286   -0.556700400978    0.2497    1.4409   0.466    7
54830.205   -0.489888462528   -2.351098800446    0.3268    2.1707   0.307    6
54893.207    0.270445812364    2.287501199660    0.5467    1.7888   0.828    5
54928.206    0.000000000000   -0.268498800793    0.2969    0.2945   0.090   17
54943.228   -0.707679691144   -0.415198800141    0.1804    0.4569  -0.160  182
54949.207    0.114431422175    0.491702397198    0.4865    0.2895   0.051   10
55012.206   -0.181295271579   -0.945000001451    0.3965    1.4072   0.182    8
55026.206   -4.250267870161   -0.055497600115    7.3606    0.6116   0.890    6
55068.210    1.116340763086   -0.053197200245    0.3934    1.0277   0.161   10
55075.208   -0.304403671719   -0.466398001819    0.4007    0.3926   0.353    9
55077.250    0.411953099424    0.760402799926    0.3645    0.3280  -0.063   28
55112.251    0.106651833923    0.222299999209    0.1196    0.2317  -0.237  228
55119.250   -0.985905091760    0.304401598328    0.4921    0.5155  -0.008   12
55154.248    0.009122152646    0.523501197591    0.1559    0.2164   0.051   64
55229.208    1.033023918658    0.161402398646    1.3192    0.4997   0.066    5
55264.206   -0.762578106294   -0.075999600213    0.3901    0.9706   0.040    4
55299.208   -1.023600153278   -2.007000002990    1.1328    1.9325   0.426    3
55379.271    0.342845418618    0.460601998142    0.3868    1.4131   0.541   12
55400.269    0.451141531703   -1.769198400581    0.3234    1.1507  -0.087   14
55414.269   -0.106953446657   -2.486898002729    0.5278    1.2898  -0.094    4
55428.269    1.140422539995   -4.396500002457    0.4940    3.8447  -0.524    9
55435.271    4.765580776026   -8.267000402640    4.7378    7.3724  -0.979    6
55456.269    0.570659964854   -2.216300400804    1.1141    1.8272   0.268    4
55470.269    5.645731525610  -26.524897200275    3.8957   18.2117  -0.916    3
55484.270    0.881346180838   -0.235699200957    0.4081    1.4401  -0.171    8
55512.270    0.224375283580    1.957402799846    0.7135    2.0730   0.707    3
55533.271    1.931720586267    6.195902399142    0.7726    1.3320   0.190    4
55580.206   -0.345986741767   -0.018799202195    0.4012    0.3664  -0.119    4
55645.272   -0.008827784332   -0.978199201640    0.2397    0.9362  -0.193   16
55650.228    0.162146128086   -0.667699201529    0.4506    2.0053  -0.177    3
55656.207   -0.110392709313    0.744901199923    0.7395    2.4167   0.683    4
55665.247    0.237087505249    0.173102399614    0.2214    0.7332   0.083   12
55666.270    0.566919191499    1.288601999505    0.9289    1.3129   0.466   10
55670.207    0.168877418224   -0.192798001564    0.2929    0.4954  -0.091    4
55671.270   -0.294531160466    3.572499598548    0.6749    3.5530  -0.683    3
55694.270   -0.227516606730   -1.115398800522    0.4820    1.0704  -0.060    6
55741.230   -0.070453816393    0.269099999883    0.1515    0.2704   0.322   74
55829.500   -0.108597623784   -0.206600400787    0.2607    0.8157   0.242    7
55833.500    0.636475516144    0.102200398544    0.6077    0.3880   0.062    3
55847.251    0.020341003554    0.454899599589    0.1210    0.2289   0.074   82
55960.271   -0.704987215902    0.056501999879    0.7706    0.8655   0.361    3
56022.268   -0.264762922374    2.522602798649    0.9670    2.0530  -0.349    6
56063.242    1.868895551759    2.076901198222    1.8378    5.7340   0.631   17
56072.271   -2.787638854609  -10.706598001775    3.1075   12.1213   0.982    3
56078.250   -0.818373911156   -0.717598802780    1.4415    3.3875   0.913    3
56098.251   -1.602039706384   -1.166900400307    0.6410    0.9309   0.026    6
56205.269   -0.512473195449   -0.318600000782    0.7258    2.0456   0.001    3
56630.230   -2.289676435515    0.440402399349    1.3725    1.6603  -0.411    7
56849.267    1.240346654973   -2.482099201373    0.6023    0.9897  -0.549    9
56932.270    1.103775776591    3.888201597491    0.5981    2.8588   0.520    4
57037.250   -0.237091076442   -1.859497202616    0.5074    0.7601  -0.245   20
57038.269   -0.112636438681   -0.204598801901    1.4125    0.8075   0.515    3
57098.832    0.503347369577    0.987602399860    0.3569    0.5954  -0.521   28
57163.251   -4.045339669580    3.956500797386    5.5087    6.5270  -0.984    3
57401.233  -11.000672664109   13.533699597801    0.3040    0.3048  -0.199   15
57570.271    2.949784982695    5.204102397016    0.5467    1.5970   0.670    3
57651.206   61.512638325191 -201.102598800773    4.4735   14.9826  -0.981    7
57770.475   -0.044875097530    0.550601999194    0.1659    0.3736   0.006  125
57775.461   -0.046670081024   -0.393998401904    0.2767    0.5525  -0.433   21
57798.209  -27.699433498069   60.799201200012   15.9866   21.9465   0.224    4
57801.269   -1.021058484403   -2.147299202448    0.9617    1.1453  -0.372    5
57804.381   -0.735355108269   -0.215499602163    0.1798    0.3444  -0.089   64
57869.228   -1.749082750294   -0.048398402086    0.4370    0.3598  -0.151  125
57934.272   -4.428421920625   -2.021799601337    1.2271    0.5070   0.808    3
57941.270    1.031677681037   -0.180799202809    0.6131    0.4505   0.525    4
57970.691    0.350172689803    0.208702799043    0.1820    0.3943  -0.262   71
57983.270   -0.683149270395   -1.759197600393    0.2540    0.2300  -0.452   13
58004.268   -1.050525211796   -0.660600000302    0.1554    0.1858  -0.128   25
58015.324    0.849036171837   -0.120999600739    0.4592    1.1876  -0.607   21
58048.076   -1.278641268732   -0.312199200891    0.2980    0.6476  -0.565   55
58087.498    0.169028224591    0.000000000000    0.1603    0.3781  -0.420   28
58090.496    7.820524221884  -15.898899601652    0.6260    1.1777  -0.907   10
58092.498    0.108744858958   -2.355397202081    0.1574    0.3037  -0.512   27
58095.497    0.430351884309   -1.304600402108    0.2824    0.5118  -0.779   15
58128.230    0.399836756769   -2.741000402651    0.5399    0.8897  -0.424    8
58143.856    2.289823670689   -1.658199600030    0.2348    0.5531  -0.454   69
58151.270    0.480461125955    0.803300398999    0.1458    0.3234  -0.159   31
58159.408    0.091692311694    0.148899599850    0.2098    0.3960  -0.425   92
58203.797    0.138961944958    0.105901198211    0.3888    0.4379  -0.619   73
58216.836   -1.413715205160    1.612000798445    0.1589    0.3261  -0.213   81
58238.207   -0.108597623784    1.297101597331    0.2027    0.3573   0.013   61
58263.270    3.299512497818    0.506300400005    0.5952    0.2250  -0.125   18
58277.271   -2.173898775719   -0.238399201180    0.8168    0.3474   0.667   12
58296.227   -0.353317482111   -1.084500000204    0.9051    1.1721   0.357    3
58396.269   -0.844250671560    0.669401999431    1.3160    0.3764  -0.600    6
58501.271    0.215996245122   -0.228898800714    1.1799    0.4262  -0.071   10
58543.271   -0.276879162995    0.362102399265    1.2298    0.2556   0.621   35
58599.271    1.035414883200    0.331199998627    0.5126    0.2216  -0.011   23
58655.271   -0.130737182025    0.304300798959    0.1559    0.1864  -0.042   59
58701.209   -0.237690628682   -0.181897201301    0.1032    0.2389  -0.276  197
58711.272    0.422723102424    0.110001598230    0.1895    0.1996  -0.098   35
58718.270   -0.203883575694    0.764999999348    0.2194    0.5201   0.105   74
58827.209   -0.262070345098    0.492400798535    0.0834    0.1594  -0.420  272
58969.270   -0.162447740820   -1.155499200323    0.2404    0.7128   0.094   37
59038.229   -0.080925879886    0.741700799978    0.1206    0.3311  -0.519  246
59047.269    2.421756283969   -5.805000000692    0.8519    1.7506  -0.776   12
59081.252    0.095583891416   -0.050698801957    0.1163    0.2006  -0.164  134
59226.208   -3.816175314530   -0.388299600473    5.6348    0.8413   0.908    3
59242.250   -0.030217086000    0.132602399461    0.1253    0.3020  -0.552  183
59353.209    0.047265960038    0.269999999958    0.3442    0.2809   0.121   12
59368.228    1.219402630020    2.172002398737    0.9129    0.6441   0.242   12
59500.208   -0.591004539601    0.798202799857    0.2020    0.2342  -0.372   22
59604.209   -0.226170369109    0.889901998491    0.2043    0.5189  -0.347   18
59866.269    0.840208387505    1.123901998668    2.2527    0.4625   0.238    3
59989.208    0.094086847429    0.431402398604    0.3327    0.3816  -0.568    4
60052.207    0.171271953959    0.108500399065    0.4352    0.4417  -0.471    7
60241.209    0.612243034902    0.772300799312    1.9723    0.4380   0.557    4
