%-----------------------------------------------------------------------------
%                R.A. (mas)        Dec. (mas)        Err. (mas)     Corr. Del.
% Uncertainty in R.A. is in R.A. cos(Dec.)!!!!
%-----------------------------------------------------------------------------
50084.998   -0.041657703663   -0.937800000855    1.0200    3.0512  -0.801   19
50155.831   -0.925583102260    0.001602001731    0.6042    1.3174  -0.089   49
52418.270    0.074636801285   -0.406400398134    0.3754    0.7057  -0.504    9
52423.204   -0.831998997770    0.951800398497    0.3290    1.2877  -0.032   15
52837.244   -0.429883640574    0.354801602498    0.6201    0.7356  -0.550    7
52852.271    0.282779788180    1.209200400609    0.6603    0.7040   0.264    4
53118.268    0.949883495173   -1.338699602371    2.9570    3.4975  -0.967    3
53178.205    0.310551623511   -0.353998801472    0.2850    0.8447  -0.225    8
53181.270    0.624432315307    1.995501600760    1.0444    4.7073  -0.469    3
53185.207    0.281769553445   -0.862498801979    0.2417    0.6484  -0.040   12
53188.271   11.733019732208    4.303699201813   16.6495    2.8880   0.940    3
53193.206   -0.685183149594    0.904399198731    0.2812    0.4969  -0.080   22
53195.270   -0.588561532990   -1.261097997229    0.4314    0.9787  -0.385   14
53199.225   -0.181964498642    3.379302003026    0.3319    0.8758  -0.298   11
53202.272    2.628489392232   -1.323100796924    2.9681    3.9997  -0.932    4
53209.273    0.185144384887    0.192099597029    1.1386    2.4578   0.696    3
53216.268   -2.796856125425   -6.687198001742    0.9842    2.9809   0.681    6
53223.270   -1.931878128699   -1.537599602841    1.4949    2.4829   0.831    3
53244.268    0.122081524960    1.317600000306    0.5504    1.1859   0.164    7
53251.270    0.451872007847   -0.881200801928    0.7692    1.6824  -0.771    5
53258.272   -0.609532758952    1.946901603134    0.6583    1.3187  -0.757    3
53272.268   -1.604403124741   -3.954200397516    0.6774    2.4728   0.211    4
53286.272   -0.106168280581    1.278799197735    0.2983    0.9311  -0.515    7
53307.270    0.003617269835    1.400500803328    0.5342    1.4419  -0.004    3
57392.208    0.111233168742   -0.432601199662    0.3113    0.4973  -0.633    4
57490.208    0.671585384145    0.947001600338    0.1779    0.6466   0.191   15
57833.207   -1.481741842061   -6.412899600150    0.6040    1.8019  -0.714    4
57952.187    0.000000000000    0.000000000000    0.1851    0.3709  -0.030  155
