%-----------------------------------------------------------------------------
%                R.A. (mas)        Dec. (mas)        Err. (mas)     Corr. Del.
% Uncertainty in R.A. is in R.A. cos(Dec.)!!!!
%-----------------------------------------------------------------------------
54489.248    0.550915780827   -0.358199997663    0.1536    0.4249  -0.066   72
56661.920   -0.017474907527   -0.453999589922    0.3670    0.9331  -0.246   21
56677.793   -0.027130292227    1.776700796086    0.3551    0.9230  -0.170   24
56729.228    0.443007482846   -1.705899600779    0.2111    0.8968  -0.139    8
56749.791    0.795945196431   -1.665799197781    0.2109    0.7857  -0.039   31
56778.792   -0.331186547494    0.500500811995    0.3892    0.8963  -0.043   22
56820.252    0.000000000000   -0.790300791209    0.4091    1.0702   0.027   14
56854.790   -0.659683448558    2.496798006746    0.5709    1.1545   0.012   14
56880.792    0.495068417516    0.000000000000    0.3344    0.5673  -0.282   27
56896.790   -0.520242391057    0.149198413624    0.3690    0.6848  -0.203   22
58246.184    0.303566341984    0.434998801779    0.2710    2.4671  -0.089   40
58272.782    0.463292160173    7.081300793743    0.2693    0.7612   0.227   49
59271.737   -0.692433447106   -0.909500391799    0.1609    0.4335   0.050   56
59340.250    5.368262099278    5.186098795207   16.7823    6.0697   0.841    6
59921.250   -0.891757796382   -2.480900400315    0.8599    1.4970   0.089    4
60075.250   27.541316884140    4.265697606343   37.3405   10.7440   0.960    3
