%-----------------------------------------------------------------------------
%                R.A. (mas)        Dec. (mas)        Err. (mas)     Corr. Del.
% Uncertainty in R.A. is in R.A. cos(Dec.)!!!!
%-----------------------------------------------------------------------------
47098.356   -8.522950808424  -11.910398400339    5.1490    8.6649   0.696    6
47207.339   -0.020678499394   -2.166598799569    1.4040    6.4365   0.032    6
47278.256    0.348537241314    4.033501200240    0.8814    4.4826   0.364   12
47288.249    4.236977723117   -0.569498400438    4.6895    2.8451   0.378    4
48787.411   -0.046301681801    2.591301598898    1.1333    2.9523   0.428    8
49254.416   -0.994512952453    3.057901199455    0.5292    2.1948   0.087   30
49819.958   -0.391242817890   -0.683298000581    0.3606    0.4650   0.222  100
49848.331   -0.004196904091   -5.087498400158    0.5762    2.2774  -0.122    5
49960.334   -1.236658915252   -0.238597199598    0.6345    0.6076   0.263   13
50065.333   -0.136506347240    0.002602799576    0.2147    0.6014  -0.104   38
50255.288    0.647324186716    2.329001999257    0.2912    0.9347   0.085   19
50749.085    0.276759766008   -0.567698400289    0.3215    0.4338   0.148   25
50905.916   -0.479649277400    2.195200800337    0.5856    1.2141  -0.260   20
51072.250    0.057690898553   -0.119599200943    0.2148    0.3499   0.083   41
51198.251    0.026371267964    0.188099999576    0.1959    0.4212  -0.077   22
51303.249    0.232856884581   -1.493697600807    0.3179    0.6344  -0.377   10
51429.249   -0.248439428024    0.983102399488    0.2267    0.4191  -0.109   25
51562.252    0.164377159295    0.079200000158    0.2106    0.4650   0.058   22
51576.252    0.455824096500    0.337402800099    0.2248    0.4554   0.060   18
51786.252    0.290396816831   -1.147096799947    0.9103    0.7629  -0.200    7
51870.249    0.102644002565    0.502102799338    0.2306    0.3493  -0.170   28
51981.080   -0.023224586457    1.577102399075    0.0548    0.1707  -0.252  189
52830.246   -0.246792392819    0.458902798961    0.0639    0.1404  -0.125  215
53150.205    0.273016169670    1.099501198887    0.1836    0.5562   0.235   19
53256.204    0.348537241314   -1.262296799887    0.2114    0.7605  -0.032   40
53262.224   -0.002398698162   -0.098197200771    0.2494    0.3022   0.015   17
53598.210   -0.172770865266    0.354902400268    0.2811    0.5440  -0.315   14
53605.208    0.193596651350    0.786801599872    0.2849    0.7950   0.181    8
53768.252   -0.104589699608    0.121600799829    0.0808    0.1799   0.175  225
53941.205    0.461667933584    0.888001198973    0.2605    0.2872  -0.081   18
54110.206   -0.442338216402   -0.125298000775    0.1362    0.2378   0.117   26
54277.206   -0.177863141605   -0.292698000237    0.2085    0.2156   0.182   29
54473.206    0.041507862878    0.249299999844    0.1908    0.2207  -0.409   42
54601.248    0.037159992484   -0.456199200016    0.0840    0.5018  -0.098  201
54608.250   -0.596228788204   -2.218996800707    0.2330    0.8756   0.229   15
54781.207   -0.398284266460    0.242200800216    0.1197    0.2163  -0.014   38
54795.207   -0.776789085386   -0.226198800490    0.2537    0.4553  -0.187   73
54837.207   -0.261777919220    0.081702000365    0.0805    0.2619  -0.014   91
54844.205   -0.018430767534    0.468900000428    0.2374    0.4912   0.126  137
54845.228   -0.233155444208    0.525002399954    0.4544    0.9136  -0.580    9
54858.209    0.010490164893    0.345401999802    0.2691    0.5150  -0.014  108
54872.209    2.947723660840   -3.425598000462    4.0115    1.6924   0.414    3
54907.207   -0.183559589787   -0.093697200398    0.0898    0.1923  -0.079  109
54963.208   -0.464365293584   -0.132699600108    0.2031    0.2407   0.150   35
54970.209    0.062035191546   -0.219697199633    0.2582    0.1898   0.178  110
54991.208   -0.342991963857   -0.033598800542    0.1129    0.3203   0.041  106
55021.249    0.577348392529   -1.109599199722    0.2310    0.3520  -0.108   31
55032.999    1.840227507231   -2.683198800746    0.4930    1.2319   0.164   63
55040.206    0.398582621665    3.073903199180    0.3130    0.8773  -0.133   88
55054.206   -0.972183840455    0.343601999653    0.3403    0.3561  -0.285   40
55061.208   -0.279309634895   -0.353797201136    0.2026    0.2400   0.174   54
55082.001   -0.306428886204    8.654399999841    0.4468    1.9326  -0.204   34
55098.248   -0.449379664972    0.797601599167    0.2916    0.3414  -0.190   46
55154.248    0.008390026359    0.601102799536    0.0786    0.1576  -0.063  190
55161.998   -0.745771489613   -3.722198400702    1.4575    2.2690  -0.336  152
55214.996   -0.230458288630    6.781499999953    0.5128    1.5894  -0.031  120
55216.209   -0.134409683895   -0.155797200740    0.1690    0.2295  -0.120   76
55224.248   -0.073723070137    3.191400000269    0.1927    1.6560   0.095   24
55236.206    0.000000000000   -0.356198400375    0.2315    0.9690  -0.541   73
55274.269   -0.122570839002   -0.259696800065    0.3269    0.5268  -0.294   13
55342.209   -0.142202795423    1.213001999645    0.1268    0.5574   0.023   76
55384.209   -0.681639634721    0.662302799803    0.3673    0.5360   0.207   75
55400.269    0.589183660022   -0.882000001035    0.2749    0.6137   0.050   56
55407.271   -0.354679740237    1.498802398991    0.4784    0.8596   0.339   17
55411.209   -0.746221015543    0.787402798963    0.2442    0.4848  -0.370   27
55425.209    0.084511692447    0.116402399719    0.2301    0.5071   0.203   56
55442.269   -0.892019916190   -0.222796800209    0.5436    0.8488   0.297   14
55460.207    0.038810605089    0.019800000040    0.2055    0.3364   0.002   29
55488.207   -0.092153837672    0.465800399851    0.1938    0.2261  -0.194   52
55519.271   -1.596434509227   -0.454500000835    1.1310    0.4361   0.816    3
55524.268   -4.132237159418    1.924700399059    0.5898    0.7223  -0.008   16
55539.251    0.339546620512    1.966600799008    0.3676    1.0658   0.312   25
55572.207    0.060535545244    0.758401199441    0.0931    0.2748   0.058   81
55589.272   -0.701717437460   -1.332496800899    0.5090    0.6201   0.097   29
55593.209   -0.216824917419   -0.520297200524    0.1336    0.2416   0.439   71
55600.207    0.057989458180    0.552301199974    0.1620    0.4461  -0.098   29
55603.268   -1.145853757580    1.089500400298    0.7843    1.1095  -0.450   31
55615.230   -0.469608536225   -0.318099601060    0.1661    0.1566   0.104   45
55616.249   -1.617411466037   -0.589096800141    0.0850    0.1678  -0.055  237
55617.272   -2.040718320461    1.512000000403    1.5221    1.2175  -0.654    3
55649.205    0.279309532684    0.203900398965    0.1245    0.2320  -0.030  101
55657.230    0.114630236361    0.690299999562    0.0575    0.1222  -0.018  285
55659.272    0.596825703036   -0.271396801033    0.4623    0.8962  -0.142   23
55685.226    0.364720379201   -1.136897999743    0.2460    0.6187  -0.069   52
55705.209   -0.150592821782   -1.185199199583    0.2486    0.2952   0.062  112
55715.272    0.082713588728    0.259300800032    0.4320    0.5557  -0.043    4
55727.208    0.190899495773   -0.421297200326    0.3031    0.2375   0.181   23
55750.270    0.106689735931    0.000000000000    0.4893    0.4800  -0.084   29
55755.230   -0.157184744423    0.357703199860    0.1336    0.2929  -0.021   63
55771.268    0.203338832898    0.606599999031    0.4977    0.7123  -0.362   40
55776.228   -0.114479372270    0.166802399093    0.1336    0.1991  -0.059  104
55790.207   -1.129821688207   -0.183398400466    0.4244    0.3511  -0.152   48
55791.251   -0.226265064151    1.382702398978    0.4643    1.3208   0.305   32
55796.208    1.170728854430    0.755802000185    0.3928    0.5182   0.321   36
55797.227   -0.114928898199   -1.605398399818    0.4636    1.2007   0.463   41
55799.268    0.552624159769    0.356101199728    0.3395    0.4733  -0.044   91
55811.208   -0.004944887436   -0.041698799613    0.2376    0.5755   0.348   49
55819.500    0.018132207907    0.109101599755    0.0606    0.0937  -0.021  332
55820.497    0.053645165187    0.016001999725    0.0686    0.1158   0.225  230
55821.498   -0.040608811019    0.011800800337    0.0666    0.0953  -0.038  248
55822.498   -0.007940602641   -0.006199201152    0.2075    0.1219   0.367  202
55823.499    0.119575123797   -0.066196800041    0.0650    0.0918   0.018  266
55824.500    0.058438984110    0.309301199053    0.0669    0.1254  -0.151  238
55825.497    0.038508570273    0.543002399844    0.0630    0.1760  -0.184  258
55826.498    0.104442106283    0.125600398881    0.0737    0.1204   0.095  236
55827.499    0.122423347888    0.112003200314    0.0660    0.1254  -0.104  296
55828.499   -0.166027874112    0.169001999595    0.0787    0.1603  -0.362  299
55829.500   -0.016481595302    0.062802000400    0.1342    0.0869   0.227  243
55830.501    0.249640514699    0.179902799857    0.0590    0.0907   0.081  255
55831.498   -0.089305613581   -0.008100000670    0.0919    0.1705  -0.448  313
55832.499    0.158533220000   -0.029700000859    0.0518    0.0822  -0.015  255
55833.500   -0.018729327162    0.060400799562    0.1001    0.1708  -0.069  239
55869.269   -0.519207968046   -0.187999200207    0.4557    0.5076   0.231   53
55888.269    0.712355093467   -0.479397600017    0.5632    0.6315  -0.075   45
55895.231   -0.424356974797    0.186901200117    0.2288    0.4435  -0.204   85
55897.269    0.703813998594   -0.089197200026    0.2800    0.3355  -0.060   99
55901.206   -0.105938277397    0.516200399225    0.1509    0.2031  -0.050  113
55902.229   -0.117928088593    0.238003199549    0.1074    0.3647   0.298   73
55908.208    0.066979976771    0.285299999625    0.1047    0.2893   0.038   70
55916.229   -0.117478562663   -0.972298799873    0.0715    0.4541   0.035  279
55930.207   -0.259677780685    0.171201600097    0.0968    0.1546   0.090   90
55939.269   -0.043003931780   -0.195897600541    0.2525    0.3386  -0.233  107
56016.271   -0.333400748611   -1.817697600437    0.5406    0.9573  -0.033   59
56022.268   -0.554720925326    2.195701200058    0.4966    1.4969  -0.094   37
56030.271   -0.018880293464    0.001900799518    0.2138    0.4722  -0.340   41
56034.208    0.175917444562   -0.157500000242    0.1044    0.1632  -0.061   74
56037.269   -0.155239149591   -0.564796799729    0.2568    0.3910   0.121   39
56063.242    0.218022324483   -1.173898800566    1.3892    3.7443   0.134   13
56072.271   -0.005095955950   -0.109497599787    0.2306    0.4422   0.120   70
56079.269   -0.269419962234    0.222400800176    0.2200    0.2283  -0.235   74
56084.207   -0.364867870314    0.176202000191    0.1961    0.2084  -0.046   54
56086.271    0.054242080019    0.129103200130    0.2431    0.2987   0.273   43
56093.269    0.751316767070    0.105299999120    0.2919    0.3108  -0.255   62
56100.271    0.807058595603    0.598600799329    0.4799    0.5181   0.104   62
56106.250   -0.199742727674    0.238301998934    0.0950    0.1828  -0.089  150
56107.273   -0.192100684660   -0.477799200205    0.1688    0.3453  -0.071   91
56111.207   -1.010994547755   -0.690897599931    0.1908    0.2194   0.384  106
56114.271    0.099795778474    0.997603200048    0.2410    0.3635  -0.105   69
56118.208   -0.940267192822    0.549403199734    0.2707    0.1357  -0.427  128
56121.269    0.062783174892    0.629801999352    0.4259    0.4594  -0.035   96
56135.273    0.693625766305    0.723002400349    0.2579    0.3245   0.148   43
56142.271   -0.348835903153    0.069901200028    0.1911    0.3928   0.000   60
56148.247    1.354284866817   -0.698896799634    0.6672    1.0557  -0.144   44
56163.269   -0.027270422034    0.129902399237    0.1901    0.3493  -0.175   81
56181.207   -0.013036456380   -0.454500000835    0.1599    0.3129   0.496  165
56189.228    0.687033843664   -0.692899200416    0.8667    1.5596   0.261    9
56211.208   -0.142501252838   -0.165999599666    0.1796    0.2980   0.003   95
56219.269   -0.461966595422    0.222703199881    0.3922    0.2855  -0.187   60
56233.269    0.038361079160   -0.005896799848    0.1390    0.1638   0.009   77
56237.207   -0.167074417084    0.463402799333    0.6232    0.8216  -0.428   71
56240.268   -0.283502859374    0.067100400436    0.3617    0.4614  -0.233   48
56244.209   -0.196894503582    0.202301999153    0.1289    0.3565   0.008   57
56247.269    0.479800243702   -0.988999200935    0.2907    0.5044   0.162   50
56258.205    0.300584946909    0.397101599603    0.1218    0.2120   0.126  150
56259.228   -0.006142396711    0.056602799248    0.1149    0.1697   0.277   46
56261.269   -0.296089687613   -0.267299999734    0.2226    0.3622  -0.075  115
56280.540   -0.262526004777    2.434600799361    0.9203    0.9748   0.247   28
56282.271   -0.003894767064   -0.270900000032    0.1934    0.2581  -0.065   56
56295.209   -0.020976956809    0.904003200297    0.2565    0.2217  -0.114  143
56303.270    0.315721541823   -0.161697600909    0.2465    0.3450  -0.074   81
56308.208   -0.101892441819   -0.212299200619    0.1266    0.3279  -0.275   48
56310.271    0.032664630978    0.193201199039    0.2279    0.4854   0.132   76
56313.540    0.215623626321    1.619200799041    0.8018    1.0649   0.039   28
56315.210   -0.291446937204    0.058600799413    0.1488    0.1452  -0.234   91
56321.207   -0.078218431644   -0.014097599887    0.1188    0.2240  -0.248  167
56322.230   -0.474855458477   -1.073599199941    0.1171    0.1865  -0.076  108
56324.271   -0.050048957751   -0.223898400620    0.2619    0.3393  -0.215   84
56331.270    0.130662305733   -0.072698400899    0.2443    0.3657  -0.281   45
56366.272   -0.362922377694   -0.279597601072    0.3089    0.3337  -0.147   34
56372.251    0.190449969843    1.979503199756    0.3557    1.4719  -0.055   81
56385.206   -0.347487223153    0.531701999229    0.1412    0.2905   0.116  171
56401.270    0.060237087828    0.069602399044    0.1741    0.4118   0.216  117
56405.207   -0.279457126008    0.174002399689    0.1437    0.2545   0.115  127
56408.268    0.519657391764   -0.770997600164    0.3420    0.9071   0.035   48
56415.270    0.119873581213    0.563302799605    0.2050    0.3484  -0.297   55
56433.185    1.759761548150    8.348500799471    0.5173    0.8186   0.440   15
56443.270    0.077617734990    1.318402799733    0.5874    0.6911   0.029   16
56468.206    0.662608170532    0.329601600413    0.2360    0.1755  -0.005   86
56469.228   -0.368615248476    1.439701199857    0.5149    0.6968  -0.105   25
56471.270   -0.158385933309   -0.130096800532    0.2157    0.4517   0.385  211
56475.207   -0.183110063857    0.101203199421    0.1288    0.1338   0.204  130
56482.206    0.172770763055    0.060602399898    0.1122    0.1566   0.270   85
56485.270    0.482644890393    0.036601198872    0.4610    0.4376   0.083   16
56498.251   -0.041806422505   -0.832500000136    0.1635    0.3130   0.147  113
56503.211   -0.593531632627    0.512999999280    0.6752    1.3897  -0.574    6
56510.209    0.185656150921    0.201301199709    0.1428    0.2586   0.351   14
56517.207    0.024724130548   -0.499798800746    0.1709    0.4030  -0.318   34
56518.270   -0.092754432115    0.268901999867    0.1844    0.2687  -0.184   15
56525.228    0.575399220297   -1.087696799829    0.4618    0.6300   0.070   23
56537.998    0.364270853271   -5.238000000141    1.0793    2.2579  -0.165    6
56540.583   -7.254975737772   22.670402400138    0.9435    1.1789   0.024   37
56548.272   -0.436343310804   -0.244800001070    0.2511    0.6049  -0.114   55
56575.582    1.912303439952   -2.182499999925    0.7691    1.2433  -0.053   30
56594.206    0.230008660489    0.629402398999    0.1661    0.2912   0.252   46
56610.584    5.237780461184    2.230700400396    1.2708    1.1380  -0.026   20
56615.208   -0.252787298417   -0.175500000132    0.1459    0.2282  -0.014   63
56617.249   -0.734234679536    0.760402799926    1.4070    1.6787   0.498    3
56623.272   -0.761206541943  -10.593198000386    0.3123    0.4184  -0.185   26
56626.286   -0.152991519943    0.767699999571    0.2942    1.4890  -0.100    7
56628.225    0.010339198591    5.235703198991    0.4546    4.9311   0.737    5
56630.230   -1.136712068264   -1.513699199585    0.8582    1.3601  -0.272   22
56630.581   12.283724393064  -15.923498399850    0.7223    0.8426  -0.159   42
56632.269    0.534340883348    0.993002400307    0.3619    1.3153  -0.199    8
56634.263    0.166624788943    0.943300799072    0.2744    0.9410   0.160   11
56636.257   -0.989266030200    0.095702399605    0.3118    1.1119   0.071    9
56638.251   -0.190601038357   -1.095498001114    0.2855    1.0241   0.100   11
56641.243   -0.100396475129    3.234599999047    0.2763    1.1943   0.187   10
56644.227   -0.066232095638    1.089403199650    0.5909    1.3341   0.404   28
56645.250   -0.111933182995   -0.073799999711    0.0781    0.2045  -0.049  107
56673.582   -2.134821228153   -4.896198000637    1.2719    1.7303  -0.113  164
56677.998    0.075071545715    2.415002399658    0.6808    1.4736   0.224   51
56695.271   -0.280208686754    0.304502399295    0.1505    0.4138  -0.265   40
56701.250    0.035214397653    0.106102800146    0.0671    0.1007   0.043  265
56702.265    0.125868589022   -0.503499600413    0.1967    0.3305   0.006   16
56707.229    0.570752892487    1.484002799046    0.6687    2.1125   0.376    6
56723.271   -0.378055395208   -0.156099600446    0.2016    0.1744   0.039   40
56737.271    0.153440943661    0.211600799283    0.6183    0.5345  -0.293   14
56749.229    0.041655251780    0.651301200172    0.0780    0.1673   0.008  174
56750.270    0.639232617773    0.204800399040    0.6750    2.7959  -0.355   20
56758.272   -0.240948453524    0.360201599747    0.1935    0.3866  -0.132   69
56762.206   -0.186105779062   -0.368798399819    0.1337    0.1413  -0.036   40
56770.209   -0.219971598926   -0.034397999649    0.0973    0.1766  -0.089   94
56799.250  -40.470197378372 -108.869497199748    3.2828    8.8702   0.993    3
56805.207   -0.082864759454   -0.774799200798    0.1906    0.2510  -0.172   18
56811.208   -0.014985628612    0.018500399612    0.1755    0.1713   0.495   39
56846.206   -0.298189928359   -0.237398400138    0.2089    0.1453   0.214   67
56848.248    2.437204278780    1.800702000310    1.3374    3.6038   0.097    5
56858.501    2.439754045455    0.509900400303    0.9458    0.7070   0.303    6
56860.206    0.290695274247    0.351802799692    0.1465    0.1829  -0.037   30
56881.208   -1.036017237931    4.528900799983    0.5380    2.4155  -0.219  118
56888.207   -0.195696892096    0.159901199481    0.1638    0.1489   0.002   22
56896.227    3.396952257298    0.285602399330    0.5842    0.5636   0.022   10
56901.998   -0.916143554506   -3.348097201084    1.6582    3.9277  -0.020   43
56904.665   -0.547078882312    1.197899999994    0.5062    0.6079  -0.142   10
56905.662   -0.891120864331   -0.881398800345    0.6165    0.7728  -0.158   10
56906.659    0.711455939396    1.120701600321    0.5037    0.6628  -0.036    9
56907.656    1.829140325294   -3.599798400167    1.0082    1.1695  -0.512    7
56908.412   -0.563110951685    2.332303200170    0.8024    0.9320  -0.526    6
56910.227   65.052333233484 -114.796198799638    8.2276    8.3741  -0.848    3
56910.969   -4.183483626444    1.272700799149    1.3367    1.9110   0.721    4
56911.645    1.078272981942    0.652402798984    0.5512    0.7058  -0.151   10
56912.642    1.692331943238   -0.895298400216    0.6825    0.7927  -0.266    9
56913.639    3.638202847850    2.297300399512    0.6713    0.8248  -0.167    8
56914.636   -0.934124796111    0.565502400107    0.5762    0.7124  -0.196    8
56915.399   -0.215026711490    3.058002000422    0.9906    1.1064  -0.662    5
56916.959   -7.068122077576   -8.118799200929    1.4173    2.0869   0.736    3
56917.627   -2.064093873220   -0.512697599575    0.6266    0.7351  -0.212    8
56918.625    5.010767413687   -0.514198800339    0.6302    0.7879  -0.208   10
56919.603   -4.296765387227    4.882301999487    0.8720    0.9724  -0.567    6
56920.619   -2.079079501832    3.623803199915    1.3795    1.2468  -0.749    3
56921.616    6.863732919882   -6.874099200260    9.1038   10.2109  -0.991    3
56923.208   -0.196293909139    0.601902000241    0.2624    0.4706   0.544   30
56930.207    0.262374834051    0.837100799878    0.2695    0.3712  -0.223   12
56932.270    0.545431744897    0.080600399954    0.1857    0.2648  -0.270   89
56944.207    0.887974080613    0.560800799398    0.3856    0.4543   0.015    7
56951.208    0.608513479415   -0.460396800683    0.2719    0.1738   0.077   21
56961.271   -0.894415036951    0.386402399677    0.1958    0.1714  -0.016   54
56973.229   -1.036916289790   -0.950400000299    1.6262    1.4108   0.314    4
56976.498  -26.652523193557  -20.166397200150    3.1494    2.4732   0.914    4
56979.209   -0.610164194232   -0.346996800893    0.1552    0.1925   0.002   52
56986.207   -0.320065937027    0.232700399749    0.1875    0.2394   0.074   80
56987.270    0.310176162154    0.514000800322    0.1381    0.2618  -0.116   82
56988.997   -1.773247530459    3.038400000399    0.7785    1.4774  -0.563   23
56995.250   -0.048099785519    0.414201599419    0.1107    0.1852  -0.049  335
57009.250   -0.625595669161    1.954400399917    0.3584    0.4165   0.087   40
57021.209    0.764950138281   -2.809098000611    0.2192    0.4110  -0.035   99
57037.250   -0.072076034933   -1.532498400181    0.3556    0.7620  -0.203   28
57041.999   -0.071324371976   -0.087699599582    0.2035    0.7090  -0.149   40
57045.271    0.452076820549    0.580802399774    0.1006    0.1651  -0.035   82
57077.209    0.919588693429    0.753602399683    0.3387    0.1480   0.317   78
57085.208    0.809755751180   -1.099097999813    0.1056    0.1581  -0.069   96
57113.226   -0.380903619299    2.269400400401    0.3488    1.1747  -0.299   30
57120.206    0.240200367967   -0.856396799875    0.1655    0.2811  -0.152   63
57126.207   -0.668002686110   -0.806597999592    0.1193    0.1550  -0.049   61
57148.228   11.286068336504  -15.741597599828   11.4602   18.2081  -0.967    3
57161.209    0.027870812055    0.585302400147    0.1444    0.2516   0.012   42
57163.251   -1.587893414355    0.539600399563    1.2536    1.8087  -0.760    3
57169.208   -1.121280593334   -0.553597200081    0.1337    0.1624  -0.018   86
57177.583 -158.008086118833  221.341301998912   70.4625   65.6985  -0.697    5
57203.209    0.013784337514   -0.121597201108    0.1151    0.1332  -0.036  160
57210.207   -0.423756482565   -0.929397600480    0.1197    0.1213   0.001   96
57219.251    0.456874216873    0.138600000277    0.1611    0.1996   0.000  129
57237.999    0.639232617773    2.491801198978    0.4868    2.2848  -0.094   31
57267.230    0.743074129613   -2.739599999657    0.3636    0.6020  -0.054   31
57269.272   -1.570059663863   -0.514497599724    0.1819    0.2192   0.134   51
57276.270    0.809155156736    0.459802799035    0.4619    0.2148   0.528   33
57339.268    1.266327933236    0.397400398988    0.0909    0.1074  -0.089   99
57351.270   -0.452975974620    1.485500399490    0.0591    0.1045   0.156   59
57373.248    1.774448617135   -8.462498399631    0.5418    1.3908   0.151  287
57398.771   -0.611063246091   -0.334396799850    0.2011    0.2226  -0.063   29
57401.233   -5.302063384589   14.169801599273    0.1661    0.2606  -0.137   38
57402.270    0.074622019785   -0.138297600571    0.1477    0.2355   0.291  101
57412.998    0.567307651353   -0.499899600115    0.3932    1.1447  -0.329  136
57441.206   -0.446833577909   -0.815400000320    0.0831    0.1046   0.055  166
57462.208   -0.236302125715    0.082303199456    0.1716    0.1799  -0.047   48
57470.229    0.215925763349   -3.328297201044    0.3488    1.5169  -0.142  129
57477.209    0.151941297359    3.045599999396    0.1596    0.3753  -0.060   74
57490.208    0.470809622900   -0.434296800123    0.2311    0.2904   0.067   42
57520.253   -2.758769862110  -43.919596800990    0.8934    1.4627   0.097    9
57526.207    0.612411823879    0.148903200170    0.1718    0.3046  -0.113   24
57528.271   -6.046338805300    6.200099999809    0.7746    1.1673  -0.800   17
57563.269    3.242313702151    2.760501600108    0.3452    0.5547  -0.237   21
57570.271    0.297740300218   -0.612597599847    0.1876    0.4337   0.028   22
57581.206   -1.439397255918   -0.994698000767    0.1447    0.2483   0.023   78
57588.208   -0.627393875091   -1.850799599978    0.1857    0.2649   0.064   44
57598.271    0.705015085269    2.407301999341    0.2594    0.3382   0.500   32
57602.208    0.992114152080   -1.272499200411    0.2351    0.5408  -0.062   19
57617.209    0.985971755369   -0.851896801102    0.2609    0.3231   0.037   44
57623.206    2.392103785866    1.976101199475    0.1972    0.3566   0.118   41
57636.998   -0.697222178165    0.695102399639    0.5618    2.3054  -0.393   13
57639.230   -0.634438901062   -1.150696800245    0.1917    0.2649  -0.133   33
57660.250    0.244994186890    0.232200000028    0.6151    1.1640  -0.121  285
57674.228   20.548795524520  -20.846098800753    0.8843    1.5876  -0.149   62
57682.271  -11.024588976912   -0.415598400494    2.3441    0.3233  -0.383    3
57693.207    2.807319071347    1.448402399618    0.1879    0.1955   0.007   20
57716.999    0.264172937769    0.394901999101    0.5216    1.5197   0.011   82
57736.229   -1.422764694314    1.879401599147    1.6279    0.4306   0.544   11
57743.209   -0.882727260572   -0.224100000956    0.1227    0.1198   0.025   29
57772.228   -6.488227495772   10.093201199624    0.3694    0.5478  -0.189   26
57777.207 1885.238184189130 -348.251997601068    0.0704    0.0694  -0.013  140
57787.269  905.177832472776  635.256500399883    0.1191    0.1785  -0.168   20
57805.189    6.389028529918    1.118501999819    1.4371    1.1940   0.336   13
57806.208   -0.671447825032   -0.029998800244    0.2277    0.3599   0.225  192
57812.209   -0.209930857751   -0.265399200217    0.1965    0.2014   0.265   23
57819.207   -0.119276768593   -4.865896800688    0.1212    0.2665   0.171  233
57826.209   -0.427503758515   -0.771897600238    0.1554    0.2134  -0.007   37
57833.207   -0.480846786675    1.409500799276    0.2101    0.2517  -0.292   43
57836.293    0.081814536869    0.251701199083    0.1884    0.3749  -0.110   28
57839.792   -0.268520910375   -0.345099600096    0.1495    0.2109  -0.155  126
57847.207    0.114331778945    0.371300400026    0.0908    0.1309  -0.009  337
57849.249    2.046414666432   -1.621097999838    0.2308    0.7517   0.459   10
57849.249    0.744721267029   -1.661698800959    0.9210    0.8556   0.050    9
57864.271   -2.772705268137    0.880502398992    0.1875    0.1820  -0.138   59
57875.167   -0.095451587692    0.233002799455    0.2796    0.2571  -0.327   15
57878.271    0.205733953660    0.007001998981    0.0861    0.1091  -0.088   86
57882.209    0.173069220471   -0.387997200768    0.1153    0.1268  -0.029   65
57885.270    0.885575382451   -0.840697199855    0.1034    0.1308  -0.071  183
57897.228    0.019930311625    0.073400399359    0.4713    0.6796  -0.059   12
57924.209    0.059338035969   -0.633797999683    0.1162    0.1064   0.111  116
57939.228    0.475901899238   -3.416799600053    0.3118    1.3101  -0.203   81
57948.268   -0.968138107089   -0.268696800809    0.1036    0.1275   0.028  127
57976.272    2.573714203421   -2.128197600548    0.1216    0.1638  -0.082  153
57982.247    1.241154174547   -0.446698801149    0.2604    1.4246   0.256   15
57983.270   -1.136712068264   -0.263498400699    0.0881    0.0993  -0.052  167
57990.272   -0.105938277397    0.044801998911    0.1002    0.1606   0.023  144
58002.208    1.400439057504    0.842500800324    0.1407    0.1770  -0.074  206
58009.228  -47.642761562232   -9.534499199759   19.8860    3.4964   0.863    3
58010.247   -0.274961764501    4.146400800309    0.6424    2.0239  -0.306  155
58015.324    0.658713403469    0.308102399593    0.2316    0.5267  -0.300   42
58029.207    3.179980053189   -2.985998400540    0.1079    0.1102  -0.059  173
58033.499   -5.330236435883   -3.508696800303    0.1552    0.1453   0.336  133
58039.270    0.293841955754   -0.783900000911    0.1672    0.1512   0.070  111
58043.207    1.327464072923    0.816102000378    0.0819    0.0900   0.103  275
58059.249    1.797824169894    2.379002399877    0.1980    0.5629  -0.044   17
58065.228   -1.045906910592   -0.028897199833    0.3099    0.5734  -0.105    6
58072.226    5.251568478309    1.016200800308    6.2654    1.9672  -0.872    3
58073.249  -39.575034358076  -13.562899200537    0.1742    0.1367   0.172   80
58078.209   -1.268277105468   -4.896496800022    0.1160    0.2006   0.191  138
58081.000   -0.227761030842    0.041302799580    0.6372    2.0602  -0.054  107
58085.500    0.027719845752   -1.908799200301    0.0498    0.1233  -0.113  281
58086.497    0.535239935207    0.758102400056    0.0478    0.0885  -0.167  329
58087.498    0.429600217438   -1.973599200866    0.0457    0.1116   0.022  209
58088.498   -1.219875285133   -0.318099601060    0.0555    0.0941  -0.102  255
58090.496    0.498529468653    0.306601200428    0.0403    0.0937  -0.274  347
58091.453   -0.508717700941   -1.024599600363    0.0119    0.0559  -0.036   67
58092.454   -0.461369578380   -0.250099200549    0.1715    0.5045  -0.296   37
58092.498    0.125570029395   -2.904498000511    0.0341    0.0809  -0.049  314
58093.451   -1.039764513881    3.727400399534    0.2854    0.5053  -0.629   45
58094.452   -0.044654646596    1.188100800142    0.1028    0.2951  -0.384   46
58095.478   -0.909850191493    3.095701199385    0.2233    0.5060  -0.768   37
58095.497   -0.485791674111   -0.173998800967    0.0604    0.1702  -0.146  229
58109.000    0.226714487869   -5.138596800869    0.7245    2.6717  -0.193   89
58121.207   -4.510590909830    0.098600399845    0.1136    0.1279  -0.143  164
58128.230   -0.423907448867   -2.290096800195    0.2634    0.6030  -0.077   43
58141.208   -0.859204216699    0.527399998873    0.1137    0.1182  -0.018  105
58145.291   -4.261550887363    1.129003199729    0.5894    2.8858  -0.470    3
58148.209    1.512519629401    2.149801199458    0.1244    0.2080   0.037  105
58156.227    9.718403793402  -23.329299600938    2.0409    2.8346  -0.942    9
58157.249    2.025585200736   -4.177897200996    0.5768    1.0769  -0.103    9
58164.248   -0.675493660610    1.482703200217    0.3219    1.1018  -0.127   89
58164.248   -2.339807300679   -1.065697200886    0.5532    0.7689  -0.235   10
58171.249   -0.072672949765    1.277600399874    0.4969    0.9237   0.082   10
58172.272   -0.322464635189   -1.147298400284    0.0987    0.1114  -0.016  169
58191.229    0.120175718241    2.635603199685    0.1456    0.4640  -0.104   58
58204.206    0.469759502527   -0.526197600692    0.1069    0.1150  -0.019  106
58213.231   -0.221769702644    0.044200799820    0.0787    0.1538  -0.164  345
58218.206    0.540634348573   -0.112298400978    0.2208    0.1731   0.032   80
58220.248    0.015582441232    1.294502399674    0.1524    0.4544  -0.252   34
58220.251   -0.566858227635    0.217602000419    0.3661    0.3333   0.057   47
58227.250    0.295043144641    0.188801999634    0.7586    1.5434  -0.362    3
58240.165    0.815599690475   -0.078199200715    0.2652    0.2207  -0.161  317
58246.082    0.262676868867   -0.998197200097    0.1253    0.7230  -0.131   94
58260.166    0.189403426871    3.850901998881    0.4354    0.7405   0.159  155
58272.782    0.152991417732    2.880000000083    0.1506    0.2894   0.015   19
58277.271   -1.122327136307    0.077000399656    0.1751    0.1667   0.061   60
58282.227    1.124276206327  -10.089000000235    0.1625    0.6416   0.038   40
58289.229    2.560677747041    2.173100400427    1.8081    3.1631   0.609    3
58303.229    0.732583964719    0.230000399526    0.6357    0.5960   0.274   20
58304.233   -0.154189029218   -0.670096800448    0.2467    1.3611   0.085   21
58305.271   -0.041356896576    0.466902000262    0.2561    0.4179   0.642  175
58316.206************************************    0.1231    0.1324  -0.024  111
58331.229    0.087956933581    0.002502000207    0.3732    0.5838   0.186   33
58332.255   -0.712955687910    0.077702399714    0.3645    0.6308   0.077   31
58338.227   -0.032067818358   -0.224596800358    0.2130    0.2285   0.303  114
58346.442   -1.506826860831   -2.548198800767    1.7847    1.9256   0.281   15
58349.163    0.447283001627   -0.195397200820    1.2030    1.3133  -0.886   12
58350.185    0.585439961472    0.950000399946    0.3240    0.5286  -0.144   40
58351.208   -0.168422994873   -1.293699600247    0.1391    0.1250   0.064  185
58362.290   -2.130624426273   -0.813600000171    8.8489    8.0653  -0.984    4
58365.208   -0.317368679239   -1.557298800314    0.1345    0.1564   0.101  212
58367.250   -0.951505443272   -8.452299601025    0.7297    1.5922   0.485  152
58372.206   -0.295190635754   -0.411998400196    0.2081    0.3030   0.048  165
58381.250   -0.249040022467    0.670701599859    0.2620    0.5238   0.103   35
58386.206    0.004646327809   -1.770098400655    0.2871    0.4808   0.064   32
58401.229   -0.267172332586   -1.879999201115    0.1379    0.7478  -0.033  112
58403.271   -0.607765496070   -0.361198800469    0.2517    0.2609   0.117   77
58428.206   -0.147295071761    0.044200799820    0.1033    0.1259  -0.082  279
58435.208    0.540785314876    0.048103199823    0.1746    0.1575  -0.031  240
58436.227    0.581541617008   -0.714499200605    0.6192    0.8710  -0.107   11
58438.269   -0.073122475694   -0.451800000612    0.1253    0.1815   0.106  173
58456.206    3.417630654480   -3.877599599811    0.2273    0.5618  -0.061  119
58457.233   -0.008839654500   -2.239297200468    0.3514    0.5264   0.214   31
58459.271    0.240498825383    0.356302800064    0.1516    0.1803  -0.071  117
58464.227   -0.316768187007    2.883301199397    0.3462    0.4380   0.061   84
58464.227    5.523383459092    1.993402799627    3.9072    1.3756   0.890   17
58464.227    0.056640778180   -2.230599601027    0.1333    0.6915  -0.083   50
58465.250    0.206183479589    2.313302399237    5.4071    3.8274  -0.930    9
58471.226   -0.825489465348    0.860702398953    0.1319    0.3568   0.161   82
58491.208   -0.151790331057    0.363502799061    0.2040    0.2310  -0.057   88
58491.249    0.178312565323    1.143802799675    0.0308    0.1593  -0.138   73
58501.271   -0.587687693331    0.282103200000    0.2072    0.3514   0.072  157
58506.249   -0.370413352194   -0.815299200951    0.0242    0.0824  -0.111   59
58514.248    0.094102907692    0.035002799059    0.0909    0.3855  -0.046  169
58519.249   -0.063682328962   -0.338997599592    0.0133    0.0586  -0.227   51
58520.228    0.944312926188   -0.781999199795    0.3831    0.5192  -0.322   16
58527.229   -9.035415785315   -2.910099599696    0.5627    0.3216  -0.034   48
58528.270   -1.018787659283   -3.086100001148    0.9165    4.9027  -0.069    3
58534.249    0.260576730333   -0.105998400457    0.0146    0.0672   0.257   56
58547.209   -0.046452750315    0.419000399177    0.1028    0.1271  -0.083  123
58547.249   -0.082113096496   -0.144597601093    0.0130    0.0665  -0.110  113
58555.229    1.527803715428    1.783900799879    0.3282    1.5428  -0.259    3
58561.249    0.410270398044    0.046702800027    0.0138    0.1283  -0.638   55
58563.250   -2.585549470914    5.521903200290    0.6867    0.9521  -0.139   15
58570.249    0.000298457416    2.811902398925    0.3364    1.2752   0.142   32
58575.249    0.240498825383    0.361101599822    0.0172    0.1188  -0.062   94
58576.228   -0.399783912763    0.618703199073    0.0538    0.1290  -0.069   78
58585.271   -0.389293645658    0.169001999595    0.2517    0.2155   0.353   71
58589.249    0.163780142252   -0.847598401066    0.1170    0.5161  -0.261   42
58590.228   -0.190000443914    0.285299999625    0.1936    0.2058  -0.702  277
58591.269    0.348087715385    0.848901600214    0.1975    0.2110   0.116   72
58597.208    0.333253257498    0.618400799368    0.1073    0.1430   0.029  189
58599.271   -0.223265771546    0.521902799377    0.1701    0.1887   0.020   82
58603.249    0.503024830159   -4.259498400394    0.1544    0.7253  -0.435   40
58610.083   -0.306731023232   -1.725199201097    0.1717    0.4638  -0.026  123
58611.208   -0.183110063857   -0.038098800914    0.1200    0.1615  -0.348  256
58612.230    0.079566907222   -0.776397600610    0.2059    0.2091   0.002   55
58617.249   -0.042856542878   -0.418197599750    0.1204    0.5153  -0.400   62
58625.230   -1.060741368479    0.605001599219    0.2635    0.1491   0.158    9
58639.226   -0.989118641298   -0.940899599833    0.2551    0.4088  -0.462    8
58641.271   -0.066681621567    0.014000399240    0.1924    0.3123  -0.172   86
58646.250   -0.906102813331    4.005403199514    0.2955    0.9754  -0.735   67
58652.207    0.538987211158    1.012903199715    0.2981    0.6388  -0.218  263
58655.271   -0.042856542878    0.257900400236    0.1632    0.1929   0.015   62
58659.249    1.206691337640   -0.765799200053    0.2583    0.7894  -0.548   46
58661.251    0.198091910646   -1.660096800826    0.1873    0.2258   0.118   88
58662.270   -0.052145621096    0.115001999923    0.1265    0.1379  -0.028  105
58668.249   -1.835883316449    0.661600799745    0.5773    0.8314  -0.061   16
58669.271    0.133960055754    0.378403199974    0.1740    0.1687   0.069   76
58687.249    0.179362685696    0.274402799683    0.2140    0.6036  -0.444   84
58688.228   -0.277658920079    0.372402000437    0.0724    0.0940  -0.061  124
58697.271    0.262676868867    0.233200799471    0.1225    0.1547   0.027  125
58701.249    0.605668832725    2.346400800057    0.0221    0.1022   0.131  167
58703.251    0.241397979453   -0.754498801037    0.1754    0.1331   0.090  302
58711.272    0.383899130080    0.206999999541    0.1521    0.1565  -0.082   80
58715.209    0.429600217438   -0.636299999890    0.1395    0.2351   0.077  271
58715.249    2.816460760663   -2.967598800296    0.1384    0.2160  -0.013  176
58718.270   -0.539735398926    0.154602000002    0.2380    0.2501   0.236   33
58730.228   -0.747271135915    2.051002799597    0.0283    0.1288  -0.188   87
58732.248   -0.979077900123   -1.045998000215    0.2245    0.0896   0.237  168
58732.270    0.065929958610   -0.288197999865    0.1385    0.2170   0.114   98
58743.209    0.094850891038   -0.584398799752    0.0946    0.1211   0.002  261
58743.249   -0.251136685813    1.171000800326    0.0391    0.0963   0.440  168
58744.228  -32.831624545337   -6.520197601034    1.2723    0.3877   0.052   13
58751.230    1.055199463999    1.790902798859    0.2513    0.2710   0.580   25
58757.249   -0.282754876029    1.078401600019    0.3720    0.6922  -0.338  106
58778.211   -0.044205120667   -0.460799999757    0.1820    0.2713   0.029  115
58785.209    0.058140424483   -0.173296800909    0.1545    0.2705   0.038  285
58785.249    0.020678397182   -0.782298000779    0.1502    0.6079  -0.701   75
58799.205   -0.785930774702   -0.234900000251    0.2554    0.2611  -0.151  162
58800.228  -88.308954187905   95.743202399845    1.4404    1.9040  -0.672   22
58802.248    0.156587625168    1.530100799663    0.0146    0.0485  -0.190   87
58802.270   -0.196293909139    0.050000399021    0.1182    0.2128  -0.143  159
58806.207    0.714005706072    0.148903200170    0.1622    0.2170   0.091  320
58807.230    1.678097977583    1.123300799577    0.1217    0.0894   0.147   35
58808.249   -0.820843035328   -2.749500000476    0.2711    0.5241  -0.070  120
58823.272    0.256232437340   -1.796799600307    0.2949    0.5357  -0.480   87
58827.249   -0.120625346382    2.957202000076    0.1295    0.3544  -0.246   57
58828.228    1.432805333277    1.167400800028    0.1381    0.2151   0.135  115
58834.083    0.234054393855    0.487702799745    0.1037    0.5264  -0.115   80
58844.248    0.163028581507    0.288403198923    0.0717    0.2966   0.196   38
58844.270    0.113432727086    1.781100000287    0.3523    1.0214   0.635    8
58848.207   -0.979825883468   -1.096397999589    0.4046    0.6743   0.324   77
58858.248    3.808125386814    0.950000399946    0.1568    0.4828   0.266   39
58868.913    0.499130063096    0.242503199921    0.5906    0.4533   0.093   22
58870.250   -0.105790786284    1.210802399143    0.1073    0.3397  -0.355   53
58877.230    0.275860714149   -0.725400000867    0.1395    0.5968   0.406   20
58883.249   -0.095599078806   -0.970099200970    0.0832    0.2015   0.123   98
58900.248    0.196743332857    0.115001999923    0.0372    0.1297   0.328  143
58900.270   -0.077470346088   -0.422999999827    0.2684    0.3049  -0.014   49
58905.227    0.130813374247   -2.206699200968    0.2334    1.1005   0.256   41
58907.268    0.075819631271    0.022100399910    0.1643    0.1963   0.125  117
58920.249    0.243045014658   -0.246499200252    0.1249    0.3950   0.205   50
58921.268    0.090956226186    0.077900399731    0.2684    0.1835   0.013   65
58926.228    0.068627114187    0.021301199205    0.1700    0.2649   0.154   99
58928.270    0.023526621273   -0.244800001070    0.2597    0.2287   0.178   33
58941.251   -0.274663307086    1.056401999477    0.2446    0.9199   0.232   18
58946.208    0.059938528201   -0.099900000272    0.0728    0.1232  -0.009  327
58947.227   -0.617953728359    0.527101199488    0.2329    0.6175  -0.500  176
58960.208   -0.856057535192    4.747701599861    0.0884    0.9138  -0.106  230
58968.229    1.846373481342    1.813100399417    0.3568    0.5446   0.088   23
58969.270    0.545129607869   -0.454798800220    0.1828    0.3897  -0.220   85
58983.251   -0.111933182995    0.061401599005    0.1360    0.1923   0.196  248
58991.269    0.223715195264    0.124199999085    0.1616    0.1868  -0.016   84
58995.188   -0.147744597691   -0.203799599596    0.1399    0.3700   0.314   85
58998.270    0.212778979630    0.036403198855    0.2341    0.2121   0.039   89
59005.269    0.110134977065   -0.429699600701    0.1923    0.1643  -0.032   87
59009.250   -0.333551817125    0.911602799647    0.1819    0.7189  -0.719   60
59010.229    1.287754313764   -0.840999599561    0.1313    0.4081   0.161   38
59019.269   -1.527505360224   -0.579898800979    0.3450    0.2072   0.299   76
59023.250   -0.164826787436    0.626900400391    0.1883    0.4243  -0.346  144
59025.251    0.160633460746    0.085600800048    0.2110    0.2366  -0.522  410
59038.229   -0.454626587225   -0.006897600890    0.3481    0.8476  -0.113   36
59039.251   -0.210380383680    0.112499999716    0.1269    0.2702  -0.355  620
59044.208   -0.124520011234   -0.312699600613    0.0849    0.1155   0.009  329
59047.269   -0.148794718064   -0.273697200903    0.1662    0.2037  -0.023   65
59054.270    0.155688573309    0.560001600292    0.2382    0.2354   0.269   18
59071.916   14.044237604171   -4.348897200757    0.8643    0.4498   0.067   31
59074.250    1.120978456307    6.292900798854    0.3666    3.0157   0.671   23
59081.230    2.644290489840   18.753299999297    2.8016   22.8340   0.987    4
59093.250   -0.285750489022   -0.997099200006    0.0902    0.1995   0.042  188
59103.269    0.028320337984   -0.213098399726    0.2666    0.2749   0.059   49
59115.340    0.786527587322   -5.591898000645    2.3757   13.4358   0.903   13
59121.250   -0.100543864031    0.086601599492    0.0540    0.1053   0.076  166
59122.229   -0.813949077871    4.520001600206    0.1894    1.0302   0.297   35
59137.248    0.302832576556   -1.590300000487    0.2910    0.8895   0.015   36
59143.231   -0.171271218964   -1.101898801004    0.2420    0.8221   0.138   52
59156.270    0.947610676209  -10.675198800136    1.5429    3.7692  -0.011   29
59163.206    0.285750386811   -0.739800000460    0.0889    0.1487  -0.372  438
59165.248    0.455673027986    1.820401199382    0.1991    1.0417   0.380   34
59171.227    2.079827382966   -0.042998400041    1.1623    0.4930  -0.459   35
59177.166   -0.303433273211   -2.020197599606    0.3779    2.1354   0.644   45
59180.271   -0.774839913154    0.199501199560    0.6304    0.5156   0.047   49
59186.250    0.161830970020    0.524102399879    0.1670    0.7715   0.260   49
59194.249    0.016931121232   -0.303199200147    0.0223    0.0697  -0.230  249
59198.208    0.451778260922   -0.067096800116    0.1706    0.2084   0.211  165
59199.227    0.790123896970    9.153302399234    1.4410    8.9994   0.966   67
59201.269    0.014233863443    0.070901999472    0.3779    0.2286   0.226   12
59206.251   -0.054993845187   -0.079297200806    0.0315    0.0906  -0.245  205
59222.249    0.006893957457   -0.924796800739    0.0381    0.1287  -0.322  208
59230.577    1.673602718287   -1.185699600903    0.1096    0.2083  -0.232   70
59234.229    0.420012681804   -0.609998400591    0.1485    0.4503  -0.181   97
59235.456   -0.341492317555    1.643702399790    0.3913    0.8589  -0.068   22
59240.208    0.626944246950    0.654101999764    0.1608    0.2370   0.245  369
59249.248   -0.651218953780   -0.464598000072    0.4217    0.3234   0.267   89
59255.202   -0.066232095638   -1.353196801013    0.3194    0.7781  -0.126   79
59256.246    0.280356075656   -0.566499600829    0.3433    0.9379  -0.532   66
59268.208    0.532395288517    0.342701999578    0.1229    0.1564  -0.058  292
59269.227   -0.294291583895   -0.446698801149    0.2004    0.3930  -0.111   54
59270.250   -0.292345989063    0.457700399181    0.1336    0.3961   0.117   91
59271.737    0.901909588852   -1.725998400204    0.0989    0.1827  -0.245   90
59276.229    0.169922538964    4.714001999950    0.2580    0.5867   0.252   50
59277.248   -0.104891734424    2.306501998994    0.1931    0.4733   0.165   75
59283.227    0.096498028453   -0.186397200075    0.1595    0.4507   0.118   63
59284.250   -0.209330263307   -0.216496799688    0.1497    0.3699   0.099   84
59285.269   -0.481896907048    0.458999999609    0.2466    0.2795   0.061   29
59290.226    0.164977753739    0.450601199553    0.1526    0.3918   0.022   72
59291.248    0.071025812349    0.367300799375    0.1290    0.3262   0.074   62
59292.271    0.498978994582    0.038203199004    0.2620    0.2639  -0.123   37
59304.229   -0.569706451727   -1.170597599653    0.2616    0.5299  -0.134  112
59305.248    0.298937809493    1.352300399660    0.0425    0.0964   0.119  149
59318.229    0.190000341702   -3.041697600992    0.2873    0.9506   0.383   61
59325.217   -0.202587374364   -1.184997600845    0.1933    0.5064  -0.042   36
59326.250    0.177266124562   -1.623798000061    0.1413    0.4220   0.165   68
59333.248    0.328455861175   -0.236498400064    0.5448    0.4585  -0.153   42
59345.207   -0.316469627380    0.141901199591    0.1606    0.2719   0.045  245
59346.229   -0.448031087184   -0.278298000644    0.2990    0.4196   0.129   30
59352.187    0.004196801880    0.388602000179    0.3072    0.2378  -0.017   70
59361.249    0.237201075362   -0.258998400327    0.1200    0.3090   0.096   65
59367.228    0.046150613287    0.458503200207    0.0928    0.2512   0.063   79
59369.269   -0.064883517849    0.040600799522    0.3101    0.3618   0.075   55
59374.251    0.243796575404    0.401000399286    0.1552    0.3802  -0.089   96
59381.228   -0.124969537163   -0.266399999660    0.1351    0.4006   0.181  135
59408.209    0.009591113034   -0.520898399614    0.1452    0.1620   0.154  167
59408.209   -0.736931835113   -1.534096799993    0.1659    0.3790   0.175   87
59410.250   -0.243347151685   -0.016199999742    0.2457    0.2269   0.384  218
59417.249    0.099497321058    0.019702799392    0.1125    0.3683   0.067   65
59418.271    0.055892794835    0.044301599189    0.1817    0.2338   0.023   55
59425.251   -0.189701986498   -0.034999200338    0.1103    0.3734  -0.640  163
59430.248   -0.022926129041   -0.074797200433    0.1445    0.3960  -0.066   71
59431.271    0.035063329139    0.022701599001    0.1806    0.2236   0.008   76
59438.251    0.050347415167   -0.296100000519    0.1176    0.3716   0.158   71
59439.270    0.354528569512    0.143600400371    0.1955    0.2501   0.017   96
59446.271   -1.080520816013   -1.361898000773    0.2472    0.3647   0.143   65
59453.270    2.168985505433   -0.273196799583    0.5584    0.2972   0.003   15
59460.271    0.310327128457    0.035503200380    0.1456    0.1907  -0.032   43
59467.270    0.750266646697    0.341200800413    0.2534    0.2009   0.122   37
59473.249    0.507070563525    0.044200799820    0.3211    0.3254   0.056  110
59474.271    0.303282102486   -0.444196800942    0.2199    0.2685   0.027   27
59481.270    1.369870987661   -0.580996801069    0.4119    0.4696  -0.116   26
59486.230    0.224017230081    0.912103199369    0.1755    0.6463   0.283   87
59488.250    0.369064672194    0.220701599396    0.2070    0.4979   0.121  137
59493.228   -0.211880029983   -0.195199200803    0.1693    0.7200   0.331   48
59499.189    0.961697150750   -0.070797599783    0.3285    0.3724   0.223  123
59502.272   -0.262676971079    0.144601199814    0.2184    0.1989  -0.011   53
59507.228   -0.675493660610   -2.439698400103    0.1441    0.1400   0.264   33
59508.251    0.339845180139   -0.693997200507    0.1530    0.3780   0.153   78
59514.230   -0.538537787440    0.471103199651    0.1393    0.4529   0.226   75
59516.250   -0.059039578553   -0.250797600287    0.5527    0.7036  -0.676  172
59516.272   -0.135758363895   -0.259599601016    0.1573    0.1889   0.006  114
59522.229    0.068627114187    0.505800000283    0.1557    0.6107   0.342   54
59528.230    0.480098701118   -0.165600000912    0.1225    0.3826   0.125   79
59537.270    0.052746113328   -0.531496800171    0.0923    0.1754  -0.066  134
59541.189   -0.175317054541   -0.193298399687    0.1073    0.3043   0.197  105
59542.208   -0.253686350277   -0.367599600359    0.0776    0.1083   0.070  451
59544.272   -0.740826602177   -1.001998800731    0.2693    0.3688  -0.214   70
59551.270   -0.039558792857   -0.271497600401    0.1348    0.2645   0.384  115
59555.207    0.243347049474   -0.231299999953    0.1605    0.3764   0.197   77
59557.249    0.090204563228   -0.005097600742    0.1126    0.3186   0.108   88
59558.268    0.208733246264   -0.368499600434    0.1618    0.2474   0.487   98
59563.228    1.314129159128    0.534801599805    0.1071    0.3391   0.154   95
59564.251   -0.911946752626   -0.050896800374    0.2469    0.4276   0.045  264
59565.270    0.578696970317   -0.071899200194    0.2186    0.3967   0.588   83
59571.271    0.274663204874    0.372103199453    0.1884    0.5363   0.471   86
59586.272   -0.108487941861   -0.084898799990    0.1309    0.2119   0.079   59
59592.284    0.140404589493   -0.422297999769    0.3412    0.5704   0.216   34
59593.270   -0.144899951000   -0.588099601018    0.0908    0.1411   0.191   97
59594.585   -0.182059943484   -0.411897600827    0.5429    0.6756   0.136   46
59597.083   -0.399783912763   -0.572299200030    0.1275    0.3869   0.171   73
59600.250    0.109534382622   -0.527400000472    0.0506    0.1725  -0.750  112
59600.272    0.349436293173   -0.771998399607    0.0939    0.1243   0.188  117
59607.270    0.181009823111   -1.057096800494    0.1599    0.2573  -0.554   97
59618.209   -0.807957749673   -0.722397600939    0.1139    0.1339   0.065  364
59625.207    0.038659638787   -0.256096799767    0.1917    0.1809  -0.066  186
59626.230    0.365917888476   -0.822600000916    0.3195    0.4754   0.152   49
59628.272    0.126167046438   -0.804398400689    0.0996    0.1648  -0.017  150
59633.228   -0.216522780392   -1.665997200995    0.1306    0.4525   0.314   84
59634.247    0.445035371979   -0.681998400154    0.3059    0.3794   0.344   83
59642.272    0.448182053486   -0.943696800704    0.1528    0.2432  -0.128   50
59654.230   -0.135010278338    0.238802400254    0.1472    0.6295   0.441   42
59655.249    0.078516786849   -0.991198799838    0.1438    0.1723  -0.102  234
59656.250    0.142202693211   -0.320896800332    0.0340    0.1365  -0.108   95
59656.272    0.089158020256   -0.491598000707    0.2221    0.3230  -0.099   47
59661.206   -0.171120150450   -1.122598801118    0.1262    0.1569  -0.120  223
59690.251   -0.007343585598   -0.853498799636    0.1207    0.3398   0.297   53
59696.227    5.637564271735   -4.236098400057    0.8326    0.6501   0.102   22
59703.207   -0.257131591411   -0.990399600731    0.0925    0.1352   0.126  301
59705.270   -0.146248528789    1.049000400144    0.2262    0.6196  -0.251  111
59719.248    0.299236369120   -0.039398399743    0.1033    0.1866   0.591  171
59724.230    0.101892339608   -0.871099200772    0.1133    0.3056   0.182   95
59726.268   -0.063833397476   -1.214297999752    0.1647    0.1878  -0.314  114
59730.082    0.613310875738   -1.229598001018    0.7547    0.4518   0.632  132
59733.270    0.026971760196   -0.398098800325    0.1840    0.2595   0.125   88
59737.120    0.007343483387    0.030301199949    0.1668    0.3619   0.040   45
59738.208   -0.058888612251   -1.267898400670    0.1370    0.1675  -0.036  240
59739.227   -0.379554939299   -0.651297599852    0.4659    0.3537   0.222  158
59740.268    0.004793716711   -0.598697999976    0.2027    0.2712  -0.065   51
59747.270   -0.700667317087   -1.191196800399    0.2314    0.5633  -0.361   51
59774.251   -0.337597550491   -0.795297600575    0.3378    0.2270   0.008   83
59779.208    0.049746820723   -0.620197200796    0.2330    0.1948   0.166  180
59794.230   -0.570303468769    0.054100799041    0.1334    0.4710   0.265   68
59795.271   -0.142799812466   -0.576097200344    0.2765    0.2574   0.346   93
59824.250    0.085709303933   -0.075499200491    0.0960    0.2535   0.649   79
59829.229    0.312125334386   -1.393498801150    0.1177    0.3837  -0.148  239
59831.249    1.473712601712    0.551401199900    0.8408    1.8782   0.987   88
59831.270   -1.622356251262    0.206902798894    0.3720    0.3735  -0.277   87
59835.208    0.608365988302   -0.537199200323    0.2211    0.2119   0.218  360
59843.229   -0.449232276070   -1.606798799614    0.1420    0.4915   0.003   45
59845.249    0.049599329610    1.584802799393    0.0423    0.1402  -0.085  122
59845.271   -0.503175898673   -0.199198799855    0.2934    0.2641  -0.120   50
59859.249   -0.201540831392   -0.929199600463    0.0472    0.0950   0.016  126
59863.084    0.137556365402    1.160402399769    0.1204    0.3770  -0.102   75
59878.227    0.603270134563   -0.174196800984    1.1679    0.6929   0.338  156
59891.208   -0.446833577909   -0.142398000591    0.1203    0.1542  -0.043  234
59899.229    0.347487120941    0.681501599153    0.1671    0.7116   0.338   46
59901.271    0.010788724521    0.069703200012    0.1611    0.1802   0.068   93
59954.206    0.800614061864    0.126201599571    0.1890    0.1484   0.180  277
59957.271   -0.606265849768    0.238402799901    0.3168    0.2283   0.168   66
59961.208   -0.367115602173    0.091000798896    0.1881    0.1432  -0.187  304
59963.250   -0.639081651470    4.535999999611    0.1411    0.6396   0.381   56
59964.269    0.301336507654    0.209203200363    0.1448    0.2162   0.043   66
59977.250    0.047948717005   -1.324998000918    0.3048    1.4922   0.414   23
59996.206    0.964541797441    0.713102399530    0.1673    0.1519   0.358  234
60024.206   -0.067429604912   -0.724197601087    0.2300    0.3490  -0.118  338
60032.227   -0.330405135618   -0.061498799653    0.1651    0.1499   0.236  177
60062.269    0.115827847847    0.645299999036    0.1881    0.4795   0.158   37
60067.207    0.085561812820    0.638600399760    0.3175    0.3510   0.654  181
60081.229    0.356776301371    0.110102399198    0.1360    0.3754   0.240   34
60101.208   -0.636384495893   -0.155700000093    0.4142    0.2845   0.055  108
60102.228   -1.324317391417   -4.042699201001    0.3231    1.6074   0.480   11
60106.041   -0.222517685990   -0.257400000514    0.1686    0.1689   0.047  164
60159.250    0.222517685990    0.280303199851    0.1693    0.6189   0.198   41
60185.209   -1.385302564801   -0.370699200936    0.3476    0.3171  -0.029  275
60195.271    0.313024386246   -0.010198800204    0.2007    0.2658  -0.054   50
60207.230   -0.438292483036   -0.650397599777    0.2011    0.5355   0.146   20
