%-----------------------------------------------------------------------------
%                R.A. (mas)        Dec. (mas)        Err. (mas)     Corr. Del.
% Uncertainty in R.A. is in R.A. cos(Dec.)!!!!
%-----------------------------------------------------------------------------
52860.679   -0.477463301092   -0.555300010774    0.5354    0.4520   0.221   10
52872.433   -2.133656211353   -0.775501212047    0.4605    0.4744   0.195    9
53255.003    0.049002559815    0.415198780956    0.4479    0.8699   0.328    3
53619.033    0.331161226349   -0.618602410896    0.3931    0.5775  -0.394    4
53823.233    0.028241560992    0.500198359532    0.3412    0.5755   0.040    5
54062.001    0.000000000000    0.494499596471    0.6553    0.7026   0.699    4
54123.998    0.049582859537   -0.284302808495    0.4235    1.8431  -0.018    4
54439.231    0.090914590654   -1.226502035934    0.5860    1.9965  -0.098    3
54670.230   -0.566121654409   -0.662702404952    0.3967    0.6541  -0.229    6
56058.033   -1.293695191072    2.689999161021    2.3885    6.4137  -0.964    5
56504.230   -1.375067998817    4.107398376618    1.0073    2.8889  -0.951   12
56890.792   -8.231638591169   25.561997983914    0.7610    1.8545  -0.853    6
57001.208   -9.225445670538   15.563199599455    0.9411    2.3387  -0.829    7
57113.230    1.004896328202   -3.384601245671    0.8480    2.3924  -0.903   21
57247.229  -11.633649975194   26.455100356770    0.8220    1.9019  -0.814    8
57307.795    0.704941627611    0.000000000000    0.4116    0.8323  -0.578    5
57659.231   -0.802047709299    2.019297573952    0.6459    1.4664  -0.351    4
57848.230    1.198911891626   -6.198001216262    0.7166    1.8977  -0.741    3
57961.249    6.972631768166  -19.084701614247    1.0363    2.5637  -0.938    9
57988.230    0.469854311215    0.277700371498    0.2955    0.6388  -0.164    9
58024.251    2.361134537872   -6.533701247236    0.3719    0.8290  -0.767   13
58185.249    2.086908305520    0.393199201199    0.5079    1.3030  -0.138   46
58199.246   -1.761486698192    6.186499172145    0.8099    2.3171  -0.792    5
58388.226   -0.040364520932   -3.295202446907    0.7832    1.4798  -0.154    4
