%-----------------------------------------------------------------------------
%                R.A. (mas)        Dec. (mas)        Err. (mas)     Corr. Del.
% Uncertainty in R.A. is in R.A. cos(Dec.)!!!!
%-----------------------------------------------------------------------------
50631.755    0.200541707172    0.000000000000    0.5314    1.4353   0.243   55
50687.836    1.494492969745    0.678600011383    0.5091    1.2706   0.472   42
56878.498    1.261638344413   -0.028400398833    0.2659    0.5935   0.363   72
57804.381    0.223841095036    0.471398408308    0.2417    0.4609   0.024   61
58363.696    0.000000000000   -2.570201996832    0.2311    0.5260   0.069   63
58622.004   -0.965815205334    0.862898411924    0.3070    0.8238  -0.141   67
58668.249   -2.157139139831   10.901397608620    1.6132    5.7730  -0.693    7
58868.913    1.201725457073    1.964800802057    0.6505    1.1124   0.134   10
58899.905   -0.317591402690   -0.188801998036    0.1492    0.3564  -0.120  125
