%-----------------------------------------------------------------------------
%                R.A. (mas)        Dec. (mas)        Err. (mas)     Corr. Del.
% Uncertainty in R.A. is in R.A. cos(Dec.)!!!!
%-----------------------------------------------------------------------------
57498.229    0.196935133735   -0.047199607422    0.3080    0.9559  -0.366   58
57809.367    0.439588755136   -0.708498002666    0.2603    0.7419  -0.365   70
58036.001    2.659648331626   -4.794498008209    0.5714    1.4147  -0.600   50
58048.076   -0.823223415242    0.673801187645    0.4435    1.2880  -0.421   25
58142.227   -0.182195766038    1.042901995163    0.3558    1.0327  -0.059   48
58382.002    0.530347638935    0.579099597076    0.4129    1.3558  -0.503   32
58563.250   -2.068571004917    2.045300389852    0.5285    1.2552   0.275    8
58577.250   -1.434090886161    0.000000000000    0.3835    1.2320  -0.061   26
58635.004    0.000000000000   -1.096797609534    0.4104    1.2423   0.005   72
58942.891    0.456922353578    2.322899990759    0.2893    0.7963  -0.238   83
