%-----------------------------------------------------------------------------
%                R.A. (mas)        Dec. (mas)        Err. (mas)     Corr. Del.
% Uncertainty in R.A. is in R.A. cos(Dec.)!!!!
%-----------------------------------------------------------------------------
53152.747   -2.671317013535  -11.368900803177    0.9127    2.4307  -0.594   16
55847.251   -0.196869837134    2.080501198520    0.1775    0.4117  -0.064   80
57498.229    0.222151979006    1.446101990155    0.1581    0.3887   0.006   89
57970.691    1.473709519156    0.000000000000    0.1733    0.3575  -0.072   88
58305.026    0.417045808892    1.463702388094    0.2078    0.4584  -0.085   63
58635.004    0.000000000000   -0.014799604742    0.3700    1.0964   0.002   65
58942.891    0.823214811509    2.698300795601    0.2287    0.5967  -0.206   93
