%-----------------------------------------------------------------------------
%                R.A. (mas)        Dec. (mas)        Err. (mas)     Corr. Del.
% Uncertainty in R.A. is in R.A. cos(Dec.)!!!!
%-----------------------------------------------------------------------------
53125.576    0.449766673816    0.485499602121    0.2073    0.4594   0.085   90
54314.250   -0.872402183960   -0.393800400289    0.2728    0.4967  -0.046   83
54566.250    0.008497447311    0.473702402104    0.2425    0.5833  -0.483   26
54748.247    0.194696822162   -0.042897599073    0.1729    0.2567   0.066  146
54781.207   -0.123436346146    0.564102000311    0.1141    0.2325   0.082   59
54802.209    0.108677798487   -0.192697198997    0.1191    0.2672   0.119   53
54823.207    0.419208078607    0.626500800038    0.1858    1.2292   0.355   21
54837.207   -0.221977977273    0.764099999273    0.2746    1.1038   0.788   20
54872.209   -1.970957700155   -5.632797597954    3.2239    1.4799   0.235   12
54936.208   -0.166818040135    1.243400400242    0.1758    0.6939   0.085   16
55005.208   -0.896703034562    0.459899999683    0.3612    0.2353   0.343   34
55068.210    0.309188593969   -0.934797599328    0.3619    1.6257   0.686   23
55264.206    0.161154363323    1.006902001777    0.3048    1.1989   0.734    9
55320.207   -0.427705424229    0.158500799685    0.5145    0.4994   0.121    3
55400.269    0.626277110023   -0.121197599157    0.3152    0.7128   0.202   26
55414.269   -0.975566398765    1.063702799442    0.9058    0.7346  -0.728    3
55456.269    5.106511588684   -3.631399200543    4.7771    4.4808  -0.994    3
55523.209   -0.952607234315    0.749901600017    0.3497    0.5933  -0.420    5
55533.271    2.317860752182    7.487002800133    0.7853    1.1610   0.396    8
55575.272    0.827084939403   -0.004597199421    0.7358    1.6690  -0.049    9
55586.207   -0.066040265423    0.005000400094    0.2050    0.6090   0.609   24
55607.209   -0.057095589395   -0.189097198700    0.2147    1.0155  -0.329   15
55615.230   -0.337661240412   -0.184399199910    0.1754    0.2444   0.108    9
55621.209    0.993455852511   -0.014000400839    0.4975    0.3659  -0.663   11
55650.228    0.058140445027    0.167900400783    0.1874    0.2140   0.109   18
55652.270    0.097793911083   -0.246499198653    0.3936    0.7016   0.023   20
55665.247    0.358681295176   -0.375998400415    0.1174    0.3692   0.094   31
55666.270   -0.589453651969   -0.378500399023    0.5460    1.1596   0.036   20
55684.207    0.038462076414    0.226299599859    0.1686    0.2930  -0.040   45
55687.272    2.574722976134   -2.136898798710    5.3008    3.5811  -0.980    5
55694.270    0.310677017509    0.015602399372    0.2947    0.5307  -0.097   43
55722.270   -0.352122957552    1.072602000818    0.7119    1.0403   0.698    5
55729.272    0.064698579272    0.205102801942    0.4836    0.4848  -0.546   24
55734.228    0.178149257946   -0.052397999539    0.2608    0.2639  -0.075   21
55748.206    3.254814778026   -2.008897198991    0.3714    0.3137  -0.285   11
55750.270   -0.241355752870   -0.524199598928    0.4939    0.5190  -0.114   11
55755.230    0.325289031157    1.788202801833    0.1939    0.5539   0.483   27
55757.268    1.068143760064    1.333000800940    0.5901    1.0908   0.658    5
55763.247   -0.045914769783    1.104501600580    0.2013    0.5713   0.120   62
55764.270    5.606815514271    1.929700799153    1.8944    2.9638   0.070    4
55768.208    0.378656494308   -1.636498798874    0.7377    1.4073   0.660   12
55776.228    0.209455573199    0.020199601991    0.1688    0.2200   0.097   72
55785.268    0.409515580845   -0.936000000706    0.5862    1.1873   0.120   12
55799.268    0.792050497906    0.197402401625    0.3963    0.5166   0.055   17
55803.206    0.039059601639   -0.281397599622    0.2944    0.2818  -0.220   14
55813.272    0.521027048142   -0.487198799703    0.3266    0.4824   0.143   66
55819.500   -0.018039546875    0.342899999595    0.0844    0.1046   0.007   90
55820.497    0.154742864778    0.110800802133    0.0828    0.1254   0.245  117
55821.498   -0.107632942856    0.012301200059    0.0800    0.1059   0.006  100
55822.498   -0.044572981943    0.161902801565    0.2090    0.1264   0.292   84
55823.499    0.171587462892    0.054802799099    0.0719    0.1017   0.040  126
55824.500    0.165029226957    0.306201601674    0.0898    0.1257  -0.085   91
55825.497   -0.015950038991    0.561600001703    0.0783    0.1795  -0.159   98
55826.498    0.264611951218    0.242902801872    0.0823    0.1272   0.109  141
55827.499    0.216611334359    0.258102000572    0.0733    0.1360  -0.094  147
55828.499   -0.087954675932    0.251600401313    0.0906    0.1660  -0.266  114
55829.500    0.004622685367    0.279601199793    0.1503    0.1020   0.350  104
55830.501    0.314108211544    0.296200801486    0.0671    0.0955   0.105  151
55831.498    0.020572826047   -0.013597200166    0.1155    0.1473  -0.437  121
55832.499    0.262229070244    0.140400002024    0.0634    0.0925   0.046  109
55833.500   -0.024447486302    0.173901600320    0.1154    0.1526  -0.173  112
55853.271   -0.708864939663   -0.473400000800    0.4895    0.4998  -0.174   26
55868.209    0.090788446431   -0.119397599008    0.1580    0.3512  -0.067   16
55869.269   -0.520132489019   -0.379098000991    0.5501    0.6680   0.320   21
55876.270   -0.274450982991   -0.494798400652    0.8345    0.9230  -0.187   18
55888.269    2.690556434092   -1.748498398868    0.9846    1.0118  -0.253   16
55895.231   -0.363303777165    0.502801199076    0.2328    0.4735  -0.227   43
55897.269    1.073210013340   -0.166298399051    0.3567    0.3822  -0.232   46
55902.229    0.158170398005    1.134500400823    0.1484    0.6174   0.366   33
55904.270   -0.007005464652    0.731300399437    0.2884    0.4332   0.301   26
55916.229   -0.091979734384   -1.102298399758    0.1033    0.5302   0.515  205
55939.269    0.288912903509   -0.532198800229    0.3345    0.3506  -0.312   30
55951.227    0.271173746272    0.532799999320    0.1278    0.2506  -0.182   35
55960.271    0.306057992950   -0.225698400769    0.3496    0.4484   0.051   16
55964.208   -0.183068672143    0.182300401974    0.1590    0.2152  -0.025   20
55981.272   -0.261781739838    0.235602001908    0.4934    0.6639  -0.060   17
55985.206    0.638946353176   -0.775699200872    0.4044    0.4761  -0.379    7
55988.267    0.975713136155    0.570402000832    1.0040    0.5326   0.391   12
55992.208    0.087507548904   -0.519299998203    0.1668    0.4000  -0.103   22
56002.271   -0.672342074625    0.398199601293    0.7473    0.7457  -0.378   10
56013.206   -0.060376486922   -0.439599598323    0.1473    0.2067   0.034   21
56020.208    0.329611123507    0.280202402081    0.1905    0.2057   0.004   29
56021.249    0.352269694941   -0.213098399726    0.1380    0.2536   0.214   34
56030.271   -0.039506728667    0.372600002052    0.3104    0.5323   0.022   12
56050.210   -0.195440983087   -0.634499998142    0.1646    0.3570   0.323   56
56077.209    0.045320905365   -0.228697198779    0.2461    0.3514  -0.032   13
56078.250   -1.220947210088   -1.189998000939    0.5657    0.8179   0.726   13
56079.269   -0.249556166283    0.329799602028    0.2468    0.2565  -0.191   25
56093.269    0.317832778669   -0.129697200180    0.3446    0.3558  -0.244   20
56100.271    2.029545475588   -1.018799997965    1.9197    1.5609  -0.865    9
56104.208   -0.089743590800    1.354302001744    0.2187    0.3648   0.244   37
56107.273   -0.010136065671   -0.167097599757    0.2327    0.3868  -0.278   45
56114.271   -0.169501412437    0.756702000260    0.3027    0.3993  -0.156   15
56119.231    0.080799016461    0.150602400950    0.1405    0.2061   0.365   44
56121.269    0.114939000524    0.441399601669    0.4182    0.4896  -0.062   38
56125.207    0.196485838718   -0.051699598203    0.1090    0.1770   0.041  160
56142.271   -0.135214690984   -0.013499997920    0.2340    0.4104  -0.061   25
56153.207    0.226300171313    0.419601601465    0.1251    0.2479   0.054  130
56163.269   -0.220335799795    0.118299600516    0.2234    0.4091  -0.259   42
56168.229   -0.450514292171   -0.183898800188    0.3272    0.2584   0.026   30
56170.271    0.536830451432   -0.079397998576    0.2508    0.4394  -0.232   31
56184.271   -0.161451193843    0.473601599538    0.2748    0.3036  -0.483   30
56191.269   -0.256561630935   -0.263998800420    0.2471    0.2945  -0.043   36
56196.229    0.100180351176    0.137102399833    0.2733    0.2187   0.259   21
56198.271   -0.126119820137    0.017902799243    0.2443    0.3266  -0.006   26
56203.224    0.524454581369   -0.079797598929    0.2554    0.3239   0.034   24
56212.271   -0.020572724358   -0.307997998306    0.1561    0.2959   0.024  158
56223.207   -0.073049289194    0.098402399829    0.1803    0.2312   0.023   85
56230.209    0.071260476015   -0.616298397915    0.2161    0.2520   0.108   60
56233.269    0.210049539305   -0.027698400373    0.1413    0.1673   0.016   78
56240.268   -0.093471717043    0.295502400149    0.3502    0.3966  -0.431   46
56247.269    0.161451295532   -0.732599999864    0.2704    0.4525   0.074   48
56251.207   -0.177401334523    0.104500801612    0.1516    0.1927   0.032   64
56252.266   -0.124778032297    0.176702399912    0.2313    0.2715  -0.246   54
56259.228   -0.050387056952    0.205102801942    0.1262    0.1957   0.243   30
56273.231    0.226149874804    0.490701600953    0.2609    0.2671  -0.007   20
56282.271   -0.046662489827   -0.097297200696    0.1839    0.2598  -0.107   76
56289.273   -0.283842887736   -0.106599599548    0.1852    0.4122  -0.092   80
56296.271    0.582745221215   -0.055400397869    0.3946    0.3356  -0.203   48
56303.270    0.583789975157   -0.077997598780    0.3617    0.4235   0.279   17
56310.271   -0.335128062930    0.187300802068    0.2420    0.4985   0.088   31
56316.583    1.284157569198   13.158601200658    7.4220   11.8105  -0.848   22
56324.271    0.583936610858   -0.176399998608    0.3486    0.4110  -0.409   20
56328.209   -0.116727915392    0.429901199439    0.1984    0.2519   0.015   61
56331.270   -0.081246143489   -0.365097600152    0.2518    0.3449  -0.221   34
56335.185   -1.310544266876   -1.353999600440    1.0999    1.2745   0.413    9
56344.262   -3.305205394096   -5.184197998886    1.3652    3.0191   0.778    3
56364.208    0.316194058621    0.010299601172    0.1374    0.1915  -0.042  107
56387.270    0.061120749537   -0.105199199751    0.2206    0.4266   0.514   49
56392.230    0.068129773308    0.255099599045    0.1819    0.2353   0.082  101
56400.247   -1.836490729215   -3.053700000066    1.2093    5.3046   0.705    4
56408.268    0.254475885548   -0.941097599849    0.3556    0.8678  -0.104   32
56418.999    0.454836486210    1.229101201616    0.4505    1.2681  -0.071   84
56420.208   -0.200807727690    0.116402401318    0.3782    0.4360   0.097   57
56422.275   -0.028325909054    0.462700799275    0.4506    0.7478  -0.358   30
56434.208    0.484504183104   -0.377600398949    0.6912    0.6848  -0.105    8
56443.270   -0.756568624313    0.923900399386    0.5663    0.6006  -0.362    9
56461.207   -0.128059031513    0.287100001373    0.1495    0.2667  -0.157  110
56469.228   -1.412810363439    1.063101600352    0.3304    0.6419  -0.367   42
56470.251    0.336616588159    0.452602800038    0.2136    0.4902   0.079   13
56475.207   -0.108677696798    0.040500000154    0.1244    0.1340   0.244  257
56477.998    2.896434075866   -7.074597598944    0.7202    1.8123  -0.184   63
56490.208    0.119858618100    0.121899600813    0.1195    0.1905  -0.130   80
56496.209   -0.031009281356    0.133001999814    0.1038    0.1591   0.060  117
56497.228   -0.109421857723   -0.509597998999    0.4592    0.2973  -0.321   22
56499.270    0.660266899268    0.210600001438    0.2178    0.5978   0.066   30
56503.211    0.196782770927   -0.130798798992    0.3144    0.3834  -0.208   39
56506.272    0.299349460507    0.441399601669    0.2426    0.4659  -0.176   70
56518.270    0.095707962317    0.011102399000    0.1518    0.1671  -0.148   80
56537.998   -0.001491880970   -6.049400398211    0.6466    2.7280   0.128    5
56539.206    0.009839235151   -0.070099200045    0.1772    0.2117  -0.039  121
56548.272   -0.139089554617   -0.996699599654    0.2846    0.6779  -0.127   39
56576.268    0.053070530943    0.276300000479    0.3168    0.3231   0.268   56
56581.207   -0.406982403363    0.368701200770    0.1774    0.1985   0.404  163
56604.272    0.200510897171    0.081702001964    0.2342    0.2013  -0.167   60
56616.227   -0.034733848481   -0.974098798423    0.6197    0.5649  -0.055   19
56617.249  -18.726111595900   -3.447698398773    1.7597    3.6718   0.295   14
56618.272   -1.823520994735   -0.059799598873    0.4976    0.3267   0.076   63
56623.272    2.730210001837   -8.472499198220    0.2867    0.3908  -0.097   38
56626.286   -0.472278507860   -0.125100000758    0.1811    0.6440   0.162   17
56628.225   -0.046662489827    1.499500801927    0.2422    1.1733   0.479   15
56632.269    0.113597314373    0.979001999468    0.2023    0.6750   0.162   16
56632.269   -0.311871966271    0.958701601306    0.1540    0.3009  -0.287   75
56634.263   -0.179938071124   -3.266600398177    0.2212    0.9308  -0.073   13
56636.257   -0.158170296316   -0.146300398995    0.1895    0.6109   0.095   24
56638.251   -0.201254956407    1.661000399622    0.1852    0.6219   0.229   23
56641.243    0.523860716952    0.906800401168    0.1936    0.6597   0.319   22
56644.227   -0.367625869515    2.266902000514    0.6004    1.0937   0.335   69
56646.272   -0.084079812299    0.143099999050    0.1696    0.1908  -0.040   67
56653.270   -0.192907805605   -0.599698799419    0.2047    0.4595   0.003   24
56657.208    0.170693005458    0.114699600218    0.2507    0.4113  -0.341   39
56660.269   -0.227491459266    0.510602401960    0.4623    0.8725  -0.188    4
56673.582   -1.894033547328    3.058902002095    1.6704    2.1271  -0.192   57
56674.269    0.320369515271    0.819000000618    0.2562    0.3823   0.242   69
56677.998   -0.216611232670    3.157599599390    0.9164    2.6320   0.096    6
56681.270    0.084974371422   -0.343299599947    0.2301    0.4610  -0.181   48
56688.269   -0.215716775236   -0.380599200156    0.3765    0.3895   0.091   11
56702.265   -0.125822786239    0.012902399149    0.2084    0.2383   0.088   43
56707.229    0.333933114168   -0.259700398786    0.4895    0.4226  -0.136    7
56708.248    0.359726049118   -0.026999999037    0.4448    0.5619  -0.005    6
56714.227    0.442464175266    0.249800401164    0.2909    0.4933  -0.073   13
56715.250   -0.616734908770    0.165301199928    0.3849    0.6060  -0.177    9
56734.206    0.139833817232    0.096602399680    0.1751    0.1822  -0.165  101
56751.271    0.306057992950    0.420901201892    0.2117    0.2020   0.240   91
56755.208    1.019542058861   -0.011498399033    0.3325    0.3738   0.324  163
56756.227   -1.333800363535   -0.242499598002    1.7933    0.7142   0.502    7
56776.206   -0.108080171573    0.205700400713    0.1098    0.1132  -0.093  118
56783.497    0.038612372922   -0.047498398814    0.1884    0.1061  -0.307  136
56784.497   -0.860924330450   -0.028897198234    0.2910    0.0917  -0.583  254
56785.498   -0.036522865038    0.054500400992    0.0679    0.1001   0.015  280
56786.499    0.182321053787   -0.149799599924    0.0752    0.0863  -0.159  279
56787.500   -0.025492240244    0.180399599259    0.0707    0.0740  -0.011  248
56788.501   -1.573367201537   -0.434599198229    0.3439    0.8308   0.415  318
56789.498   -0.148928688079   -0.227897998073    0.0625    0.0698  -0.012  338
56790.498   -0.282204269376   -0.086698798540    0.0780    0.0877   0.043  247
56791.499    0.036673161546    0.175701600469    0.1035    0.5832   0.219  311
56792.500   -0.131336268232    0.217800002034    0.3881    0.1840   0.394  460
56793.497   -0.418760748201    0.010800000894    0.0831    0.0869   0.245  278
56794.498   -0.241355752870    0.207201599878    0.0709    0.0820  -0.075  229
56795.499   -0.183365706041   -0.121298398525    0.0602    0.0753  -0.046  340
56796.500    0.057542919801   -0.318499198215    0.0776    0.1361  -0.235  225
56797.500   -0.050687649969   -0.088797599673    0.0986    0.1118  -0.368  272
56805.207    0.030114925611   -0.073799999711    0.0957    0.1196  -0.007  165
56826.209    0.270129094019    0.114400799234    0.1408    0.1751   0.024   99
56828.269   -0.559936251583    0.356601599449    0.2587    0.2211  -0.180   42
56832.206   -0.089893887308    0.328802399707    0.1290    0.1167  -0.073   54
56841.272    0.110913942072   -0.358200000861    0.2223    0.2089  -0.266   60
56846.206    0.198721982303   -0.286498799085    0.1519    0.1362   0.083   65
56853.208    0.155039796986    0.894902401782    0.2344    0.3113  -0.448   13
56856.269   -0.170692903769    0.184100402123    0.2188    0.2077  -0.171   35
56860.206    0.029070273358   -0.044197199500    0.1158    0.1252  -0.023   68
56867.208    0.048898735101    0.258299998990    0.1117    0.2325   0.140   51
56870.269    0.199616439737    0.347702401271    0.1823    0.2781   0.357   37
56884.269    0.297560545639    0.103100401816    0.1976    0.2288   0.147   35
56888.207   -0.505373737982   -0.339800399018    0.1569    0.1365   0.223   25
56891.271   -0.481373378708    1.323500400474    0.2836    0.6513  -0.266   27
56916.207   -0.239566838002   -0.085399198113    0.1498    0.1265  -0.115  114
56919.271   -0.665333050854    0.908100001595    0.4386    0.5885  -0.406    6
56923.208   -0.002833668810   -0.205898399130    0.2327    0.3341   0.524   75
56926.269   -1.045481527822    0.132800401076    0.1822    0.1894   0.096   40
56930.207    0.420399468249    0.149101201785    0.2116    0.1538  -0.425  142
56931.229    9.443781547405    3.454200001229    1.7608    0.6888  -0.046    4
56952.271   -0.024150554093   -0.072997198686    0.2989    0.1865  -0.281   63
56973.229   -0.808894994330    0.647802000842    0.6764    0.5412  -0.124   18
56979.209   -0.900280864297   -0.161600400261    0.1469    0.1823   0.059   97
56982.269    0.515509905341   -0.608097597876    0.1829    0.3461  -0.037   56
56988.997    5.718326879879   -8.730197998119    5.3322    9.6176  -0.974    6
56993.205    0.000447330406   -0.289497600292    0.1393    0.1096   0.049   94
56996.269    0.000447330406    0.564102000311    0.1859    0.3983  -0.090   31
57010.269   -0.124481100088    0.174099601935    0.2299    0.2462   0.068   78
57041.999   -0.659372340145    4.564900799764    0.3453    1.5741  -0.409   16
57044.581  -10.232851435733   -2.117599199991   12.1130    4.6091   0.001   14
57045.271    0.339747189178    0.379000801942    0.1400    0.1935  -0.065   51
57056.207    0.012075378736    0.299001601078    0.2881    0.3829  -0.123   25
57066.273   -0.058290538157   -0.031100399056    0.1528    0.1612   0.035   51
57073.271   -0.351972661044   -0.385297198946    0.1795    0.1844  -0.094   37
57080.273   -0.318133168308    0.079902001815    0.7987    0.2864   0.374   20
57087.271    0.035929000620    0.232801199118    0.3040    0.2188   0.188   17
57094.270   -0.517001786311   -0.320997599701    0.3071    0.2167   0.227   54
57101.271    0.057396182412    0.237402002057    0.2775    0.1519   0.140   47
57108.270   -0.024597782810   -0.429497998766    0.2418    0.2758   0.029   14
57112.207   -1.255534524557    0.685101601050    0.4253    0.2342  -0.126   28
57114.274   -0.392670881042   -0.024098400075    0.2516    0.2222  -0.052   43
57122.270   -0.655196985184   -0.126799198341    0.3770    0.2853   0.115    9
57129.272   -0.267742552237    0.075099600139    0.2203    0.1925  -0.115   20
57135.583 -756.423370364533 1694.600701199889   58.8592   86.5523  -0.923   15
57136.273   -0.600187242865   -0.108698400680    0.1702    0.1743  -0.043   78
57140.207    0.703945525466   -3.009499200246    0.2197    0.4541   0.020   73
57142.271   -0.581106501166   -0.117799200794    0.4359    0.7797  -0.349    3
57150.270   -1.765230354889   -0.230698800863    0.2104    0.1899   0.079   22
57157.268   -0.482267836141   -0.581299200775    0.2730    0.2332   0.043   20
57164.270    0.297260054312   -1.034999999305    0.6812    0.6775  -0.793   21
57171.268   -0.265359671263    0.540201601851    0.4604    0.3023   0.353    7
57177.583 -274.760254359871  306.980499599518  102.9553  111.2831  -0.727    6
57178.270    0.078863364204    0.365500800825    0.9707    0.3279   0.346   12
57192.270   -0.761341504499   -0.147599999423    0.3258    0.1992   0.019   20
57199.272   -0.824698397621    0.143002800002    0.2618    0.1687   0.344   37
57205.269   -0.124778032297    0.504802801160    0.2742    0.2188  -0.002   29
57213.272    0.947838014937   -1.613998800210    0.2364    0.2090   0.192   16
57217.209    1.273720910511   -0.514598399093    0.2685    0.2694  -0.142   34
57220.270    6.659155769356    3.241799999643    0.2134    0.2069   0.161   21
57224.207   -0.810537273498    0.650800802049    0.1804    0.1343   0.170   43
57227.272   -0.235244745652    0.147902400727    0.3309    0.3019   0.176   55
57237.999    1.005531129557   -4.312198799639    0.9430    4.6434  -0.158    5
57241.268   -0.556805548876    0.316800000633    0.2451    0.1921   0.241   22
57248.270    0.132084191655   -0.005400000447    0.3169    0.2541  -0.049   10
57255.272    2.759280173506    0.597502799238    0.2031    0.1662   0.028   39
57259.209   -0.557700107999   -0.127497599678    0.2380    0.1423   0.239   20
57262.270    0.353611482781   -0.438897599864    0.1501    0.1548   0.081   38
57266.207   -0.638499022770   -1.249599598196    0.1620    0.1616   0.083   33
57274.206    0.910717624674   -2.802099598753    0.1337    0.2297   0.335   23
57280.207    1.405504509149    1.320202801480    0.1378    0.1286   0.173   21
57301.209   -0.536977087133   -0.018997200613    0.1297    0.1206   0.034   30
57318.270    0.240014168408   -0.534398400731    0.2243    0.2542   0.142   15
57330.206   -0.887014095919   -0.310597199160    0.1612    0.2161  -0.155   18
57336.208   -0.076179890213    0.152301601730    0.1759    0.1271   0.173   26
57337.227    0.939340567626    0.454600801802    1.0584    0.8001   0.350   26
57350.208   -0.656835603543    2.086002001533    0.3580    0.2163  -0.143    9
57351.270   -0.126717243673    1.716202799074    0.0727    0.1014   0.093   56
57364.208    0.539961052451    0.604202400112    0.1407    0.1438   0.262   52
57367.268    0.036522966727   -0.074699999786    0.2394    0.2385   0.325    7
57371.209    1.236600520248    0.568702800052    0.3393    0.1374   0.288   23
57373.248   -4.660916710711   -6.277597200466    8.5175   11.4833   0.877    3
57374.270    1.649693930829    0.326300401099    0.1339    0.1517   0.013   45
57395.272   -3.558636525702    0.701002801407    0.2435    0.2889   0.014   27
57406.208    0.322008133630   -0.192297598645    0.1761    0.2694   0.035   15
57427.206    0.713487625030    0.586602002173    0.5047    0.2445  -0.243   16
57428.229   -0.053964886688   -0.044197199500    0.0659    0.1292  -0.130  220
57430.270    0.641930318495    1.609300801420    0.2903    0.2946  -0.386   15
57437.269  -10.360162747202   -1.166597999003    0.5425    0.5200  -0.331    3
57455.206   -2.880780867395    3.773700002085    0.4133    0.4045  -0.589    7
57484.229   -0.270279187149    2.909800800310    0.6227    1.1908  -0.389   15
57490.208    1.102580778025    0.143402400354    0.1687    0.1490   0.090   54
57542.271    0.362409421420    0.689702400791    0.1959    0.2796  -0.063   26
57547.209   -1.239133596041   -0.539600399563    0.1813    0.3367   0.101   61
57549.269   -1.775069488351    0.681202799768    0.5840    0.5955  -0.721   10
57568.229    2.778214177815    0.966801601976    1.6956    0.4366   0.344   12
57584.271   -0.649830138891   -0.884199599938    0.2422    0.3038  -0.074   23
57589.227   -0.436349507240   -3.659997600991    0.3341    0.4817   0.335   16
57591.269   -0.239269804104   -3.760200000968    0.2196    0.3564  -0.167   31
57595.206   -0.606895775308   -2.828199600913    0.0959    0.1783  -0.209  319
57598.271   -1.653271760564    0.411699599212    0.2039    0.3012  -0.182   24
57605.269   -2.737963084844   -4.568097599389    0.2729    0.4642   0.034   27
57609.206    1.143726226741   -1.795197600174    0.1096    0.1915   0.062  258
57617.209    0.885969545355   -1.085597998696    0.2405    0.2988   0.088  118
57624.229    1.261198404747   -0.450198000479    0.5607    0.4930   0.361   47
57633.269    1.600945492236   -0.704599198187    0.1507    0.2256  -0.046   58
57636.998   -0.018186284265    2.021799601337    0.4647    2.3881  -0.580   10
57637.082    0.675025548616   -1.010700000492    0.3746    0.3603   0.138   19
57640.271    0.392821279240   -2.608898399714    0.1484    0.1971   0.084   57
57652.229   19.073612071464   42.297001200708    0.3267    0.6687  -0.326   32
57653.248   -0.361364565789   -4.277898000637    0.4896    0.6085   0.433   18
57654.271    0.996883385738   -0.654897598551    0.1964    0.2320  -0.080   43
57661.269   -1.171154119242    4.559702401252    0.1747    0.3268   0.059   47
57669.345   -1.834848551737   -3.214699198040    0.7993    0.7851   0.692   11
57670.313   -2.484678690628   -1.765198799930    0.7026    0.7092  -0.344    8
57673.209   -0.069618095159   -0.276800400201    0.2094    0.4301   0.146   45
57675.269    2.044751353653    3.306099602085    0.1254    0.1295   0.158   69
57679.207   -0.245083879114    0.509302801532    0.1060    0.1409  -0.026  238
57682.271    0.129697751562   -0.153997198993    0.1589    0.1723  -0.067   57
57689.269   -0.689336969247   -0.175197600427    0.1697    0.1913  -0.235   41
57707.207   -1.362122713471   -0.902498399213    0.1574    0.3928   0.183  158
57716.999    1.831270722001   -0.147200399070    1.5693    2.9139  -0.451   12
57729.228   -1.602734305415   -0.581198398208    0.4318    0.2695   0.274   16
57743.209   -0.877919225072   -0.485899199276    0.1501    0.1703   0.317   14
57757.209    1.458578599211    1.310702401014    0.2620    0.2119  -0.036   27
57764.207   -0.431283253964   -3.224998799212    0.1307    0.1502  -0.092  194
57765.248   -2.202474421252   -8.517200400959    1.6049    3.8933   0.937    4
57773.269 1752.511244920552 -495.984898799762    0.0904    0.1401   0.038   63
57777.207 1845.005976900467 -228.558200400997    0.0723    0.0690   0.000  224
57778.229    0.117772669334   -0.218998799895    0.2744    0.2782  -0.161   18
57780.271 1936.319418593780  984.028802400516    0.1278    0.1578  -0.003   96
57784.209 6046.89912565110815628.515800399256    0.1009    0.2005   0.327  239
57786.247    0.500901552501    1.078102800633    0.1501    0.4350   0.294   44
57792.229    0.103310952195   -0.413600398730    0.4470    0.5515   0.019  149
57794.271   -1.766275108831   -1.435197599164    0.1630    0.1615   0.094   48
57798.209   -1.366298170121   -0.825299997942    0.1135    0.4232   0.094  123
57799.228    0.780719381785   -1.158699600268    0.4379    0.6078  -0.353   30
57800.250    0.021914512198  -11.266797600484    0.7974    4.7634   0.591    3
57801.269   -1.935923258658   -0.360500400731    0.1562    0.1564   0.190   70
57808.271   -2.466195474155    1.371401999961    0.2056    0.2412   0.078   58
57812.209    0.247470420896    0.316601999018    0.1200    0.1598  -0.082  126
57833.207    0.190371272382    2.028099601858    0.1711    0.2364  -0.146  132
57843.270    1.788783587135    2.564200800492    0.1443    0.1509   0.100  147
57854.209   -1.709476451645   -1.112097598011    0.1446    0.2764  -0.040  148
57856.272   -1.369131838931   -3.652099199059    0.1195    0.1925  -0.123   99
57864.271   -1.922059066743    1.632700800158    0.2195    0.2023  -0.145   56
57869.228   -1.846179667858   -0.186299999427    0.4716    0.3083   0.250  190
57875.167   -0.263123527678    0.354099600841    0.2091    0.2202  -0.420  140
57876.208   -0.260139562360   -0.424997998394    0.0931    0.0802  -0.156  298
57877.227    0.977802644039   -2.576498400231    1.7411    4.0525  -0.749    6
57878.271   -0.848999349912    0.074502001368    0.0827    0.1020  -0.067  192
57885.270    0.933376297797   -0.318099597862    0.1096    0.1403  -0.092  170
57892.271    0.022808969632   -0.317897999125    0.1627    0.1476   0.016   34
57896.209   -0.213330335143    1.400101199778    0.1035    0.1463   0.163  355
57911.206    0.101371740818   -0.149698800556    0.1241    0.1197  -0.135  178
57913.270    1.647758380261   -0.253998000233    0.1636    0.1823  -0.109   58
57917.207   -2.201433226429   -3.201998400826    0.1195    0.1122   0.034  134
57924.209    0.012819539661   -0.147099599701    0.1125    0.1049   0.123  269
57934.272   -0.639840708921   -1.886299200038    0.1542    0.1701   0.113   37
57938.209    0.426213543259   -1.330599598504    0.1334    0.1630  -0.110  121
57939.228   -0.226300069624   -2.194898400631    0.8621    3.8507  -0.406    6
57941.270   -0.091385869967   -4.683898798419    0.1224    0.1729   0.072  113
57948.268    0.105994426185    0.487101600655    0.1562    0.1539  -0.056   53
57955.270   -0.681433488043    2.393902800790    0.1377    0.1415  -0.080   81
57962.272    0.383726306703   11.254802402050    0.1946    0.2668  -0.093   36
57966.209    0.444399827523    0.158900400038    0.1708    0.1699  -0.022  106
57969.270    0.672191879806    0.972100799856    0.1645    0.1560  -0.099   56
57980.209    2.029395179079    2.714400000770    0.1067    0.1490   0.161  163
57983.270   -1.324107865774    0.857199600901    0.1018    0.1135  -0.009  117
57987.207    0.227344925255   -0.537897598463    0.1004    0.1062   0.048  193
57994.209    0.316938321235   -1.349099999715    0.1550    0.1378   0.041   71
57997.270    0.670850193655   -0.500597998254    0.1222    0.1308  -0.019  168
58002.208    1.517760137371    0.813700799540    0.1500    0.1741  -0.153  142
58009.228    2.353639456294   -0.892299600608    0.7984    1.6655  -0.059   28
58011.270   -0.407579928588   -7.104499200139    0.1029    0.2074  -0.048   97
58029.207    4.874547638870   -1.949997600192    0.1464    0.1274   0.036   75
58031.249    1.995852618552    1.025100001684    0.4046    0.3983   0.209   22
58033.499   -6.219972491617   -2.601997200102    0.1628    0.1509   0.334  113
58043.207    1.025656625198    0.482702399651    0.1080    0.1020   0.101  154
58044.230    1.687859075034   -0.922298400852    0.8836    1.1788   0.127   18
58050.209    3.204427721074    2.161101601672    0.1194    0.1313   0.021  132
58059.249   -0.388348890381   -8.371497600734    0.2282    0.7004   0.140   14
58064.209    0.735849365944    0.797601600766    0.1923    0.1515  -0.063   74
58065.228    0.426811068484   -0.071297997906    0.3537    0.4594  -0.087   25
58066.247    0.264912544235    0.112201201929    0.3112    0.4138  -0.167   41
58073.249  -19.220007582061  -40.705599598212    0.1483    0.1316   0.128  150
58074.272    1.126133908582   -0.078397199132    0.2032    0.1688   0.052   64
58078.209   -0.561277937734   -4.523198398232    0.1960    0.2112   0.234   34
58079.272   -3.442803067744   -0.265499999585    0.1778    0.2802  -0.042   79
58085.500    0.874938920562    0.562500001777    0.1019    0.1654  -0.536  141
58086.500    0.187988391407    1.151002800270    0.0972    0.1003  -0.060  126
58087.498    0.488675978946   -0.781797599458    0.0537    0.1272  -0.028  194
58087.498   -0.502690365680   -1.671998398933    0.0741    0.0890   0.032  211
58088.498   -0.547413644131   -0.921697198564    0.0980    0.1048   0.026  135
58089.499    0.427852161618    0.117900000163    0.0929    0.1105  -0.032   89
58090.496    0.652066384165   -0.528299998948    0.0503    0.1267  -0.170  223
58090.500    1.321871823878   -0.965897998384    0.2339    0.1710   0.251   13
58091.453   -0.793542378876   -0.830599199020    0.0171    0.0819  -0.011   83
58091.497    2.067560323284    1.348300799009    0.1259    0.1066  -0.179   98
58092.454   -0.099582724261   -0.538898397906    0.1595    0.6617  -0.498   41
58092.498   -2.521205114785    0.153601202157    0.0983    0.0916   0.075  111
58093.451   -1.071571293291    4.085402400378    0.2191    0.6637  -0.727   45
58093.499    0.521624471678    1.248699601319    0.0626    0.1404  -0.391  158
58093.499   -4.495143322828   -2.932099200237    0.1178    0.0989   0.154   99
58094.452   -0.067979476799    1.203501599178    0.0974    0.3956  -0.517   59
58094.496    1.438900332287   -2.306498400273    0.0925    0.0947   0.144  151
58095.478   -1.137761855223    4.178102401653    0.1941    0.6254  -0.818   47
58095.500    2.730063264448   -3.553999200534    0.1113    0.1355  -0.043  100
58096.497   -0.225702544398   -0.583999200998    0.0568    0.1315  -0.149  192
58096.497   -0.637457929636    0.817300799838    0.1143    0.1271  -0.154   39
58097.498    1.941737435356   -0.664297199648    0.1487    0.1248   0.004   53
58098.499   -2.367206614311    0.407602799513    0.1111    0.1091   0.041   89
58099.496    0.996883385738   -0.289998000014    0.0737    0.1592  -0.199  139
58099.500   -2.097374554190    1.952100001645    0.0771    0.1067   0.049  163
58106.209   -1.362569942188   -0.221598000749    0.2271    0.3209   0.040   22
58121.207   -2.525677503643   -0.032299200114    0.1991    0.2005   0.018   23
58123.270   -0.751352176218    0.851900399823    0.2477    0.2218  -0.016   36
58127.208    0.098838665025   -2.495699998661    0.1875    0.2117   0.137   43
58134.209    0.624634932545    0.725302800220    0.1688    0.1723  -0.071   48
58136.247   -5.431202891238   34.470500399664    1.4777    9.6212  -0.961    3
58137.270   -0.516851591492    0.672602399376    0.1966    0.1978  -0.098   41
58141.208   -0.094813403194    0.836499599188    0.1630    0.1458   0.060   45
58142.227   -0.927859053307    1.029502799810    0.4669    1.1856   0.087   41
58155.208   -0.464525221475   -0.147499200054    0.2632    0.1610   0.212   16
58158.272    1.118827850914   -0.515397599798    0.1695    0.1417   0.038   48
58163.229   -0.385515221571    0.461800799201    0.7750    0.4647   0.151   30
58164.248   -1.948892993138   10.768201201117    1.9158    4.4575  -0.557    6
58164.248   -1.985866747701   -0.327697200575    0.5696    0.6961  -0.231   10
58169.208    0.312766525394    0.431100000498    0.2034    0.1623   0.105   42
58172.272    1.456639387835   -0.269798398023    0.6282    0.2875   0.307    4
58191.229    0.354058711498    2.186402399929    0.7111    2.2799   0.724    3
58193.270   -1.121063892809    0.863002802021    0.3094    0.3623   0.111   18
58218.206    0.671894947597   -0.139597200999    0.2342    0.2207  -0.122   19
58220.248   -0.363153480656    2.851599599651    0.2534    0.9164  -0.361    8
58232.210   -1.610934820517    0.125902801784    0.3557    0.2513   0.138   30
58233.225    1.856763063935   -1.166400000585    0.5308    2.1213  -0.455    6
58235.270    0.444847056240   -5.181998398385    0.2418    0.2731  -0.045   34
58240.165    0.628212762281   -0.074098800695    0.2558    0.2255  -0.334   94
58254.227   -1.586336936018    0.885599999734    0.5440    1.7820   0.430    6
58256.272    0.359278820401   -0.033897598328    0.1188    0.1511  -0.045   94
58270.269    0.152656916012   -1.464800399376    0.2136    0.1716   0.137   24
58277.271   -0.852129950930    0.392799600846    0.2765    0.3332  -0.217    7
58282.227    1.690392252516   -8.851798797949    0.2053    0.9179   0.199   16
58309.208    0.078562872876   -0.140997600795    0.1823    0.2298  -0.204   66
58310.227    0.953054564721   -0.640799998664    0.4212    0.5233   0.068  103
58324.227    2.335302875521    4.557402001382    0.4896    1.2421   0.124   28
58326.269   -0.462142340501    0.123501599347    0.2551    0.2673  -0.196   15
58330.206    0.106144621005    0.322599601432    0.1916    0.1639   0.122   23
58333.271   -0.199913270257    1.123599600561    0.5231    0.6726  -0.630   10
58337.208   -0.289656962745   -0.759599998901    0.1897    0.3093   0.091  173
58344.206    0.670252668430   -1.088798398641    0.2272    0.1967  -0.136   59
58358.206    0.474514753134   -0.088898399042    0.2688    0.2353   0.350   23
58366.227   -2.051012555690    1.197399600272    0.6974    0.7660   0.330   42
58367.250   -0.529077165047  -12.548599199746    0.9463    2.7278   0.062   15
58387.207    0.828723659452   -0.635399998217    0.1993    0.1585   0.216   33
58389.271   -0.162495947785   -0.165099597993    0.4266    0.4112  -0.023   18
58400.206   -0.253581326425    0.251301600329    0.1531    0.1287  -0.088   26
58414.206   -0.082441193939    0.897501599439    0.1534    0.1592   0.127   36
58417.271    0.382982145778    0.218102400140    0.3048    0.2634  -0.044   53
58422.271    0.116878211900    0.433202401950    0.2685    0.3261   0.058   18
58428.206   -0.018486775592    0.454600801802    0.1489    0.1579  -0.021   39
58429.225   -0.776694221643   -6.271397999313    0.4506    1.5671   0.412    3
58430.248    0.260737189274    0.373802400233    0.4008    0.6853  -0.006    6
58435.208    1.296232846245    0.415400402076    0.1948    0.1896   0.046   55
58437.246    4.357545750870   -1.368899998155    1.3093    1.2652  -0.743    3
58438.269   -0.203340905173   -0.193298398088    0.1827    0.2255   0.211   46
58442.206   -2.297588417463    7.969701599464    0.2506    0.9455  -0.592   39
58443.269   -0.350334042684    0.162302401918    0.2747    0.3679   0.112   54
58449.208   -0.774905205086    0.495899999464    0.1119    0.2016  -0.386  220
58450.227    2.447858995071    2.850602400528    1.4591    3.7091   0.674    8
58456.206    4.059538078203   -3.154899599167    0.2590    0.5407  -0.181   49
58457.233    0.462589670907    1.983600001054    1.3910    0.8640  -0.321    3
58463.208   -1.868838239292    1.427900399520    0.2883    1.2756  -0.568  104
58464.227   -0.832301387498    3.564601199813    0.4761    0.5724   0.237   22
58470.207    0.455133418419   17.967700799204    0.1950    1.5717  -0.171   86
58473.271    0.081546838194    0.391201199434    0.1917    0.2204  -0.172   57
58491.249    0.274898313397    0.775602001823    0.0419    0.1953  -0.310   79
58506.249   -0.225555908698   -1.077199200239    0.0312    0.1503  -0.044   45
58508.269    0.083482388762   -0.037799999930    0.1593    0.1976   0.034   42
58512.207    0.035628407604    0.199101599208    0.1429    0.1552   0.074   53
58515.271    1.012983822926    9.345402001060    1.8980    8.8507   0.957    3
58519.249   -0.009094870847   -1.229000399050    0.0187    0.0908  -0.205   38
58529.271   -0.099582724261    0.040201199170    0.1190    0.1578  -0.044  121
58534.209    0.123733481733    0.264902400815    0.1058    0.1216  -0.003  164
58534.249    0.358681295176   -0.779400000539    0.0177    0.0855   0.206   83
58547.209   -0.024000257585   -0.125697599529    0.1110    0.1419  -0.129   76
58547.249   -0.246128633056   -1.804298400288    0.0184    0.0979  -0.146   71
58550.269    0.098391436308    0.125499601111    0.2650    0.4017   0.090   63
58557.271   -1.342297810847    1.917900002013    0.5356    0.6076  -0.425   17
58561.249    0.632985642467   -0.593999997989    0.0212    0.1307  -0.667   49
58568.207    1.244947671051   -0.144198000740    0.3304    0.2212   0.568   10
58571.271   -0.026683731576    0.285400800593    0.2695    0.2036  -0.243   17
58575.249    0.560233285481   -0.039099600357    0.0314    0.1468  -0.106   54
58578.269    0.292641029753    0.353300400135    0.1700    0.1611  -0.090   56
58584.249   -1.529388084012   -0.767300399218    0.4325    0.3432   0.115   13
58585.271   -0.209455471510   -0.077400000009    0.2491    0.2174   0.183   54
58589.249   -0.030261561311    0.001702801100    0.1090    0.5154  -0.335   54
58590.228   -0.135808657090   -0.036597598552    0.2382    0.1852  -0.492  102
58597.208    0.320963379688    0.342399599873    0.1197    0.1619   0.072  122
58603.209   -0.376420249035   -0.868399198950    0.1186    0.1321   0.001  172
58603.249    0.741065915728   -4.145900400587    0.1525    0.7305  -0.403   72
58606.269   -0.671000388474   -0.086799597909    0.3179    0.2681   0.354   40
58611.208   -0.336766782978   -0.182498400392    0.1305    0.1552  -0.331  197
58617.209    0.264762247727   -0.195497998590    0.1037    0.1305  -0.008  123
58617.249   -0.039953957384   -0.201398398758    0.1418    0.5869  -0.445   48
58634.270    0.275345542114   -0.139798799736    0.1655    0.1767  -0.047  113
58646.210    0.824100974085   -0.453297597858    0.1598    0.1643  -0.479  144
58646.250   -1.358247951526    5.565700799437    0.3572    1.0791  -0.754   46
58655.271    0.331847267092   -0.709700400847    0.2291    0.3500  -0.032   34
58659.249    1.506282283861   -1.125197998775    0.2881    0.9890  -0.709   46
58662.270   -0.200958024199    0.014302802143    0.1545    0.1708  -0.155   44
58669.271   -0.145350858344    0.417700801947    0.2124    0.1854   0.066   35
58673.209    3.006303263996    0.312901199351    0.3043    0.1957   0.175   85
58680.207    0.000000000000    0.238500000549    0.1030    0.1286  -0.040  196
58681.230    0.324841802440   14.185800000277    5.2425   13.5092   0.152   38
58683.271    0.395504651541    0.223902000940    0.1883    0.1797  -0.250   49
58687.249    0.355253660260    1.005400799414    0.2556    0.9342  -0.505   29
58689.251    0.299646494405   -0.994597198201    0.5881    0.7387   0.008    8
58690.270    0.465122848389    0.580500000069    0.4113    0.3647  -0.262   18
58701.249    0.067085019366    0.808902001381    0.0312    0.0995  -0.159   68
58703.251    0.302626798915   -0.697899600510    0.1829    0.1317   0.117  263
58715.209    0.498067883691   -1.145498400135    0.1534    0.2760   0.092  170
58715.249    1.854380182960   -4.087098000838    0.1220    0.2191  -0.209   64
58732.248   -1.069038115809   -1.583297998309    0.1835    0.1132  -0.301  112
58739.272   -0.936506797126    0.411102000442    0.3522    0.6526  -0.136    8
58743.209    0.148928789768   -0.697298398222    0.1099    0.1359   0.034  164
58743.249   -0.108827993306   -0.216997201008    0.0393    0.1057   0.336  120
58753.268    0.440524963890   -0.256597197890    0.1936    0.2060   0.134   40
58757.209   -0.209154980182    0.716900401443    0.1853    0.2790   0.001   54
58757.249   -0.795628225952    2.536801201103    0.3753    0.7834  -0.306   59
58767.272    0.144009172193   -0.589597199863    0.1580    0.2023   0.056   60
58771.209    0.466464534540   -0.226097997924    0.2245    0.2392   0.299  112
58771.209    0.077074449336    0.611002800355    0.0742    0.2141   0.113  258
58774.270    0.248958844436    0.984999601883    0.1546    0.1915   0.261  107
58778.211   -0.269978695822   -0.814197598942    0.2010    0.3044   0.034  118
58781.272   -0.193802263039   -0.032698800467    0.3216    0.2919  -0.002   99
58785.209    0.018486877281   -0.256698000456    0.1674    0.2843   0.035  140
58785.249   -0.406982403363    0.723002400349    0.1941    0.8112  -0.752   47
58787.269    0.181727087681   -0.048297599520    0.2866    0.2777  -0.287   92
58795.272    0.128652997619   -0.387597598817    0.1967    0.2892   0.168   24
58800.228  -65.368982237399   70.098202800750    1.5265    1.5528  -0.763   24
58802.248   -0.419952137843    5.126601600836    0.0234    0.0955  -0.664   46
58803.501   -0.181873723381    0.361299601437    0.1529    0.3024  -0.132  117
58807.230    0.012969836170   -0.360000001010    0.0533    0.0797   0.120  234
58813.249   -0.045914769783   -1.266897598029    0.0322    0.0780  -0.325  100
58814.272   -0.473620194011   -0.176900398330    0.1386    0.2131   0.117  107
58816.084   -1.411021448571    1.906300800414    0.5815    1.0773   0.103   22
58828.228    1.157737156045    0.544500000288    0.1140    0.2387   0.178  137
58835.208   -0.243742192963   -0.322599598235    0.2181    0.3430   0.140   98
58837.272   -0.325138632960    0.333702000432    0.1784    0.2284   0.017   58
58848.207   -0.121200202561   -1.820897998783    0.6523    0.8535  -0.432   22
58851.268    1.428613970108    0.785800800429    0.6252    0.8046  -0.182   15
58858.248    6.134851484495    4.954701599402    0.2019    0.7216   0.353   23
58858.270    0.028773239460   -0.197398798107    0.1703    0.2155   0.067  138
58862.207   -0.498815502047    0.083700000530    0.0946    0.1568   0.147  232
58865.272    0.463931357058   -1.282100400246    0.2752    0.3986   0.322   41
58868.833   -3.318321865966   -1.785797999077    0.5347    1.1629   0.056   20
58870.250    0.469892169456   -0.793598399795    0.1797    0.5768  -0.647   21
58872.270   -0.098988859844   -0.006397199570    0.1262    0.1949   0.080   70
58877.230    0.838712987733   -0.001699200780    0.1249    0.4226   0.332   47
58879.272   -0.106738485422    0.161002801491    0.1680    0.2203  -0.021   47
58883.209    0.152506619504    0.051202801998    0.0934    0.1549   0.067  175
58886.270    0.115536525749   -0.346298397957    0.1598    0.2051   0.032   83
58892.249   -0.309932754894    0.355600800006    3.1592    1.4287   0.305    7
58893.272   -1.016561550972   -0.511099198164    0.3442    0.3141   0.226   20
58897.209   -0.018783707801    0.196502401550    0.1101    0.1778  -0.150  107
58900.270   -0.074090382328   -0.294998400108    0.3277    0.3694   0.133   25
58904.208    1.483920644635   -0.010198798606    0.2556    0.1839   0.119   46
58905.227    0.174718063910   -1.183899599155    0.2368    0.9798   0.255   35
58907.268    0.008497447311    0.018201600227    0.2256    0.2494   0.167   31
58911.209    0.950818319447    1.125802801383    0.2766    0.5223   0.298   60
58920.249   -0.203043972964    0.026402400266    0.1453    0.3478   0.256   50
58921.268    0.005814075009    0.480301200412    0.3640    0.2530   0.135   18
58922.379    0.023105901840   -0.611600399125    0.3401    0.9678  -0.824  117
58925.209   -0.035928898931   -0.304999200296    0.1340    0.1865  -0.028  118
58925.250   -0.676814463484    1.274302800880    0.0711    0.1497   0.304  144
58926.228    0.516554659283    0.096101999958    0.1827    0.2572   0.151  108
58928.270    0.833793471846   -0.130100400852    0.5844    0.3241   0.051    6
58932.208   -0.427258195512   -0.158597998734    0.1404    0.1330   0.085   73
58935.268   -0.564705572651    0.521100001549    0.1727    0.2275   0.125   45
58939.250   -0.023256096659   -2.027797200554    0.1323    0.6443  -0.753   32
58941.251    2.955168385310    2.125000799325    0.4725    0.9250   0.273    7
58947.227   -0.501051645631    0.194500799466    0.2381    0.6831  -0.435  189
58954.207    0.189476713259    0.220899599412    0.1237    0.1481   0.082  134
58962.271    0.039356635537    0.131799601633    0.1878    0.2336   0.093   86
58974.208    0.121944465176    0.174502799410    0.1275    0.2443   0.014  148
58983.251   -0.037717813799    0.206301599803    0.1489    0.2040   0.208  219
58988.208   -0.216164003953   -0.233499600455    0.1009    0.1540   0.064  221
58991.269    0.365837056336    0.501602401215    0.2014    0.2041   0.064   69
58995.188    0.090491514222   -0.725497198317    0.1830    0.4081   0.395   46
58998.270    0.078265940667    0.181202400285    0.2719    0.2391   0.079   57
59005.269    0.138345495381   -0.487098000335    0.2073    0.1963  -0.015   67
59009.210   -0.544132746604   -0.430200000423    0.1753    0.2007   0.250   44
59010.229    0.822462355725   -0.954597600966    0.1636    0.5037   0.292   23
59016.208    0.624488195156    0.252802799494    0.4384    0.5630   0.180   23
59019.269   -1.119575570958   -0.136699199160    0.4532    0.2655   0.405   21
59023.206   -0.195440983087   -0.412297197983    0.1135    0.1607  -0.109   92
59026.270   -0.190074136795   -1.048597199471    0.3542    0.5591   0.419  164
59032.271    0.342133629271    0.273301199272    0.2299    0.2774   0.255   29
59040.270    0.137451037947    0.324100800597    0.2976    0.2794   0.451   34
59047.269    0.092130132582   -0.389998798056    0.2446    0.2672  -0.085   20
59051.210   -0.200958024199   -0.004899600725    0.0948    0.1289  -0.043  235
59054.270    2.378985060838    1.044201601985    2.0550    0.5174   0.832   12
59058.208   -2.715451149111    0.910299602097    0.2905    0.2674  -0.117   72
59061.269    0.145350960033   -0.519998399540    0.2448    0.3218   0.217   34
59065.206   -0.986149693153   -0.264999599864    0.4078    0.3182  -0.052   64
59071.916   -4.342786999833   -4.689500400801    0.6388    0.4162   0.047   40
59074.250    0.315002668978   -0.570798000865    0.3228    2.0810   0.585   18
59075.269   -0.589156719761   -0.727797598188    0.4949    0.5554   0.334   14
59081.230   -0.327671810442   -3.546097198281    0.6426    3.5682   0.817    7
59089.269    1.030576141084   -0.841298400545    0.3908    0.3452  -0.184  103
59093.206    2.626305083536    0.142902000633    0.1280    0.1687  -0.003  282
59096.271   -0.193355034322    0.091299601479    0.3201    0.4713   0.098   27
59101.209   -0.479584463840   -0.289400398046    0.1937    0.1568   0.506  146
59110.271    0.695448078154    0.822200400563    0.5855    0.5709   0.224    7
59114.208   -0.064251248866    0.463402800932    0.3535    0.4870  -0.258  135
59122.229   -0.754779709445    1.736802001417    0.2074    1.0029   0.349   34
59143.231   -0.285184573887   -1.773399599969    0.2581    0.8292   0.231   43
59149.206   -0.084677337524   -0.044100000451    0.3061    0.2708  -0.176   38
59165.248    0.268340077462   -1.077397198657    0.2101    1.0813   0.479   24
59166.271   -0.968110044589   -1.271699999705    0.2937    0.4914   0.305   60
59170.208   -0.117622372826   -0.177998400019    0.2445    0.2060  -0.200   63
59171.227    0.924581816588    0.311500799555    1.5332    0.4825  -0.525   30
59178.207    0.101371740818   -0.438199198527    0.1139    0.1660  -0.037  247
59180.271    0.297113316922   -0.008899198178    0.6919    0.6136   0.191   31
59186.250    0.050834387358   -0.029199599538    0.2130    0.9872   0.363   16
59192.229   22.829775529018  -33.310299600231    0.8184    0.7166  -0.064   30
59194.271    0.110316416846    0.149302800523    0.4623    0.4808   0.012   65
59198.208    0.341389468345   -0.070797598184    0.1924    0.2340   0.157  127
59201.269   -0.538766002001    0.110699999567    0.3099    0.2469   0.136   13
59206.269    0.948134947145   -0.229100399451    0.3299    0.2484   0.079   31
59219.206   -0.343324917224    0.000000000000    0.2097    0.2439   0.013   60
59231.585   -0.526543987565    0.409201200924    0.2570    0.2742   0.009  154
59234.229    0.465122848389   -0.059497200766    0.1373    0.4969  -0.035   50
59247.207    0.139984113740   -0.085100400327    0.0925    0.1788   0.013  321
59249.248   -0.001939109687   -0.665499597829    0.4374    0.3498   0.240   39
59250.271   -0.459308671691    0.708202802002    0.3817    0.3261  -0.022   55
59268.208    0.438736049022    0.280702801803    0.1295    0.1790  -0.006  216
59270.250   -0.268339975773   -0.187297198551    0.1852    0.5269   0.316   28
59276.229   -0.123883574863    4.134301198988    0.3310    0.7321   0.457   24
59277.248    0.036823458054    2.198401201881    0.2870    0.5284   0.321   30
59282.208   -1.119128342241   -0.135899998455    0.2335    0.2839   0.025   95
59283.227    0.381490163118    0.464000399703    0.1792    0.5831   0.220   29
59289.207    0.780272153068   -0.164397599534    0.2577    0.3689   0.011   87
59299.269    0.028472748133    0.938901599667    0.1750    0.2579  -0.365   96
59304.229   -1.051742729859   -1.451300398259    0.2870    0.5332  -0.088   66
59312.228    1.349750605904   -0.646398000725    0.3340    0.6357   0.147   85
59313.269    0.245828141728    0.281700000926    0.3678    0.2444   0.171   28
59318.229    0.254325589039   -3.560198398489    0.3338    1.3499   0.600   22
59320.249    0.152803653402   -1.411199998458    0.0301    0.0789  -0.478  141
59320.271   -0.070959781310    0.205300800360    0.3354    0.2810  -0.139  109
59325.217   -0.260887282404   -0.475397999367    0.1709    0.4707  -0.015   41
59327.269   -0.518493768970    0.884502001242    0.4255    0.4754  -0.581   52
59331.207    0.132084191655    0.383799600101    0.9522    1.5916   0.090   23
59333.248    0.333339249751   -0.010997999311    0.6781    0.4389  -0.031   19
59334.249   -0.953204657851   -6.673798799994    0.0274    0.0722   0.054  101
59334.271    0.402213183984   -0.293799599049    0.3482    0.4107  -0.418   65
59341.269   -0.904456219258    0.120200400033    0.3507    0.4502  -0.237   60
59348.249   -0.242998032037    2.411402399360    0.1820    0.5906  -0.371   67
59348.271   -0.994944072673   -0.559997999972    0.2966    0.3082   0.352   91
59352.187    0.320666447479    0.322401599817    0.3511    0.2345   0.024   61
59353.209    0.055904199753    0.273402001838    0.1079    0.1320   0.051  283
59361.249    0.197827524869   -0.283100400722    0.1194    0.3060   0.159   77
59366.209   -0.110913840383    0.115102800891    0.3016    0.3832   0.019   49
59367.228    0.021617478300    0.536601601553    0.0899    0.2375   0.167   88
59369.269   -0.316344253440    0.237999600827    0.2922    0.3862  -0.077   26
59374.251    0.083185456554    0.083901599268    0.2010    0.3332  -0.162   48
59380.209   -0.441866548352   -0.214599598891    0.1920    0.2293   0.069   81
59383.269   -0.219888571078    0.199702801496    0.3450    0.4140  -0.036    5
59390.271   -0.388645822590   -0.375699599431    0.2569    0.3327  -0.153   13
59402.208   -0.193802263039    1.652000402075    0.1115    0.2069  -0.038  250
59403.249    0.113300382165    2.173201199795    0.1058    0.3081   0.269  220
59408.209   -0.031603247462   -0.574700399270    0.1653    0.1836   0.160   68
59408.209   -0.524157547471   -1.064898000180    0.1746    0.3546   0.242   90
59410.250   -0.283993184244   -0.044197199500    0.2908    0.2132   0.289   83
59415.207    0.599292887120    0.117000000088    0.1414    0.1802   0.114  118
59417.249   -0.002085847076   -0.181998000670    0.1226    0.4152   0.176   64
59418.271    0.208113887048   -0.096397200622    0.2019    0.2650   0.049   31
59422.209   -0.232114144633    0.901000800368    0.1618    0.2075  -0.092  140
59425.251   -0.233455830784    0.845600399302    0.1177    0.4330  -0.658  152
59430.248    0.344219578036    0.096300001573    0.2364    0.3713  -0.103   17
59431.271   -0.399676345694    0.076899600288    0.2257    0.2508   0.076   31
59438.251    0.082140702612   -0.554799598262    0.1224    0.3819   0.144   66
59439.270    0.442610912655    0.303102001098    0.2720    0.3020   0.056   27
59444.208    0.328866860893   -0.141598799885    0.0870    0.1278  -0.114  314
59446.271   -1.165340044233   -1.774299600044    0.2864    0.3915   0.200   27
59453.270    1.630165960413   -0.290998799457    0.7039    0.3267   0.045   12
59457.207    0.077818711950    0.562201200793    0.1233    0.2147   0.014  132
59460.271    0.153250882119    0.239702401927    0.1439    0.2213  -0.078   41
59467.270    0.747030185557    0.133599601781    0.2594    0.2305   0.161   39
59473.249    0.213480631652    0.166301999371    0.3637    0.3003   0.081   82
59474.271    0.814562433639   -0.484498799480    0.2721    0.3438  -0.048   16
59485.207    1.006275290483    0.465901199220    0.2352    0.3466  -0.152  255
59486.230    0.319922184865    0.284302802100    0.1901    0.7180   0.381   82
59492.209   -0.228833247106    0.368002799433    0.1519    0.1987   0.071  106
59493.228   -0.241953278095   -0.911098799605    0.1536    0.7254   0.350   42
59499.189    1.096319474299    0.098402399829    0.4090    0.3534   0.177   85
59502.272   -0.340344612714    0.309902401341    0.2418    0.2329   0.039   31
59506.209    0.437544659380    0.179100002029    0.1050    0.1756   0.165  239
59507.228   13.640770460177    1.652202000813    4.9652    0.9274   0.952    3
59508.251    0.432922075702   -0.771299999869    0.1531    0.3331   0.188   85
59509.270   -2.359753920942    2.151601201206    0.2115    0.2805   0.213   51
59514.230   -0.416821536824    0.210902399544    0.1410    0.4361   0.288   80
59516.272   -0.283098726810    0.030999599687    0.2151    0.2273   0.182   33
59521.210    0.359425456102    0.233100000102    0.1899    0.2193   0.209   91
59522.229    0.283098828499    2.220800401176    0.1513    0.5858   0.389   48
59523.270    0.365389725930    1.122901199224    0.1998    0.2414  -0.022   56
59528.230    0.254028656831   -0.187700399223    0.1244    0.3670   0.147   90
59530.272    0.419354714307   -0.005400000447    0.2369    0.2559   0.141   39
59536.251    0.203641498190    1.074200399032    0.4332    0.9491   0.059   38
59537.270    0.052326370017   -0.339598800281    0.1051    0.1889  -0.093   81
59541.189    0.259692435332    0.491799599445    0.1125    0.2785   0.192   93
59542.208   -0.234947813443   -0.048297599520    0.0822    0.1131   0.018  306
59542.248    0.001044753942   -0.686098800173    0.0839    0.4122  -0.547   44
59543.249    0.748371871708   -0.430297199472    0.0658    0.1316  -0.022  161
59544.272   -0.593775744319   -0.820800000767    0.3090    0.4082  -0.062   16
59551.270    0.022808969632    0.256500002038    0.1542    0.2727   0.313   63
59555.207    0.118813864157    0.651801601492    0.1616    0.3390   0.244   75
59557.249    0.262078875425    0.091299601479    0.1341    0.3536   0.226   67
59558.250    0.360470210044   -0.730997998133    0.2053    0.6024  -0.779   44
59558.268    0.488529241557   -0.190497598496    0.1492    0.2124   0.228   68
59563.228    0.710206727503   -0.671597999613    0.1236    0.3613   0.205   55
59564.251   -0.478986938614    0.377701201515    0.2695    0.4191   0.061  173
59565.270    0.756869319019    0.110300399214    0.2181    0.4031   0.477   37
59571.271    0.475856439285    0.955101601008    0.1945    0.5256   0.337   37
59578.269    0.332294495809    0.748299601483    0.2356    0.3692   0.211   36
59586.272   -0.283249023319    0.329302799429    0.1857    0.2292   0.025   37
59592.284    0.751352277907    0.222501601144    0.3296    0.4774   0.207   41
59593.270    0.094813504883   -0.058899598798    0.1541    0.1799   0.340   55
59594.585   -0.108974629006   -0.072899999637    0.5442    0.7275   0.103   42
59597.083   -0.221677485946   -0.400399198597    0.1626    0.4088   0.195   65
59600.250   -0.161003965126    0.042800400024    0.0565    0.1814  -0.668  111
59600.272    0.426660771975   -0.514400400675    0.1338    0.1548   0.238   41
59607.248    0.372992715807   -0.349797598886    0.2950    0.4630  -0.047  109
59607.270    0.098094402410   -0.432997199695    0.1670    0.2820  -0.490   63
59611.207   -0.015653106782   -0.874897197889    0.0929    0.1631   0.166  289
59614.250    0.086165862753   -1.200898798004    0.0360    0.1910  -0.566   86
59621.248    0.107039078438    6.714100801730    0.1294    0.1727   0.054  103
59626.230    0.026834028084   -0.638899199146    0.3692    0.4508   0.260   52
59628.272   -0.184857587011   -0.063198000433    0.1461    0.2105   0.068   37
59633.228   -0.322902489375    0.093502799103    0.1359    0.4440   0.303   86
59635.270   -0.208260421059   -0.093599998152    0.1785    0.1821   0.300   66
59639.207   -0.092874191818   -0.016599598496    0.1217    0.1501  -0.042   75
59642.272    0.363303878854   -0.009298798531    0.2378    0.2591   0.021   14
59649.270   -0.200807727690   -0.230399999879    0.2264    0.1948  -0.023   53
59654.230   -0.351972661044    0.345599999818    0.1632    0.6162   0.376   47
59655.249    0.150120179411    0.071402400792    0.1520    0.1581   0.009  184
59656.250   -0.269384729715    0.473201999185    0.0529    0.2163  -0.379   69
59656.272   -0.154592466580    0.595601999720    0.2914    0.3335   0.072   17
59661.206   -0.330802411461   -0.193100399670    0.1327    0.1627  -0.097  166
59667.207   -0.126416752346   -0.193798801007    0.1056    0.1739   0.032  148
59670.272    0.007155761160    0.292899602172    0.3299    0.2420   0.226   18
59677.248    0.341836697062   -0.651797997975    0.0756    0.1171  -0.250  111
59677.270    1.054873432567    0.638902799466    0.2894    0.5754   0.474   38
59683.249   -0.187093832284   -0.428997599045    0.2702    0.7951  -0.284   63
59683.271    0.071260476015    0.127702801933    0.1358    0.2764  -0.223   70
59690.251   -0.151164831664   -0.418899599808    0.1585    0.4388   0.346   35
59691.248    0.352123059241    0.988700401550    0.0304    0.0804  -0.273  155
59691.270   -0.068723637725    0.143499599403    0.1224    0.1915  -0.031   55
59705.248   -0.105844027988    2.420301600736    0.0548    0.3140  -0.078   43
59705.270   -0.679197242769    1.522202399329    0.3078    0.6079  -0.138   30
59712.268   -0.498368273330   -0.062499599096    0.1785    0.4566  -0.402   55
59716.209   -0.213033301245   -1.013097599412    0.1492    0.3312  -0.005  105
59719.248    0.196335542210    0.035402401011    0.1336    0.2564   0.451   67
59719.270   -1.496739980919   -0.803199599630    0.4661    0.5786   0.432    5
59724.230    0.064999172289   -0.271400399754    0.1379    0.3155   0.191   84
59730.082    0.706925829976    0.043700400099    0.7522    0.4283   0.630  131
59737.120   -0.143858875685    0.215499602163    0.1806    0.3839   0.060   43
59738.208   -0.155934152731   -0.364197600078    0.1501    0.1739  -0.051  146
59739.227   -0.152953746532    0.296802000577    0.4718    0.3390   0.141  127
59752.208   -0.104802833165   -0.585197998859    0.1328    0.1462   0.061  166
59753.249   -0.279223863177    0.528602400252    0.2774    0.7115  -0.072   18
59758.210   -0.610176672835   -0.435099597951    0.1627    0.2685   0.137  222
59761.270   -0.064551841883    0.195501602107    0.2696    0.2623   0.261   22
59765.208   -0.250153691508   -0.425599200682    0.1118    0.1317   0.010  366
59767.249    0.068577002025   -1.141700398222    0.0477    0.2849  -0.056   86
59767.271   -0.344967196392   -0.387597598817    0.3566    0.2303   0.160   22
59774.251   -0.159365346767    0.345700799187    0.3909    0.2329  -0.007   74
59775.248   -0.830362176122   -1.322798398817    0.0561    0.5149   0.021   20
59775.270   -1.251359169596    0.471700800020    0.4093    0.2850   0.043   23
59787.229   -0.327822106950   -0.409197600604    0.4845    0.4025   0.215   77
59789.270   -0.098241038111    0.318401999166    0.4901    0.2617   0.169   26
59793.208    0.130144980279   -0.382697998091    0.1299    0.1668   0.089  177
59794.230   -0.437097328974    0.114800399587    0.1294    0.4289   0.273   82
59795.271   -0.664739084748    0.183902400508    0.3234    0.3022   0.377   39
59800.210    0.707673651709    0.323701200244    0.1834    0.2821  -0.050  106
59814.210   -0.338108469129   -0.400100400810    0.1116    0.1480   0.015  174
59817.270    0.123883676552    0.705999601180    0.3456    0.3646   0.222   39
59831.270   -1.541613657567    0.740199600813    0.3808    0.3755  -0.277   54
59838.269    0.249259335764   -0.433800000721    0.2484    0.2371   0.151   42
59842.210    0.136406284005   -0.213897600432    0.1652    0.1604   0.139   97
59843.229   -0.088999429874   -0.534297598165    0.1554    0.5532   0.105   35
59845.271   -0.230028195868    0.435902402174    0.3033    0.2934  -0.115   31
59852.269    0.330952809658    0.075700799229    0.2430    0.2440  -0.088   18
59857.207   -0.648338156232   -0.118699200868    0.2105    0.1826  -0.015  162
59859.271   -0.199913270257    0.053801999655    0.1721    0.2014   0.404   66
59863.084   -0.150120077722    0.522601200714    0.1341    0.4483   0.063   50
59866.269   -0.337958172621   -0.046299600953    0.1950    0.2063  -0.159   61
59878.227    0.136406284005   -0.923799600017    1.1137    0.9134   0.283  121
59891.208   -0.440821896098    0.118900799606    0.1399    0.1668  -0.043   97
59899.229    0.515509905341    0.839901601069    0.1899    0.8110   0.408   35
59901.271    0.002683473991    0.403001999771    0.1870    0.2117   0.090   47
59915.271    0.040251092971    0.229701601739    0.1865    0.2588   0.206   37
59919.208    0.067532349772    0.168699601488    0.1389    0.1778   0.080  233
59922.269   -0.137898164975    0.350002801142    0.2107    0.2470   0.397   57
59928.270   -0.430238500022    0.018399601842    0.2306    0.1940   0.090   26
59935.272    0.932184806465   -0.357098398851    0.2641    0.1828  -0.153   37
59948.209   -0.073195924894    0.461199600110    0.1703    0.2292  -0.150  157
59949.268   -0.620312738506    0.078602401388    0.4923    0.3954  -0.092   44
59954.206    0.927265290579    0.067499999190    0.1898    0.1679   0.110  249
59957.271    0.050687649969    0.055101600083    0.3357    0.2702   0.077   33
59961.208   -0.396992973392    0.307702800839    0.2049    0.1641  -0.208  193
59963.250    0.099733122459    6.038902801819    0.1773    0.7613   0.502   40
59964.269    0.196933067435    0.327200401173    0.1912    0.2515   0.035   39
59975.208   -0.347053145157   -0.652100399279    0.3509    0.5383  -0.357  166
59977.250    0.062909664405   -0.234298797963    0.3170    1.5589   0.447   23
59984.248   -0.271023449764   -0.909399598825    0.1512    0.4106  -0.220   51
59996.206    0.887014197608    0.594100800555    0.1900    0.1560   0.191  112
60019.268    0.580509077630   -0.363499198741    0.7839    0.3259  -0.218   11
60024.206   -0.261184316302   -0.878799599491    0.2824    0.3716  -0.246   98
60032.227   -0.339747087489    0.093600001350    0.2264    0.1766   0.319   99
60038.207   -0.872402183960   -0.170999998161    0.4464    0.2768   0.270   43
60067.207    0.401018133534    0.644000401806    0.3224    0.3430   0.541  119
60081.229   -0.340344612714   -0.509997599352    0.1866    0.5880   0.272   15
60087.208   -0.880752893882   -0.329097600371    1.3521    0.3916   0.520   14
60102.228   -0.081246143489   -1.397199600817    0.4205    2.1782   0.773   11
60106.041   -0.588262160638   -0.175197600427    0.2024    0.1626   0.117  140
60159.250    0.623740475111    3.227900401370    0.2328    0.8124   0.390   12
60167.249   -0.329313987920    0.835002000343    0.0703    0.1378  -0.611  119
60180.252   -4.718609825331    0.308602800914    1.9231    1.9939   0.323   15
60193.208    0.731226782267   -1.518397199973    1.5938    0.9542  -0.068   22
60195.271    0.092577361299    0.537699600045    0.2821    0.3141  -0.065   32
60207.230   -0.079904457338   -0.793299598811    0.2411    0.5947   0.135   13
60227.209   -1.195454969844    4.455000000902    0.7126    3.0837  -0.171   14
