%-----------------------------------------------------------------------------
%                R.A. (mas)        Dec. (mas)        Err. (mas)     Corr. Del.
% Uncertainty in R.A. is in R.A. cos(Dec.)!!!!
%-----------------------------------------------------------------------------
54489.248    0.253022974369    0.193298407680    0.1649    0.4121  -0.271   75
57828.250   -1.595360665379   -1.596801590154    0.3027    0.5807   0.330    8
57883.228    1.301966639728    0.254098796404    0.6037    0.9967  -0.001    9
57950.916    1.954016870509   -3.895099206375    0.2626    0.5653   0.105   42
58059.249   -1.716588766812    0.000000000000    0.2962    0.4680   0.096   29
58301.297   -0.054957986011    1.596499188850    0.2043    0.4470   0.171   56
58861.959    0.000000000000    1.607597997122    0.2668    0.6230  -0.201   63
58871.905    0.466809533091   -1.415401197846    0.2535    0.5215  -0.038   68
