%-----------------------------------------------------------------------------
%                R.A. (mas)        Dec. (mas)        Err. (mas)     Corr. Del.
% Uncertainty in R.A. is in R.A. cos(Dec.)!!!!
%-----------------------------------------------------------------------------
49909.090    2.633389101416   -1.225400401950    1.4598    2.3710  -0.125    9
50324.335    0.643986550865    1.565899205502    0.6744    0.7633   0.261   14
50765.338    0.473351968993    0.905900404291    1.0274    1.0602   0.036    7
51120.168    0.285001579865   -5.418298795234    0.5721    1.8500   0.151    4
52306.248    0.384384922691    1.280800809411    0.4341    0.9143  -0.098   71
52522.238    0.526105783158    1.330502402652    1.2216    1.2308   0.110   14
52815.231   -0.078284998007   -0.675298792885    1.4456    0.7617  -0.382    5
52941.227    1.846903359927   -1.165899594469    1.4248    2.4644   0.014   14
53151.228    1.430863056740   -1.865300400539    0.6888    0.7386  -0.146   10
53165.232    2.601214745299   -3.005600402162    0.9819    1.0472  -0.168   15
53411.249    1.177645068606    0.201801609023    0.7250    1.5063   0.130   10
53529.229    0.016803046332    1.495299602539    0.9461    1.3484  -0.138   12
53789.250   -0.105116686244    0.919101607622    0.7139    1.3398   0.121    9
53892.207    0.468531475350    1.109502007068    0.5310    2.2750   0.173   15
54060.211   -0.287474288569   -0.298299599422    0.5929    1.5388  -0.188   12
54173.241   -1.284846897785    0.970001998724    1.3695    1.3293  -0.375    9
54264.229   -1.249418215339   -0.072799200268    0.9469    1.4107  -0.216   11
54391.230   -0.390118266108   -0.177497990705    0.6937    1.1496   0.015    9
54523.231   -0.239281613511    1.638000007631    0.5482    1.0991   0.236    7
54621.228   -0.111891090670    1.074402007362    0.6109    1.1520   0.108   19
54741.249    1.047259662823   -0.720799202725    0.8263    1.6512  -0.107   18
54971.232   -0.499142685070    0.000799207100    0.7557    1.0843  -0.119    8
55035.249   -0.257256953003   -1.131199198312    0.8985    1.3125  -0.002    9
57102.499    6.550584039608  -25.969600793019    1.6196    5.7686  -0.909    3
58456.714   -0.127390522840   -0.654800399502    0.1796    0.4458  -0.258   71
58512.780    0.000000000000   -3.706999200404    0.2881    0.5966  -0.175   31
58532.913   -0.463582770473   -2.033099998755    0.2425    2.5026   0.187   31
58540.733  -10.028814541393  -12.894897591309    0.2098    0.4496  -0.229  100
58601.083   -2.627658778915    4.129599599878    0.5593    1.3970  -0.491   28
58660.228   -0.173891929117   -6.189598798301    0.3470    3.5504  -0.291   39
58677.683    0.623926068438   -1.865898002507    0.4675    1.1165  -0.660   82
58712.722   -0.538347690383    5.190102005770    0.2936    0.6124  -0.306   36
58861.959   -0.661830569355    1.092301199890    0.2504    0.5562  -0.202   76
58871.905   -0.195124793555   -1.178798396495    0.2390    0.4727  -0.054   70
58883.209   -2.507561547272    0.397299601218    0.9749    0.3589  -0.146    3
58899.905   -0.372011605615   -3.043800002445    0.1496    0.3856  -0.050  117
58922.379   -0.269630270079    0.489099602419    0.3456    1.0959  -0.535   36
58942.891    0.785185325944    1.260601197828    0.2568    0.6655  -0.411   64
59134.918    1.018864828189   -2.971799996487    2.2172    5.0428  -0.024   48
59233.206   -0.372793134389    0.626202002252    0.3777    0.4461   0.360   12
59248.229    0.281484700384    1.576202400599    0.3540    1.7217   0.606   19
59271.737   -0.644117783016   -0.954399592956    0.1347    0.3142  -0.101   64
59296.187    0.038686118541   -0.601898396724    0.3093    0.3465   0.133   25
59297.209    0.333194254923   -0.512600394131    0.2332    0.3297   0.130   59
59311.209   -0.507348826043    0.387000000046    0.2721    0.5790  -0.140   33
59317.207    1.184810148569    1.463202001162    0.7725    0.6388  -0.106   11
59320.249   -0.880792168203    0.285602402528    0.1065    0.5333  -0.716    7
59324.209    0.246574993559   -0.163000800057    0.2196    0.4251  -0.276   11
59325.217   -0.223128774952   -1.665100799642    0.1711    0.3266   0.146   12
59332.229   -1.182856237785    1.376802006803    0.5829    0.3653   0.149   18
59334.249   -2.747233925170   -9.106300801420    0.1762    1.2631  -0.354    6
59339.228    0.134815135039   -2.903900390550    0.2372    3.7393   0.054   36
59345.207   -0.395979731910    0.979999198591    0.2879    0.4765   0.217   35
59360.208    0.037513825381   -0.404099998264    0.3592    0.3368  -0.320   14
59361.249   -0.136378192586   -0.018298796078    0.1052    0.1863   0.122  130
59367.228   -0.292163550061    0.216500404804    0.0900    0.1494   0.137  150
59368.228    0.169853053099    1.117000802253    0.4013    0.3896   0.105   42
59373.207   -0.320689616846    1.003802404398    0.3084    0.3968   0.347   35
59380.209   -0.495625716739    0.032900402402    0.2173    0.3749   0.123   28
59387.207   -0.632522884947   -0.920599200072    0.4105    0.5548   0.153   10
59394.209   -0.407440199211   -0.308300393215    0.1804    0.2193   0.074   78
59397.269   -0.054838868250    0.340401601306    0.5899    0.5551   0.638    6
59410.250   -0.125958697444   -0.055000791122    0.2554    0.2244   0.141   80
59415.207    1.034104816973   -0.210297596936    0.1810    0.2294   0.024   65
59417.249   -0.242667171990   -0.239400000623    0.1188    0.2482   0.135   77
59438.251   -0.377482395880   -0.352998002029    0.1171    0.2283   0.241   81
59444.208    0.273928767184   -0.364197593683    0.1474    0.1919  -0.128   87
59446.249   -1.695413300941    1.656601205013    0.4206    1.3667  -0.826   15
59451.228   -0.217526752536   -1.144900801364    0.5901    0.5264   0.153   15
59466.251    1.311159699251    2.914002006094    0.1864    0.4197   0.389  152
59471.207   -0.429195060186   -0.507798002047    0.2381    0.2450   0.092   84
59473.249   -0.009900519521    0.066200408355    0.4844    0.3027  -0.043   55
59485.207    2.973098228530    2.157001208047    0.7558    0.7505   0.487    8
59486.230   -0.056011161411    0.536702407317    0.1982    0.4266   0.210   67
59488.272    3.219932665474   -1.730098790631    1.7514    0.7435  -0.692    3
59495.270    0.597353823587   -0.777499191429    0.9009    0.8096  -0.323    3
59499.189    1.607881189802    0.373802403431    0.7033    0.4403   0.306   26
59501.227    1.399210786011   -0.962697595241    0.7722    5.1245  -0.364    6
59514.230   -0.900461975094   -0.509000393834    0.1557    0.3473   0.288   40
59522.229    0.121529057039   -0.106200002392    0.1611    0.3671   0.276   26
59528.230   -0.003776322866    0.803599209576    0.1404    0.2971   0.300   64
59535.228   -1.176863450982  -11.151698393519    0.3651    0.3614   0.332   52
59542.208   -0.256994311000   -0.395899198224    0.2642    0.2524   0.487   33
59557.249    0.454463779726    0.047502008726    0.1334    0.2604   0.301   63
59562.209    0.071119918044   -0.092699991683    0.2547    0.2319   0.233   33
59564.251   -0.018106571643    0.421200009271    0.3946    0.4529   0.058   36
59569.207    2.118096687553    1.792800007649    1.0067    0.5326   0.605    5
59599.249   -0.020970133585    0.317700003905    0.1941    0.1828  -0.059  170
59600.250    0.113582359452    0.329299199109    0.1147    0.2307  -0.498   26
59604.209    0.617282985013    0.542599207165    0.4050    0.4267   0.479    9
59614.272    0.348434243707   -0.848098794393    0.4794    0.6627   0.237   27
59618.209   -0.185092953033   -0.211100397962    0.2723    0.2584   0.289   16
59627.249    0.403141879807    0.830901606719    0.1049    0.2029   0.158  197
59634.247    0.125827465293    0.194601608428    0.3961    0.4617   0.298   46
59696.227    5.301165735418   -3.882200391558    0.4828    0.5216   0.045   66
59698.272    0.541605215328    0.574401607878    0.4119    0.5407   0.019   10
59705.270   -0.897073217997    1.259802003517    0.3973    0.6582  -0.251   10
59719.248    0.540692365554    0.986900404598    0.2098    0.4504   0.417   23
59730.082    0.283957409088   -0.479199592007    0.8441    0.5325   0.569   15
59731.207   -0.203330934527   -0.733399197372    0.2891    0.3695   0.316   16
59754.268    0.332412726149   -0.850197595526    0.2524    0.4198   0.148   19
59761.270   -0.437269969008   -0.773798394960    0.4209    0.5044   0.203    4
59767.271   -0.055489076023   -1.206597599435    0.4081    0.6187   0.342    6
59772.210   -6.336570967936   -2.729599202667    0.5700    0.4161   0.600   17
59775.270    0.369667019295    0.342900005990    0.3137    0.5142   0.112    8
59779.208   -0.163081758439   -0.638600391767    0.2892    0.3793   0.272   11
59789.270    0.440005408565   -0.029098796972    1.0934    0.4579   0.530    9
59793.208    1.300868415343    0.110300402412    0.5679    0.3754   0.480    8
59795.271    0.071642003432    0.865900797464    0.3874    0.4232   0.435   30
59796.290   -0.626401886909    3.519399606944    0.5334    0.5396  -0.101   77
59800.210    1.122937432507    1.534399206093    0.5091    0.6411   0.316    6
59803.270   -0.174542225740   -0.327700797698    0.3848    0.3174   0.226   18
59817.270   -0.068124946251    0.856501199564    0.5242    0.6292   0.136    3
59821.208    0.413692607100   -0.200998795208    0.2157    0.3980  -0.226    9
59824.272    0.137291042361    0.493999209539    0.3989    0.3227   0.188   14
59828.206   -0.213490897433    0.199900806308    0.4734    0.3999   0.295    4
59831.270    0.223650949190   -0.692099996513    0.9390    0.6039  -0.306    5
59838.269    0.613637894297   -0.806598001191    0.4875    0.4730   0.382   10
59845.271    0.689706428368    0.442299598546    0.8885    0.4431  -0.022   11
59849.208   -0.595662465955   -0.897897602670    0.2730    0.3807   0.453   16
59852.269    0.257647806240    1.150599602795    0.6554    0.6065   0.524    5
59873.271   15.667604349840    3.531599998041    9.6531    2.7429   0.988    4
59879.272    0.023968215145   -0.572799599752    0.5348    0.4755   0.351    7
59887.271   -1.089722104230   -0.199997995765    1.4497    0.4361   0.259    4
59891.208   -1.044264779879    0.121500006856    0.3124    0.3035   0.059   13
59893.268   -1.604236010236    0.000000000000    0.9590    0.7333   0.237    3
59908.269    1.054293510635   -0.448700392042    1.2569    0.7913   0.561    3
59913.207    0.989947997017    0.727999203320    0.6580    0.5940   0.216    3
59915.271    3.221364402020    1.347901208248    3.4980    1.6079   0.932    3
59919.208   -0.123351557972    0.557499608078    0.8308    0.8841   0.424    3
59922.269    1.547052644516    0.544399200919    2.0487    0.7600   0.700    4
59928.270   -0.033996857050    0.042800400024    0.8763    0.4029   0.522   10
59935.272    6.671068925871    1.315101602017    4.7382    1.2081   0.961    7
59949.268   16.511273545899    4.714902004821   13.9471    3.6767   0.989    4
59954.206    1.617259623935    0.797400008423    0.9173    0.5011   0.696    9
59957.271   -0.348434154857    1.175799604880    0.6656    0.4349   0.304    8
59961.208   -0.207107257394   -0.215600401532    0.5162    0.6029   0.500    3
59964.269    0.372661902238   -0.605998796743    1.0205    0.7024   0.474    4
59971.271   -0.642682847853   -0.295199998845    0.7155    0.5099   0.187    3
59978.269    0.704033567378   -0.735199191126    0.6554    0.5361  -0.088    9
59985.271   -0.574820454754    0.594100806950    0.6086    0.4870   0.096    4
59990.227    0.540301601167    0.247899608041    0.5778    0.5365   0.062   11
59996.206   -3.923706700616   -0.324899991710    3.9240    1.0141   0.942    5
60055.271   -1.165662427067    0.186602400731    1.0537    0.3904  -0.152    6
60061.250    7.336288252323    1.127599198014    1.7054    0.5886   0.631    5
60082.248    0.525974462157    0.202201199784    0.5561    0.5323   0.355   12
60167.271    0.621581482117   -0.162298795203    0.8488    0.6247  -0.068    6
60202.270   -1.860189437928   -5.987498394688    1.3654    0.8803  -0.118    3
60230.251    2.771330351549  -13.997599201332    0.4052    1.1497  -0.911    8
60230.270    0.011332344917    1.053302405296    1.7381    0.5944   0.334    6
