%-----------------------------------------------------------------------------
%                R.A. (mas)        Dec. (mas)        Err. (mas)     Corr. Del.
% Uncertainty in R.A. is in R.A. cos(Dec.)!!!!
%-----------------------------------------------------------------------------
47023.246   -0.163164473351    0.667497596396    1.2987    1.6506  -0.230    7
47285.178    2.246424938258    4.599799197536    0.7688    3.0808   0.138   18
47919.244   -2.421253472678    2.954800794441    1.1686    1.9667  -0.194   11
48509.247    1.888952740066    4.583098802868    1.3150    4.5002   0.803   12
49063.083   -1.527279175941   -0.808300805488    0.8764    0.9781   0.047   17
50242.333   -0.270931379128   -0.628700394145    0.1760    0.3307   0.195   90
50448.254   -0.527169831370    0.436399204773    0.4255    0.5333  -0.420    9
50459.832   -0.064262680407    0.204897602885    0.1499    0.1588  -0.054  192
51288.208    0.621293634629   -0.041101202441    0.4888    0.6804   0.035   30
51351.086   -0.287261414672    0.635000404259    0.1506    0.4011  -0.080  223
52212.082   -0.738154775261    1.036000801946    0.1728    0.2769  -0.671   87
53150.205    0.118613446749    0.068198400527    0.1722    0.2409   0.054   23
53297.204    0.037088490579    0.704898002368    0.2517    0.2765   0.110   16
53486.206   -0.383596563652   -0.918399589978    0.2290    0.3815   0.121   33
53642.248   -0.099134256327    0.068997607627    0.1918    0.2399  -0.460   97
53822.207    0.017844468453   -0.001501186375    0.1167    0.1987   0.380   30
53984.210    0.011431597686   -0.270601205443    0.2091    0.2692   0.249   34
54158.207    0.010146764135   -0.003801605430    0.1196    0.1414  -0.027   70
54314.250   -1.298332179449   -0.856101596014    0.4980    0.5159  -0.133   21
54579.209   -0.645433389701   -0.321800391134    0.2312    0.2537  -0.080   23
54608.250   -0.081524956170   -0.611200792378    0.1963    0.3702   0.095   17
54754.208    0.334382108376   -0.506502001940    0.1889    0.4157  -0.144   18
54858.209   -0.020758455035    0.350697595763    0.2712    0.3452  -0.214  121
54963.208   -0.112197871070    0.083498392200    0.1550    0.2002   0.382   38
54978.208   -0.042101807672    0.131598002895    0.2935    0.3302   0.498  109
54998.206    1.278155917103    1.916200804430    0.2046    0.2283   0.132   43
55131.208    0.226147889144    0.107499596425    0.1680    0.1712   0.285   73
55154.248    0.367971714770   -0.151801208403    0.0746    0.1135   0.005  147
55159.208    0.037555963145    0.082497592757    0.1330    0.3150  -0.219  151
55229.208    0.674477151569    0.312199213681    0.1907    0.2111   0.197  218
55245.228    0.204104600558    0.005500803013    0.1578    0.3061  -0.367   91
55404.207   -0.094820875183   -0.453599986372    0.3370    0.2353  -0.299   22
55414.269    0.005016022006   -0.338101207831    0.2909    0.3150  -0.176   26
55425.209    0.665030164271    0.077400000009    0.2868    0.5511   0.453   50
55439.209    0.263468683993    0.150998394588    0.2211    0.2533  -0.061  107
55491.293    0.224515872087    0.732798014269    0.4530    0.4189  -0.347   10
55516.207    0.170864882581    0.087598792220    0.1360    0.1996  -0.108   49
55560.271    0.091207111764   -0.956599203050    0.3466    0.6806   0.324   28
55614.207    0.243992357597   -0.199799984557    0.1194    0.1485   0.008  175
55615.230   -0.129924755374   -0.014400001191    0.1786    0.1519   0.126   38
55659.272    1.648691570925   -1.276401602013    0.6438    0.5635  -0.400   46
55713.208   -0.181476414369    0.748198814904    0.2395    0.3352   0.274   22
55755.230    0.099604433806    0.211798808891    0.1364    0.1997   0.194   83
55775.209    0.072895011632   -0.277999191667    0.1816    0.2886  -0.002   57
55785.268    0.336363854738   -0.209300404208    0.3256    0.4368  -0.030   54
55790.207   -0.732906448984   -0.285501593567    0.3488    0.4632  -0.140   57
55803.206   -0.061580998094    0.005097592748    0.1833    0.1831  -0.230   93
55859.206    0.244224661867   -0.319701590001    0.1393    0.1938   0.083   81
55868.209    0.040937263182   -0.324201593571    0.0907    0.1780  -0.034  150
55895.231   -0.250522812511    0.104799599399    0.2136    0.3172   0.076  104
55902.229   -0.169230319724    0.450597613622    0.1225    0.1705   0.075   94
56062.208    0.200723300521   -0.162000000614    0.1746    0.1797   0.266   51
56069.206    0.200023523684    0.054100800639    0.1596    0.2029   0.407  129
56077.209    0.085141265390   -0.512999997682    0.1202    0.3022  -0.172  114
56146.208   -0.232678344059   -0.252799202372    0.1955    0.3094  -0.395  190
56223.207    0.014230705033    0.156200403012    0.1562    0.3246  -0.034   37
56258.205    0.348260220077    0.150598791038    0.0887    0.1515   0.288  249
56259.228    0.015395249524   -0.006901206007    0.0971    0.1418   0.027   54
56303.270   -0.150918378705   -0.168400794109    0.2248    0.2713   0.241   66
56310.271   -0.145905061612    0.610797607692    0.3039    0.4304   0.297   60
56316.583  -17.802393534987   -0.906400791223   17.4593   14.5025   0.933    3
56322.230    0.244109941744   -1.080799194142    0.1038    0.1494  -0.136  102
56345.270   -0.511892165994    0.197899194632    0.6239    0.6031   0.381    8
56406.230   -0.103682805767   -2.828800796806    1.2569    3.3245  -0.865    9
56412.209    0.091906888601    0.254098796404    0.1949    0.1965  -0.151   30
56468.206    0.798921276396   -0.185900395877    0.3025    0.2916  -0.230   47
56476.270    0.248308602766   -0.646199995913    0.5140    0.7198  -0.556   12
56482.206   -0.365752095199   -0.013201190541    0.2226    0.2383   0.085   13
56560.208   -0.433048892136   -0.039499207105    0.2938    0.4702  -0.367   22
56566.206    0.377883469721    0.386499613114    0.2774    0.2906  -0.205   12
56609.207   -0.103568085644    0.356399991119    0.1452    0.1754  -0.174   29
56643.208    0.046071028448   -0.276001199495    0.0953    0.1231  -0.055  111
56686.209   -0.197221711424    0.098398805903    0.2014    0.1624  -0.466   31
56723.271    0.218917657392    0.141598809478    0.1708    0.1641   0.141   46
56841.272   -0.128525201701   -0.011599195204    0.2651    0.3440   0.289   10
56874.206    0.062865831646   -2.345500791989    0.9448    0.7689  -0.429   14
56877.271    0.157568963568    0.055097993368    0.3532    0.4187   0.132   12
56926.269   -1.347434619515    1.115899206638    0.2171    0.2575  -0.003   18
56930.207    0.398062436981    1.125698395299    0.1671    0.2304   0.019   34
56972.207    0.605198608269   -1.810299596627    0.2833    0.5597   0.153   91
57015.270   -0.090504470902   -1.033401588302    0.1040    0.1611  -0.073   90
57046.458   -0.032304931956    0.006800397045    0.2333    0.2957  -0.514   45
57105.209   -0.080825179333   -0.152200786374    0.1262    0.2224   0.165   88
57112.207    1.086414995338    1.083700809090    0.1616    0.1571   0.024   92
57189.209   -1.495903620179    3.003098390764    0.2673    0.4817  -0.054  116
57210.207   -0.507925809244   -0.995202000809    0.1261    0.1405  -0.368  187
57224.207   -0.764164420598    0.788400001284    0.0962    0.1069  -0.060  214
57337.227    0.726611162365    0.713998792889    1.1801    0.8810  -0.110    5
57343.209    1.117323078533    0.149400005967    0.1225    0.1342   0.702  325
57398.771   -1.641458793373    0.502999191099    0.4822    0.4831  -0.585    6
57540.207   -2.324098257801    9.063500414186    0.3197    0.9379  -0.752  193
57547.209   -0.133073751140    0.014400001191    0.3181    0.4130  -0.733  132
57562.250   -0.319451467393    0.385199993502    0.2702    0.5177   0.062  115
57563.269    1.390706381504    2.739797994877    0.1560    0.2252   0.132   90
57577.269   -4.654029898592    0.508698005319    0.2920    0.2776  -0.092   31
57605.269   -5.083582611456   -2.882501993895    0.2955    0.3467   0.171   60
57609.206   -0.356190228666    0.083599201162    0.1478    0.1973  -0.324  207
57708.229    0.365987104382   -0.709801190624    0.3950    0.7199  -0.395   24
57716.999   -0.041287310713   -0.232200000028    0.3909    0.5651   0.304  186
57787.269 1295.618792854845  718.461698403416    0.1064    0.1376   0.385   56
57794.271   -0.465706417423   -2.021400007379    0.1198    0.1436   0.145   39
57804.381   -0.114647089999   -0.197301605454    0.2242    0.2587  -0.470   36
57809.367    0.138207357294   -0.071899196996    0.1215    0.1612   0.032  135
57839.792    0.214251523805   -0.914601591262    0.1917    0.2552  -0.498   45
57863.227   -1.000224064693    0.577900812004    0.3504    0.3927  -0.019   31
57877.227   -0.285394388432    0.042098395170    0.2526    0.4209   0.147  263
57889.002   -5.943617413380    0.740397592836    0.2817    0.2510  -0.471  214
57939.228    0.551079987084   -2.196899993123    0.3244    0.5767  -0.291   88
57946.230  -21.101758582312  -22.543902002781    0.2399    0.6869  -0.334   57
57989.249    1.165140685049   -2.338401600355    2.8172    1.6738  -0.087    9
58003.231   -0.160250645880   -0.119502001894    0.1831    0.1767  -0.309  282
58004.268   -1.387322217442    0.423298797614    0.0806    0.0926  -0.120  178
58010.247   -0.052248730919    2.494598396652    0.5816    1.4412  -0.440   82
58023.228   -0.720310306808   -0.713800807262    0.4891    0.5473  -0.176   19
58074.272    0.268484705999   -0.503899207160    0.1406    0.1492  -0.053  118
58081.000   -0.131209588925   -0.335001607255    0.3269    0.7158   0.213  139
58085.500   -0.984361342603   -0.049302002481    0.1120    0.1347   0.297   81
58086.500    0.521806625858    0.297799212490    0.0771    0.0823  -0.221  126
58087.498   -0.005948262226    0.000000000000    0.0932    0.0933  -0.014   95
58088.498    0.732791569749    0.029699992865    0.0668    0.0742   0.008  195
58089.499   -0.364470125673   -0.563601594195    0.0792    0.0980   0.022  135
58090.500    3.983639233722    2.763399595551    0.1225    0.1478   0.128   38
58091.453   -0.031022803318    0.160498814239    0.0265    0.0328   0.051  141
58091.497    1.393387904703   -0.160002008442    0.1156    0.0910  -0.164   77
58092.454   -1.118837511442   -0.823802389505    0.2900    0.3014  -0.466   74
58092.498   -1.750860262008   -0.934999201263    0.0729    0.0801  -0.039  191
58093.451   -0.676573777166    3.180297599670    0.4839    0.5966  -0.751   63
58093.499    1.703624689069   -1.770300002590    0.0891    0.0867  -0.043   93
58094.452    0.053650989506    0.279597605868    0.1623    0.1911  -0.447   77
58094.496    0.479587234038   -0.134099988713    0.0675    0.0790   0.053  159
58095.478   -0.237926670335    1.645898393576    0.2861    0.5110  -0.738  103
58095.500    1.626766025599   -0.487000801286    0.0823    0.1212  -0.189  161
58096.497   -0.789706593369    0.427600815556    0.1001    0.1117  -0.139   52
58097.498    0.839041337705    0.967600809076    0.0825    0.1039   0.051  104
58098.499   -3.108441645657   -2.154902406915    0.0935    0.0825  -0.076  113
58099.500   -0.359453944555    2.442297602556    0.0778    0.1077  -0.160  150
58109.000   -0.498361237798   -2.077099196640    0.5032    1.0730   0.376   60
58246.082    0.136925387768    0.036698401118    0.1464    0.3243  -0.105   92
58254.227   -0.948090053896    2.336097600164    0.2844    0.4018  -0.306   21
58258.146    0.259155302850   -1.387501185945    0.1656    0.2843   0.075  126
58272.782   -0.121412554097    0.368600407796    0.1482    0.1662  -0.013   85
58277.271   -1.801709280141    1.348999197148    0.1802    0.1566  -0.046   86
58298.269    0.234662795334   -0.232502401332    0.2052    0.1648  -0.018   89
58337.208   -0.782241193321   -0.725500785848    0.2109    0.3463  -0.021   49
58366.227    0.075576693944    4.799397615329    0.5409    0.6796   0.300   86
58372.206   -1.646357231231    0.841197601176    0.3873    0.6921   0.005   16
58417.271    0.176580681424   -0.163900790540    0.2977    0.3166  -0.172   56
58422.271   -0.139489485932    0.854600409639    1.1625    1.7019   0.520    5
58436.227   -0.191273449198   -0.491702397198    0.4147    0.7728  -0.026   15
58491.208    0.551429875502   -0.153701998329    0.3860    0.3448   0.253   21
58491.249    0.089922278213    0.040697992176    0.0437    0.0642  -0.009   95
58506.249   -0.334729291881    0.447300001838    0.0369    0.0464   0.202   36
58519.249   -0.398409620486    0.020498393383    0.0236    0.0381   0.002   64
58534.249   -0.438879570214   -0.236001605458    0.0460    0.0488  -0.116  118
58547.249   -0.274430263313    0.451699196446    0.0460    0.0371   0.279  100
58561.249    0.000000000000   -0.524599192886    0.0402    0.1018   0.881   67
58575.249   -0.372167670879    0.022197590965    0.0876    0.0870   0.220   90
58589.249   -0.562509038969   -0.364899585747    0.2081    0.2637   0.548   42
58603.249   -1.096444334438   -2.685902393296    0.2530    0.4136   0.233   41
58617.249    0.274083079807   -0.435902398976    0.1381    0.2562   0.070   46
58646.250   -0.185207761937    3.554697605068    0.2908    0.7371   0.107   15
58659.249    0.134943482293   -1.909900794317    0.2910    0.5135  -0.007   24
58673.209    2.169798579059    0.871300804306    0.3080    0.2857  -0.032   14
58687.249    0.093656330693   -0.323200794128    0.2958    0.3673  -0.270   34
58701.209    0.275250329210    0.639698393456    0.1397    0.4152   0.114  215
58701.249    2.117782152410    1.300399199522    0.0935    0.0741   0.090   76
58715.209    0.480519474258   -0.838699196493    0.1552    0.1716   0.108  308
58715.249    4.849154825305   -5.517702007296    0.2043    0.1967  -0.068  271
58732.248   -1.449135678919   -0.277502385870    0.3230    0.1845  -0.615   32
58743.249   -0.241190545336    0.846899996532    0.0766    0.1466  -0.220   33
58744.228  -22.075743561423   -8.903501986879    1.4238    0.7039   0.054    6
58757.249   -0.113829729014   -0.120002388826    0.2769    0.2697  -0.063  213
58765.208   -0.235709755677   -1.932501595547    0.3186    0.4248  -0.182  146
58785.249    0.288660968346   -0.262601997747    0.0884    0.2426  -0.055  123
58802.248   -0.004663428675    1.043499597131    0.0162    0.0286   0.229  119
58834.083    0.364005358020   -0.237700803041    0.2377    0.2428   0.285   35
58876.207    0.031607860032    0.238697995769    0.0868    0.1099  -0.093  311
58904.208    3.039397952428    1.165100400158    0.2190    0.1389  -0.192  157
58905.227   -0.020058678198   -1.525100404365    0.6793    4.6505   0.562    7
58918.208    0.147771928740    0.334699205951    0.1832    0.2074   0.067  110
58954.207    0.134126280421   -0.013301999502    0.0640    0.0837  -0.013  376
58956.270   -0.372050086731   -0.147301204834    0.1370    0.1407  -0.158  163
58977.272    0.212034609146   -0.281699988136    0.1389    0.1558   0.041   92
58981.210    0.013880816615   -0.046101592943    0.1582    0.1709   0.105  165
58984.270   -0.027406334986    0.172598396375    0.1549    0.1683  -0.025  141
59038.229    0.131909365762   -0.130899604756    0.1515    0.1961   0.480  396
59081.252    0.169582913055   -0.283802395984    0.1217    0.1380  -0.193  222
59186.250   -0.044786194897    1.578999612661    0.3547    1.3134  -0.029   30
59194.271    0.015045361105    0.271098011240    0.2686    0.3438   0.140  115
59205.206    1.851046888503    0.801500408443    0.4235    0.3578  -0.051   75
59242.250   -0.403075754074    0.255200404808    0.1149    0.1515  -0.223  265
59311.209    0.096455438040   -0.196199997049    0.1897    0.3342   0.194   92
59369.269   -0.317234552734   -0.101599189861    0.4044    0.3897   0.018   33
59380.209   -1.074401204964    0.338097601116    0.5021    0.3009  -0.195   20
59425.251    0.135993306661   -0.639302396621    0.1995    0.2753   0.768   39
59452.251    0.580121044039   -1.549900790110    0.3670    0.8715  -0.482   49
59453.270    0.663395442301   -0.349099207142    0.3588    0.3181  -0.039   27
59460.271    0.122229915081    0.336297594572    0.1366    0.1747   0.012   43
59494.251    0.373569929465    0.881697607724    0.4241    0.7892  -0.111   35
59499.189    1.826554380987    0.512999997682    1.1260    0.5015   0.364   12
59502.272   -0.575804957982    0.149597991594    0.2135    0.1979  -0.130   43
59521.210   -0.491598478613    0.597898792876    1.6542    0.6574   0.593    6
59537.270    0.297758226338   -0.055799998222    0.1048    0.1662  -0.026   66
59542.248   -0.114414785728   -0.456699586948    0.0706    0.1307   0.164   66
59544.272   -0.442845926965   -0.322700407196    0.3456    0.3339  -0.168   72
59571.271    0.583737512371    0.317699991115    0.2881    0.4677   0.745   40
59578.269    0.677976194865    0.135000004775    0.4853    0.4933  -0.321   16
59594.585    0.394563552796   -0.274100409570    1.0818    0.8242  -0.142    7
59600.250    0.089572389794   -0.121802395370    0.0292    0.0448  -0.213  157
59625.207    0.158501044676    0.494697607678    0.1621    0.1473  -0.116  191
59656.250    0.154187663532   -0.068299209488    0.0340    0.0582  -0.277  158
59674.209    0.209003038416    0.616899606598    0.1267    0.1519   0.043   78
59681.208    0.333797051661   -0.367901984077    0.1110    0.1409   0.000  121
59719.248    0.127710545628    0.151099203549    0.1170    0.1874   0.025  385
59723.208   -0.303588904416   -0.190501208408    0.1294    0.1643   0.089  144
59730.082    1.320727902254   -1.029999586422    1.2106    0.7366   0.182   14
59766.230    0.896773404084    1.471600799618    0.2482    0.3450   0.698  315
59774.251    1.144846997667    0.766400395946    1.7437    1.0106  -0.204    5
59775.248    0.943426625222   -0.151401604853    0.1089    0.0991   0.450   51
59837.250   -0.938175594032   -1.904299207922    0.3916    0.9573  -0.140   49
59842.210   -0.247256232598   -0.538300795938    0.1742    0.1691   0.264   85
59921.250   -0.140656735336    0.088898411832    0.2368    0.2778   0.353   67
60019.268   -0.335778957137   -0.335199592882    0.2808    0.3313   0.052   17
60160.269   -0.339045537050    0.591598808342    0.1910    0.1946  -0.067   86
60167.271    0.730110046550   -0.117399594046    0.1906    0.2105   0.073   72
60181.271   -0.804516786178    0.298900795315    0.2763    0.2653  -0.066   31
60185.209   -1.243981253994    0.117799197596    0.4081    0.3081  -0.137   88
60188.269   -0.492998032286    0.547398005324    0.2741    0.2679   0.062   33
60230.270    0.284579891472    0.391798798205    0.1397    0.1830   0.165  157
