%-----------------------------------------------------------------------------
%                R.A. (mas)        Dec. (mas)        Err. (mas)     Corr. Del.
% Uncertainty in R.A. is in R.A. cos(Dec.)!!!!
%-----------------------------------------------------------------------------
49547.332    0.427381019310   -0.369997204075    0.3601    0.4073  -0.177   29
49750.334   -0.378220908025   -0.063097201064    0.3236    0.6064  -0.217   36
50177.333   -0.723602790559   -0.083199597611    0.3425    0.5683   0.006   39
50305.832    0.200796645009   -0.035697601675    0.3948    0.5052   0.260   71
51157.708   -0.166798632294   -0.060098383869    0.9875    1.3068   0.308    4
51169.166   -0.067704170417    0.513302398986    0.0909    0.1288  -0.403  195
53201.256   -0.186598919735    0.063403209083    0.1122    0.1458  -0.090  145
53304.224   -0.037957226921    0.079502407857    0.2223    0.2829   0.051   16
53549.208   -0.152600775256   -0.202996787380    0.1753    0.2322   0.102   21
53654.206   -0.050416471357    0.112100408955    0.2294    0.2628  -0.136   16
53886.206   -0.453651001130   -0.274298395198    0.1301    0.2035   0.007   36
54004.207    0.145357105098   -0.097199995253    0.1839    0.2377   0.045   52
54223.207   -0.373390213430   -0.076798804116    0.2015    0.2863  -0.023   49
54440.250    0.007243801922   -0.568497594600    0.1500    0.2168  -0.137  179
54473.206   -0.083640376530    0.601801207267    0.1326    0.1705   0.140   40
54803.228   -0.040854694985    0.510703210921    0.3706    0.3922   0.077   12
54901.206    0.118507629665    0.545500796534    0.1166    0.2496   0.353   30
55154.248    0.088663445084   -0.075697195712    0.0813    0.0962   0.070  246
55390.207   -0.234407669835   -0.152398797582    0.1465    0.1729  -0.331   50
55460.207   -0.135700327612   -1.012298392311    0.4816    1.3330   0.619    3
55537.209    0.205045606021   -0.108799190457    0.1220    0.1486   0.088   30
55582.270    0.031485424335   -0.388299594078    0.3110    0.4532   0.013   50
55796.208    0.163129164895    0.261601198304    0.3080    0.3642   0.347   29
55873.206   -0.393867499094    0.055900807183    0.2702    0.2549  -0.376   38
55876.270   -0.657732233856   -0.225597588610    0.5303    0.5445  -0.065   19
56037.269   -0.012169497630   -0.374799583369    0.1728    0.2272   0.025   27
56104.208    0.424483551246   -0.114397195716    0.2566    0.2485   0.571   30
56167.207    0.348858844211    1.126900812665    0.2433    0.3869   0.439   78
56230.209    0.069637265186   -0.460299600036    0.1897    0.1799   0.179   36
56295.209    0.025110862832    0.019400417273    0.2751    0.2324  -0.289   44
56300.209    0.184473319244    0.210402012613    0.1823    0.2395  -0.432   42
56373.270   -0.244548939820   -0.033098388030    0.1871    0.2565  -0.057   60
56392.230    0.198960791325    0.442501203679    0.1797    0.2096   0.056   43
56569.270    0.157141723045    1.040803206820    0.4438    0.5883  -0.041   10
56657.208    0.030423678193    0.663299994130    0.2784    0.3972   0.094   15
56748.206    0.000000000000    0.314902817422    0.1690    0.3643   0.134    7
56905.271    0.105856011269    0.056502003076    0.7005    0.5187   0.482    6
57046.458   -0.566171188945    0.459899996486    0.2301    0.4003   0.279   36
57052.270   -0.250151501988    0.212101210195    0.1995    0.2082  -0.047   25
57059.271   -0.491415722328   -0.195998404706    0.3322    0.2637   0.692   52
57073.271    0.277677712117    0.040201211959    0.1746    0.1840  -0.003   28
57080.273   -1.007267944526   -1.487498406050    0.4872    1.5366  -0.371    6
57087.271    0.585584488497   -1.118098791153    0.9994    1.1671  -0.898    6
57094.270   -0.431437606362    0.000000000000    0.5634    1.4126   0.709    4
57101.271    3.615016740153    2.241201605102    8.5775    0.6708   0.064    3
57108.270   -0.469684580089   -0.787899588772    0.4171    0.4168   0.595   13
57114.274    0.019413299552   -0.031197598105    0.2262    0.2148   0.211   32
57122.270    0.032839025490    0.372700807816    0.1573    0.2091   0.369   23
57129.272    0.069057771573    0.137800810762    0.1991    0.2172   0.094   23
57199.272   -0.621705861733   -0.040197605244    0.1879    0.2136   0.186   50
57205.269    0.320945514428    0.121903204331    0.2337    0.2915   0.218   30
57213.272    1.543787322851    6.612202804490    0.3820    0.4119   0.696   12
57220.270   -0.386623697172    9.588801611926    0.2336    0.3810  -0.011   17
57227.272   -0.055824419594    0.234500393503    0.2699    0.3571   0.060   36
57518.208    0.247736154690   -0.813599990579    0.5584    0.4675   0.332    4
57588.208    2.591812589515   -2.835899988440    0.4320    0.5887   0.035   12
57666.207   -0.038729094493   -0.423000003025    0.3550    0.3826  -0.068   11
57728.208    1.454834130960   -0.852998388723    0.2471    0.1747  -0.007   10
57791.207    0.064903943438   -0.327499205355    0.3798    0.2920  -0.417    4
57839.792    1.487383409644   -1.106798390538    0.3594    0.3534  -0.590   28
57943.713    0.004056455289    0.187901994764    0.1501    0.1753  -0.174   90
57970.691    0.906337628965    0.342000015507    0.2277    0.3088   0.621   45
58018.268    1.939393171020  -17.724898796700    0.2189    0.3840  -0.195   14
58115.209   -1.516261112721   -2.068599602012    0.4379    0.4562  -0.024    9
58183.208   -1.885209991180    0.345502800769    0.3603    0.4503  -0.446   18
58247.207    0.129807886875   -0.049697999316    0.1925    0.2655  -0.320   32
58309.208   -0.097548354998    0.510703210921    0.2840    0.3892  -0.200   12
58375.271   -0.346251122954    3.818602803562    0.4244    0.5476   0.146   40
58442.206    4.312539682881    5.565402014440    0.6072    0.8108   0.857   11
58466.269    0.073788853351    0.186400808388    0.3503    0.4232   0.229   15
58540.207    0.218084344070    0.145303212662    0.1040    0.1193   0.038   66
58543.271    0.792852936092    0.531403196646    0.3340    0.2517  -0.105   26
58638.207   -0.018446686286   -0.123998398749    0.1274    0.1467  -0.001   79
58757.209   -0.232187068231    1.269201601417    0.3585    0.6251   0.142   10
58767.272    0.839695072926    0.099302403100    0.1631    0.1560  -0.015   68
59102.228   -0.244741313780    0.802101604336    0.2426    0.2747   0.088   49
59186.250   -0.463212645740   -0.041698791620    0.2776    1.1329  -0.114   18
59256.250    0.518265197761   -0.041997586209    2.0870    2.3141   0.632   39
59340.250   -1.265434984245    1.800802809271    0.6023    1.1954   0.418   52
59389.249   -0.924204689875   -0.656298004742    0.3828    0.5305   0.221   63
59452.251    0.971144199556   -0.776296786853    0.3400    0.7509  -0.477   33
59480.083   -0.672122333090    0.006501602456    0.2509    0.3070   0.139   44
59541.185   -0.298442372854   -0.250099205346    0.2123    0.3774  -0.429   53
59592.251   -0.394831740626   -0.068097591566    0.1545    0.2768   0.080  163
59662.251   -1.008137184945    0.682603209157    0.3932    0.6809  -0.271   35
59711.249    0.448435426853    0.750402006133    0.1811    0.4424  -0.278   60
59760.248    0.930966371031    0.733600802505    0.5182    1.0300   0.299   30
59802.251   -0.021344154349    1.938301218729    0.1822    0.6903   0.451   41
60026.248    0.355812899326   -0.652996786243    0.2349    0.6223  -0.129   41
60075.250    0.555932677876   -0.428399997077    0.3565    0.7303   0.404   88
60173.250   -0.323842982492    0.339800405413    0.3565    0.4555  -0.063   23
