%-----------------------------------------------------------------------------
%                R.A. (mas)        Dec. (mas)        Err. (mas)     Corr. Del.
% Uncertainty in R.A. is in R.A. cos(Dec.)!!!!
%-----------------------------------------------------------------------------
47931.082   -0.253623273547    1.500300018620    0.7597    1.9646  -0.190   14
47934.253   -0.186263612756   -3.049199983707    0.7051    2.0971  -0.039   16
48754.257    0.659831870842    1.390100399590    0.6637    1.7578   0.625   15
49121.421   -0.590104051676   -3.217499994435    0.7225    1.9679   0.553   18
49533.343    1.014390041423   -0.321199195241    0.9176    0.5276   0.309    9
50242.333    0.168080231565   -0.788198383361    0.2271    0.3458   0.022   82
50305.832    0.776476148751    0.292701619742    0.4111    0.5447   0.223   55
50458.831    0.910981144072   -0.305099996467    0.2008    0.1759  -0.033  128
50849.335    0.230597586864   -1.572998397137    1.1991    1.1099   0.451    4
51939.084   -0.516502358757   -0.438699598249    0.8567    0.4862  -0.319    3
52809.248    0.193042781725    0.067500002388    0.1281    0.1450   0.308  165
53276.205   -0.681783137047    1.054501203157    0.2947    0.3890   0.143   18
53341.249    0.227800775967    0.278002798382    0.0742    0.0919  -0.186  197
53612.206    0.000000000000    0.454201207845    0.1944    0.3182   0.140   32
53620.205    0.859008053577    0.069400817893    0.4199    0.5827  -0.101   15
53851.229   -0.371881751152    0.543103200812    0.1134    0.1629  -0.328  128
53955.205   -0.533503128748    0.059101216721    0.2882    0.3906  -0.130   25
54193.209   -0.060794964881    0.094402821560    0.1051    0.1285   0.312   78
54291.206    0.021951413004   -0.160199994070    0.1618    0.2216   0.074   20
54489.248   -0.172811410358    0.000000000000    0.1395    0.1369   0.010  184
54634.209   -0.038414899357    0.000201617922    0.1408    0.2269   0.436   45
54894.230    0.331961283217   -0.023997597509    0.3829    0.4556  -0.155   18
55096.206   -0.273852149333   -0.100897185007    0.1803    0.1989   0.146   40
55168.252   -0.126220257774   -0.219797991008    0.1697    0.1724   0.191  254
57904.690    0.285690445633    0.174902422145    0.1559    0.1631   0.071  133
58922.379    0.330238746000   -0.326797200501    0.2605    0.9521  -0.420   80
