%-----------------------------------------------------------------------------
%                R.A. (mas)        Dec. (mas)        Err. (mas)     Corr. Del.
% Uncertainty in R.A. is in R.A. cos(Dec.)!!!!
%-----------------------------------------------------------------------------
48194.245    2.449470239906    3.885199183173    1.0370    2.2175   0.267   15
48195.337    1.615126785505    0.040798801137    1.3616    4.1533   0.392   11
48357.336   -1.022292809017    0.120599978004    1.1112    1.9590   0.451    3
48358.417    0.649950572304   -2.196799209742    1.0508    1.6143   0.504    6
48371.249    0.224697463334    0.712799982239    1.1688    1.7321   0.159    4
48406.261    0.520090219837    1.883599196617    0.8971    1.5748   0.259    7
49064.164    0.686484028277   -0.233899223190    0.7619    1.6400   0.206    9
49659.339   -0.483018808802   -2.567700011014    0.3427    1.1670   0.195   16
50242.333   -0.553931401119   -0.535802416834    0.2010    0.3254   0.107   81
50305.832    0.469763266744   -0.189500408965    0.3929    0.5155   0.223   56
50459.832   -0.364365534913   -0.027100804800    0.1444    0.1484   0.005  181
50849.335    0.028556901195   -1.083999603679    0.3730    0.6853  -0.204   18
50868.167    0.580116536514    0.066099599394    0.3638    0.4467  -0.263   22
51967.168   -0.020262189883   -0.379900808412    0.2475    0.7404   0.366   15
51981.080    0.230840207375    0.352997989239    0.0749    0.1060   0.180  348
52830.246   -0.022848755449    0.661899591137    0.0999    0.1507   0.105   86
53285.253    0.123826110977    0.211298396380    0.0903    0.1008   0.002  156
53367.226    0.644024980388   -0.021700810748    0.3434    0.3766  -0.108   17
53503.201    1.299688991244    3.231500392076    0.4166    0.7334   0.121   35
53552.287    1.356696937486   -0.046400413112    0.3289    0.5339   0.318   45
53560.315   -2.053855382085    0.931399188175    0.2845    0.4091  -0.086   89
53561.356    4.335635957876   -3.926599205784    0.3226    0.4408  -0.077   45
53572.467   -1.707162972108   -4.712000415452    0.3535    0.4565  -0.056   45
53654.206    0.686484028277   -0.170301609614    0.2203    0.2546  -0.227   24
53724.203    0.022631309279   -0.563900414363    0.3176    0.4723   0.126    8
54018.218   -0.016059259750    0.493599580409    0.1915    0.2228   0.027   36
54087.561    0.864302214441   -2.647101609909    0.3589    0.3548  -0.596   36
54088.207   -0.032007370544   -0.355201206048    0.1581    0.2314  -0.155   20
54383.209   -0.042999649355   -0.041400022610    0.1325    0.1922   0.101   18
54440.250    0.072743756651   -0.504000016122    0.1233    0.1921  -0.072  184
54566.250   -0.167904316859   -0.023299199370    0.1065    0.1881  -0.008   44
54601.248   -0.344752596069   -0.675702003150    0.2272    0.3903   0.832  147
54760.209    0.097097727712    0.205599582159    0.1426    0.2000  -0.339   61
54767.207   -0.100224747721    0.674999998296    0.2007    0.2920  -0.232   76
54774.209    0.313066028462   -0.181699212476    0.2334    0.2818   0.270   68
54802.209   -0.077702088016   -0.006699613664    0.1406    0.1619   0.550  323
54830.205    0.097097727712    0.192797995169    0.2644    0.3993   0.846  245
54837.207   -0.002048463482    0.192200380411    0.0846    0.1585  -0.198  197
54845.228   -0.046126669364    0.496699180985    0.2699    0.5155  -0.322   12
54914.209   -0.138374862307    0.426599990533    0.2189    0.2463  -0.354   72
54956.209    0.042135745571    0.105598780920    0.4129    0.5749   0.255  202
55026.206   -0.661377596432    0.108597598114    0.4278    0.2772   0.424   41
55089.208    0.113371640206    0.893699987614    0.1321    0.1994   0.181   60
55152.206    0.177062931954    0.118400393490    0.0821    0.1155   0.138  258
55154.248    0.161758926414    0.155199577989    0.0966    0.1437   0.038  182
55180.206    0.055499937203    0.379598381528    0.0864    0.0922   0.009  380
55216.209   -0.009484563817   -0.067399219006    0.1412    0.1445  -0.436  257
55271.208    0.891459903193    0.351298791657    0.1127    0.1997  -0.008   59
55321.229    0.297223920837    0.235497586232    0.1977    0.2942   0.192   65
55334.207    0.071127245061   -0.346100415527    0.1293    0.2239  -0.167   67
55371.250   -0.356282976964   -1.317002417522    0.2293    0.3421   0.275  222
55376.207    0.321365885558   -0.037900818484    0.1890    0.1346   0.183  268
55400.269    0.128135044280   -0.085302005459    0.2942    0.3177   0.114   67
55418.207   -0.530653340182    0.267497998152    0.2551    0.3230  -0.150   34
55428.269    0.219307327099   -0.413802010257    0.2993    0.4802  -0.079   16
55449.271   -0.566648988115    0.561200391758    0.3188    0.3602   0.087   33
55470.269   -0.453921306142   -3.769502419004    1.4791    3.0673   0.291   29
55482.206    0.063259192834    0.361497583867    0.1187    0.1658  -0.067  107
55524.268    0.087721813469   -0.428400022656    0.2660    0.4706   0.154   16
55568.270    1.592603978778   -1.532102419333    0.2488    0.5020   0.113   60
55615.230   -0.296794762371   -0.072000005957    0.1701    0.1315  -0.044   37
55698.207    0.144194304030    0.159299978009    0.2349    0.3154   0.503   62
55841.272    0.544446837302    0.385498788091    0.3351    0.3851  -0.166   22
55845.206    0.228253788831    0.588398398804    0.1904    0.4176   0.742   95
55869.269   -0.416311793022    1.146200395397    0.6951    2.6490   0.240    9
55904.270   -0.062074780159    0.473799585166    0.2244    0.3696   0.438   28
55951.227    0.007435953313    0.370799992311    0.1289    0.2079   0.068   25
56153.207    0.126089227202    0.207597599911    0.1464    0.2757   0.268   41
56177.273   -0.922608515739    0.363099579204    0.7735    0.7223  -0.441    8
56247.269   -0.154540125227   -0.058899598798    0.5730    0.6007  -0.373   23
56261.269   -0.283862522631    0.344199600022    0.2767    0.2790  -0.086   50
56342.209   -0.039443323857   -0.058899598798    0.1780    0.2036  -0.121   35
56405.207   -0.560829399370   -0.443502003122    0.2178    0.1919   0.056   28
56490.208    0.000000000000   -0.168400819689    0.2839    0.3659  -0.222    4
56555.270    0.294637502294    0.355298382715    0.3162    0.3923   0.526   15
56596.269    0.102917169435   -0.002401202437    0.9749    0.4600  -0.512    3
56603.249   -0.100871499380    0.008600378010    0.1275    0.1469  -0.230   31
56618.272   -0.229009190064   -0.595699208361    0.3306    0.3684  -0.073   37
56701.250    0.013793497120   -0.165402002494    0.0716    0.0693   0.003  248
56709.271    0.276103119978    0.538599590527    0.3772    0.5900  -0.144   21
56817.881    0.782291193121   -0.221799615474    0.1680    0.1629   0.180  118
56875.043   -0.319858023542   -0.191199606547    0.2504    0.2390  -0.022   64
56909.208   -0.113697588928    0.356399991119    0.1915    0.2331  -0.137   45
56916.207    0.120916243093    0.000000000000    0.1776    0.1881  -0.353   24
56982.269    0.434628876190   -0.543301212019    1.3452    0.9207   0.843    4
57031.271   -0.143333046650    0.165297586818    0.1838    0.2904  -0.239   28
57038.269   -0.484743969966    0.420897595177    0.1734    0.1510   0.170   98
57147.209   -3.930645185811   12.606199194920    0.2515    0.6269  -0.178   16
57266.207    7.247112708275   -0.764600414982    0.2025    0.1737  -0.063   28
57364.208  -12.844398985810  -21.473402409811    1.1957    1.8848   0.960    3
57430.270    1.800489574556    1.059300001316    0.2377    0.3196   0.319   12
57497.206   -0.204114617537   -0.649000801900    0.1377    0.1587  -0.088   82
57535.269    3.536100798285   -4.238600408257    0.4675    1.0004   0.180   20
57598.271   -1.474168151059    0.204299988127    0.3041    0.3217   0.070   20
57602.208    0.296685965775   -2.119201198525    0.3144    0.3994  -0.108   35
57660.250    0.742201264628   -1.759201219897    1.1492    1.1754  -0.205   58
57682.271   -0.549405168668    0.287200791149    0.2168    0.2771   0.047   16
57735.207    0.435169477656    1.013997589894    0.1345    0.1475   0.075   79
57736.229    0.637126982137   -1.414000820432    0.4590    0.4003  -0.059   15
57777.207 1211.489747288787 -520.401801600201    0.0920    0.1096   0.028   48
57914.628   -0.050653048838   -0.460501217958    0.1863    0.1507  -0.377  132
57920.301   -0.264249436765   -0.388400403040    0.1308    0.1402   0.037  117
57947.249   -0.277828281141   -0.649699200039    0.5643    0.4856   0.377   10
57990.272    0.371907638418   -2.937099600331    0.1160    0.1522   0.153  156
58039.270    0.375787266233    0.323200794128    0.1457    0.1405  -0.163  132
58200.272   -0.385380479624   -0.189702001308    0.1186    0.1545   0.105   42
58253.208   -0.561044052114   -0.223401610810    0.3218    0.1354   0.538  202
58272.782    0.019504289270    0.160199994070    0.1547    0.1646   0.035   78
58279.305   -0.175878372256    0.376397997570    0.1610    0.1918  -0.095   53
58301.297   -0.201960150885   -0.385300802463    0.1630    0.2192   0.210   43
58344.206    0.137834260841   -1.751400023409    0.3078    0.2927  -0.164   26
58431.271    0.900621164692    0.154900783400    0.8367    0.9976  -0.274   72
58501.271   -0.467608800092    0.322498789274    0.2288    0.3742   0.149   78
58514.248    0.139668071579    1.111100382900    0.2399    0.3531  -0.455   27
58585.271   -1.232550170595    0.466199981020    0.3376    0.1845  -0.210  340
58590.228   -0.084382787119   -0.133502399535    0.1654    0.1702   0.161   52
58655.271   -0.523755341931    0.508499994112    0.1596    0.2043   0.138   71
58697.271   -0.129969002040    0.624099581614    0.1793    0.1799   0.020   58
58778.211   -0.273410698264   -0.103701623289    0.2515    0.2920   0.269   12
58897.209    0.126089227202    0.129297583840    0.1366    0.1438  -0.164   94
58983.251    0.109383362817    0.487000801286    0.5369    0.4183   0.496   19
59025.251   -0.271900189844   -0.231800422057    0.3327    0.2364   0.043   25
59039.251   -0.341196270572    0.722998800029    0.6700    0.6599  -0.666   24
59102.228   -0.138160209563    0.883497588688    0.2653    0.2916   0.153   61
59173.269    0.521383429109    1.076299190572    0.3004    0.4656   0.208   11
59187.269    0.988774930053    1.606600778814    0.4070    0.4723   0.399   15
59201.269    0.380207495515   -0.053600413707    0.1851    0.2582   0.049   30
59236.271   -0.144949705262    0.686498384539    0.4051    0.4903  -0.101   12
59319.248   -0.252719055870   -0.376599615493    0.2839    0.4366   0.331   46
59389.249   -0.957093655253   -0.227401201869    0.3977    0.5994   0.257   55
59452.251    1.053436128755   -1.071500417993    0.3592    0.7979  -0.377   42
59480.083   -1.134156587207   -0.612601220951    0.2714    0.3450   0.205   53
59541.185   -0.111325823128    0.002897982654    0.2148    0.4421  -0.358   35
59563.228    7.192582678026  -10.191999615472    0.2452    0.4913  -0.253   55
59618.209   -0.763542158061    0.041500780412    0.2790    0.2436   0.237   38
59662.251   -1.458326190457    0.452300392340    0.4434    0.8342  -0.183   29
59704.251    0.701573381073   -0.471002411473    0.0894    0.0906   0.265  252
59760.248    0.500153978676    1.725299992472    0.7014    0.9996   0.207   23
59802.251   -0.193336844448    1.734400782993    0.1995    0.7810   0.444   41
59921.250   -0.542724322542    0.296697578506    0.2636    0.2621   0.249   55
60038.207   -0.608138129051   -0.741600010201    0.5504    0.3101  -0.047   34
60122.207   -0.329880542421   -0.376099202981    0.6600    0.8299  -0.320    6
