%-----------------------------------------------------------------------------
%                R.A. (mas)        Dec. (mas)        Err. (mas)     Corr. Del.
% Uncertainty in R.A. is in R.A. cos(Dec.)!!!!
%-----------------------------------------------------------------------------
47625.992    0.243732652944   -1.010300400139    0.8071    0.8043   0.068    3
48043.320   -4.336385425032   -0.686001629902    3.8519    3.4569   0.397    5
48161.906   -0.199572265166   -0.130201232196    1.9913    2.1554   0.039    6
48657.250    0.649808714303   -0.216302419176    0.4605    0.9896   0.462   15
48749.078   -0.390757506085    0.385999175023    0.2872    0.2985  -0.316    4
48768.089   -0.084588565307    0.246398383297    0.4950    0.9247   0.208    7
48782.253   -0.032138962109   -0.115002023904    0.4621    0.5289   0.003    9
48785.300    0.434385136656    0.000000000000    0.5987    0.6003   0.013    3
48865.304    0.348196844828   -0.172602028670    0.6352    0.5817  -0.275    8
49020.002    0.051140856284   -0.628902012068    0.5695    0.7201   0.384   15
49573.085   -0.090309025984    0.094996778444    0.3538    0.3248  -0.060    9
49692.084   -0.216780137801    0.243799195232    0.4404    0.5276  -0.171    8
50182.081    0.450914696148    0.425098778578    0.7847    0.9880  -0.105   13
51211.086   -0.909585784377   -2.564002795680    0.7902    2.1122   0.117    3
52388.228    1.049000925612    0.656798391674    0.7501    1.0828  -0.403    7
52522.238   -0.543793733378    1.799697594151    1.3373    2.1012   0.267   15
55432.207    0.054147072414    0.312397173730    0.4053    0.6032   0.313   15
55477.268    1.325163388009   -0.378701997761    0.4948    0.7878   0.072   14
55544.207   -0.014251652092    0.470296799904    0.3606    0.3438   0.320   10
55782.208   -1.632688822809   -0.665002824007    3.6222    3.8541  -0.054    4
55783.227    0.725284393508    1.602399595413    4.0122    4.1961   0.956    5
55896.253    1.330834977338   -0.591300039332    1.0959    2.1012   0.407    3
55943.170    0.128265067225    1.037797176195    1.3960    1.1855   0.007    4
56058.033   -0.576125800136    1.533398381071    2.2974    3.0369  -0.959    8
56070.233    0.699349844067    0.248799585734    0.8422    0.8525   0.519    4
56183.248   -1.265344726266    0.532497591621    0.9024    1.5236  -0.762   13
56306.834   -1.119143543808   -0.073202397743    1.7185    2.8904  -0.879   14
56421.245    0.318966356153    0.568799970324    0.7205    2.2441  -0.485    5
56538.187    0.582137108156   -1.098601222793    0.6628    1.0009  -0.856   47
56700.789   -0.575351000801   -0.353800828634    0.3548    0.4348  -0.294   25
56834.792    4.083685309657   -6.024301211482    0.4254    0.6345  -0.792   20
56901.794   -0.365502394026   -0.588002427548    0.4223    0.5846   0.459    5
56936.792    3.533250892595   -9.568900833301    0.5033    0.7862  -0.854   23
57050.231   -0.333654279261    3.035296788312    0.2948    0.4098  -0.097   16
57162.228   -0.059139158229   -1.412701226400    0.5735    0.7310  -0.836   34
57280.207   -0.326528453214    1.991699963355    0.1661    0.2859   0.076    4
57288.228    0.773662133898    2.790799169361    0.2776    0.3480  -0.458   31
57402.270    2.102945131823   -7.329502790299    0.3118    0.3818  -0.463    5
57485.251    6.424789247791   -5.076601206611    0.4045    0.6134  -0.847   36
57560.208    0.000000000000    1.363996761938    0.4678    0.8539  -0.089    3
57590.254   -0.463470135527   -1.273600821605    0.2859    0.3405  -0.445   18
57666.207   -0.099325425894   -0.717602438272    0.2940    0.3351   0.312   41
57716.294   -2.872971541664    6.497499600755    0.4169    0.5430  -0.825   33
57821.249   -2.548916481240   -0.926600415596    0.1684    0.2527   0.183   56
57828.250   -1.370438293813   -2.017799994292    0.1415    0.1440   0.135   97
57849.249   -0.482715129938   -0.765701997807    0.1385    0.1586   0.103   97
57883.228    0.272623422928    0.401497203484    0.2358    0.3655   0.023   10
57891.252   -1.338008484361    1.048798782222    0.2539    0.3649  -0.285   13
57912.251   -0.647191022081    0.265096770136    0.1286    0.1668  -0.078   77
57954.247   -0.334477949943    0.052200010714    0.1717    0.1821   0.199   90
57981.232    0.728676885066   -0.330400820303    0.8127    1.0918  -0.935   36
57982.247    0.313294766824    0.505699188125    0.1823    0.2201   0.176   94
58016.230    0.007756392081    0.013697996337    0.1515    0.1736   0.212   85
58030.230   -5.794080038094    2.133799159765    0.2701    0.5862  -0.716  119
58036.187    0.070773250362    0.004298385647    0.1932    0.2056   0.061   53
58080.996   -0.777248854343    0.999097176191    0.5666    0.7163  -0.853   38
58143.231   -0.111346851563   -5.273002796002    0.6676    1.2873   0.535   15
58199.246    1.336263400300    2.369599172880    0.4502    1.0084   0.632   28
58255.250   -0.259389670406   -0.649101610861    0.9099    0.9457   0.698   59
58290.248    0.193270109803    0.927298788156    0.3528    0.3175   0.056   23
58345.225    0.306992611461    2.119697978742    0.3223    0.5771   0.279   22
58388.226    1.554013822826   -2.045102417014    0.4062    0.6819   0.447   24
58428.206   -0.297588811883    0.005097592748    0.2281    0.4711   0.382   13
58499.226    1.190887078895   -3.917001635045    0.7684    0.8517   0.203   13
58532.913   -0.239806147676    0.359596793942    0.2299    0.5369   0.338   20
58570.249   -1.746120477124   -2.871302427820    0.5635    0.5802   0.804   29
58660.228    1.106734718471   -0.916902035897    0.2909    0.7300  -0.644   24
58669.271   -0.337192194490   -0.042300013092    0.2715    0.4470   0.121    9
58732.270    0.328466708055    0.587797177332    0.4128    0.5669   0.488    6
59023.206    0.363999285962    0.211197561839    0.1787    0.3844   0.095    8
59240.208    0.096271528788   -0.134402415597    0.2204    0.3561  -0.161   10
59248.229   -0.095738639317    0.371498390450    0.3037    0.4034   0.129   18
59339.228   -0.237819087619   -0.029502007237    0.3252    0.3989   0.659   45
59423.228    1.494002056435   -1.304002819325    2.3848    4.1316  -0.979   27
59445.230   -0.081196139881   -0.538603222822    0.9924    0.9976   0.152    4
59501.227    0.082601505251    0.316897177299    0.6969    0.7780  -0.257    6
59550.251    0.572878798381   -0.103802432250    0.3888    0.4431   0.052   18
59605.228    0.931254175990   -1.591603239604    0.3716    0.4604  -0.525   24
59718.251    2.146185230463    0.621997173766    2.0878    2.1680  -0.311    4
59780.234    0.237043097913    0.426499207151    0.4517    0.5251  -0.199   20
59969.229    0.406899732042    0.303897604681    0.5274    0.5141   0.131   44
