%-----------------------------------------------------------------------------
%                R.A. (mas)        Dec. (mas)        Err. (mas)     Corr. Del.
% Uncertainty in R.A. is in R.A. cos(Dec.)!!!!
%-----------------------------------------------------------------------------
47010.922    2.242487298966   -0.945201600189    2.1700    2.5330  -0.452    8
47274.253    0.263226396449    2.509999171707    0.7671    1.0889   0.022   16
48565.247    0.250129099045    1.289699969220    0.6456    0.7216   0.035   10
48593.423   -0.552269108332    1.482299978761    0.9971    1.3564  -0.323   15
48853.258    0.817998020855   -1.036202394289    1.3549    1.3164  -0.091   11
49268.412   -2.604103773610   -1.613901588371    0.5113    0.5618   0.033   18
49667.419   -0.782335858074    0.603298786928    0.5304    0.5982   0.303   10
49826.960   -0.997179139069   -0.036000028558    0.4598    0.6282   0.603   68
50372.252   -0.095930465648    0.255099570268    0.2343    0.2515   0.189   22
50459.832    0.166168774345    0.535798784540    0.1993    0.2162  -0.016  124
51191.253    0.153656080173    0.061300801235    0.2742    0.4001   0.117    8
51401.249    0.345100608272   -0.294199224982    0.5206    0.3755  -0.060    6
51604.252    0.352442061805    0.332899173827    0.3504    0.3646   0.068   10
51981.080    0.258096181596    0.712400378688    0.1173    0.1045   0.112  141
52830.246    0.056224104880   -0.053600388128    0.1190    0.1328   0.279   87
53290.205    0.531206663019    0.879800398934    0.4179    0.4236   0.074   17
53374.206   -0.731075759555    0.046699182121    0.2285    0.2396   0.295   10
53389.206    0.368458335382    0.368099995285    0.1684    0.1770   0.368   32
53724.203    0.449706861286   -0.125499610704    0.2795    0.2594  -0.077   14
53808.203    0.000000000000   -0.221000408374    0.2351    0.3079  -0.317   11
54060.207   -0.084168526299   -0.088099204731    0.2262    0.2342   0.651   27
54144.207   -0.165250900612   -0.226602020348    0.1413    0.1680   0.140   14
54627.207   -0.285581182487    0.797198390501    0.2732    0.2643   0.111   36
54739.207   -0.193071163547    0.000000000000    0.1429    0.2167   0.075   20
54937.249   -0.834973364656    0.601898409514    0.3655    0.4125   0.170    5
55216.209    0.087547947220   -0.263700025016    0.2545    0.2976  -0.195    4
58386.484   -0.433690644610   -0.351500409579    0.2411    0.2227  -0.245   73
