%-----------------------------------------------------------------------------
%                R.A. (mas)        Dec. (mas)        Err. (mas)     Corr. Del.
% Uncertainty in R.A. is in R.A. cos(Dec.)!!!!
%-----------------------------------------------------------------------------
53125.576    0.342007116920    1.271098797417    0.4168    1.0069  -0.461   55
56661.920   -0.415924296803    1.730199599592    0.3314    0.7803  -0.287   23
58015.324    0.513639115317    5.684799600658    0.3094    0.9998  -0.263   42
58198.227    0.790686875898   -1.023602399641    0.4636    0.3987  -0.084   36
58382.002    0.704170339490   -1.131901203166    0.1739    0.3295   0.012   71
58593.332    0.000000000000    0.000000000000    0.2149    0.4124  -0.289   92
58682.249   -0.673793991825   -1.372402799404    0.6302    0.3455   0.009   22
58829.901   -0.010079676207    0.380699989933    0.1607    0.3654  -0.124  125
59368.228    0.251428687006    1.273197598550    0.4562    0.4494   0.074   26
