%-----------------------------------------------------------------------------
%                R.A. (mas)        Dec. (mas)        Err. (mas)     Corr. Del.
% Uncertainty in R.A. is in R.A. cos(Dec.)!!!!
%-----------------------------------------------------------------------------
58142.227    0.000000000000    1.372899605201    0.5204    1.3005   0.057   15
58324.227    1.443922582324    1.676001609496    0.4510    0.9261  -0.036   37
58445.165   -1.427185033799    0.837302400214    0.3411    0.7169   0.027   39
58577.250   -0.937103300877   -0.831999595619    0.3579    0.8756   0.045   49
58601.083    0.694294408304    0.000000000000    0.4191    1.0285  -0.256   82
58861.959    1.064790473315    0.191401198890    0.2331    0.5426  -0.168   99
58871.905    0.526388066248   -0.337100395598    0.2370    0.5095  -0.041   77
