%-----------------------------------------------------------------------------
%                R.A. (mas)        Dec. (mas)        Err. (mas)     Corr. Del.
% Uncertainty in R.A. is in R.A. cos(Dec.)!!!!
%-----------------------------------------------------------------------------
49909.090    0.800606070372    7.086600004413    1.0201    4.7189   0.132    3
50085.250   -0.387564953917   -0.235400396775    0.3784    0.5913  -0.208   11
50099.254    0.439632410077   -0.493498797027    0.3759    0.5903  -0.084    7
50141.250   -0.596532690222    0.106700402114    0.4288    0.6556  -0.171   11
50169.250   -0.262015705841    1.103601600505    0.4525    0.5547  -0.135    6
50183.250   -0.380144558531   -0.578998800904    0.3244    1.1085  -0.267    7
50190.252    0.058926848957    0.185799599706    0.4222    1.0201  -0.032    6
50197.250    0.704449691820   -0.656697595502    0.3283    0.7012  -0.127   13
50204.252    0.115612933655    0.833101204023    0.2676    0.7002  -0.189   19
50210.001   -0.642580157052   -1.533499190032    1.1071    1.0254   0.151    3
50211.250    0.228145317690    1.408899608180    0.5199    0.8248   0.536    9
50218.252    0.183357337953    0.855802801425    0.3301    0.6722  -0.105   12
50337.251    0.434173614285    1.422601198442    0.3795    0.6668   0.254    6
50435.251   -0.029392678576   -0.141800389031    0.3299    0.5166  -0.157    5
50448.254   -0.443831145934   -0.630899991449    0.4345    0.9795   0.017   10
50463.254    0.402543608497    0.161301602475    0.3914    0.5739   0.256    7
50484.253    0.145845397592   -0.412498796720    0.3858    1.1836  -0.407    7
50749.085    0.232344244494   -0.337298394015    0.3508    0.6752   0.167   22
50820.250   -0.395962998472   -1.310698800694    0.8825    2.7735  -0.873    6
50827.252   -0.725860972421    2.316999609775    0.7376    3.0800  -0.863    6
50834.254    0.413178789316   -1.868900400837    0.5335    2.4839  -0.791    4
50919.324    0.764075025281    1.495602003843    0.0703    0.2345  -0.298  316
51135.252   -0.098393514815    1.060801200481    0.4415    0.7171  -0.213    5
51170.251   -0.824677816964    0.327999605076    0.3247    0.6037   0.068    7
51177.249    0.860789160322    0.789602405860    0.3770    0.9343  -0.184    7
51184.251    0.226465746968   -0.307497592189    0.3361    0.8048  -0.201    4
51198.251    3.351901111091    4.210401601767    1.4737    1.4642   0.787    4
51408.251   -0.255435095816    0.954900005468    0.4764    0.8715  -0.422   11
51520.251   -0.297985748342    0.725702403770    0.2776    0.4916   0.223   13
51541.250    0.013856649401   -0.184197591580    0.4553    0.7795  -0.391    3
51723.250    0.556645940735   -1.269298790874    0.5721    1.2275  -0.052    3
52471.688   55.313749966123   58.289101200160    3.8563    5.0182   0.044   13
52492.708   28.417797376191  -48.109597189239    4.1087    3.8999   0.088   10
52570.707   -0.461184609640  -28.150999189336    3.7460    6.1833  -0.359   12
52666.585    2.874058085201    2.166202807530    2.6287    3.6826   0.357   13
52683.584   -2.582787182698   26.259400810602    1.8763    2.8871   0.310   14
52739.584   24.783030281248  -25.812500399525    4.4985    3.4883   0.334    5
52780.587   -6.761603247017    1.694001610986    2.2799    2.4041   0.125   31
52807.586  -46.561830781740  -38.435097600598    5.7339    5.2183   0.278   10
52836.583   17.449664766054   42.101402402750    3.1317    3.3730  -0.518   29
52892.583  292.102974174125 -102.816799196148   10.2260   12.9665  -0.570   10
52914.586   26.269744810368  -12.357997198365    3.9596    5.0216   0.573    6
52955.582  120.296326294015  117.093801598855   15.2328   11.6473   0.930    7
53066.205   -0.212467796711   -0.374198400266    0.3614    0.3535   0.240    3
53066.585   -9.660573055118   35.306200804541    3.8126    4.8966  -0.489    3
53101.207    0.181815440093    0.064501210773    0.3765    0.3766   0.062    7
53101.583    8.858710743753    7.405002000382    1.7151    2.2317  -0.048   30
53138.247    0.672396356304    6.959199603784    0.4255    1.6202  -0.891    6
53145.581  -19.988641427238  -69.361599599915   14.0969   25.2885  -0.936    7
53171.203    0.919994601102   -0.282999594958    0.6867    0.8258  -0.683    4
53185.207   -0.285247858020   -4.363199990109    0.5321    3.7919  -0.393   11
53193.206    7.509302457761   -6.652897189952    4.9432    4.4051  -0.968    6
53235.228   -0.253335632414    1.230602410374    0.9546    1.6597   0.358   12
54292.229   -0.125969140756    0.469702804651    0.1413    0.3343  -0.107  134
54636.583    5.544183900162  -16.309198791475    1.7889    2.7135  -0.042    6
54720.251    0.496879497365    0.198100799764    0.4128    1.1200  -0.307    8
54754.208   -0.113509842258    0.853200006645    0.4197    0.6621  -0.410   13
54783.581    0.967725266650    4.928500807466    1.7033    2.4294  -0.270   24
54818.251   -0.772328522879   -0.129797996351    0.2741    0.3268   0.100  104
54858.209   -0.429974496533   -1.147100398668    0.3971    0.8769   0.145   30
54881.249    0.166000437199   -0.949298393493    0.8007    1.3356  -0.352   15
54937.249   -0.094476807830    0.615502810319    0.5278    0.5603  -0.204    9
54942.209    0.101195281664    0.316000806322    0.2608    0.3255   0.045   35
54949.207   -0.287767214103   -0.373399193165    0.3906    0.2396   0.115   28
54965.249   -0.374685953685   -0.340397994592    0.1458    0.4095  -0.575  240
54972.580    0.057666979968    8.712900007879    0.8837    1.3429  -0.350   22
55019.208    1.315258924123   -0.083098801440    0.5231    0.7250   0.229   10
55047.208    0.139127114705   -0.359100000935    0.7103    0.6209  -0.234    7
55063.582   -0.103573336890    3.143401200134    1.1753    1.9204  -0.154    8
55077.250    0.082021137327    0.100900804512    0.2197    0.3865   0.125  104
55083.207    0.204490026730    0.037101598593    0.2927    0.2768   0.368   49
55145.208   -0.084819085233    1.969300805627    0.7575    0.8715  -0.155    9
55146.227   -0.115891525478    1.697900405873    3.8821    2.5494  -0.878    3
55147.582   22.580528766990  -27.783298797601    4.5441    9.0495  -0.923    3
55154.248    0.512694500259    0.295401603978    0.2073    0.2538  -0.091   24
55173.208    0.011619513137   -0.147898794012    0.1573    0.2144  -0.201   23
55187.208    1.828934128704    4.758699610363    0.7529    3.2132   0.921    3
55230.227   -1.451584271979    7.774401602489    1.0228    7.4151   0.273    3
55238.248    3.563666986249   -3.082197601145    9.0982    6.8771  -0.994    3
55257.208    0.551466118661   -0.245498392815    0.4020    0.3304  -0.117    7
55274.269   -0.477140722443    0.521100001549    0.5620    0.7701  -0.213    8
55313.208   -0.068580943558   -0.143999999125    0.3844    0.4129   0.153    9
55355.208   -0.263134273973    0.005302804595    0.3770    0.4376  -0.145    6
55371.250    0.011337293318   -0.879598793802    0.1360    0.4465   0.018  152
55383.000   -1.363684637127   -3.043598397312    0.7977    4.3556   0.310    9
55418.207   -0.096156378552   -0.072597595135    0.7468    0.6350  -0.744    5
55421.271    0.618088708727   -0.757897194603    0.4322    1.1290  -0.264    8
55425.209   -0.348094660063    0.208299604765    0.6297    0.3662   0.191   23
55432.207    0.580580014466   -0.681998393759    0.6206    0.9518  -0.511    5
55483.229    0.004340036714   -0.444697194268    0.1144    0.4741   0.052  113
55512.270   -0.061022684364   -0.363898799094    0.3714    0.9032   0.186   11
55516.207    0.069565275877    0.470001599240    0.4090    0.2210   0.011    8
55547.271    0.760994666608   -2.308399193396    0.5577    1.9407  -0.403   19
55553.269    3.249724934157   -0.388699197629    0.6676    0.7909  -0.509    7
55593.209   -0.673514924436    0.005702408146    0.2306    0.2727   0.199   25
55614.207    0.353694565765   -0.228499190769    0.1709    0.2584  -0.034   82
55615.230   -0.323458473833    0.052902002778    0.2066    0.2407   0.089   36
55628.207   -1.342830922068    0.664801206085    0.2627    0.3263  -0.037   46
55631.272   -0.262573271383   -0.276998392224    0.8599    0.8801   0.314    8
55645.272    0.065923914614    0.061102802817    0.4175    0.5037  -0.011    8
55698.207    0.041569948203    0.321602405506    0.2897    0.4864  -0.087   24
55701.272   -0.098675734634   -0.215999992292    0.5005    0.3951   0.236   16
55727.208   -0.185033471627    0.000000000000    0.3230    0.2620   0.027   14
55735.580  164.325619723741  -32.117198398396   14.2980    5.5209  -0.601    5
55761.206   -0.181395547412    0.323301603089    0.4247    0.3986  -0.328   21
55778.270   -0.019452927108   -0.485999989053    0.5130    0.4197  -0.308   17
55792.270    0.830838725256   -0.958597195222    0.9540    1.2373  -0.709    7
55799.268    0.481484387152   -0.155599194329    0.4456    0.4979   0.182   28
55838.208    0.011478403228    0.360802805233    0.2178    0.2079   0.233   35
55859.206    0.059067767919   -0.495698394332    0.5430    0.9317  -0.514    5
55873.206   -0.048425903951   -0.434199594679    2.3323    2.5479  -0.965    3
55909.227    0.228004207780    4.759700409807    0.6086    1.5135   0.165   11
55951.227    0.256977184623    0.621000006618    0.2115    0.3220  -0.023   16
56034.208   -0.159560746136   -0.675197996713    0.1773    0.2587  -0.050   27
56037.269   -0.022254503009   -0.319399201487    0.3497    0.5038   0.103   17
56050.210    0.333818308929   -0.704199591439    0.2922    0.3962  -0.270   25
56058.267    0.061866097720    0.291099598826    0.2067    0.3887  -0.162   58
56062.208    0.078520885974   -0.212399991995    0.5517    0.2918  -0.167    9
56063.242   -1.499170390570   -2.827497596058    2.6764    5.0973  -0.048    8
56104.208    0.214708560969    1.218600004904    0.3205    0.4482  -0.388    8
56111.207    0.181257874551   -0.108298790735    0.3319    0.3461   0.277   12
56139.207    1.021189882766    0.701499607203    0.2049    0.2562   0.404   27
56153.207    0.127930931296    0.604101600743    0.1979    0.3254   0.162   36
56156.271   -0.402960064130   -1.039399197111    0.2773    0.4467  -0.017   21
56182.229   -1.044703872869   -1.599897596805    0.6563    0.6048   0.205    9
56189.228    1.756429795012    1.087300809388    0.9985    1.4303   0.368    7
56219.269   -0.604651761059    0.172000807197    1.1724    1.0373  -0.616    3
56244.209   -0.086636519764   -0.212799595545    0.4325    0.8065   0.450    5
56259.228   -0.082998404602   -0.133199998231    0.2209    0.3240   0.160    8
56273.231    0.004901039303    0.070102809957    0.3314    0.4143  -0.376   10
56393.249   -0.128488496838   -0.357998392531    0.1315    0.2463  -0.072  163
56400.247    1.117208588456    0.195901202460    1.6063    1.6650  -0.395    7
56412.209   -0.151861567979   -0.064198796679    0.3017    0.2795   0.230   15
56450.268    4.233265203700   -2.108699992220    3.5272    1.8064  -0.879    4
56461.207    2.087170991369   -8.271197998511    1.5258    5.0523  -0.976    3
56475.207   -0.094896700510   -0.404099998264    0.4893    0.3132   0.249    8
56477.793   -0.226462118973   -0.880498797073    0.2109    0.4460   0.090   42
56498.251    0.991098337791    1.050102008548    0.2304    0.4341   0.064   70
56511.787    0.038492835631   -1.434398392064    0.2867    0.5347   0.177   15
56531.208   -0.107073779190    1.134100800471    0.2294    0.3861  -0.158   11
56545.208    0.000000000000    0.877100401908    0.3935    0.3979  -0.332   10
56551.793    0.691711801498   -0.741999600962    0.3682    0.5783   0.137   16
56565.789   -1.684486082015    0.432500409886    0.3060    0.5199   0.090   20
56573.208   -1.988212845969   -0.461098794347    0.8398    0.7933   0.240    4
56579.793    0.048429340999    0.156002404594    0.1595    0.3500   0.172   56
56583.270    0.361111524103   -0.213098390134    0.7127    0.7869  -0.685   10
56588.793    0.508636492417    0.067500002388    0.1884    0.3756   0.176   46
56594.206    0.133248617179    1.360702808029    0.2041    0.5861   0.100    9
56600.791   -0.109310915453   -1.205697596163    0.2024    0.3632   0.186   54
56604.272    0.225904744378   -0.129099598212    0.4933    0.4545   0.403    8
56609.207    0.177058947747    0.827802006143    0.3009    0.4091   0.241    4
56626.286    0.131149153777   -0.637397999981    0.1910    0.4760   0.087   22
56628.225   -0.398902247235   -1.166497196436    0.2374    0.7028   0.208   19
56629.208   -0.394421100612   -0.705599994433    0.6214    0.3687   0.263    4
56630.230   -1.555298909726   -2.113700395512    0.8218    1.2059   0.142   20
56632.269   -0.636002984075    0.275302801356    0.2099    0.4806   0.060   27
56634.263   -0.271532318529   -0.333197993996    0.1835    0.4197  -0.001   29
56636.257    0.028835303982   -0.268599593767    0.1790    0.4299   0.038   36
56638.251    0.198053772715    0.031402809952    0.1794    0.4268   0.102   40
56639.270    0.126251360575    0.037400405972    0.3671    0.3428  -0.001   12
56641.243    0.158583478861   -0.072399596718    0.1681    0.3824   0.115   44
56688.269   -0.191053079062   -1.117598391431    0.4828    0.5193  -0.525   16
56693.791   -0.204627508644   -0.170398799071    0.1747    0.3718   0.226   42
56713.208   -0.195530979584   -0.384299990230    0.3552    0.4340   0.320    8
56716.269   -0.289309111963    0.396802808211    0.2583    0.2999   0.132   10
56735.791   -0.002939248763   -0.047797196601    0.1567    0.3101   0.242   62
56758.272    0.164881869067   -0.574599593506    0.5324    0.4745   0.197   13
56772.273   -0.530887558378    0.598402799312    0.4593    0.5321  -0.005    9
56777.269    0.118273399647    0.018100810451    0.2823    0.3224  -0.280   29
56799.250   11.403566093410   32.819302808207    0.9712    2.3694   0.905    4
56805.207    0.061724987810    0.061902009918    0.1720    0.2763  -0.303   11
56821.271    0.204352162921   -0.400597200212    0.3325    0.3321  -0.012   31
56857.500   -0.649019848115   -0.575798391367    0.3790    0.3153   0.065   29
56858.501   -0.157881175415    0.108302410240    0.3327    0.2673   0.148   25
56875.792   -0.271112425848    0.218001603969    0.2238    0.4334   0.416   17
56879.503   -1.543121831047    1.151301607649    0.6433    0.9232  -0.545    4
56885.496   -0.261034810571   -0.498999600040    0.1604    0.2195   0.173   35
56886.501   -0.353553264908   -0.905497194026    0.1631    0.2284   0.245   43
56895.208   -0.156621497373   -0.003499191337    0.1155    0.1413  -0.210   81
56899.496   -0.248998841801   -0.307198797600    0.3634    0.3029   0.019   20
56900.501   -0.728800221183    0.387000000046    0.2772    0.2825   0.200   30
56901.790   -0.031351032069    0.600001200723    0.2322    0.3666  -0.028   16
56901.794   -1.069336812999   -3.777998394128    0.4340    1.6218   0.822    6
56904.665   -0.120789127734   -0.178700395281    0.1739    0.5625   0.065   15
56905.662    0.726143192239    1.725901201155    0.2500    0.7663   0.205   14
56906.659   -0.305822790308   -2.041599593383    0.2175    0.6587   0.193   15
56907.656    1.484477392856   -3.545798394100    0.2742    0.7486   0.152   15
56908.412   -0.908237415103    0.055501203633    0.2811    0.7480   0.068   12
56909.208    0.413461009135   -0.545299191401    0.3808    0.4586  -0.382   20
56910.227   10.690862903992   16.862799604667    0.4685    0.8841   0.310   14
56911.645   -1.427650198248   -1.062597600310    0.1985    0.7074   0.160   14
56912.642   -1.318057062976   -3.202297192217    0.2030    0.7005   0.121   14
56913.639   -0.985918324769   -1.007999993874    0.2064    0.7315   0.122   15
56914.636   -0.439632219130    0.834300001884    0.2105    0.7058   0.140   15
56915.399    0.133947292631   -3.682198789079    0.2214    0.6626  -0.022   14
56917.627   -0.559020749861    0.296600401839    0.1980    0.7236   0.126   15
56918.625   -0.840771602629   -1.113800392716    0.2208    0.7541   0.122   15
56919.603   -1.395176970052    2.226402000360    0.2251    0.7299   0.104   15
56920.619   -1.554176904546    6.109901998741    0.2157    0.8435  -0.017   11
56921.616   -0.726002082330   -4.405698001619    0.3106    1.4751   0.016    8
56924.790   -0.738316833871    0.539402404343    0.2833    0.7999  -0.138   13
56934.498   -0.948265274499    0.573901208156    0.2225    0.5501   0.029   18
56935.499    1.289225386990   -1.036299596535    0.2236    0.4977   0.011   23
56937.208    0.326401159643   -0.257598000530    0.2999    0.3737  -0.351   20
56939.250    0.328920515726    0.210700807202    0.1855    0.5504   0.359   15
56941.496   -1.796319790599   -1.080097189288    0.7233    0.6201   0.006   11
56942.501   -9.838048458498   11.104902009151    1.2877    1.3990  -0.750    8
56945.792    0.165160651838   -3.045499200027    0.2317    1.3462   0.139    8
56948.498   -2.627716081397   -1.084899594161    0.7761    0.6090   0.181    9
56952.271   -0.225064768070   -0.198399594353    0.3079    0.2322  -0.204   42
56962.502    1.246956763335    0.008902804893    0.2371    0.3778   0.219   21
56963.503    0.759876098477   -1.093798792340    0.2198    0.3330   0.290   36
56965.209    0.166141547109   -0.377398797013    0.2013    0.1819  -0.035   49
56972.207    0.054448948434   -5.453600400074    0.3705    0.6093  -0.238   30
56973.229    0.525291280671   -0.373499989337    0.9020    0.9288   0.030    9
56984.501    1.715699632170    0.682300807853    1.1478    0.7202   0.412    6
56990.498    2.496288526743   -0.426297589229    0.3985    0.4323   0.319   18
56991.503   -0.515912340845    0.112201205127    0.2766    0.4779   0.355   21
57000.185   -1.926067965479   19.616399998768    0.4169    0.9659   0.003   10
57012.501   -0.529070314795   -0.182098790447    0.4971    0.5525   0.028    9
57015.270   -3.798389285969   -0.054399595228    0.3035    0.3706  -0.336   10
57039.497   -3.047331124728    1.710399604349    0.4037    0.5497   0.269   14
57040.501    5.088175675549    0.376700398874    0.7456    0.6766   0.446    6
57051.250    0.517175646882   -2.210198398700    0.6089    3.2798  -0.538  118
57098.207   -0.045348791380   -0.683398796752    0.1881    0.3077  -0.363   42
57102.499    3.145590403730    0.183301207812    1.1453    0.6345  -0.083    8
57109.497   -0.627883913238   -0.186397201674    0.3810    0.3412   0.395   22
57110.501   -1.214762317910    0.121302008438    0.3381    0.3290   0.382   32
57123.497   -0.594292116910    1.303599609059    0.3204    0.2851   0.175   34
57124.501   -0.147383858404   -0.078897592459    0.2622    0.2422   0.066   45
57135.583  742.293851689700 -826.365697189146   51.6117   96.6754  -0.912   10
57137.497   -0.836015110283    0.480902409095    0.4289    0.3447   0.021   15
57138.501   -0.767430729676   -0.134600401225    0.4025    0.3148   0.094   15
57163.251   -1.070035488450    2.924200798304    1.3043    1.5431  -0.646    4
57173.500    0.256698210905    0.920502010615    0.8068    0.4325  -0.148   10
57175.209   -1.278724441984   -1.660798794489    0.1525    0.2073  -0.011   57
57177.229    1.516389618462    0.203400010435    0.6727    0.7659   0.496    6
57179.289    0.585477807669    2.805202802847    0.7538    1.1282   0.495    3
57183.208    0.031774552745   -0.026600392289    0.1082    0.1586  -0.057   95
57184.581  -59.914559128999  121.545500410036    8.1563   24.2182   0.372   25
57186.291    0.881925095199   -4.017797998301    0.9570    1.9629  -0.786    4
57187.291   -2.741508143473   -2.144599199028    0.7505    0.8754   0.368    6
57191.123   -2.050777428193   -2.418299992257    0.6559    0.8156   0.224    7
57193.289   -0.103993420517   -1.678697999807    0.6041    0.9219   0.183    6
57196.207   -0.180414652142    0.205700403910    0.1322    0.2157   0.002   66
57198.227    0.913837320805    4.600101598840    1.1566    1.3916   0.471    3
57201.500   -0.358172084393    0.542800799508    0.2186    0.3103   0.321   47
57231.205   -0.124709462714    0.420001198620    0.1467    0.1435   0.102  128
57252.207   -0.669735890312    0.815400009913    0.0983    0.1090   0.015  142
57266.207    1.526326123830   -2.003799596650    0.1678    0.2244   0.140   24
57315.209   -0.420454637745   -0.828597593738    0.0913    0.1242   0.233  131
57359.251   -0.541385066336   -1.335797993818    0.0825    0.1748  -0.102   94
57367.268    0.631387601638    0.050400004170    0.3591    0.2812  -0.270   13
57374.270    0.644542138540    4.010900399010    0.2228    0.3189  -0.239   19
57392.208    9.578693218648   77.078502006600    0.6250    3.5961   0.884    7
57441.206    0.971783083544    0.793400404575    0.0947    0.1172   0.009  156
57451.269    0.540269935252   -2.471997595421    0.3491    0.3948  -0.504   17
57465.269    2.380118027546    2.462101204515    0.2127    0.3010   0.389   48
57483.206    1.330234141656    1.784199604060    0.4515    0.3523   0.275   10
57497.206    0.759456205796   -1.899097199498    0.3721    0.3248   0.088   52
57514.271   -4.909857049761    7.643800805113    0.4915    0.6584  -0.274   21
57520.253   -1.760208638189  -27.563698792221    0.8954    1.0429   0.086   11
57526.207    1.543683024583   -2.172398389177    0.2646    0.2664  -0.218   46
57563.269   29.823754074020    3.824902800886    4.9028    1.0598  -0.099    3
57582.229   -8.507535534071   27.493599601769    1.0733    1.2757  -0.096   21
57588.208    0.156201795640   -4.017099600162    0.3574    0.5221  -0.165   44
57605.269   -4.012674517210    1.743400802923    0.5991    0.6826  -0.487   11
57612.271    1.863923466882   -0.219599992590    0.2319    0.3568   0.107   26
57652.229   50.467434956808  -58.537897191968    0.4994    2.0979  -0.476    6
57669.345   -9.226678223605    0.131101209888    1.4177    0.6817  -0.382    6
57682.271    1.223301472375    0.444999608362    0.1826    0.2576  -0.127   33
57721.207    1.034488775678    0.155502004873    0.1564    0.1785  -0.176   54
57724.271   -6.983308873643   -8.974400397221    1.3212    0.4802  -0.125    4
57772.228    6.581887461273    5.718099606611    0.4658    0.6459  -0.227   11
57787.269 1198.614249803197 -300.091298396410    0.1420    0.1630  -0.005   47
57798.209   -2.375075687386   -0.935798395574    0.1856    0.4380  -0.425   22
57806.208   -0.653218774919   -0.072197991585    0.2786    0.3235   0.365   73
57821.249   -1.045402739268    2.687799602086    0.1621    0.4234  -0.052   24
57828.250   -1.607644957710    0.182401204540    0.1396    0.4058   0.259   32
57839.792   -0.950364928848   -0.813599990579    0.2177    0.4489  -0.120   36
57849.249    1.348430827770   -1.400000397211    0.2427    0.5716   0.190   10
57849.249   -4.028492957152  -10.502197191897    1.0328    0.9392   0.159    7
57875.167   -2.845360454081    0.561902409402    3.5190    0.5571  -0.850    4
57875.189   -1.102787499417    0.206002805214    4.1832    4.6142  -0.986    3
57943.713    1.012513055439   -1.345197591718    0.2574    0.5829   0.038   36
57947.249    0.752035810410    0.006001202735    0.5524    0.4386  -0.015    6
57955.270   -3.804687676175    7.696800010137    0.3626    1.7705  -0.572    4
57967.228    0.251380715969    0.312501602195    0.1406    0.2806  -0.234   94
57978.131    0.125690357985    0.751302009405    0.1490    0.2970  -0.142   89
57988.230   -0.712985218290   -4.042998000386    0.7758    1.5710   0.143    6
57989.249   -0.597513585492   -0.796499992362    1.1389    0.6597   0.313    7
58003.231    0.527390935020   -0.102200398544    0.2002    0.3429   0.018  116
58010.244   -4.385405554450    2.679501599800    0.5109    0.8621   0.224    6
58015.324    0.012738081269    3.617802006772    0.3820    1.3085  -0.548   21
58016.230    0.270413750397    1.289602805343    0.1456    0.4319  -0.031   27
58032.268    0.725723299559   -2.009199590702    0.2391    0.2464  -0.221   14
58038.229    4.321863323057   -5.376599990825    0.4171    0.8337  -0.020   13
58048.076   -0.966603070523    0.016700407457    0.2077    0.4459  -0.260  116
58060.272   -0.357752191713    0.561600008098    0.2269    0.3215  -0.171   18
58074.272    1.718501208071    0.625402807941    0.2488    0.2515  -0.083   16
58082.022   -3.099680418814   -7.489400395855    0.4221    1.5131  -0.180    9
58108.291   -0.437670428589   -5.896998000310    0.2891    1.1301  -0.162   13
58142.227   -0.799201845373    2.308899605907    0.3592    0.9617  -0.020   36
58144.268   -6.469354886291    1.108400398664    0.2908    0.4374  -0.262   17
58151.270    0.075023880722   -0.230299197312    0.2674    0.4817  -0.406    8
58158.272    1.237578014457    0.978400809970    0.2541    0.4609   0.007    8
58159.408    2.427845256046    1.658401198767    0.1992    0.5422  -0.241   28
58172.272   -0.666934314411   -0.744897596405    0.3882    0.2281   0.347    7
58190.206   -0.026033537133    0.548200806350    0.3773    0.4623   0.178    9
58238.207    0.268596506814    2.744701208712    0.1894    0.3994   0.258   64
58249.270    0.484843528595    0.307800006283    0.1778    0.1891  -0.127   26
58255.250    0.352434887724    2.103202808712    0.4266    1.7830   0.249    5
58258.146    0.131847829229    2.556000006848    9.7093   10.0187  -0.992    3
58279.305    2.125519280043    3.121102800208    0.2902    0.7966  -0.288   21
58282.227    1.010974594627   -6.431597999779    0.1880    0.6286  -0.027   18
58284.269    0.683313756942   -0.804898790818    0.1995    0.2091  -0.005   25
58296.227    0.982001617784   -0.570499193486    1.0636    0.7511   0.484    8
58340.948    1.495394793494    2.131401602412    0.3346    0.5904   0.416   28
58382.002    0.264955145551   -1.902297596246    0.1934    0.3956  -0.067   57
58400.206   -0.069702757791    0.165801606045    1.0107    0.2965   0.810   30
58402.252    1.141562554867    1.174802399362    0.4316    0.6940   0.070   10
58438.269   -0.342075052628   -0.275698798191    0.4766    0.3811   0.391   16
58440.833    0.207009382812    0.574200002745    0.1376    0.3128   0.155   45
58445.165   -2.832205917180    1.553000403476    0.2797    0.7300   0.066   50
58459.271    0.948410012403    0.260600398860    0.4791    0.3411  -0.252    7
58464.227    0.337318560281    1.085601599016    0.8242    0.6886   0.215    9
58543.271    0.227584315100   -0.502700396510    0.3071    0.4114  -0.258   17
58550.269    0.116173936244   -2.445497999304    0.7715    0.8118  -0.287    8
58557.271   -1.880997956870    0.673902009396    0.8784    0.4626   0.279   12
58563.250   -2.209498579916    3.055899610160    0.4054    0.6573   0.356   18
58577.250   -1.723956375869    0.263502001019    0.3578    0.9216   0.067   31
58619.250   -0.741675975314    0.091800001201    0.4267    0.9123  -0.098    6
58632.210    0.018616578795    0.923000402508    0.2595    0.3520   0.060    9
58676.270   -0.159278717265    1.505502001464    0.5177    0.9905   0.467    4
58711.272   -0.192450620912    0.267901208417    0.3822    0.2789   0.344   17
58716.228 -109.624919563232 -315.566798394684    2.1267   12.7779   0.980    3
58816.080   -3.132291319871 -100.909097999136    0.4945    6.4688   0.589    3
58841.206   -1.490214780472   -3.174998388999    9.3226    8.7448  -0.978    4
58904.208   -7.322864570189   -2.866697995785    3.0236    0.6672   0.720    8
58911.209   -1.977715338011   -5.029599597606    3.1842    3.5734   0.695    7
58942.270    0.071244846598    0.602402403160    0.3768    0.4913  -0.112   11
59030.208    1.285026269238    1.529902809239    0.3699    0.4561   0.485   11
59038.229   -0.073340872952   -0.053697590374    0.2162    0.2807  -0.211  170
59206.269    0.885845239232    0.523501203986    0.6912    0.5719  -0.018    4
59271.737    0.119250857869   -1.410800398105    0.1139    0.2460  -0.141  115
59278.271   -6.110201715680    4.961502006040    4.5623    4.5958   0.276    6
59289.250  -17.044322827756   19.941901199161    0.2010    0.5644  -0.928    7
59360.208    0.979902154382   -0.863600391199    0.6643    0.4010  -0.566    8
59444.208   -0.364050772866    0.380102400754    0.3180    1.2901  -0.130   27
59513.207    0.425638087815    1.714600800540    0.7707    3.8451  -0.709    4
59576.209   -0.065503830987   -2.341598390387    0.6198    2.0497  -0.104   41
59766.230    0.338299455552    1.366401609459    0.1732    0.3454   0.126  101
59829.229   -0.988296570942   -4.118497197680    0.2321    0.8832   0.524  141
59913.207   -1.866442632018   -0.225197997850    1.7191    0.7760   0.607    9
59919.208   -3.329784089996  -12.486599990780    0.7235    2.4739   0.736    9
59984.248  -17.454421258400   36.641401209181   10.2054   18.6085  -0.998    7
60067.207    2.341766301825    0.558701999864    1.9577    0.5253   0.420   16
60193.208    8.656461481282    2.478402008421    3.4072    4.2877   0.605    9
