%-----------------------------------------------------------------------------
%                R.A. (mas)        Dec. (mas)        Err. (mas)     Corr. Del.
% Uncertainty in R.A. is in R.A. cos(Dec.)!!!!
%-----------------------------------------------------------------------------
53568.621   -4.866330260345    4.614598776698    1.3516    1.1881  -0.512    5
57988.230    1.320648969812    0.000000000000    0.3744    0.5428  -0.026    8
58082.022    0.000000000000    2.120997572774    0.4220    0.3493  -0.119   48
58199.246    1.722506226950    4.068799159995    0.7817    1.3471   0.859   18
58388.226    1.352888658243   -0.163101634598    0.6334    0.9344   0.684   15
58499.226    1.417525239935   -2.382202825402    0.7265    0.8918   0.289   12
58570.249   -1.597340110675   -1.483200020402    0.6093    0.7713   0.836   26
58610.083    0.255477640258    5.738198370864    0.6069    2.8322   0.940   38
58885.251   -0.939486068449    0.333899998850    0.6581    1.4566   0.786   27
