%-----------------------------------------------------------------------------
%                R.A. (mas)        Dec. (mas)        Err. (mas)     Corr. Del.
% Uncertainty in R.A. is in R.A. cos(Dec.)!!!!
%-----------------------------------------------------------------------------
50305.832    0.475553484903   -0.385599622632    0.4448    0.4475   0.073   64
51704.001   -0.435974642312   -0.644900401880    0.2350    0.7365   0.172   27
51967.168    0.180133063008   -0.258202803138    0.2389    0.5943   0.134   16
54559.230   -0.336216781090    0.271198794621    0.1012    0.1956  -0.150  122
54566.250   -0.161968197072    0.091800001201    0.1371    0.1787  -0.176   42
54748.247   -0.032374118168    0.041000393480    0.2472    0.3011   0.180   30
54767.207    0.222958524244    0.408797987461    0.2281    0.2984  -0.117   25
54774.209    0.000000000000   -0.466599610149    0.2639    0.2352  -0.053   44
54788.209    0.160750542019    0.198298798182    0.4544    0.3714   0.527   51
54795.207    0.362499578126   -0.124200016671    0.1849    0.1939  -0.023   94
54802.209   -0.315514153117   -0.067500002388    0.1697    0.1179   0.184  257
54823.207   -0.250563643441   -0.527302822206    0.1862    0.2185   0.267  185
54837.207    0.072763992401    0.007397986224    0.0871    0.1665   0.075  143
54845.228    0.237065601442    1.148198387568    0.3976    0.6863  -0.269    5
54872.205    0.059977022188   -0.351601218540    0.1384    0.2219  -0.172  186
54880.208    0.178306372755    0.152697592171    0.1042    0.1387  -0.030  167
54894.230    0.255839225679   -0.242301615572    0.2785    0.4627   0.087   44
54921.207    0.222349627493   -0.533001610847    0.1534    0.2481  -0.579  308
54936.208   -0.219409672400   -0.009399610690    0.1105    0.1560   0.058  191
54949.207    0.153950225830    0.079797595731    0.1657    0.1860  -0.018  130
54965.249   -1.937734439671   -0.735400809049    0.2908    0.3349   0.759  356
55021.249    0.176581995986   -0.301802410263    0.1813    0.1943  -0.281   69
55032.999   -1.295848166957   -0.680500801309    0.2902    0.6339   0.097   92
55042.251    0.132231939248   -0.034502423318    0.1762    0.1714   0.302  312
55075.208   -0.465304276727   -0.023500817292    0.3042    0.1983   0.105  121
55077.250    0.233614355830    0.056300385154    0.2530    0.2706   0.084   40
55098.248   -0.005380249347    0.154299587507    0.2548    0.2778  -0.022   46
55111.229    0.081490820252    1.059497986944    0.4213    0.6739   0.525   38
55119.250   -0.517567637599    0.579797995215    0.3875    0.4639   0.433   21
55124.210    0.432827983524   -0.177300017867    0.3885    0.3715   0.042   29
55138.206   -0.133858848233    0.262198787482    0.1971    0.1814  -0.144   96
55145.208   -0.205404908685    0.498999600040    0.4943    0.5802  -0.831  118
55154.248    0.167041644419   -0.168800423239    0.0895    0.1420  -0.184   77
55168.252   -0.370517549368    0.136497584435    0.1677    0.1559  -0.266  425
55173.208   -0.148979091966    0.127997989807    0.0845    0.0998  -0.035  295
55180.206    0.068905984931    0.201999594651    0.0794    0.0893  -0.171  411
55182.248    0.070937302149   -0.095702415592    0.1345    0.2484   0.090   73
55208.206    0.269744167985    0.398300400661    0.3324    0.3703   0.650  433
55222.206   -0.056223681826   -0.415299615497    0.2104    0.3226   0.141  393
55224.248    0.173028436891    0.770097585701    0.1480    0.4884   0.247   94
55236.206   -0.311658499272    0.936799182227    0.4909    1.0097   0.019  486
55264.206   -0.018064906078    0.362498383311    0.1348    0.1798  -0.339  238
55274.269   -0.063021367493   -0.536799609563    0.2639    0.3063   0.106   46
55278.206    0.054801399807   -0.008600403589    0.1318    0.1114   0.110  362
55285.208    0.035111799921   -0.050702405474    0.0719    0.0984   0.057  275
55294.230    0.011162414854    0.087998395770    0.1217    0.1954  -0.217   85
55306.206   -0.051352369372   -0.106401620315    0.1678    0.2011  -0.119  134
55313.208   -0.025980563837   -0.322901999539    0.1501    0.1741   0.028  157
55355.208    0.220016215525    0.335699979814    0.1301    0.1932  -0.036   81
55369.208    0.251070365157   -0.221799615474    0.1779    0.1479   0.155  191
55386.269    0.229758701985    0.008999981560    0.1710    0.2069   0.113  122
55390.207   -0.267715204392    0.073897189168    0.1156    0.1389  -0.179  176
55397.209    0.392233620773    0.113698797577    0.6142    1.1011  -0.079  182
55407.271    0.477784444940    0.998697598220    0.5701    0.4693   0.165   52
55425.209    0.412125217103   -0.446202000148    0.4001    0.4025   0.513   48
55432.207   -0.090828760031    0.242297983277    0.2054    0.3781  -0.167  155
55435.271    0.264568545604   -0.008701212550    0.3075    0.4255  -0.444   83
55439.209   -0.057137026952    0.195299980987    0.2148    0.2480  -0.160   91
55442.269   -0.473422207827    0.204998386266    0.2762    0.2981  -0.048   35
55447.208   -0.158519305086   -0.415602016801    0.1717    0.2330  -0.198   44
55456.269    0.276846440476    0.560199592314    0.2476    0.3919  -0.313   40
55483.229   -0.555524278455   -0.372502822188    0.2446    0.4368  -0.106  239
55484.270   -0.283040075092   -0.413402406707    0.1841    0.2881  -0.049  103
55491.293    0.344841433906    0.037299597011    0.2888    0.3475  -0.202   23
55498.273   -0.298871529059   -0.782600403681    0.3323    0.3834   0.008   15
55524.268   -0.180844134793   -2.048601621141    0.2438    0.4465   0.120   32
55530.207    0.250663603298   -0.052599614264    0.1716    0.2667  -0.309   36
55560.271   -0.115896117190   -1.094000410262    0.4592    0.4762   0.265   34
55565.209    0.025978348660    0.265100376851    0.1565    0.1426   0.644  196
55575.272    0.415880911090    0.081597576695    0.2278    0.2532  -0.016   71
55582.270    0.266495057265   -0.403300816743    0.3359    0.4006   0.059   36
55593.209   -0.172015131907   -0.240800403617    0.1668    0.1851   0.670  155
55607.209   -0.030140666057    0.283499994680    0.1688    0.1799  -0.059  150
55610.270    0.503053936991   -0.388400403040    0.2667    1.0192   0.592  170
55614.207    0.003653518953   -0.184600801845    0.1170    0.1205  -0.080  253
55615.230   -0.249345849939   -0.014000423221    0.1496    0.1070  -0.357   62
55617.272   -0.468451073963   -0.326502012626    0.4940    0.4554   0.060   19
55624.270   -0.311453872306   -0.155700016080    0.2626    0.3481  -0.239   29
55643.226   -0.319574295480   -0.218700014898    0.7303    0.7193   0.165   10
55656.207   -0.299480425810   -0.088300822654    0.1666    0.1795   0.319  248
55678.210   -0.186528970964   -0.526201213802    0.2404    0.3093   0.010  142
55691.206    0.067283921645    0.023000379201    0.3990    0.3713  -0.044   38
55715.272   -0.114982772064    1.194299980511    0.4310    0.6711  -0.109    4
55719.206   -0.013600355482   -0.568101623344    0.2131    0.4816   0.100   58
55736.270    0.036838668764   -0.160102817404    0.3733    0.4320  -0.022   55
55741.230   -0.045872298615    0.181598377935    0.2248    0.3205  -0.840  220
55743.268   -1.596544171092    1.103597981000    0.7957    0.6754  -0.611   92
55761.206   -0.281517833215   -0.187102813243    0.3425    0.3194  -0.212   56
55763.247    0.607278702435    0.262299596443    0.5423    0.4285  -0.075   28
55764.270   -0.037043157281   -0.191800802440    0.3744    0.5095   0.097   54
55768.208    0.281413166106   -0.421200022060    0.5011    0.3823   0.089  143
55775.209   -0.110313732951   -0.170701213165    0.1780    0.2988  -0.070  122
55778.270   -0.281415519732    0.132598776759    0.3016    0.3231   0.037   60
55785.268    0.637419368492   -0.344602810287    0.3043    0.4744  -0.149   73
55817.206   -0.002031178770   -0.207500423244    0.1133    0.1538   0.096  168
55848.270    0.166432747668    0.307497592189    0.1933    0.2547  -0.077   71
55853.271   -0.304553873156   -0.561099608376    0.3114    0.4210  -0.023   64
55868.209   -0.122998389681   -0.076899613077    0.1074    0.1440   0.173  167
55880.208   -0.084941927416    0.040697992176    0.0811    0.0995  -0.026   93
55883.269   -0.245185747719   -0.460800012547    0.3024    0.2729  -0.086   88
55887.206   -1.320611075742    0.775299594125    0.7501    0.2980  -0.508  178
55894.208   -0.067588231572    0.167799598216    0.1096    0.1357  -0.176   62
55911.269   -0.009946974978   -0.034200022014    0.2695    0.2906   0.247   76
55915.206   -0.427654576320   -0.195800419078    0.4398    0.2344  -0.528  124
55923.209    0.020093869671   -0.439502412064    0.2014    0.3255  -0.065  145
55930.207   -0.136496570128    0.152499580963    0.0964    0.1014   0.062  143
55950.208    0.043536671470    0.350600393517    0.0990    0.2037   0.296  240
55957.210    0.035416248296    0.474199188716    0.1074    0.1646  -0.199  267
55960.271   -0.407965114882    0.085798785676    0.2130    0.2701  -0.044  135
55964.208    0.136394395094    0.031298381487    0.0946    0.1135  -0.139  100
55967.272    0.900465533771   -0.590702398995    0.5467    0.8456  -0.207   56
55971.206   -0.049221230744    0.341798397585    0.1009    0.2345  -0.034  237
55992.208    0.158719224801   -0.119300409551    0.1619    0.2598   0.436  155
56000.207    0.175059754110   -0.480099620859    0.2860    0.2510  -0.085   52
56013.206   -0.058354820453   -0.063802812633    0.1284    0.1543  -0.046   84
56016.271   -1.720356084489    1.051498779248    0.4818    0.6051  -0.521   87
56021.249    0.282428824716   -0.240001222096    0.1794    0.1726   0.312   57
56028.211    0.287502272062    0.049100384558    0.1179    0.1356   0.178  372
56030.271   -0.362197483376    0.435297596368    0.2398    0.2962   0.268  189
56034.208    0.037040803656   -0.041101202441    0.1028    0.1161  -0.005  151
56037.269   -0.070735028809   -0.089301622097    0.1508    0.1941   0.119   90
56062.208   -0.057541296737    0.092699991683    0.1882    0.1982  -0.227   54
56069.206   -0.180235238042    0.004697989198    0.2074    0.1725  -0.035   84
56078.250   -0.224787568121    0.047797183811    0.2061    0.2393   0.108   41
56079.269    0.020296004563    0.277199984566    0.1930    0.1864  -0.010   70
56093.269    0.320382973498   -0.168901206621    0.2183    0.2696  -0.071   50
56097.206   -0.107980459431    0.061599595824    0.2532    0.2129   0.281   66
56098.251   -0.367677554132    0.480797993418    0.4187    0.5223  -0.174    7
56104.208    0.466013133335    0.093797993372    0.2624    0.1367   0.118  137
56107.273   -0.663604559295   -0.013201216120    0.2271    0.2249  -0.488  184
56114.271   -0.162679407306   -0.060699605342    0.2315    0.2869   0.351   75
56118.208   -0.700238601093    0.647398780984    0.2072    0.3006  -0.722  146
56119.231   -0.199011354354    0.360097180874    0.1549    0.1650   0.073   43
56121.269    0.334387737213    0.437900391148    0.4045    0.3873   0.177   57
56132.208   -0.272993140256   -0.143200804814    0.1344    0.1156   0.098  222
56139.207   -0.048003437243    1.078999187598    0.0891    0.1948  -0.014  249
56142.271   -0.415678637750    0.363200388165    0.2183    0.1758   0.012  108
56146.208   -0.398527076798   -0.092001619123    0.1608    0.3667   0.042  212
56160.208   -0.306787325267    0.011300400615    0.2018    0.3000  -0.199  113
56163.269   -0.313687324417   -0.428799600627    0.1631    0.2499  -0.266   83
56167.207    0.635390543348    0.692697585691    0.2973    0.2681   0.399  220
56168.229    0.669793625108    0.562298393447    0.2696    0.2871   0.211   12
56170.271   -0.064645922853    0.048797983254    0.1576    0.2082   0.134   87
56175.209   -0.054903574841    0.085100387537    0.0894    0.1156   0.023  338
56184.271   -0.503056290617    0.266299187501    0.2694    0.2745   0.078   54
56195.207   -0.214234050019    0.266597982090    0.1486    0.1431   0.219  325
56196.229   -0.172726342141    0.221097585040    0.1886    0.2026  -0.105   31
56198.271   -0.260815066794   -0.526701600734    0.1712    0.2160  -0.104   76
56202.209   -0.215349530037    0.119797189768    0.1036    0.1296  -0.098  143
56203.224   -0.115691490224    0.167198376744    0.2095    0.2578   0.033   29
56204.250   -0.327794401615    0.304999187506    0.0712    0.1033  -0.065  306
56212.271   -0.265686379248   -0.010602002476    0.1496    0.1557   0.007  172
56219.269   -0.425116675834    0.037299597011    0.2093    0.2181   0.230   44
56223.207    0.005986792473    0.282999582168    0.1524    0.2438   0.011   66
56226.271   -0.199822524445    1.439100000766    0.4381    0.5110   0.243   27
56237.207    0.231585392237   -0.092700017262    0.4592    0.5552  -0.265  107
56258.205    0.068297088180    0.184597195130    0.1049    0.1392   0.466  362
56259.228   -0.194444628723   -0.013100407159    0.1017    0.1286   0.239   67
56265.207   -0.216769458430    0.174398377339    0.0975    0.1040   0.014  167
56273.231    0.112442517953   -0.198601199486    0.1748    0.1936  -0.078   33
56280.208    0.168563886295   -0.037501214933    0.2047    0.1861  -0.474  379
56282.271   -0.120462842820   -0.337100408387    0.1488    0.1781   0.153   93
56295.209   -0.233818705899   -0.159699607138    0.1426    0.3345  -0.225  205
56300.209   -0.055714606484    0.113900389920    0.1101    0.2438  -0.294  182
56302.251    0.089204343119    0.523699176824    0.1245    0.3670   0.543  279
56317.270   -0.331447920568    0.092699991683    0.2418    0.4286  -0.273  141
56322.230    0.148774603449   -0.963201614468    0.1110    0.1631   0.053   50
56328.209   -0.140861160866    0.140698793416    0.1742    0.2011  -0.002  103
56331.270    0.483873550895   -0.215600414322    0.2804    0.3037  -0.298   33
56338.271   -0.507623016247   -0.151700399442    0.3013    0.1581   0.154  156
56345.270   -0.157401471442    0.163799981578    0.3459    0.3527  -0.337   27
56352.272   -0.222858564386   -0.068702419753    0.2375    0.2661  -0.167   44
56359.270    0.162577232271    0.347698778569    0.2379    0.2726   0.208   47
56365.581   -5.303040187102   -1.297602000250    3.5441    2.5971   0.121    3
56373.270   -0.406442873006    0.349099181562    0.1555    0.2108  -0.094  168
56385.206   -0.120360667786    0.397799988150    0.2728    0.3397  -0.583  197
56392.230    0.000608896751   -0.184500018463    0.1633    0.1680   0.089  168
56393.249    0.305365043248   -0.017701219690    0.1597    0.1456  -0.149  222
56394.272    0.176277547611    0.349797579702    0.2331    0.3279   0.072   45
56420.208   -0.861902349789   -0.662302801402    0.5110    0.4256   0.070   13
56434.208   -0.330230127066   -0.033800418464    0.3187    0.3580   0.173   18
56441.206   -0.229152158860   -0.496602004318    0.2532    0.4465  -0.450   30
56461.207   -0.085550824166    0.372797984483    0.1290    0.2676  -0.073   95
56468.206    0.370921957601   -0.504201608464    0.2073    0.2370  -0.563  134
56469.228   -0.757680076420   -0.867600007837    0.5958    0.8532   0.244   13
56470.251   -0.158314816568   -0.385599622632    0.1400    0.1707   0.044  129
56482.206   -0.075708516297    0.246697177886    0.1528    0.1634  -0.046   28
56496.209   -0.119245049319    0.219599979800    0.1396    0.2006  -0.065   52
56499.270   -0.446630473898   -0.384602404324    0.1554    0.4557   0.253  128
56503.211   -0.148572330108    0.115498778541    0.3105    0.3259  -0.322   17
56517.207   -0.668678006642    0.157197595740    0.3513    0.2239   0.108   16
56524.209    0.051147880854   -0.137102412623    0.1551    0.2008  -0.148   74
56541.270   -0.551666270985   -0.317199604183    0.3276    0.3375  -0.133   85
56545.208   -1.153567077697    0.732797988690    0.2906    0.2229   0.013  137
56560.208   -0.450081719510    0.283597196926    0.2244    0.4061   0.103   79
56561.249    0.258479439649    0.334400385782    0.2358    0.2341   0.219   27
56562.272   -0.171610723674    0.345297576132    0.1258    0.1532   0.028  102
56568.251   -0.375388723374   -0.090802808472    0.1589    0.1966   0.258   84
56569.270   -0.510769813484    0.316400397082    0.2790    0.3928  -0.317   12
56581.207   -0.868600352496   -0.063702003672    0.2005    0.1871   0.311   76
56618.272   -0.314702983026   -0.688402806759    0.3364    0.4958  -0.049   52
56622.210   -0.230065503986    0.164897983268    0.1031    0.1510   0.020   88
56623.272   -5.626469997979   -5.891799611391    0.2440    0.2953   0.156   25
56636.206   -0.379551179220    0.275997592780    0.1172    0.1328  -0.085  314
56639.270   -0.333476745712   -0.038602823338    0.1691    0.1751  -0.331   31
56650.206   -0.240516708605    0.073299599990    0.1291    0.2712  -0.093  260
56664.210   -0.289026867564    0.058798789837    0.0742    0.1651  -0.266  358
56667.270   -0.196880215726    0.515797196954    0.1227    0.2756   0.295  161
56674.269   -0.373664346605    0.688298391083    0.3713    0.3804   0.166   31
56677.998    0.001724515218    6.494400000179   14.5012   16.2841   0.965    3
56688.269   -0.155676956224   -0.677001622762    0.2216    0.2569  -0.034   47
56692.206   -0.133756534750   -0.188402407275    0.0970    0.1391  -0.055   60
56695.271   -0.110416046434    0.395697580302    0.1616    0.1854   0.002  208
56699.208   -0.107676011055    0.110699980382    0.0945    0.1034   0.127  185
56702.265   -0.074997306064   -0.090900010719    0.1444    0.1912   0.061   48
56707.229    0.040796636092    0.270900000032    0.4820    0.3955  -0.204    5
56716.269    0.103209106834    0.379097994596    0.1723    0.2220  -0.119   34
56720.206    0.568511029936   -0.261702007265    0.2012    0.1445  -0.278   50
56741.208   -0.166435101293    0.264599989919    0.1300    0.1439  -0.076   41
56751.271    0.331445566942   -0.216500404804    0.2578    0.1933  -0.434   97
56758.272   -0.068197128323    0.299699976836    0.2011    0.2027   0.534  165
56783.497   -0.181757479919   -0.118101598900    0.1823    0.1592  -0.763  394
56784.497   -1.019101686339    0.676299592328    0.2746    0.1993  -0.939  507
56785.498   -0.165723891060    0.064598387439    0.0697    0.0705   0.240  494
56786.499   -0.131423122782    0.185399983366    0.0601    0.0723  -0.212  547
56787.500   -0.334492404321    0.002498379104    0.0508    0.0700  -0.242  575
56788.501   -2.044190303599    0.677199582810    0.4461    1.4993  -0.428  411
56789.498   -0.354281687168    0.107600379806    0.0478    0.0575  -0.091  457
56790.498   -0.409387535350    0.045097186785    0.0659    0.0714  -0.019  344
56791.499    0.084028720738   -0.181000814337    0.4024    0.3149   0.897  505
56792.500    0.659035480039   -0.793299608404    0.6092    0.6225  -0.788  474
56793.497   -0.475757973421   -0.093902409048    0.0655    0.0830   0.276  433
56794.498   -0.200229286304    0.186897588605    0.0488    0.0560  -0.192  514
56795.499   -0.298160318825    0.106599580363    0.0444    0.0607  -0.213  454
56796.500   -0.192313490096   -0.137102412623    0.0728    0.1001   0.300  323
56797.500   -0.446934922274    0.094399189265    0.2876    0.3657  -0.964  485
56800.269   -0.081592995287    0.077497176676    0.1684    0.2257  -0.357   58
56805.207   -0.309729495537   -0.085201222078    0.0899    0.1008   0.032  221
56817.881    0.104324725301   -0.454701620356    0.1436    0.1374   0.013  173
56828.269   -0.215349530037    0.215499579781    0.2290    0.1962   0.098   50
56835.271   -0.486513626416    0.164199585129    0.1668    0.2327  -0.073   77
56846.206   -0.234327781241   -0.134100014293    0.1101    0.1137   0.067  155
56848.248   -2.266846594645    0.190799977418    0.7844    1.3180  -0.020   77
56860.206   -0.049423365636    0.224798381510    0.0903    0.0999   0.069  137
56863.275    0.107064760679    0.056199576193    0.1850    0.3438   0.189  147
56874.206   -0.880169529208   -0.629100023275    0.7659    1.2356  -0.752  153
56875.043   -0.351541651790    0.241797596345    0.2453    0.2663   0.203   73
56877.271   -0.145223397979    0.187700376841    0.3469    0.2869   0.290   55
56878.498   -0.769249253132    0.404099998264    0.1846    0.1728   0.111   72
56881.208    1.993244696086    0.820598398832    1.9677    1.3488  -0.244  159
56884.269   -0.276950969136    0.266198378540    0.1620    0.1738  -0.084   46
56904.248   -0.043638846505   -0.317102401937    0.1111    0.1496  -0.417  256
56905.271   -0.190993383111    0.233197192756    0.1829    0.2083  -0.054  100
56912.269    0.004362237113    0.187797579088    0.1869    0.2492  -0.163   73
56926.269   -0.625750231922    2.108699979431    0.2025    0.1924   0.099   45
56930.207    0.128680733778    0.732898797651    0.1552    0.2047  -0.107   45
56940.273   -0.379246730844   -0.150202819782    0.2059    0.2166  -0.108   54
56945.229    1.487143783267   -0.052300819675    0.1837    0.1819  -0.013  280
56958.207   -0.803854469785    1.128297583364    0.2191    0.2023   0.061   68
56988.997  -16.269488862356  -33.126202811218    8.6585   17.1324   0.988    3
56996.269   -0.151007917111    0.362098779760    0.1361    0.2094  -0.471  105
57010.269   -0.077635027959    1.066597178578    0.3068    0.3297  -0.141   25
57011.551    0.110718141184    0.487198786914    0.2098    0.2835   0.119   72
57015.270    0.677504655901   -0.981500423336    0.1209    0.1638  -0.003   52
57021.209    0.423896528707    2.033099985965    0.2551    0.3522   0.272   85
57041.999    0.348597127894    1.054799997746    0.6587    0.6205  -0.019    8
57070.207   -0.062412470742   -0.321800416714    0.0712    0.0906   0.024  155
57077.209    0.128376285403    1.193997579207    0.1126    0.1384   0.021   96
57085.208   -0.191297831487   -0.429699616689    0.1008    0.1144   0.112  122
57091.209   -0.192717759880   -1.190602816337    0.1451    0.1380  -0.102   83
57098.832    0.320485286981   -0.239202014995    0.2041    0.1994  -0.004   80
57105.209    0.204691344825   -0.505101598947    0.1532    0.1688   0.475  114
57107.251   -0.024153873585    0.325198786300    0.1038    0.1126   0.102  286
57108.270   -0.101586905100   -0.186699602978    0.1239    0.1270  -0.053   89
57114.274   -0.026182837178    0.524998796436    0.1697    0.1928  -0.135   74
57126.207   -1.657129951582   -0.742201206094    0.1378    0.1382   0.121   69
57140.207   -0.458910722396   -0.777700822141    0.1471    0.2071   0.292   97
57154.207    0.211593974498    0.121399185105    0.1108    0.1264   0.107   96
57156.760  196.806340268701  228.513099591510   69.5260   55.0269   0.691    4
57157.268    1.064462694436    0.515699994708    4.0358    2.4144   0.962    3
57161.209   -0.011569038264   -0.006800422625    0.1606    0.1834   0.368   90
57177.583  -96.902884883342  260.301697176146   52.7597   63.8301  -0.099    7
57184.581  -21.560553110887   83.732097581901    9.6707    9.4128  -0.032   54
57189.209   -0.603118600214    3.372699598003    0.3577    0.5187   0.226   36
57192.270   -0.481033417211   -0.250102812061    0.4497    0.3326   0.350   16
57196.207   -0.064443787961    0.122000380998    0.1150    0.1420   0.149  131
57198.249    0.764577860393   12.007198793640    0.5124    2.4358   0.531    8
57205.269    0.218696108540    0.032097588587    0.1484    0.1654   0.027   60
57210.207   -0.742457519204   -0.104799599399    0.1139    0.2109  -0.278  111
57217.209    0.696380732071   -0.325602022144    0.1790    0.1569   0.304  163
57219.251    0.000708856608    0.170099991692    0.1777    0.1805  -0.239  226
57224.207    1.495972924601    1.546999200741    0.1197    0.1317  -0.042   66
57237.999   -0.705718671849   -0.078202813825    0.6742    0.6421  -0.026   31
57246.206    2.871891983417   -2.519499616938    0.1534    0.1671  -0.293  123
57252.207   -1.109725957852    0.732297576178    0.1152    0.1312  -0.053   88
57259.209   -0.442470371678    0.160397979698    0.1225    0.1196   0.293   82
57261.251   -1.904344662893    2.092697982903    0.8898    0.6658  -0.534   12
57267.230    3.860546201698   -7.489602000987    0.6369    0.7456   0.516   21
57274.206   -1.459338744355   -1.530201603828    0.1764    0.1913   0.445  112
57294.207   -1.294428238564    0.112399177965    0.0803    0.0793  -0.031  173
57301.209    0.202560206198   -0.953402400228    0.1072    0.1305  -0.204   83
57330.206   -0.318052053603    0.361497583867    0.1128    0.1128   0.254  268
57332.270   -1.334311391081   -0.940701622199    0.1678    0.2031   0.160   48
57337.227    0.653148647424    0.388400377460    0.6331    0.8813  -0.096   26
57357.209   -0.083015415754   -0.102902416188    0.0824    0.0875   0.018  110
57360.270    0.071546198900    0.448797581498    0.0817    0.1072   0.091  245
57365.227   -0.673751315540    3.600399594461    0.3984    0.5671   0.325   25
57367.268    0.135481049968    0.377099976845    0.1169    0.1406   0.033   78
57372.225   -0.043132263237   -0.044902807872    0.5877    0.5357  -0.042   35
57374.270   -0.377013278734    0.944798389924    0.1175    0.1427  -0.012  121
57379.271    0.918732713189   -4.394300398758    0.1114    0.1182   0.098  168
57386.269    2.070066338776    0.643197597583    0.1360    0.1574  -0.214  216
57395.272   -2.387409535771   -1.557702012178    0.2704    0.2321  -0.283   52
57398.771   -0.562831039464    2.230199999076    0.7611    0.6153  -0.113    4
57402.270   -2.583982949496   -0.891201608511    0.2423    0.1535   0.180   71
57407.230   -0.515945574313   -1.635602399119    0.1213    0.3122   0.754  249
57427.206    0.337230086074    0.732797988690    0.1490    0.1235  -0.266  312
57434.208   -0.088191038136   -0.615402001358    0.1909    0.1633   0.446  141
57435.227    0.140656672349    0.829198776842    0.6364    1.0091  -0.370   36
57441.206   -0.511885431951   -0.782902804985    0.0961    0.1063   0.069   66
57448.208   -0.438919304657   -0.965800802533    0.0959    0.1271   0.073  104
57458.270    8.653021063834    2.296799985402    1.1389    0.3983   0.128    6
57470.229   -0.251986063908   -2.650899608625    0.8874    1.5950  -0.500    5
57471.270   25.062048626446   28.031497200232    0.2198    0.3018   0.043  151
57477.209    0.807505496664    0.167799598216    0.1511    0.2023  -0.023  210
57512.207    0.961153766193   -1.249801209724    0.2749    0.2403   0.090  108
57521.269   -1.368003262608   -1.054501203157    0.3382    0.5712  -0.050   14
57540.207    1.840509771684    8.533497594954    0.2722    0.9865   0.544   83
57547.209    0.046174393365   -0.410500817338    0.2356    0.5994  -0.334   49
57561.227    0.390509105556   -0.052001999507    0.8950    1.4426  -0.498    7
57563.269    1.478212466899    1.485597590545    0.1896    0.2045   0.138   69
57567.206   -1.821433914248   -3.583000801655    0.2278    0.3234   0.281   66
57577.269   -3.892313776741    4.987598379103    0.2582    0.3946  -0.288   39
57581.206   -0.083724133914    2.013998388861    0.2425    0.3118  -0.538  147
57596.229    3.476837273883    8.027899190211    1.0109    1.8780  -0.875   86
57605.269   -1.835032054553    1.658397579263    0.3369    0.3294   0.022   51
57609.206    0.185004375462    0.408898796422    0.1391    0.2401  -0.123  155
57617.209    2.749095728628    2.254697983517    0.3524    0.3179  -0.044   40
57640.271    1.291990297935   -0.290102406098    0.1411    0.1606   0.021   64
57644.208    0.759097789637    3.994099182592    0.2525    0.3465   0.095   78
57647.269    0.021513798064    0.165999591673    0.1853    0.2179   0.183  113
57661.269    0.586373801121    5.552798387498    0.2603    0.3816  -0.116   45
57674.228   55.912939856175  -71.622399607918    1.8937    2.3810   0.017    5
57680.229   -4.614675072648    1.063198783413    3.0934    1.0198   0.641   13
57708.229    0.413140875712   -0.022402815603    0.2725    0.7643   0.103   30
57724.271    0.443483676662   -2.339301616416    0.1011    0.1225   0.198  205
57729.228   -0.876720637221    0.183099589890    0.6071    0.9136  -0.247    4
57744.272   -0.088393173028   -1.023699601888    0.0979    0.1141   0.104  129
57758.272 4876.481470978382   84.472397998070    0.1703    0.2292   0.119   47
57770.475   -0.106153630730   -0.416401223902    0.2394    0.2243  -0.316   64
57775.461   -0.105340245462   -0.645400814392    0.1359    0.1995  -0.184   57
57780.271 2094.790868789662   45.844797577388    0.1491    0.1401  -0.091   88
57784.20916367.277258113407 6604.227097176363    0.2028    0.1374   0.236   93
57787.269 1930.247164311734  588.350599190335    0.1191    0.0967   0.080  139
57791.207    0.350828226379   -0.014500810153    0.1103    0.1441   0.326   64
57792.229   -0.084739792523    0.852397192830    0.7757    1.1477   0.390   24
57794.271   -0.341799165330   -1.463702400883    0.1842    0.1496   0.074   39
57804.381   -0.425218989317    0.477597583881    0.1529    0.1895   0.015   92
57806.208   -0.443585851696   -0.159901199481    0.3985    0.3590  -0.409   77
57815.269   -1.486232791767   -0.731401217990    0.3006    0.3471  -0.213   28
57833.207   -1.034933140306    1.734199190651    0.2416    0.3780  -0.362   13
57841.228   -0.831661862323    1.047398379228    0.6667    0.8038  -0.302   25
57843.270   -1.541338501500    0.423097179691    0.2547    0.1895   0.018   45
57850.271    0.273497508347    0.159299978009    0.1144    0.1016   0.139  122
57856.272    0.964602519731   -2.677802402218    0.1049    0.1118   0.087  138
57868.209   -1.998624806985   -2.626300815223    0.2308    0.3132  -0.566   93
57869.228   -1.032904315162   -0.956401217422    0.2988    0.4284   0.263  264
57875.189   -0.157401471442   -0.348001205452    0.2333    0.1909  -0.302   81
57877.227    0.115996077048    0.100897185007    0.2858    0.3729  -0.016  251
57896.209    0.299275937292    0.086900394081    0.2061    0.1589  -0.341  112
57914.628   -0.640870614104    0.378597582085    0.2443    0.2335  -0.585   44
57920.301   -0.378637834094   -0.053499604746    0.1340    0.1444  -0.020  109
57931.207  -20.599399483143    0.762699599477    0.1549    0.1405  -0.279  246
57938.209    0.076721821281   -1.427400022180    0.1302    0.2632  -0.399  147
57939.228    0.405122904470   -1.531800018029    0.2913    0.5338  -0.101  152
57943.713    0.085246514240    0.534599999469    0.2562    0.1856  -0.496   36
57945.207    2.094524799185    1.324997992924    0.1674    0.1926   0.183  175
57948.268    0.127869702135   -0.656200802496    0.1256    0.1507  -0.095   76
57950.916    0.088595446369   -0.525502815663    0.1626    0.2410  -0.034   72
57955.270   -0.324240842520    1.908899994874    0.0875    0.1196  -0.065  143
57959.207    0.831861643590   -0.030999612477    0.1545    0.1866  -0.184  216
57960.230    6.049959903276   -4.399801201771    0.3072    0.3260  -0.015   98
57970.691    0.397816005013   -0.166100400634    0.1328    0.1507   0.067  126
57976.272    0.319571941855   -2.928700814664    0.1329    0.1415   0.110  176
57978.131   -0.005684697723   -0.003200409537    0.1565    0.2097  -0.182   90
57987.207   -1.751307782190   -2.338599611562    0.1254    0.1289  -0.115  125
58008.209   -0.996065646398   -0.536702407317    0.0838    0.1106  -0.045  240
58009.228    0.472102239291    1.636599591848    1.4185    1.3706  -0.285   34
58010.247    0.500618349988    1.548197985812    0.6340    1.4769   0.310   53
58011.270   -6.917444637305   -3.276900005744    0.1472    0.1159   0.475  171
58015.324   -0.294506938321   -0.403200007781    0.2935    0.3804  -0.274   73
58022.797   -1.329642351968    2.737400399155    1.1587    1.5034   0.791   55
58023.228   -0.366661895523   -0.469299607175    0.4474    0.5863   0.012   13
58031.249    0.579573623380    2.436897582925    0.3979    0.3639   0.230   17
58036.001   -0.442877133536   -1.362801609162    0.4746    0.3359  -0.097   56
58037.206    0.646959720060   -0.673002006124    0.0825    0.1041   0.031  134
58038.229   -5.522043097643   -1.531900801410    0.3479    0.7057   0.525  134
58043.207    0.901885600613   -1.220302809202    0.0848    0.0925  -0.032  243
58046.268   -5.855619803213    3.945898788515    0.1962    0.1977  -0.211   33
58050.209    1.698231036049    2.059199991322    0.1873    0.1696   0.089   43
58060.272    0.346059227408    0.712097977384    0.2166    0.2446   0.169   28
58074.272   -0.896000983175    0.673099182791    0.1666    0.1902  -0.045   56
58079.272   -4.560684842933   -2.174799604404    0.2663    0.2851  -0.051   43
58081.000    0.041709981218    0.031499999409    0.3167    0.5596   0.296  176
58085.500   -0.479511175334   -0.412902019775    0.0662    0.1184  -0.028  251
58086.497    0.769449034399   -0.237999623209    0.0565    0.0856  -0.261  317
58088.498    0.783962873455   -2.936602820114    0.0789    0.2334  -0.711  310
58089.499    1.575028019402   -1.347901221038    0.0735    0.0959  -0.655  347
58090.496    0.640361677211   -1.044702014497    0.0492    0.0728  -0.142  241
58093.499   -0.096917865986    0.995997601194    0.0436    0.0594  -0.053  322
58095.497   -0.322414152268    0.442997983896    0.1252    0.0737   0.091  322
58096.497   -0.447543819024    0.305499600017    0.0461    0.0526  -0.015  306
58106.209   -0.532081476656   -0.149101211377    0.2236    0.3029   0.355   16
58109.000   -0.512900952111   -1.740801602068    0.5480    0.7860   0.368   83
58130.268    5.318971600927    1.159999200695    0.1924    0.2022  -0.001  125
58137.058   -1.794642180319  -22.521301201550    0.1689    0.2115   0.118   64
58144.268   -4.972710100178    0.285397177890    0.1298    0.1696  -0.128  102
58155.208   -0.280502174606    0.718099192909    0.0971    0.1225   0.013   82
58158.272    0.566684339683   -1.059400810277    0.1020    0.1358  -0.088   42
58159.408    0.085650784024    1.246697976853    0.2421    0.3943   0.051   15
58193.270   -0.587895904549    1.604797191135    0.8439    0.4488  -0.283   10
58197.208   -0.101586905100    0.830300385246    0.1467    0.1921  -0.784  275
58198.227   -0.755648759202   -1.875099601989    0.5247    0.4876  -0.040   43
58203.797    0.922994990444   -0.407001613212    0.2454    0.8947  -0.600   81
58213.231    0.068197266771    0.081799194618    0.1000    0.1268   0.112  396
58218.206    1.079280981868    0.127497577296    0.1963    0.2368  -0.028   33
58219.229    0.509651979840    0.910598393489    0.2352    0.2172   0.044   91
58233.225    0.907265849960    1.175597986958    0.4268    0.8960  -0.038   26
58240.165    0.783556111597   -0.912801610298    0.4469    0.3312  -0.414   38
58241.209    0.140554358866   -0.350499610136    0.1234    0.1179   0.071  162
58242.272   -0.048814468886   -0.820400413204    0.0926    0.1125   0.143  134
58246.082    0.115182691779    0.398998798801    0.1596    0.3052  -0.005   49
58247.207    0.620674569399    0.221497188591    0.1488    0.1913   0.180   61
58249.270    0.025573940427    0.367498799392    0.1379    0.1865   0.287   25
58254.227   -5.124022604113  -12.640701618238    1.7921    5.9319  -0.068    3
58256.272   -0.134567566393   -0.260600398860    0.1313    0.1515   0.013   44
58268.209   -0.488949213419    0.409899595866    0.1601    0.1586   0.032  129
58284.269    0.141060942133    0.239097599319    0.2941    0.2525   0.139   23
58297.250   -0.466724205120   -0.167500803627    0.4553    0.5031  -0.120   19
58304.233    0.418620946469    0.057697181433    0.2043    0.3840  -0.199   45
58305.271    1.690719648074   -0.020102422127    0.5228    0.7715   0.412   22
58316.206************************************    0.1330    0.1597   0.222   49
58323.208    0.379244515667    0.174999598812    0.1432    0.1272   0.082  124
58326.269   -0.081999757145    0.000000000000    0.2302    0.2943   0.213   40
58326.959    0.352654916631   -0.820000809654    0.1907    0.2047  -0.205   42
58330.206   -0.081188587054   -0.493300811399    0.1997    0.2156   0.292   32
58333.271   -0.218191878898    0.856699185192    0.2625    0.3340   0.219   55
58337.208   -0.603423048589    0.505097992232    0.2308    0.3069   0.431   98
58340.269    0.158212641533   -0.399600020273    0.3972    0.4847   0.000   19
58340.948    0.163388263914    0.339299992902    0.1753    0.1997   0.065  112
58347.271    0.559377440226   -0.618001215003    0.1955    0.2884   0.143   27
58363.696   -0.084435344148   -0.884401211465    0.1647    0.1688   0.146  246
58366.227   -0.572166764065   -0.106300811353    0.7140    1.3335  -0.019    7
58368.269    1.016563924302   -0.119602810855    0.1537    0.1974   0.109  221
58375.271  -10.502871267370  -10.182600004782    0.4538    0.4394   0.141   53
58380.227   -0.390713594073   -1.042102800852    0.3876    0.3496   0.084   17
58382.002   -0.004466904221    0.137797178468    0.1752    0.1526   0.022  225
58386.484   -0.468044312105    0.116697589192    0.1868    0.2121  -0.139  113
58396.269    0.247010222794   -0.304902010839    0.2279    0.3153   0.464   44
58401.229    0.440743641284   -0.326401203665    0.1200    0.2336   0.496  114
58407.208   -0.162983855681    0.255599982779    0.1132    0.1371   0.006  119
58410.269 -415.898536976019-4389.924200410178    0.2635    0.2937   0.516   35
58417.271    0.634477198221   -0.129902412027    0.4354    0.4064   0.385   12
58421.208    0.017658282668    0.271799990514    0.1093    0.1226   0.084  171
58425.726    0.235645534600    0.630997180906    0.2804    0.3366   0.732  150
58428.206    0.082810927237    0.562298393447    0.1346    0.1663   0.176   50
58440.833   -0.131218634264    0.239299191662    0.1068    0.1073   0.004  162
58443.269    2.733568584588    3.832498785528    1.1220    1.7105   0.784    5
58449.208    0.413545145497    0.305398791056    0.1446    0.2286  -0.269  265
58456.714   -0.254117202536   -0.147200421452    0.1400    0.1483   0.094  100
58464.227    0.077939614783   -0.562402809123    0.1089    0.1863   0.325  209
58470.207   13.506790424620    7.902899992018    1.0974    0.7493   0.782  113
58486.208    0.642188367463    0.742798795272    0.1166    0.1543   0.454   93
58487.271   -0.243967954217   -0.050500813131    0.3192    0.3245   0.222   16
58491.208    0.680956039962   -0.521002812093    0.1806    0.3052   0.218   58
58491.208    0.457488578825   -0.962301623986    0.0686    0.2673  -0.181  363
58504.916    1.278392296079    3.575199579586    0.6310    1.1346  -0.228    6
58505.161   -0.678827116511  -22.969501219450    0.2594    0.4929  -0.057  107
58506.209    0.253810400535    0.052498779723    0.0770    0.0983   0.154  146
58508.269    0.372546512961    0.233297976138    0.1270    0.1283  -0.159  166
58514.248    0.086361994258    0.096098386848    0.1380    0.1758   0.094   79
58522.269    0.034098633386    0.235598395193    0.0997    0.1435   0.054  140
58526.207    0.363919644968    0.543297579725    0.1139    0.1312   0.165   86
58530.834    0.778380489216    0.455399992916    0.3076    0.9019  -0.545   64
58540.733    3.550412297928  -22.043199624022    0.1819    0.1660   0.065  136
58547.209    0.198807004284   -0.068101223860    0.0862    0.1241  -0.184  222
58551.686   -2.020036291566   -0.173102415602    0.2289    0.2827   0.101   91
58557.436   -2.420187923724   -0.596602805558    0.2134    0.6446  -0.290  114
58561.209   -1.192030163373    0.552599988168    0.0773    0.0548  -0.497  706
58564.269    0.590431589858    0.427298388672    0.2425    0.2122  -0.236   81
58575.209   -0.431510091717    0.798699576876    0.1030    0.1337  -0.651  630
58591.269    0.264770680496    0.129099598212    0.2610    0.2828   0.232   45
58593.332   -1.286307953838    0.378997185635    0.2183    0.2683  -0.042   67
58599.271   -0.111633839935   -0.242701219122    0.1988    0.2223   0.390   46
58603.209    0.188555442483    0.281199601204    0.0919    0.1169  -0.012  501
58610.083    0.087781922652   -0.644500823910    0.1610    0.1945  -0.003  101
58617.209   -0.004466904221   -0.004201208981    0.0790    0.0744   0.021  335
58635.004    0.417707601342    0.394797589820    0.5621    0.5118   0.623   72
58641.271    0.202966968056    0.038397598701    0.2350    0.3019   0.320   53
58646.210    0.055410296558    0.279698389249    0.1394    0.1081  -0.181  169
58653.230   -0.255537130930    0.219200376250    0.4263    0.3405  -0.309   38
58659.209    0.293389104677    0.425397598747    0.0990    0.1937   0.576  668
58669.271    0.127665075169    0.243298782721    0.3551    0.4427  -0.037   11
58673.209    0.345450330657    0.185000379815    0.0775    0.0893  -0.069  473
58681.230   24.871968588461   -8.304300018835   33.7348   38.0536  -0.159    9
58682.249   -1.071060598836   -2.108001606871    0.6197    0.5015  -0.168   10
58683.271   -0.117011597208    0.045097186785    0.2259    0.2399  -0.116   45
58689.251   -1.175083229387   -0.347302807313    0.5595    0.6283   0.397    8
58701.209   -0.138829843648   -0.063100807779    0.0896    0.0754  -0.162  231
58703.251    0.329314428315   -1.022601600198    0.4189    0.3500   0.223   33
58715.209    0.678722587851   -0.294501600706    0.1614    0.1853  -0.131  432
58718.270   -0.205504730094    0.042199178552    0.3498    0.1891  -0.057   45
58730.228    0.586982697872   -1.511499610274    0.0252    0.0460   0.183  115
58732.270    0.239805636820   -0.229802404306    0.1793    0.1796   0.225  162
58739.272    0.632954956345    0.512499585170    0.2177    0.2495  -0.205   37
58743.209   -0.043638846505   -0.107701214347    0.0766    0.1031   0.061  335
58746.270    0.472608822558    0.310499990519    0.1582    0.1666   0.023   95
58757.209   -0.311251737414    1.017197999431    0.4383    0.4500   0.015   16
58757.209   -0.373359898229   -0.393602411464    0.1876    0.1914  -0.010  347
58757.209    0.165621716025   -0.901400400721    0.6603    0.8126  -0.413   12
58772.228   -0.678218219761    0.223700379820    0.3228    0.2685   0.061   34
58774.270    0.815219157980   -0.588200413176    0.1844    0.2348  -0.210   48
58781.272    0.158414776426    0.169200001210    0.2853    0.3542  -0.230   80
58787.269   -0.034200808420    0.024897587991    0.1951    0.2560  -0.212  107
58792.207    0.276746619067    0.647600398906    0.1466    0.1675   0.171  120
58795.272   -0.153241369221    0.213299995266    0.3379    0.2329  -0.696   98
58799.205   -0.282328864858   -0.416901610834    0.2117    0.2616  -0.041  169
58806.207    0.694454081961   -0.836100008428    0.1856    0.1963  -0.010  138
58809.272    0.158010506641   -0.016700420247    0.2214    0.1729  -0.052   68
58813.209   -0.234632229616   -0.140799602377    0.0649    0.0756  -0.077  306
58814.272    0.157603744783   -0.202802408467    0.1095    0.1807   0.027  127
58820.207   -0.100978008349   -0.017600410729    0.2003    0.2203  -0.152   64
58827.209    0.308713975376    0.019799995243    0.1423    0.1576  -0.022  158
58828.228   -0.733526064387    2.353197598381    0.1415    0.1361  -0.052   54
58830.270    0.034502903170   -0.077601617932    0.2427    0.2700   0.147   52
58834.083    0.327285464722   -0.065800804805    0.2446    0.2156  -0.620  183
58835.208    0.121373972770   -0.303300015503    0.2103    0.2430  -0.028   46
58837.272    0.129594078904   -0.341499602996    0.1641    0.1626   0.065   81
58841.206   -0.221438497544   -1.874401203850    0.2570    1.3463   0.391  136
58851.268    0.300493730793   -1.023901219810    0.7845    0.5806  -0.076  107
58857.229    0.021513798064   -0.307602007865    0.0783    0.0776  -0.009  380
58858.270    0.728450401863    0.070297176080    0.1976    0.2363   0.086   37
58865.272   -0.353874925309   -1.057600803733    0.2548    0.3384   0.688  113
58868.913    1.695590822080   -1.244800819222    2.6108    1.4633  -0.843    6
58872.270    0.162068156930   -0.358902002517    0.1088    0.1158   0.176  147
58876.207   -0.071343925559    0.045997177267    0.0968    0.1164  -0.083  134
58879.272    0.136189768127   -0.243201606054    0.0990    0.1545  -0.119  172
58883.249    0.134667526251   -0.426200412562    0.0817    0.1109   0.468  663
58886.270    0.251679261908   -0.076500009527    0.1276    0.1609  -0.053  131
58893.272   -0.433539055310    0.781498795277    0.3708    0.3248  -0.352   25
58897.209    0.190586759701   -0.111700805405    0.1043    0.1338  -0.326  306
58900.248   -0.079461856659   -0.001202417366    0.0824    0.0483   0.108  699
58900.270    0.013902588680    0.507797989258    0.2499    0.2602   0.069   34
58904.208    2.829775378789   -0.228902413824    0.1884    0.1828  -0.497  151
58907.268   -0.098440107863   -0.094201203638    0.2158    0.2541  -0.075   27
58914.270    0.199111452660    0.268099194045    0.3889    0.4358   0.027  113
58925.209    0.103209106834    0.025498783884    0.1119    0.1067  -0.233  280
58925.250    0.019382659437    0.213098377344    0.1076    0.0998   0.060  388
58934.249   -1.897646798636   -0.234500419083    0.7441    0.4985   0.379   29
58935.268    0.560190963943    0.268700389938    0.1603    0.1604  -0.027   67
58939.209    0.007102272491    0.119897998729    0.0788    0.1203  -0.048  306
58939.250    0.021209349689   -0.018100823240    0.1200    0.1250  -0.283   66
58946.208    0.051756777605    0.180097191560    0.0714    0.0788  -0.003  260
58954.207    0.148774603449   -0.186602400731    0.0539    0.0756   0.018  632
58956.270    0.073068440777    0.179798396971    0.1157    0.1550  -0.219  148
58960.208    2.210520737784    0.656398788124    0.6713    0.1957   0.899  586
58962.271    0.128578558744   -0.079002020925    0.1474    0.1691   0.223  145
58967.210   -0.513305360344   -0.243201606054    0.2869    0.3170  -0.401  299
58968.229    0.981754219131    0.850798778629    0.3649    0.2951   0.343   33
58974.208    0.082202030486   -0.023500817292    0.0883    0.1140   0.104  348
58981.210    0.117618278782   -0.154000818497    0.1386    0.1494  -0.109  337
58989.230    0.726014814860   -0.072601201850    0.0901    0.1303  -0.379  496
58990.249    0.489558248618   -0.092199604751    0.5766    0.5867  -0.164   19
58996.207    0.492093657030   -0.068500801831    0.2317    0.1768   0.411  387
59003.209    0.064746021159   -0.255700817320    0.1237    0.1444   0.110  230
59011.270   -0.139845502257    0.397897190396    0.2940    0.3471  -0.016   31
59016.208   -0.144005604478    0.106397988020    0.5031    0.3983  -0.340  185
59023.206    0.139945462115   -0.039999619617    0.0733    0.0971  -0.088  388
59026.270   -0.365646236914   -0.441100800685    0.4139    0.5166   0.656   77
59032.271    0.082506478861   -0.213102009639    0.1988    0.2450   0.267   85
59038.229   -0.060485959081   -0.302202013813    0.1997    0.1060  -0.349  529
59040.270    0.433030118416    0.936000000706    0.2120    0.3224   0.439   72
59044.208    0.330634535299   -0.161802014986    0.0742    0.0981  -0.012  587
59061.269   -0.185919935765    0.585799185160    0.1577    0.3549   0.001   94
59065.206   -0.283851106735   -0.200800809580    0.2937    0.4252   0.030   57
59068.271    0.122591766271   -0.405601210218    0.3703    0.3953  -0.248   26
59075.269   -0.127971877170    0.633200397715    0.4338    0.7742  -0.336   61
59080.207    0.639957268978    0.073097982067    0.1501    0.2241   0.639  458
59081.252    0.372139751102   -0.636400807252    0.1126    0.1479  -0.139  278
59089.269    0.458504098986   -0.051699623782    0.3883    0.2989   0.121   34
59093.250    0.158821538284   -0.386301601907    0.0924    0.2271   0.398  315
59096.271    0.009842307869    1.420099187044    0.3910    0.5674  -0.120   34
59101.209    0.010046934835   -0.965602816905    0.1147    0.3133  -0.092  336
59107.206    0.273093100114    0.173498386857    0.1056    0.1236   0.033  380
59110.271    1.449391769377    1.099598389942    0.5530    0.5220   0.214   36
59116.250   -0.152430337578   -0.762300021506    0.6877    0.8479  -0.185   12
59117.269   -0.614283368693    0.330598780351    0.3473    0.5469   0.179   25
59121.250    0.373562171570    1.035298797092    0.0792    0.1156   0.150  576
59128.208    0.006900137599    0.073299599990    0.2663    0.2122  -0.543  177
59142.208   -0.365646236914    0.086597992777    0.3322    0.4007   0.033   41
59152.249    1.393372714518   -4.595400002927    0.2543    0.2116  -0.185  856
59163.206    0.105744653695   -0.432201602507    0.0679    0.1058   0.175  403
59166.271    0.488440276526   -0.411901220332    0.3200    0.4487  -0.208   28
59171.227    0.845561958929    0.743097589861    2.0274    0.9297  -0.011    5
59172.250    0.173435198750   -0.084999604155    0.0639    0.0867  -0.105  330
59180.271    1.159249421795    0.330598780351    0.8799    0.5913   0.025    9
59184.208   -0.566584379826    0.872798383966    0.2875    0.3434   0.263  171
59194.249    0.280095551196   -0.440002798996    0.0553    0.0784  -0.501  847
59206.251    0.686538424202   -0.658501221551    0.0665    0.0811  -0.384  758
59206.269    0.082404165378   -0.048600023206    0.1867    0.2565   0.002  102
59213.293    0.472711136042   -0.687002403765    0.3605    0.7981   0.438   43
59219.206    0.288620105706   -0.120801621506    0.1310    0.1606  -0.037  181
59222.249    0.122998528129   -0.663300019710    0.0584    0.0736  -0.433  729
59222.271    0.026994007269   -0.882000009028    0.6441    0.8992   0.071   78
59229.269    0.169883993280   -0.649900817962    0.2663    0.2660  -0.534  202
59231.585    1.302139546254    1.378198777502    0.5518    1.5939   0.447   11
59233.206   -0.118229390710    0.410997597555    0.2019    0.2164   0.025   90
59236.249    0.336621189323   -0.106200002392    0.0800    0.0916  -0.025  551
59240.208    0.783556111597    0.240800378037    0.1866    0.1761   0.509  304
59242.250   -0.124622945041    0.514497577342    0.1072    0.1395  -0.220  384
59250.271   -0.094786727359   -0.021999605337    0.2860    0.2384  -0.233   62
59256.246   -6.342640012896   -4.543002006585    2.8644    5.4825  -0.787    4
59257.269    0.532790333264    0.579999587558    0.3670    0.3688   0.140   51
59271.737    0.461648542597   -0.666000016736    0.1446    0.1047  -0.063   93
59289.207    0.403600524144    0.205797593367    0.2197    0.2644   0.215  266
59299.269    0.273193059972   -0.065800804805    0.1591    0.1604   0.020   87
59304.229    0.758184444511   -1.132401615678    0.4726    0.8877   0.354   11
59305.248   -0.516554471064    0.735897589266    0.0543    0.0684  -0.197  526
59305.270    0.518580942583    0.053999991678    0.2132    0.5211  -0.113   61
59311.209    0.263755021887   -0.840801604340    0.2129    0.2329   0.351  514
59313.269    0.359352780889    0.273797982686    0.2432    0.1699   0.390  152
59317.207   -1.930325365179   -0.404200807225    0.4471    0.5002  -0.325  113
59320.249   -0.138018812005   -0.771102017438    0.0389    0.0457   0.011  374
59320.271    0.285168860094    0.216197977920    0.2773    0.3565  -0.503   87
59327.269    0.467433061729   -0.339800405413    0.4484    0.4625  -0.819  257
59334.249    0.076212884388   -3.296001602848    0.0340    0.0711   0.228  499
59334.271    0.276339857209    0.026297990985    0.2411    0.2787  -0.557  134
59341.269   -0.672129252254    0.475700400671    0.2465    0.3316  -0.560  144
59345.207   -0.362399618268   -0.271602004887    0.2518    0.2152   0.059  113
59348.249    0.474233377918   -0.118101598900    0.2683    0.1653   0.225  208
59348.271   -0.358137341013    0.117298785085    0.2348    0.2374   0.632  155
59352.187    0.304147249746   -0.771699606616    0.7666    0.7840  -0.381    9
59373.207    0.619963359165   -0.230202007856    0.1639    0.1735  -0.178  206
59394.209   -0.152430337578    0.041997586209    0.1140    0.1614   0.227  221
59403.249   -0.091844418640    3.293297999107    0.1041    0.3957   0.000  454
59410.250   -1.605373173977   -0.144900002397    1.5156    1.3754  -0.558    6
59415.207    0.483366829179    0.287999998250    0.1660    0.1811   0.077   90
59425.251    0.138016458380   -0.434199620258    0.0717    0.0756   0.017  705
59429.207    0.358237300871   -0.177300017867    0.1205    0.1268   0.018  350
59446.249    1.270576459729   -1.299099605490    0.1664    0.2570  -0.679  211
59460.250    0.067892818396    0.138398399940    0.0449    0.0666   0.060  418
59465.206    0.394873834742    0.170398786281    0.0998    0.1204   0.104  229
59466.251    2.579820632099    2.387098800227    0.1231    0.3971   0.621  343
59480.083   -1.140680147626   -0.362199614301    0.2905    0.3103   0.163   57
59509.270    4.415359269919   -5.748102000780    0.2045    0.2903  -0.054   81
59513.207    1.397432856880   -0.273099610126    0.1758    0.1928   0.049  132
59521.210   -0.184295518853    0.396597596364    0.1965    0.2820   0.042  123
59523.270    0.003653518953    0.104198377926    0.1461    0.2354  -0.231  165
59534.209   -0.068501576698   -1.226502010354    0.1338    0.2407   0.067  205
59542.248   -0.106558038963   -0.219402019752    0.0855    0.1069   0.200  112
59564.251    0.016338175683    0.289097999939    0.3879    0.3700   0.161   69
59578.269   -0.010149109870    0.199299597625    0.2095    0.2272   0.036  434
59594.585   -0.933653175656   -0.281300410165    1.1807    0.9777  -0.406   13
59598.208    0.258783888024    0.242899179170    0.1723    0.1902  -0.288   95
59600.250    0.247923567920   -0.059799614860    0.0297    0.0366  -0.131  179
59607.248   -0.276239897351   -0.681699611960    0.2314    0.2977   0.888  376
59614.250    1.323653344318    0.557600378670    0.0997    0.0499   0.764  333
59621.248    1.873797373426    9.958798790421    0.0514    0.2252   0.353  339
59628.250    0.491484760279   -1.806001210980    0.0413    0.0928  -0.048  305
59639.207    0.220422977383   -0.080301614958    0.0791    0.1293  -0.305  736
59642.250    0.299478072184    0.045698382678    0.0244    0.0248  -0.184  461
59649.248    0.096815690952   -0.060300001792    0.0795    0.0877  -0.057  246
59655.249   -0.654875377819    0.097999176774    0.9549    0.4199  -0.496   14
59656.250    0.383404479439   -0.215600414322    0.0337    0.0543   0.101  178
59674.209    0.203880313182    0.140399998827    0.1251    0.1530   0.099  117
59695.208    0.342607981796   -0.125100007153    0.1465    0.1661  -0.174  291
59703.207   -0.180641999901   -0.222699605956    0.1161    0.1066  -0.085  325
59730.082   -0.203069143091    0.540899984003    1.4802    0.7415  -0.167   18
59731.207    0.367675338955   -0.929199603661    0.1831    0.2859   0.091  158
59739.227   -3.176548031608    2.727298783611    4.4796    1.3360  -0.005    4
59765.208   -0.131827531015   -0.308700009555    0.1192    0.1255  -0.050  437
59766.230    1.699448829550    1.005897598816    0.3512    0.2368   0.405  298
59772.210    0.267712850767   -7.601000405089    0.1883    0.6082  -0.261  222
59795.250    2.436626059264    1.494799190027    0.1589    0.1451   0.784  124
59803.248   -0.597740704492   -0.314100003607    0.4225    0.2983  -0.135  121
59821.208    0.185917720588   -0.412700401853    0.0819    0.0877   0.090  625
59829.229    1.222373241219   -4.694500813684    0.2392    0.8886  -0.399  349
59842.210    0.003957967328   -0.256802400145    0.2245    0.1895   0.269   51
59849.208    0.375590996715    0.435297596368    0.1268    0.1815   0.308  184
59870.210    0.211998244282    0.262997994582    0.0993    0.1225   0.023  149
59877.208    0.522538909911   -0.291402000130    0.2369    0.2143  -0.128   87
59878.227   -6.855541103456   34.656800386301   93.2950   36.4067   0.379    3
59884.206    0.843126371926    0.421700383413    0.4483    0.5179   0.495   40
59948.209    0.214638458252    0.244799994675    0.1464    0.2739  -0.124  141
59954.206    1.055329104727   -0.075502816799    0.1930    0.2223  -0.244  107
59961.208   -0.044449878148   -0.218901607241    0.1639    0.2052  -0.293   84
59968.206    0.291969176283   -0.523400407815    0.1349    0.1229   0.356  370
59975.208   -1.109421509477    0.579999587558    0.4559    0.3592  -0.098  156
60026.248   -0.493416117640   -0.595702815076    0.3047    0.6250   0.271   52
60052.207    0.113964759829    0.295297201092    0.1202    0.1532  -0.061  249
60059.208    2.344277410983   -1.757001609803    0.1992    0.2922  -0.218  188
60067.207    1.445536253981   -0.052902015568    0.3901    0.1490   0.003  316
60082.248   -0.464695379976   -0.110700005962    0.3265    0.2613  -0.317  211
60108.207   -0.020500493081    0.057599979186    0.3440    0.3324   0.103   33
