%-----------------------------------------------------------------------------
%                R.A. (mas)        Dec. (mas)        Err. (mas)     Corr. Del.
% Uncertainty in R.A. is in R.A. cos(Dec.)!!!!
%-----------------------------------------------------------------------------
50631.755    0.213677341144   -0.520099202106    0.5118    1.1525  -0.528   58
50687.836    0.431345329729   -0.617997595498    0.2925    0.9225  -0.212   48
56817.881    0.468784353498    0.842799596512    0.1901    0.3927   0.379   72
57914.628    1.035655744791    1.098399604871    0.1234    0.2817  -0.233   90
58272.782   -0.158444512178    7.117801196443    0.1478    0.3182  -0.130   72
58510.833   -0.478183194403    1.185800398673    0.1271    0.2865  -0.002  124
58670.101    0.000000000000    0.000000000000    0.2490    0.5281  -0.332  110
