%-----------------------------------------------------------------------------
%                R.A. (mas)        Dec. (mas)        Err. (mas)     Corr. Del.
% Uncertainty in R.A. is in R.A. cos(Dec.)!!!!
%-----------------------------------------------------------------------------
49791.249    1.581288984763    0.000000000000    0.3688    0.4737  -0.141    7
49798.251    0.330328319807    0.010396803418    0.2384    0.2326   0.026   14
49826.960    0.123540811900    1.210399204865    0.3081    0.3146   0.184  113
51115.712    1.875144996128   -0.068803177555    0.5895    0.5254  -0.108   10
51967.168    0.410788931172    0.422298023750    0.3127    0.3178   0.073   19
53185.207   -0.017427700051    0.215596782027    0.4342    0.3588   0.316   20
57839.792    0.000000000000   -1.185602400255    0.1378    0.1994   0.083  180
58241.209   -0.057916074734    0.027597610597    0.3978    0.3882  -0.417    6
58258.146   -0.922123312282   -0.237599994080    0.2408    0.2012   0.395  135
58330.206    0.572164072527   -0.381600005994    0.1965    0.2452  -0.232   23
58337.208   -0.669921846987    0.263700025016    0.2401    0.3091   0.390   69
58701.209    0.143493434300    0.698598017834    0.0851    0.0853   0.203  270
59017.230  -53.291917503911  -21.981502800372    7.3160    2.6737   0.790    3
