%-----------------------------------------------------------------------------
%                R.A. (mas)        Dec. (mas)        Err. (mas)     Corr. Del.
% Uncertainty in R.A. is in R.A. cos(Dec.)!!!!
%-----------------------------------------------------------------------------
53561.356   -3.481194021009   -6.135998397383    3.0437   10.6396   0.326    8
56817.881    2.456628882452    0.000000000000    0.2876    0.6237   0.340   80
57804.381    2.772432334985    1.745499604056    0.2819    0.6835   0.084   56
58143.856    5.822630731180   -9.667101589628    0.3308    0.7399  -0.663   60
58324.227    2.030438348774    3.791599201008    0.5445    0.9263  -0.065   23
58530.834   -0.229845893202    2.098400403838    0.5357    1.3093  -0.092   36
58563.250    0.000000000000    3.687901210014    0.4070    0.6860   0.285   42
