%-----------------------------------------------------------------------------
%                R.A. (mas)        Dec. (mas)        Err. (mas)     Corr. Del.
% Uncertainty in R.A. is in R.A. cos(Dec.)!!!!
%-----------------------------------------------------------------------------
47288.249   -2.001111301531   -1.472500815680    2.1253    2.4304  -0.071    4
47459.252    2.141326732375   -2.318698807358    2.5384    3.1590  -0.344    4
47463.179   -0.025404415836   -3.333798031235    3.6187    3.7385  -0.393    3
47649.252   -6.120524674348   25.552501170978    1.1233    1.4198  -0.001    8
47924.263   -1.096919552017   -1.539298813213    1.0827    1.0675  -0.002   12
48538.255   -0.114812961418   -1.865098795406    1.0721    1.2411   0.267    7
49064.164   -0.720024359803    0.651599964385    0.6895    0.8600   0.266   11
49667.419   -0.901616002242    0.143701191746    0.4858    0.4687   0.441   23
49819.958   -0.182027313546   -0.418100421484    0.4264    0.2900  -0.124  322
49826.960   -0.188051934509    0.319600781040    0.4136    0.4034   0.225   64
51036.087   -0.423066164924   -0.235000806015    0.1076    0.1010   0.468  350
51115.712    1.559418655898   -0.088099204731    1.0605    1.5058  -0.549    4
51774.246   -0.260458601692    1.757401162195    0.8534    0.9686   0.531    9
53201.256    0.381373229410    0.066801578669    0.1163    0.1264   0.097  175
53297.204    0.953374086534    1.263599989443    0.5511    0.5551   0.062   18
53551.250    0.218646773058   -1.077598835764    0.0929    0.3050   0.297  184
53642.248    1.587002130136   -0.705600007223    0.2123    0.2560  -0.088   89
53893.204   -1.016705786204   -0.300099605965    0.5176    0.2865   0.779   48
54053.205   -0.296919212642    0.393699588130    0.2508    0.2735   0.109   16
54242.208   -0.116239732928   -0.226299619044    0.1452    0.1412  -0.046   16
54529.207    0.000000000000   -0.017499627347    0.0971    0.1119  -0.120   32
54683.207   -1.029744236194   -1.483398006030    0.7805    0.8219   0.229   15
54880.208    0.172713586589    0.236800786979    0.1419    0.2106   0.169   14
54943.228   -0.808838439784    0.052700397646    0.3085    0.7415   0.751  336
55042.251   -0.016011751200    0.176500759608    0.2264    0.1582   0.255  267
56427.228    0.284712095357    0.000000000000    0.2331    0.6665   0.201    8
56470.251    0.589438352563    0.021700759589    0.2424    0.2729  -0.114   13
58440.833    0.000157875358    0.197099961952    0.1049    0.0928   0.037  178
58512.780   -3.315052970229   -1.825200035910    0.2945    0.1857   0.028  128
58530.834    2.559439287622    0.475300771541    0.4029    0.9007   0.069   55
58540.733    2.784506343241  -21.358699206075    0.2370    0.1751   0.243  119
58551.686   -0.596216287690   -0.670201200137    0.2602    0.2981   0.063   82
58557.436   -1.362133878520   -0.840398445234    0.2496    0.6382   0.013  134
58593.332   -1.212049237354   -0.264499232117    0.2757    0.4512   0.068   63
58601.083    0.129396048766    0.285901171537    0.5441    0.4307  -0.035   49
58622.004   -1.431092645214    1.366401596670    0.5026    0.8224  -0.471   28
58899.905   -0.553691100334    0.714401977575    0.7367    0.4254  -0.746   29
58922.379    0.017992059666    0.250001977520    0.6003    0.7972   0.759   40
59230.577    5.091770619421   -0.027900011901    0.2491    0.1912  -0.267   44
59250.271    0.569701878330   -0.108698407075    0.1437    0.1966  -0.328  149
59299.269    0.371702823093    0.063399602368    0.1816    0.1033   0.016  229
59311.209    0.480966736028   -0.651798001172    0.3256    0.2494   0.284   35
59313.269    0.187377558025    0.270298778560    0.1445    0.1545   0.254  134
59320.271    0.173229114512    0.129599959564    0.2488    0.3366  -0.814  154
59327.269    0.733379533711   -0.320799642850    0.6524    0.4870  -0.877  198
59334.271   -0.078748012065    0.174499160721    0.1491    0.2338  -0.194  228
59341.269   -0.154761482364    0.659501995415    0.1173    0.3002  -0.471  193
59348.271   -0.098603379418   -0.072899996439    0.1796    0.2065   0.666  218
59465.206    0.508828006015    0.196099188088    0.1678    0.1288   0.082   40
59478.209    0.200812588749   -0.151898410650    0.2630    0.1770   0.401   57
59548.209   -1.355951382199   -0.818298030936    0.3618    0.3986   0.429   10
59611.207    0.126622524763   -0.065401201255    0.1702    0.2002   0.472   29
59618.209   -0.056871461668    0.489700772732    0.1519    0.1311  -0.229   48
59632.209    1.737601380086    2.601899956289    0.4855    0.7104   0.717   12
59765.208    2.221779203566   -1.369598425072    1.9293    1.1297  -0.931    8
59779.208    0.138155265563    0.347698778569    0.2406    0.2175  -0.159   20
60206.207    0.316100203511    0.310600773901    0.2147    0.1979   0.036   19
60206.207    0.316100203511    0.310600773901    0.2147    0.1979   0.036   19
60206.207    0.319508202624    0.314301570370    0.2147    0.1979   0.036   19
