%-----------------------------------------------------------------------------
%                R.A. (mas)        Dec. (mas)        Err. (mas)     Corr. Del.
% Uncertainty in R.A. is in R.A. cos(Dec.)!!!!
%-----------------------------------------------------------------------------
48580.256    0.487061252664   -1.926702004340    1.1423    1.0328   0.327   11
48804.428   -9.582193978229   -5.911801198977    3.8125    4.2642  -0.156   10
48812.251   -4.843892064874   16.045199997450    1.0805    3.6905  -0.493    4
48833.125    0.828236575615    1.152799200099    0.5707    1.0656   0.429    6
48838.878    0.533715207686    0.440499598398    0.6485    0.8727   0.641    5
48840.135   -0.192976755685   16.552800001080    0.5972    2.1499  -0.079    6
49153.168    0.926889799754    1.527300001669    0.3295    0.4364   0.254    8
49209.169    3.470528235005   -1.992200401446    0.5948    2.3585  -0.384    6
49594.168    0.545848475577    0.657298797790    0.6259    0.8501   0.048    5
49629.086   -0.634680675267    2.063797197138    0.9549    1.4361   0.550    3
49790.168   -0.146898398335    0.787499998012    0.6606    0.9437   0.170    4
49883.336   -0.056911653364    1.863000000668    0.7109    3.3414  -0.136    3
50106.252   -0.086665579899    0.791297996727    0.5048    1.1627  -0.247    3
50113.250   -0.159177092820    1.475099997350    0.5889    1.3451  -0.254    7
50127.254   -0.065720209191    1.716598799106    0.4115    1.2089  -0.347    8
50344.252   -0.207276643367    0.212997600357    0.4421    1.1464  -0.400    5
50459.832   -0.201352184609    1.525100397970    0.1578    0.3400   0.015  109
50470.253    0.549748391202    0.917099995945    0.3715    0.6999   0.152   11
50484.253    1.610682297134   -0.576399600050    1.0519    4.4859  -0.805    4
50491.251    0.470740368840    1.223499599234    1.3587    6.5460  -0.943    3
50505.251    0.385374760816   -3.254601599423    0.6060    1.4088  -0.389    6
50540.253   -0.331929699120    2.518599600876    0.4352    1.7498  -0.686    5
50554.253    0.974989350301   -1.703501998662    0.8622    3.4668  -0.189    4
50560.082    2.034044139695   -3.536701203899    0.9600    2.4864  -0.817    5
50561.251    0.887023601472    0.927500399683    0.4552    1.3223  -0.613    6
50568.253   -0.126965299194    1.885798800316    0.3425    0.6462  -0.151   12
50575.251    0.593660128759   -1.921100398761    0.4623    1.7837  -0.538    6
50582.253   -0.270251285158    3.149297999983    0.9827    8.7573  -0.913    3
50589.251   -0.334529642870    0.102297600790    0.4603    0.8621  -0.001    3
50596.253   -0.174343628419    0.423097198876    0.4575    0.8055   0.163    5
50624.253   -1.589736729372    6.420600000467    0.9489    4.1773  -0.900    3
50631.755   -0.141698313780    0.307198797600    0.5090    0.7938  -0.602   81
50638.253    0.719758780037   -0.225900002704    1.1114    6.6261  -0.926    4
50645.251    0.296109040112    1.851397198749    0.9287    4.0489  -0.915    5
50659.251    0.139244190734    2.662797598418    0.6699    2.6261  -0.835    6
50666.253    0.489806820064   -0.586702801542    0.5148    1.9272  -0.679    9
50680.253    1.011101059552   -0.578502001503    0.7710    2.9680  -0.826   10
50694.253   -1.143120622597    9.206697599495    1.0107    4.0565  -0.815    3
50708.253   -0.403862067378    2.381399998796    0.8124    4.0188  -0.630    5
50722.250   -0.046799381617   -0.900100800294    0.6463    3.1361  -0.557    9
50736.253    0.884135957413   -0.595400400982    0.7412    2.6629  -0.724    6
50750.253    0.371216949794    0.964299596973    0.6299    3.0734  -0.776    4
50764.253   -0.072511512921    2.135397599545    0.8691    2.6801  -0.843    3
50778.253    0.090277992270    0.939999598160    0.6450    2.3651  -0.814    8
50792.250   -1.448762789794   11.549797201837    1.4549    7.2169  -0.967    4
50799.252    0.816245384384   -0.227700002853    0.4198    2.0556  -0.752   10
50800.340   -0.153977205319    0.735598801072    0.0694    0.1459  -0.213  230
50806.166    0.426540930974    2.371697999592    0.9361    5.0577  -0.924    4
50813.168    0.452828265841   -1.065301204051    0.5338    2.2909  -0.820    9
50820.250    0.416140958917    2.873998798947    0.8214    3.2082  -0.845    3
50834.254    0.295384468855    2.582899200121    0.6158    1.7775  -0.803    7
50848.254   -0.315029867687    3.960298796102    0.6017    1.9071  -0.669    6
50855.252   -0.367462657818    5.839199997126    0.8717    4.1824  -0.758    3
50862.254    0.376708084594   -0.235400403170    0.3550    1.0967  -0.154   10
50876.254    0.104719956612    0.606999596187    0.3774    0.9027   0.042    7
50904.254   -0.304629895631   -0.089200800346    0.6110    1.2627   0.061    3
50918.254    0.842823966551    0.127598399047    0.5469    0.9313  -0.129    6
50932.254   -0.774212369255    2.724098399653    0.7126    3.2280  -0.724    4
50946.254   -0.599147716569   -1.039701598415    0.7734    3.9791  -0.659    4
50960.254    0.287584637604    2.120799599936    0.4173    0.9530   0.038    7
50974.254    0.605072372382    1.962198000882    0.4917    0.6333   0.062    8
51002.254   -0.631359707250    1.228499996131    0.3551    0.6490  -0.127    7
51044.254   -0.115265355263    0.662299201082    0.5553    0.9533   0.360    6
51058.254    0.422349768049    0.336697198122    0.3978    0.8696  -0.043    7
51072.250    0.391441296234    0.276098401741    0.3403    0.6342   0.063   13
51086.254    0.528081996227    1.722499199275    0.4502    0.6957  -0.109    6
51100.250    0.269384834296    3.010197601583    0.4238    1.0835  -0.001    4
51114.251    0.375408112718    0.303498001131    0.3962    0.6863   0.295   10
51128.251   -0.120610866413    2.883599995585    0.5266    1.5195   0.012    3
51142.251   -0.353162770136    0.731098797502    0.3824    0.8432   0.258    7
51156.251   -0.102265439456    1.292799601771    0.3274    0.7233  -0.067    8
51170.251    0.183585705259    1.819598398356    0.4405    0.7957   0.338    7
51184.251   -0.316042139253    0.848699996681    0.3916    0.7931   0.169    4
51198.251   -1.982190297172    5.011797600929    1.2688    7.6168  -0.896    3
51205.249   -0.304629895631    1.536299996019    0.5778    1.3883   0.430    4
51226.251    0.013433239765   -0.385401598635    0.3317    0.8430  -0.270    9
51240.251   -0.198031019536   -0.838202403486    0.3685    1.4040   0.224    4
51254.251    0.293651173021    0.794998799591    0.3312    0.7875  -0.134    5
51282.251   -1.616748832552    6.225897595868    1.8463    9.2689  -0.976    4
51310.251    0.174198201824    0.000997199123    0.3612    0.8656   0.187    4
51324.251    0.075399156980    0.215600401532    0.4057    0.8867   0.108    7
51338.251    0.930068691112   -0.512801999264    0.3539    0.9681   0.223    4
51352.251   -0.893956784806    0.173599195818    0.4116    0.5468   0.379   11
51366.251    1.639860823051    0.401097599934    0.6070    0.8534  -0.016    3
51380.251    0.618072091134    2.455199998508    0.4194    0.7383   0.174    9
51394.251    0.237751791224    1.180897197628    0.3798    0.8301   0.030    4
51408.251   -0.323408646546    0.917999999217    1.8804    8.5590  -0.979    4
51422.251   -0.099519872056    1.109199599370    0.2950    0.8726  -0.173    6
51450.251    0.168564793310    0.386600396496    0.3781    0.7987  -0.148    6
51464.251    0.884569281371    1.574899199852    0.3827    0.8167   0.167    8
51478.251   -0.320229755188    2.236899599950    0.4400    1.2524  -0.554   11
51492.251    1.052555127073   -4.185399598100    1.2748    7.6826  -0.949    4
51506.251   -0.228364090733    2.581700395865    0.8831    4.1980  -0.890    4
51576.252   -0.417874254751    1.813899596925    0.4150    1.0365  -0.338    4
51590.252   -0.122486435961   -0.636602399595    0.3877    0.8320   0.043    4
51618.252    0.723804319312    1.436000400190    0.7612    0.7926   0.349    5
51646.252    1.956478362922   -5.317599602250    1.0620    4.9300  -0.867    3
51660.252    0.681192553630   -2.660500798868    1.9258    7.1250  -0.975    3
51674.252   -0.002454320101    0.394700400363    0.4230    0.8839   0.183    7
51702.248   -1.118854283872   -1.179802802653    0.9653    2.3286  -0.695    3
51716.252   -0.997955520096    0.330098399814    0.5442    0.8588   0.230    3
51731.249    0.484894632872    2.134598398840    0.7192    1.0034   0.493    3
51744.252    0.146319450728    0.863600397594    0.4369    0.5828   0.162    6
51786.252   -3.455649399715   -3.611199601750    1.0538    1.5290   0.357    4
51842.252    0.469149346721    1.156698001381    0.6499    1.3315  -0.488    5
51870.249   -0.022245342583    2.596697999024    0.3895    0.7494   0.119    7
51898.249    0.685671416863    0.974797196562    0.5549    0.8118   0.382    3
51954.249    0.122344359302   -1.380099599402    0.5148    0.9444  -0.156    3
52009.168    0.205252100234    1.364997599751    0.0859    0.2350  -0.065  108
52031.247    0.214064400106    0.239698801607    0.6187    0.8146   0.462    3
52038.245    0.191964484118    1.121698797846    0.4099    0.5593   0.378    5
52045.247    0.229951959973    3.484598401826    0.3023    0.7759   0.587    3
52059.247   -0.174776952377   -0.872600398338    0.8279    0.8447   0.669    5
52066.245   -0.640892834334    0.627800397268    0.3543    0.5280  -0.122    6
52073.247   -0.323696346855   -0.360802798838    0.2817    0.5046   0.144    5
52093.248   -0.102844387064    0.285897596797    0.2942    0.4579   0.214    6
52101.247   -1.567637010439    0.194000399745    0.5357    0.5527   0.227    4
52108.249   -0.549314870189   -0.705002398860    0.5211    0.7913  -0.199    3
52122.249    0.848024051106    1.306299599690    0.5497    0.6017   0.616    5
52129.251    3.976943836257    3.852298799956    4.2606    3.2040   0.981    4
52136.249    0.220564259482    1.016697599709    0.5331    0.6500   0.644    5
52143.251    0.695637867906    1.384498800405    0.4688    0.5166   0.332    4
52150.249    0.590193537092    0.319298398921    0.6039    0.6454   0.671    5
52157.251    1.004888900485    1.785297599355    0.4766    0.7471   0.361    5
52164.249   -0.341608449854    0.635698796003    0.3857    0.6507   0.359    6
52171.251   -0.031778469667   -0.249699601795    0.4229    0.7228   0.012    3
52178.249   -0.176076924252   -0.312699600613    0.4050    0.8017  -0.254    3
52185.248    0.357783907084    0.890899200812    0.5800    0.6487   0.270    4
52192.249   -0.508148700031    0.326199598533    0.5379    0.5243   0.204    3
52199.251   -1.692869013799   -1.395900003587    4.6918    4.0725   0.989    3
52206.249    0.150510613652    0.396799201496    0.3366    0.6312   0.178    5
52213.248   -6.649280866536   -5.174100002847    4.5754    3.8745   0.981    4
52220.249    0.061966114270    0.805499999501    0.3190    0.5847   0.072    5
52227.240    1.514483196041   -3.750102001732    1.1648    4.5869  -0.911    4
52234.249    0.552927282560    0.137700001801    0.5493    0.6050   0.369    3
52241.251    0.662413802714    0.123497999027    0.4541    1.0981   0.165    6
52248.249   -6.094911535441   -3.379402799197    3.8791    2.9396   0.981    5
52255.248    0.576760297327    1.157597998258    0.2711    0.4735   0.103    8
52262.250    0.347817258986    0.627397199793    0.2990    0.8862   0.113    5
52271.249   -0.173043656544    1.664197196050    0.3766    0.8075  -0.094    4
52285.271    0.545560578213    0.871999196050    0.3425    0.5521   0.228    5
52292.269    0.221430907399    1.978199997410    0.2645    0.7354  -0.139    5
52334.270   -0.677292440949   -0.930600000260    0.5157    0.7871   0.389    3
52341.271   -0.275018045755    0.581698797930    0.2931    0.8033   0.165    7
52348.270   -0.161052662368   -0.236401202613    0.3990    0.8289   0.080    3
52355.271    0.749658330221   -2.397801598875    0.6210    2.1392  -0.637    3
52360.250   -0.284551172840    3.587299200092    1.2805    2.5108  -0.259   42
52361.269   -0.135052830754    1.423799996303    0.2665    0.7219  -0.064    8
52369.271   -0.402274395194    1.054299598024    0.5777    1.2645  -0.601    3
52376.270    0.811336744182    1.610099995730    0.4865    0.7472   0.230    3
52383.268    0.573727029618    0.539899197349    0.5152    0.8161   0.124    3
52404.270    0.310984328412    0.461699996634    0.3881    0.8400  -0.117   10
52411.272    0.267075940790    2.369599198460    0.2504    0.6886   0.102    7
52418.270   -0.337129586620   -0.668001602833    1.0285    0.9726   0.259    3
52432.266    0.677438064599   -0.923000402508    0.4911    0.9931   0.102    5
52439.272    0.119165467943    0.248497197219    0.4296    0.7105   0.248    8
52444.228   32.132032459031  -26.461299602687    3.9468    3.6877  -0.287    7
52446.270    0.760924950194    0.625499997398    3.3361    3.0008   0.948    4
52523.268   -0.643638401734    1.967698797500    0.6259    0.9783   0.432    3
52530.270    0.992467932286    1.109797201337    0.6014    1.1560  -0.528    4
52537.272    0.161777233625    1.124798398422    0.6777    1.0724   0.437    4
52544.270   -1.100654480565   -0.499302001344    5.7334    5.0075   0.987    3
52551.272    0.034811934431    1.384898397561    0.3516    0.9120   0.326    5
52579.272   -0.118152999322   -8.084001602526    0.4378    6.2340   0.523    3
52586.270   -0.395916612477    1.080799200537    0.6373    0.8909   0.359    6
52621.268   -0.176364624561    1.508698797892    0.3101    0.8293   0.111    8
52628.267   -0.798191204726    1.308398400823    0.5531    1.0080   0.388    3
52642.270   -0.154985929895    1.594997996079    0.3364    0.6405   0.150    5
52649.268    6.642781007160    5.782597197879    7.5451    6.4545   0.995    3
52655.248    0.585281349900   -1.094302798776    0.2948    1.3550  -0.618   12
52656.270    0.113677683079    0.585698401778    0.3684    0.6063   0.301    4
52705.272    1.057900638223    1.522097999640    5.3907    4.4625   0.989    3
52719.269    0.479840369021    0.940399201710    0.3792    1.7883  -0.351    7
52725.248    0.266496993182    1.109998800075    0.3044    0.7284  -0.272    9
52726.270   -0.472328041024    0.523400401420    0.5461    0.9987   0.216    9
52733.272   -0.224176474799    1.731499200019    0.5810    0.8642   0.308   10
52740.270   -0.530972990222   -0.838900801625    0.4077    0.6830   0.280    4
52753.244    0.253063950472    0.601498799568    0.2865    0.6112  -0.047    6
52759.271    0.693613521829    1.179799195938    0.4017    0.8532   0.313   10
52780.587   -7.113088052042   -2.997601200860    4.2103    3.6273  -0.620   11
52789.269    0.240497358623    0.205999198499    0.1965    0.6514   0.446   21
52803.269    2.237562944095   -8.107700399052   21.3786   13.3672  -0.813    3
52807.586   47.801916892003   20.410898398637   10.2752    7.2635  -0.415    3
52831.269    1.962690521989    2.473297195849    3.6380    2.8918   0.930    3
52844.239   -1.112933175049  -22.605299999867    1.4482   10.9331  -0.356    3
52845.269   -1.243798389869    1.168498801718    3.8747    3.2503   0.980    4
52859.269    1.232674043610    5.231998795807    5.1687    3.6110   0.454    6
52866.271    5.024444502424  -33.333800398339    6.5979    6.6737  -0.063    4
52886.250  -29.145532011927   81.412498796851    2.1663    5.6887  -0.897    3
52900.250    0.754279467169    0.854197199374    0.0518    0.1732   0.019  178
52908.267   -0.309829783131    2.435198398132    0.5315    2.2000  -0.820    3
52955.582  109.599042306616  107.204900400149   12.4358   10.6934   0.784    4
52956.246   10.880446351426  -34.654600801787    1.0949    2.9494  -0.856    4
52957.269   -0.442716191149   -2.463001201392    0.5699    1.3344  -0.045   10
52969.268   -0.406316584534    1.641898796123    0.5173    0.7074   0.274    3
52984.250    0.265775968915   24.387897595801    1.1693    2.7941  -0.841    3
53012.250   -9.196531517103   23.178697201587    0.9292    2.6995  -0.938    3
53013.269   -0.100677767272    0.805499999501    0.3312    0.5417   0.089    7
53027.269   -1.517949787708    5.351698796119    0.7059    2.8146  -0.625    3
53062.271   -0.311129952062    2.444000400459    0.8686    3.2688  -0.908    3
53066.585   -3.556181740392   36.582800398577    3.4105    3.6175  -0.352    7
53069.269    1.641736195544   -3.874500004031    0.8475    2.8422  -0.869    5
53076.271    0.151377261569   -0.377701198317    0.6107    1.9711  -0.854    3
53083.269    2.300686953581    0.275997599175    2.3353    2.1263   0.710    4
53097.269   -0.247576165607   -0.263502001019    1.9256    3.8502  -0.525    3
53103.271    0.162498257893    1.145998796659    0.2924    0.6362  -0.060    4
53109.246   -0.137652774505    2.708099997051    1.2545    2.5040  -0.394   10
53110.250   -2.900122370459   19.690898396618    1.0622    3.2003  -0.899    3
53131.252    0.125665327319    0.040899597309    0.0929    0.2169  -0.233  115
53132.271    1.576303686662    1.843797600998    0.4689    0.6152   0.217    3
53152.251    2.402373445429    0.953798397063    0.3970    0.5915   0.277    4
53160.275    0.120319816169   -0.222602403710    0.5426    2.2066  -0.858    3
53202.272    0.809024500741   -2.143400401167    0.5339    1.8710  -0.544   10
53209.273    1.952578447297   -6.111500400152    1.2035    9.7445  -0.741    3
53216.268    3.678092775735   -7.049602802311    9.2049    5.5229  -0.453    3
53241.225  -13.280798603658    1.412600398254    8.2368    5.1629  -0.397    5
53244.268   -0.889335647858   -7.516299601917    2.9550    5.2185  -0.834   10
53248.205    5.541550928922  -21.866500802048    1.9579    7.0530  -0.875    7
53283.207   -0.185897948701    0.372797997272    0.4046    0.5310  -0.349    5
53286.272    0.063120462496    1.170698399022    1.0183    3.6302  -0.896    7
53290.205    0.433907438267    0.067698000805    0.2161    0.3552  -0.104    9
53297.204    0.411083148076    0.326599195688    0.1945    0.5896   0.086    5
53314.268   -1.022367679525    3.718699198174    1.9035    6.2558  -0.964    3
53339.204    1.771159361829   -6.348600000905    1.8893    5.1364  -0.941    4
53346.228   -0.652159454307    2.248599597721    1.3362    3.5836  -0.904    4
53353.204   -0.535739553764    0.590799601241    0.4012    1.3919  -0.033    7
53354.223   -1.880791505633    3.662197201493    2.2711    5.1480  -0.367    4
53356.272    0.225185199375    0.281599198360    2.1929    1.8852   0.899    4
53426.268    0.746625062512    0.313999201040    0.3659    1.4949  -0.187    3
53430.206    0.202510079824   -0.959302800396    0.2055    0.5784  -0.029    7
53444.206   -0.077999100731    1.592398801620    0.2916    3.0806  -0.071    4
53452.223    0.236164119040   16.241799598049    1.1390    2.9059   0.073   15
53458.206   -0.645513971282    0.640897197712    0.5969    3.0571   0.441    4
53465.204    0.282675800347    9.446400001423    0.7704   10.7125   0.636    3
53472.206   -6.087978155052   -2.156702400669    2.9337    2.6907  -0.005    6
53486.206    0.461349318415    2.442297596161    0.5488    2.3503  -0.468    4
53488.251    0.175352550050   -0.358102801812    0.1910    0.2733  -0.021   88
53503.201    4.734114297421   -5.155401603218    0.3559    0.7769  -0.141   37
53516.248   -6.452116297862   27.000097198027    0.8976    3.2889  -0.872    3
53517.270    0.563181630967    0.906397197298    0.5775    0.9408   0.127    4
53522.205    0.239485087057    2.999397600689    0.5117    3.8051   0.436    7
53550.223   -3.365950552107    0.830898000004   34.5574    2.1393   0.919    3
53561.356   -1.894366822058   -7.354800001025    0.3008    0.4914  -0.051   45
53577.204    0.441128518965   -0.094600800793    0.5601    0.4636   0.055    3
53580.269    0.890490193139    3.370298401961    6.2968   15.5643  -0.991    3
53584.202   -0.191243459851    0.797900401750    0.3632    0.7099  -0.072    9
53587.271    1.614582212760    2.478898801428    1.3826    1.4798   0.704    3
53598.210   -0.836611807484    3.186197999838    0.7001    2.5504  -0.864    6
53600.248    1.438071964549    0.325997999795    2.0499    3.7390   0.561    4
53605.208   -0.087820125179   -1.428800399594    0.4510    2.6668  -0.026    6
53607.250    0.412962067559    7.770099597337    0.1132    0.3275  -0.406   49
53612.206   -0.636271894441    0.699397199355    0.8066    2.5879  -0.313    6
53620.205    0.066587054163   -1.529600401540    0.4366    3.3468  -0.326    7
53622.269  -17.287063239547   17.430699597298    9.4215    9.6881  -0.998    3
53654.206    0.608681040709   -1.435500000468    0.9404    5.4132   0.868    3
53661.204   -2.006456635897   -0.778802398571    1.9858    2.4916  -0.573    5
53664.269    0.018778750915   -0.020001600376    0.2664    0.5706   0.029    8
53675.205   -1.003301228301   -0.868899601869    1.6223    1.2041  -0.662    6
53682.203    1.430850883851    7.801099197025    0.6888    3.0524   0.605    4
53689.216    3.374183707317    6.207800398528    8.5117    9.6455   0.981    6
53690.227   -0.823757515326    5.133697198545    1.0879    4.6256  -0.944    3
53692.269   -2.735890816733   -2.199999600094    3.2503    3.0032   0.982    3
53706.269   -0.075399156980   -0.512200803371    0.3718    0.7903  -0.067    4
53718.224   -9.782391814612   -1.232600402545    8.4094    7.4515   0.473    3
53745.205    0.152098285836    0.659498401490    0.2312    0.3756   0.202    5
53753.204    1.910257928914   -4.212802804204    1.1914    3.8916  -0.880    5
53755.267    0.713692047564   -2.220699598610    0.4535    0.9249  -0.094    3
53797.271    0.367317034168    1.327399201756    2.5417    2.0489   0.935    3
53801.205   -0.834590811341    0.045597599296    0.4674    0.3922  -0.213    6
53804.269    0.108477795578   -3.616401603779    1.1858    3.9352  -0.577    8
53808.203   -1.908524436025    9.144597597555    2.5901    9.2222  -0.983    3
53818.269    0.713546620970   -1.329202802225    0.6998    2.4027  -0.755    3
53825.271    2.343153095614    9.551998801527    1.4076    4.8036   0.637    3
53832.269    0.086086829346    3.028597200228    0.8855    2.3383  -0.723    3
53838.270   -0.141986211144    1.902099597828    2.1307    4.5176   0.681    3
53850.203    2.315995565840   33.188399996220    0.8300   13.1962   0.803    3
53858.202   -2.056143858628    1.819097998634    4.1063    4.3397   0.799    3
53864.207    0.036687306924    0.326699998254    0.3408    0.5697   0.170    7
53867.271    4.225674350090   -6.507302402525    3.5995    8.1020  -0.959    4
53874.269    0.181998033075    3.272399995780    0.3461    1.6779  -0.120    7
53881.268   -2.144830631724   -1.354701598899    0.7507    1.3708   0.374    5
53888.269    0.118444246621   -0.731001601650    0.6293    1.8073  -0.552    9
53893.204   -0.636992918709    0.977198398999    0.6488    2.3390   0.406    7
53899.205    2.075789257460   -7.330600798383    1.6910    3.5941  -0.620    3
53900.268    0.668192637823    0.040500000154    1.9953    2.5268   0.519    7
53906.203   -0.197164371619    5.878299600681    0.7640    3.4394  -0.087    5
53909.271   -0.395049964561   -1.980000003954    0.4407    2.1670   0.239   12
53913.205   -0.196152100053   -4.765500001014    0.8853    3.4043  -0.105    6
53914.224    1.396472273378    1.450400401382    1.0427    1.8884   0.215   13
53916.270   -1.566482662213   -3.111901200725    0.7152    2.4057   0.072   10
53922.205    3.243464116146  -11.887002000321    2.0315    6.0736  -0.855    4
53930.270    0.118877570579   -1.297299598946    0.5736    1.8442   0.165   17
53934.207    0.931368662987   -9.768402004084    3.1400    2.7354  -0.181    6
53944.270    1.652569491559    3.060399600940    1.0837    2.9127   0.769    6
53949.226   -7.254498665513    0.134899195814    2.9311    0.6315   0.039    7
53951.268   -0.641759482251   -0.297601201282    0.5031    0.7811   0.348    4
53955.205    0.235009770814   -1.008302401573    0.6174    1.6162  -0.527   13
53958.270   -0.801078848785   -3.506202003933    0.3859    1.6584   0.604   16
53965.268   -2.100776817507   -2.978701202494    2.8150    2.7795   0.708   14
53969.238    0.978455941968   -0.043001998762    0.4114    0.6903   0.273    4
53972.270    0.826790980090    0.190400399447    0.4751    1.6456   0.227   20
53978.249   -0.131298538778    0.072997198686    0.1004    0.3341   0.099  162
53982.993    2.387785857439  -15.843301198970    0.5894    1.5477  -0.573   15
53986.273   -0.406028884225   -0.101800801389    0.6698    2.2877   0.017   11
53990.207    0.842390642592   -0.248702402672    0.4560    1.1609   0.537   25
53991.230   -0.464094885815   -0.170902799113    0.2801    0.3886   0.035   18
53992.249    1.700526768391   -0.900601200016    0.1659    0.2608  -0.176   87
53997.205   -0.068320349997    0.283399198509    0.4177    0.7174  -0.362    6
54000.270    0.506415601253    1.511398801313    0.5689    1.7233   0.348    9
54014.270   -0.096344527688   -2.682802799114    0.7330    2.0397   0.293    7
54018.218    0.475073805479    1.268697601375    0.3127    0.8431   0.114   17
54019.230    0.379741352302    0.407699998561    0.3155    0.3161   0.080   31
54021.272   -0.633526327042    1.182297600621    0.4994    1.4253  -0.079   13
54028.270    0.410362123809    1.173600001181    0.5170    1.5720   0.558   16
54042.270   -1.347506074915   -0.672300001270    1.4578    2.7076  -0.147    9
54048.249    0.061678216906    0.333899998850    0.0723    0.1550  -0.166  199
54056.270    0.773491542043    1.248897599737    0.6685    1.3032  -0.139   14
54068.224    4.184220479624   10.110697201071    1.3890    3.6692   0.414    6
54070.270    0.190664512243    2.192000398793    0.7164    1.9298   0.031    6
54076.249    0.016612131123    0.753497999995    0.0949    0.2114   0.146  131
54084.270   -1.781846837140    0.349099200747    1.9778    2.4012   0.530    6
54088.207    1.508995608231    9.411199199150    0.8996    6.0322   0.775    3
54091.272    1.498162312216   -0.565102799754    4.0596    3.5374  -0.387    5
54098.270    0.444882810941   -2.446001999346    1.0455    2.2742  -0.026    8
54110.206   -0.599147716569   -0.176000398255    0.3627    1.3511   0.866    9
54123.209   -0.144298454585    0.791499601860    0.2187    0.6983  -0.092   20
54125.251   -0.058499325548   -0.025102799839    0.1430    0.3012  -0.508   43
54165.206   -0.156431525420   -0.097002003230    0.2210    0.3411   0.394    9
54172.208    0.015454235908   -0.030902403836    0.3396    0.3101   0.451   13
54175.268   -0.210018663776    1.218200401354    1.1556    1.2451  -0.694    3
54186.208    0.275451369714    0.138099598956    0.1618    0.7483   0.094   13
54187.230    0.120032115860    0.813599996974    0.1086    0.2277  -0.142  140
54189.268    2.961654963716   -1.149102003950    1.0796    1.1644  -0.742    4
54193.209   -0.031487419423    0.633898795854    0.2023    0.7642   0.366   10
54195.269    0.429140874724    0.339800399018    0.4525    1.3828   0.373    7
54201.208   -0.216518720207   -0.370501204117    0.2404    1.0012   0.616   13
54203.268   -0.929344119855    0.321998395947    1.1224    1.6908  -0.493    5
54208.207    0.279930232947    0.968698797976    0.2011    0.4975   0.333    8
54223.207   -1.346206103040   -0.757602000334    0.8152    0.5778   0.372   13
54231.268   -8.571526242635   12.769599598528    4.1868    7.8408  -0.963    6
54235.206    0.076265804897   -0.049302002481    0.1772    0.3250   0.304    6
54238.270   -9.944311124896   23.959800000029   10.3581    9.3246  -0.802    3
54242.208    0.142852859060   -0.627901199834    0.2344    0.4007   0.267    6
54245.268    2.583359206938   -2.454102003213    2.9097    4.7431  -0.866    6
54256.208    0.096344527688   -0.191102404301    0.2084    0.2968   0.129   10
54259.268   -1.402105484837    3.945797998739    4.3574    6.7360  -0.856    3
54263.206   -0.139243993679    0.402800397836    0.3260    0.7189   0.395    4
54266.270   15.568482291498  -37.268902799070    8.3144   19.6757  -0.981    4
54270.208   -0.313150948204   -0.132001200370    0.3285    0.3796   0.203    5
54273.269    3.492915851302   -2.467602001133    2.2440    2.9415  -0.110   10
54277.206   -0.185897948701    0.133297200478    0.2992    0.4417   0.368    5
54278.229    0.018345426957    0.042699597458    0.0978    0.2211  -0.197  187
54280.270   -2.482393542303   -3.881602802380    3.3817    3.0946   0.729    9
54284.208   -0.270684609117    0.334299596005    0.2168    0.3103   0.224    9
54285.223    0.677147014355    7.386598801418    1.5813    2.4494   0.199   21
54287.294    0.994922449442    4.636497598653    3.3886    2.5982   0.685    7
54292.229   -0.153252634062    1.069700398659    0.2311    0.4952  -0.447   51
54294.270    1.096466864630    1.860299997247    3.0215    2.4239   0.668    7
54301.272   -3.808091145583    2.998198796433    3.1335    2.3178  -0.956    4
54308.270   -1.282219189682    2.066799601863    1.7050    1.7711   0.336   24
54315.272    0.472761562037    0.497498400875    1.8477    1.4277  -0.808    7
54329.269   -0.735070742230   -0.428601602209    2.1205    2.2487   0.668   23
54333.206    0.597560044385    0.791600398031    0.2494    0.5040   0.433    3
54336.271    5.064889648314    3.211898401645    6.8581    6.9937   0.950    4
54340.208   -0.106165552136   -1.878001204147    0.1926    0.9020   0.311   11
54343.269   -1.343318458980    2.556298801437    5.9587    5.7590   0.896    5
54346.994   -7.050400913504    1.692997198433    3.9121    6.1108  -0.826    6
54348.207   -0.877635900982   -1.624301998504    0.6753    0.6973   0.100    5
54350.271    4.435696560857    3.985397995621    3.5922    3.4879   0.792    6
54355.227   -1.165074717881    0.843299996234    3.0397    2.5602  -0.913    3
54364.271    2.259953910327    1.495897198112    3.1253    3.3820   0.835    6
54371.269    1.959223930322   -2.154801604348    1.5497    1.8953  -0.058   25
54378.271   -4.057833930983    7.503199201153    4.4968    4.3869  -0.632    9
54384.228    0.118010922663    0.173498399647    0.2337    0.2915   0.108   35
54385.269    0.293796796671   -2.240701198986    0.3246    1.0328  -0.079   39
54390.207   -0.315175491337    0.188697601544    0.2114    0.4820   0.419    7
54392.267    0.244684974558    1.580497198717    0.4281    1.4116  -0.074   20
54396.208   -0.047520405884   -2.200201198832    0.4907    2.7938   0.906    5
54399.269   -3.963510596492    4.613799601572    1.4756    2.6836  -0.704   11
54403.206    0.383929165292    0.264599996314    0.2985    0.4604   0.478    6
54404.269    0.277475912846    1.160499600417    0.7384    2.0767  -0.053   17
54410.208   -0.191243459851    0.225899996309    0.2145    0.3696   0.426    6
54413.269    0.366596009901    2.066597996730    0.8630    2.2897   0.099   16
54420.271    0.674547070604    0.339998397436    0.4615    1.4395   0.085   16
54424.208    0.794003588792    0.717098399861    0.3731    0.5861   0.209    3
54425.271   -0.081899016356    1.380398400386    0.3245    1.4189   0.286   14
54431.206   -0.114832031304    0.706499997705    0.2417    0.3615   0.448    7
54434.271    0.638726214542   -0.931402801285    0.6007    1.4055  -0.047   39
54440.250    0.025711934250    0.523799998575    0.1816    0.3497  -0.218   82
54441.269   -0.099086548098    0.470998798363    0.6650    1.4180  -0.060   14
54445.206    0.167843769043    0.878399995941    0.2296    0.7614  -0.170    4
54447.248    1.994323565062    5.080798796087    0.9009    3.1225   0.669    3
54448.271    2.143821907148   -1.665399600626    0.7419    1.6785  -0.225   14
54452.208   -0.345650442139    0.319798798643    0.2890    0.3949   0.173    4
54455.269    0.531981911853   -0.413002803157    0.6887    1.4132  -0.506   11
54468.206   -0.001878919483   -1.228899599681    0.2892    2.7098   0.729    3
54469.269    6.480428372917    6.736697996246   11.3259    9.8023   0.969    3
54476.271    0.024845286333    0.691898397776    1.2866    1.2365   0.077    7
54489.248    0.146319450728   -0.070199999413    0.0935    0.2324  -0.133  113
54532.271    0.508148897086    1.545397199010    0.6873    1.7990   0.512    8
54539.269    2.374207191079    1.749398398943    2.0059    2.2132   0.228    9
54545.270   -0.999255491971   -4.729899601585    1.2140    3.2930   0.844    5
54564.208   -2.082864714509    7.554200401216    0.7153    2.7755  -0.930    3
54567.269    0.543248334771   -0.425001601911    0.6075    0.5668   0.068    8
54571.207    0.523748559588   -0.717400801165    0.1996    0.6875  -0.425    7
54581.273   -3.107253390176   25.400498395811    1.5344   12.1996  -0.968    4
54599.207    0.903344485296   -0.080301602168    8.3104    0.7053   0.929    3
54602.271   -0.806136659627    3.749598001690    0.3527    1.7690  -0.473   26
54609.273   -0.723225371704   -1.185501604084    0.4197    2.3258  -0.483    9
54612.995   -0.179252465675   -2.117800801926    0.3707    1.4093  -0.058   45
54614.207   -1.840634060052    5.948499600095    2.2126    6.9768  -0.916    7
54616.271   -0.349983878778   -0.639000001712    0.6206    1.9076   0.158    4
54623.269    1.048367314084   -6.075601199740    0.7814    2.3790  -0.368    6
54627.207   -0.291917877188   -0.095702402803    0.3724    1.5436   0.713   16
54637.269    1.052409503424   -1.601701203668    2.0649    3.3524  -0.827    6
54641.207   -6.773070624307   -2.888099999154    2.5905    1.9998   0.358   10
54648.209   -0.977301396687   -3.365801998712    0.7736    3.5946   0.795    3
54656.230  -13.743160193639  -51.422101201126    1.2148    2.9564   0.732    7
54657.249    0.272418102005   -0.168101999520    0.1324    0.3800  -0.207  102
54658.271   -0.072944836880    3.284697601913    1.2386    2.5688   0.367    7
54662.209   -0.243818326641    1.239699600575    0.5088    0.4588  -0.140    4
54665.269   -0.103711034981  -13.668699599378    1.4476    5.3591  -0.522    6
54672.271    1.304173284965   -0.577501202059    1.3902    2.4601   0.193    8
54679.269    0.071499241355    1.364198399045    1.0463    3.0941   0.829    3
54686.271    1.824600876536   -6.851502002547    1.2380    5.3790  -0.636    4
54691.502    0.573439329309    0.056098799206    0.2627    0.9779   0.270   10
54692.499    1.581503574162    6.840597598767    0.4240    1.9074   0.644   13
54693.500    0.169285817577    0.106599599548    0.2813    0.9793   0.160    5
54695.501   -0.370929249485    1.306198797124    0.6361    2.4459   0.821    5
54696.502    0.501361140346    2.992597197249    0.3827    1.4872   0.826    6
54697.499    0.747779410738    1.129798801713    0.3457    1.2217   0.060   10
54699.501    0.308963332270    1.775699996642    0.4653    2.1329   0.837    6
54700.501   -0.187918944843   -3.386800798211    0.4878    3.7674   0.869    6
54701.499    0.173043656544    0.912200401615    0.3873    1.1649   0.483   20
54702.499    0.265484918671    4.202899199868    0.4939    3.3765   0.837    7
54703.500   -0.051566142214   -0.452800798456    0.4302    2.5391   0.862    7
54704.501    0.190664512243    0.914097597615    0.5465    5.7547   0.938    4
54707.270   -4.953378585028    0.707097599673    1.8810    0.8453  -0.547    8
54712.208   -0.708346536414   -1.085900400000    0.3545    0.4589   0.032    4
54713.249   -0.245263922166    0.966999600394    0.1965    0.5365  -0.242   42
54718.209   -0.079732396564   -1.095901200188    0.2401    0.5771   0.000    6
54719.239   -0.192252184427   -0.698799603782    0.3241    0.7391   0.317   11
54728.271   -0.233851678543   -2.772900002412    0.3901    1.3856   0.358    7
54735.270   -1.196565684294   -3.517300799416    2.2098    2.6356   0.122    4
54739.207    0.242085030808    1.396997998881    0.6284    0.5735   0.120    3
54748.247    0.209152212915   -0.171302402663    0.2292    0.3561   0.139   16
54749.273   -0.851778343082   -1.070402403514    0.4552    0.5283   0.178    9
54754.208   -0.335396290787   -0.185601601288    0.5958    2.1912   0.313    7
54756.271    0.344208590659   -3.832401602466    1.6651    2.0334  -0.097    6
54760.209    0.253351650781    0.054698396212    0.3028    0.3870   0.465   20
54763.273    5.492872627823   -1.792501200271    2.5892    3.4093  -0.248    4
54781.207   -0.006499859376    0.690598797348    0.3419    1.2894   0.877   10
54784.268   -1.396472273378   -3.121002004036    2.8204    2.4994   0.305    3
54788.209   -1.323097659530    0.377499599580    0.7743    1.8359   0.162   13
54797.998   -8.320341211646   11.075000398364    3.6733    3.5533  -0.039   15
54803.228    1.189632500960    1.929297598480    1.0400    3.3773  -0.865    6
54810.208   -0.117144274746   -0.392702401797    0.2277    0.3171   0.032    6
54812.272    0.939168494239   -2.196702001100    1.2073    2.2486  -0.466    4
54816.209   -0.006066535418    0.290898000088    0.1812    0.3477   0.074   13
54819.270    0.044920659188    1.077699599961    1.1102    2.4034   0.677    9
54823.207    0.141844134484    0.079999200864    0.2951    1.7440   0.748    6
54824.266    0.375983710391    0.178099199388    1.9154    3.1192   0.634    6
54830.205    0.025854207964    1.519297200048    0.2960    0.8423   0.172   15
54840.268   -0.754570517413   -0.232502401332    0.3430    0.4673  -0.016   16
54844.205   -0.008378778859    0.559598396421    0.3612    1.3916   0.640   14
54847.584  -13.500496215224   34.660699200373    1.7821    2.4486  -0.414   11
54850.999    5.934867794704   -8.361399598300    1.7208    5.3236  -0.623    6
54852.208    0.749512903627   -0.192801601884    0.3927    0.6841   0.064    5
54853.249   -0.046078357349    0.530798400433    0.1076    0.3209  -0.089   80
54854.272    0.081177992089    1.241499600724    0.4005    1.3212   0.458   14
54887.206   -0.397074507693    1.199700000143    0.2295    0.8429   0.296   21
54889.270    1.315152204630    3.961198799374    1.7861    4.3546   0.698    3
54896.268    0.299430008130    3.336497996287    0.4442    1.8231   0.287   11
54901.206    0.220276559173    0.494297997733    0.1755    0.2927   0.113   23
54910.268    1.960957226156    4.762299597871    7.0244    6.8143   0.920    3
54915.999   -2.459427175453   -1.796702402856    0.7427    2.4247  -0.587   27
54917.270   -0.027153982784   -1.722502799595    0.4644    1.1482   0.186   10
54924.268    1.810879936462   -0.417502800332    0.8978    2.5150   0.674    8
54929.228    0.408916528284    1.793599201960    0.8960    2.1506   0.438    5
54930.269    2.096876901882    4.619098799452    0.9046    4.8975   0.605    6
54943.228   -0.634392974958    0.624398401783    0.1982    0.6564  -0.777  161
54945.270    1.343172835331    0.000000000000    0.5737    2.0214   0.217    6
54951.267   -4.536516404788   -3.760102801920    3.0032    4.3367   0.864    5
54956.209    0.676713690396    9.099900001530    0.8668    4.0762   0.159    3
54958.269   -1.149187158015   -1.120499999985    0.6826    2.7074   0.335    4
54965.249   -1.361951586246    0.748400400852    0.1579    0.2838  -0.452  202
54973.270   -0.302175575530    0.490798800001    2.0828    3.0774  -0.535    8
54976.999    5.578383859496   -1.621702804044    1.1570    2.0954   0.053   21
54980.268   -4.947599552864   -0.616802404352    6.9936    5.8763   0.897    4
54985.207   -1.356897125340    1.654297198428    0.3110    0.3502   0.172    5
54987.270    9.878445095001    6.550599601951    6.1423    5.6749   0.941    4
55001.270    0.192398005132    2.555899197887    0.6524    2.4301   0.069   10
55008.268    1.858112839092   -5.085802799698    2.1577    4.4195  -0.595    3
55012.206    0.319217483622    2.199599996544    0.2672    1.0718   0.650   16
55014.269   -0.336696262662    2.829697199758    0.8936    1.6591  -0.664    5
55019.208    0.798045581077   -1.070499599365    0.5021    1.7267   0.270   14
55022.268   -6.733637749983  -10.182301203798   12.0238    9.3448   0.906    3
55029.270  -14.135898111813   23.132199599019   17.2502   36.4738  -0.990    3
55042.251   -0.029032902267    0.750297596852    0.1278    0.3042   0.037   98
55043.270   -1.488050237524   -2.258499601737    3.0312    4.1434   0.297    5
55047.208    0.256676165789    2.528100001342    1.2871    2.7658  -0.624    8
55050.269    0.225330823025   -0.035600399428    0.7234    0.5320   0.017    5
55057.270    0.839069674575    3.952400397367    0.6081    2.2733   0.297    3
55064.269   -1.214765487602   -3.382700398191    1.0578    1.7849   0.145    6
55069.225   -0.032645117584    6.765497998629    1.5237    3.2358   0.344    3
55077.250   -0.082044640006   -0.576201601632    0.2442    0.4794   0.147   24
55083.207   -0.058499325548   -0.378900002573    0.3458    0.7095   0.498    6
55085.270    1.722768761039   -2.091801599136    1.2474    1.7162  -0.773    3
55089.208   -0.080020096873   -0.360802798838    0.2904    0.5358   0.292    9
55099.270    0.642771950872    0.790099198866    1.3620    5.9985   0.610    3
55106.269    5.161663952971    2.200697998234    2.1402    2.5568  -0.270    4
55113.270   -0.116853027447   -2.828001602495    0.9691    2.7905   0.718    4
55119.250   -0.095477879771    0.530197198145    0.3829    0.5028   0.213   30
55125.229   42.077646905738  -51.336399598512   36.6907   51.4811  -0.995    4
55134.269   -0.467849177791   -0.676501203856    1.3634    2.2354  -0.707    7
55138.206    0.440982895315   -2.214100800302    0.7998    2.5870  -0.740    6
55147.582   38.554106932995  -11.264000401212    2.6354    2.4741  -0.624    4
55148.269   -0.714270995172    2.002197601314    1.1133    2.0573  -0.233    7
55152.206    0.549460690893   -0.517402799005    0.1487    0.6595  -0.332   15
55154.248   -0.006354235726    0.388400396645    0.2341    0.2567  -0.147   46
55159.208   -0.868535900800   -3.290000400114    0.4630    2.1008   0.691    5
55160.271    5.197775859277   -0.917100002340    2.4499    4.7081   0.038    9
55166.206    0.244542897899    1.351598398003    0.3596    1.4033   0.199    5
55168.252   -0.125232003361    0.673397996565    0.1356    0.2682   0.007  136
55169.271   -0.094032284246    0.888699597112    0.4081    1.9964   0.003    6
55173.208   -0.151810585527    0.267897601702    0.2196    0.5202  -0.326    8
55176.269   -0.373674816885    0.569498400438    0.3809    1.7085  -0.023   18
55181.229   -1.347939398873  -38.588000398221    0.7031   30.3163  -0.713    4
55183.271   -0.051999466172   -1.864602002399    0.4513    1.4018   0.398   14
55188.271   -0.228943038341   -0.667800004095    0.3504    1.4266   0.271   19
55195.273    0.121911035343    1.918400401735    0.6633    2.3040   0.279    8
55204.273    5.682524868500    4.812397200737    3.1161    2.4451   0.578    5
55210.584   -9.899536089357  -13.604799603684    3.8829    4.1510   0.497    6
55211.271    0.463949262165    1.245398395611    0.2570    0.9024   0.020   18
55218.269   -0.188643516101   -1.378299599253    0.2326    0.8759   0.325   18
55253.271   -2.706857717411   -9.627001199419    1.0517    4.4007   0.812    6
55281.271   -0.289317736382   -1.018501200178    0.4806    0.6891   0.446    7
55287.272    0.383929165292    0.329598000093    0.8388    2.7662   0.820    3
55295.271   -0.602326607927   -0.179600398553    0.2691    0.8867   0.230   28
55302.269   -0.064420237316   -0.322300803646    0.3277    0.9334   0.238    3
55735.580   81.986914318304    4.017099600162   15.8874    8.6324  -0.645    3
55799.268   -1.093000075908    1.785898801643    8.1712    4.7024  -0.186    3
56063.242    2.340407528214   11.839899601540    3.5103    7.7516   0.225   11
56139.207    0.702713324955    0.618598797786    0.2260    0.4201   0.276    8
56189.228   -0.317775435087   -1.366300800498    1.6832    4.4253   0.871    5
56427.228    0.069186997913   -0.470102401806    0.2975    0.3286   0.368    9
56463.249    0.945810627329    0.743597995978    0.5377    0.9478  -0.082  138
56470.251   -0.211751959610   -0.543099600492    0.2636    0.5343   0.244    7
56611.270   -1.753826206439   -5.132300402266    2.0160    5.1999   0.790    9
56618.272    2.611237760980   -4.652099998026    6.0008    4.9024  -0.509    3
56626.286   -0.808878680036   -0.941601599891    0.1874    0.7277   0.283   12
56628.225    0.243818326641    0.115199996742    0.2309    0.9768   0.389   13
56630.230    1.137487411138   -2.762200804085    0.9660    1.2791  -0.124   11
56632.269   -0.768003757178   -1.143702003503    0.2058    0.6636   0.202   15
56634.263   -0.338717258804   -0.242499601200    0.1839    0.5410   0.063   15
56636.257    0.161198286017   -0.708602399158    0.1910    0.6384   0.306   17
56638.251   -0.265484721616    0.286199998101    0.1889    0.5541   0.252   22
56641.243    0.826069758768    0.526100398446    0.1771    0.4957   0.255   23
56646.272   -0.030911821750   -2.057000400413    0.9248    2.6269  -0.742    7
56650.206   -0.783891317044   -2.368000803443    0.5968    4.3779   0.891    4
56653.270    0.201210107949    0.868798799303    0.4018    1.2685  -0.535   10
56667.270    0.140110838651    0.298699196577    0.2319    0.4007  -0.285   25
56679.207   -0.837624079050    1.542398401000    0.2995    0.9031   0.155    7
56681.270    7.223007896154    4.239597600986    3.7269    5.1923   0.246    3
56687.250   -0.197743319227   -1.901199600951    0.1640    0.4678   0.375   28
56737.271   -0.555527226311    2.136099598005    4.1369    2.4718  -0.144    6
56743.250   -0.294375547224   -2.439302398471    0.1065    0.1895   0.169   62
56748.206    0.102698960469    0.837197997328    0.3795    0.8510  -0.088    8
56770.209   -0.382916696670   -0.109800002690    0.1868    0.3442   0.110   10
56772.273    3.617859957299    9.803498397076    2.9967    9.1615   0.984    3
56777.269   -0.081465692398   -0.770302803943    0.3574    0.7984  -0.491   10
56799.250   13.790968496887   63.314697599992    1.0153    2.8529   0.873    5
56800.269   -1.090400132158   -1.002502803971    0.5320    0.4216  -0.072    5
56811.208    0.105586604529   -0.940301999464    0.2077    0.7232  -0.185    7
56828.269   -0.719470882673   -0.369302399861    0.2844    0.5136   0.129    9
56835.271   -1.328730870989   -5.126500798269    0.7964    3.5015   0.759    4
56841.272    0.084211456853   -0.382500002871    0.3383    0.4931   0.343    6
56846.206   -0.922123039157   -1.280300403295    1.2905    1.2196   0.788    8
56856.269    0.167698145393   -0.585500403361    0.2524    0.2793  -0.005   15
56860.206   -0.171885761328   -0.088102798657    0.5631    0.5506   0.357    3
56863.275   -0.102698763414    2.086599597106    0.6466    2.0324   0.739    9
56877.271    0.839790698842   -0.627501602679    0.4620    0.4557  -0.252   12
56884.269    0.213631076148   -0.657900000078    0.2846    0.3799  -0.424   13
56895.208   -0.258118214323    0.520099195711    0.2372    0.9183  -0.058    4
56901.794   -0.352296122219   -7.692602401477    0.5482    2.8749   0.900    3
56904.665   -0.769303729053   -3.339201600028    0.2602    1.2426   0.426    4
56905.662    1.242498615049   13.725399600872    0.3299    1.3873   0.391    5
56906.659    0.321817624427   -0.139802403254    0.3047    1.2799   0.381    5
56907.656    2.604304577646    1.639800001385    0.6014    1.8901  -0.236    3
56910.227    6.884578337659   13.675899599974    0.4408    1.0753   0.287   20
56911.645   -1.134454143430    1.382698800256    0.2537    1.2221   0.450    4
56912.642   -0.870557093998    3.966699595992    0.2540    1.2158   0.447    4
56913.639   -1.019476488476    1.914699598871    0.2731    1.2576   0.423    5
56914.636    0.399241127485    0.831499195897    0.2891    1.2897   0.398    5
56915.399    0.993043529959    3.435299999666    0.3861    1.7041  -0.357    3
56917.627   -0.122631862555    5.578999201816    0.2721    1.2499   0.361    5
56918.625    0.625293171832    6.832699200032    0.3007    1.3435   0.407    5
56919.603   -1.072633652809    0.828997197289    0.2824    1.3044   0.408    4
56920.619   -3.981422502436   -4.310802000163    0.3308    1.4858   0.332    5
56921.616    0.755579439044    0.665499597829    0.4190    2.0248   0.440    3
56926.269   -2.470405898062    0.065898000656    0.3604    0.2717  -0.340   11
56982.269   -0.398228855919    2.053497595966    0.4224    1.5754  -0.233    6
56988.997    0.694192272382    2.682900001361    4.2848    8.4433  -0.931    3
56996.269    0.084644780811    1.243997999012    0.2372    0.7258  -0.114   14
57011.551    0.275742617013    1.433397599016    0.4525    0.8635   0.707    6
57014.207   -2.351961651441  -11.048500802247    0.7869    2.8692  -0.481    9
57015.270   -1.356751698746   -0.519001200416    0.3523    0.4551  -0.376    4
57021.209    1.591182521951   -0.645800398758    0.7493    3.6143   0.120   16
57028.207    1.529504107990   -0.731199600068    0.2632    0.7642   0.530   23
57037.250   -0.254797049250   -2.672402401771    0.3457    0.6248  -0.028   37
57041.999    0.024266338725   -1.356501599048    0.4481    1.8814  -0.141   15
57045.271   -0.828378455219   -0.016700401062    0.3418    0.4629  -0.300    9
57046.458    0.103277908077   -0.516200400824    0.1857    0.3705  -0.019  111
57049.209    0.354175041702   -6.357200398099    0.3246    1.9534   0.637   11
57070.207   -1.181974549313   -1.215500404328    0.2754    0.5790  -0.389   41
57080.273   -1.103542124624   -0.869302799344    2.7374    1.4824   0.429    7
57087.271   -0.630059735374    0.482000397994    0.7012    1.3909   0.722    5
57098.832   -1.024100975359    0.591699598118    0.1720    0.2843  -0.103  159
57102.499  -21.867203681583  141.785697601904    3.9388   25.2709  -0.935    5
57129.272   -0.809745327953   -0.692200799080    0.3478    0.5496   0.060    7
57133.209   -4.316964416872    8.365499998320    1.4034    3.0720  -0.601    3
57135.251    0.156286098826    0.258497997407    0.1077    0.2264  -0.142  157
57136.273   -0.519415320004   -1.057802402471    0.2596    0.3959   0.141   20
57140.207   -0.572714758052   -0.802400398925    0.2467    0.4466  -0.411   86
57147.209   -2.037223031053    3.353598000899    0.1852    0.4882   0.182   27
57148.232   -1.204798839504   -0.525999602274    0.3142    0.9380   0.212   29
57149.251   -2.027689706913   -2.304100801354    0.2291    1.1749   0.113   21
57150.270   -0.805412088369   -1.644800398282    0.1905    0.2414   0.132   32
57151.497   -0.621105358843   -0.983502003038    0.4294    1.0025   0.154   32
57156.760-1055.881689285394 1171.529899196599  100.6327   91.3406  -0.781    3
57157.268   -0.245551622475   -0.799599599333    0.3041    0.2836  -0.168   23
57161.209    0.475794829746    2.310397198357    0.3299    0.9946   0.648    6
57163.251   -0.284984496799    0.903599998026    0.8835    1.3333  -0.424    5
57169.208   -0.257976137664   -1.922202000770    0.4220    0.3734   0.303   10
57175.209    7.692593916769   29.075097599929    1.1280    3.5680   0.947    4
57178.270   -1.180532500779   -2.432102404271    0.6503    2.0046   0.711    9
57184.581  -18.703759859365  419.861498400564    9.2068   20.9876   0.379   29
57185.268    1.009076516419    0.809697601767    1.4364    6.1360   0.901    3
57204.363    2.745715191117    1.277297998570    0.7609    1.0359   0.016   11
57213.272    0.155419450909    2.183698796188    0.1956    0.2094  -0.062   27
57220.270   11.007844974579    9.246297596377    0.3576    0.3139   0.007    8
57227.272   -0.099953196014   -0.539402404343    0.2547    0.3365  -0.102   49
57234.270    0.378729277791   -0.349502398223    0.4852    0.3145  -0.006    9
57239.208    0.516960999904    0.066999596271    0.6149    0.8604   0.143    7
57246.206    1.039842911575   -1.169802002465    0.3710    0.3103   0.091   59
57248.270    1.023522027751    0.339699596452    0.3005    0.3969  -0.245   15
57255.272    0.922844260479   -0.350801998650    0.3132    0.2940   0.101   22
57260.228   -1.376539174237    1.341597597815    0.9073    0.8236   0.124   21
57262.270    0.794436912750   -0.433501202934    0.5560    3.0205   0.360    4
57267.230   -3.099311285211   -6.915401998242    0.4667    0.7096   0.214   23
57269.272    0.408195504017   -0.185202004133    0.3869    0.4513   0.080    7
57276.270   -0.195285452136    0.042800400024    0.4441    0.6413  -0.053    4
57283.268   -2.199721288946   -2.156500801931    0.3406    0.3289   0.287    8
57287.206   -0.766703785303   -0.902199601427    0.2078    0.2853   0.135    9
57290.270    0.118877570579   -0.058899598798    0.5067    0.8596  -0.558    3
57297.272    1.875300370833    0.035398800691    0.5083    0.4489  -0.522    6
57309.208    2.152342959721    5.965498795746    0.3340    2.1643   0.713    5
57322.208   -1.132575223947   -0.010000800188    0.2962    0.4110   0.100   18
57325.268    2.380419350146   20.229497999935    1.1032    2.6639   0.556    4
57337.227    5.945988593973    1.066798796501    3.3779    1.0303   0.422    6
57339.268    3.461716132187   -0.391600799787    0.3828    0.2300  -0.104    9
57343.209    0.451094970008   -0.745401602842    0.2753    0.4794   0.337   11
57357.209    0.803824416185   -0.303202800467    0.3248    0.4215   0.509    4
57360.270    1.454683898617   -1.412902799558    0.1417    0.2576   0.141   23
57365.227   -0.575172625143    4.140097199468    0.3894    0.5911  -0.186   31
57367.268   -0.660680309826   -0.765802800373    0.5247    0.4844   0.073    6
57373.248    1.383039230668    3.618399595950    3.6219    4.2491   0.074   12
57378.208   -0.661838205042   -0.049402798652    0.3240    0.4460  -0.026   11
57392.208    0.733479720111    4.443897601902    0.4670    1.9081   0.911   11
57400.207    2.723324224885    7.186100399537    0.6862    1.6802   0.895    4
57401.233    3.218185505855   11.781500396069    0.1596    0.2168  -0.002   47
57406.208    2.167654921915    4.152398399526    0.3621    1.4745   0.711    4
57414.207    3.853736376029   -4.562499600524    0.3516    0.6545   0.192    6
57420.208   -2.525584255593  -12.067002002425    0.6357    3.0758   0.940    7
57434.208   -0.758758330402    3.040297197998    0.6139    2.0881   0.458    6
57441.206    1.609815649217   -1.121900402978    0.2190    0.6986   0.196    5
57451.269  -14.261129918119   -6.553602000281    3.1288    2.3806  -0.732    3
57455.206    1.262286090541   -1.224399602506    0.2866    0.6292   0.147   10
57462.208    3.552427448416    5.570099997243    0.5673    1.0954   0.706   17
57465.269  -11.609592634898  -12.221600403706    0.1771    0.3911   0.179   66
57469.206    0.161919310285   -0.638902799466    0.2668    0.3394   0.146   24
57471.270   13.548304518471   12.669598797288    0.2170    0.8919   0.037   58
57477.209   -0.940901790072   -0.586800003788    0.5973    0.4796  -0.645   14
57479.269   -1.140520678847   -3.006802800343    0.2440    0.3754   0.070   22
57483.206    1.701969013981    0.122698798322    0.3694    0.4394   0.196    8
57485.251   -0.200197836383   -3.845102399680    0.5296    1.9806   0.000   71
57486.271    1.732301888123    1.767398400432    0.4152    0.6179   0.481   13
57490.208    0.283251398020   -1.720702799446    0.6613    0.4977  -0.645   17
57497.206   -0.867523629234   -1.028102403211    0.2135    0.4198  -0.055   27
57498.229    0.242518354766   -0.021502799541    0.0967    0.1965   0.009  176
57512.207    1.925278840863   -9.318999600794    0.4209    0.5769  -0.562   35
57520.253    1.485595917423  -30.332901598484    0.8331    1.0463   0.005   12
57521.269    5.218863306644  -15.605002800356    0.7834    2.5061  -0.386    6
57528.271   -0.571272512462    2.270199599508    0.3913    0.5881   0.026   24
57535.269   -0.213343178784    8.259199199756    1.4324    2.8778  -0.052    4
57540.207   -3.547081740211    7.221599996399    0.4448    1.0055  -0.647   29
57542.271    0.389995700709   -0.602902802882    0.3654    0.5073   0.390   13
57547.209    0.678013662272   -2.160201598400    0.3295    0.6662  -0.396   30
57549.269   -1.289297996666   -2.463699599531    0.4417    0.5358  -0.118    9
57561.227    7.739681195749   65.859497996001    6.9019   50.3384   0.989    4
57563.269   -0.278775884722    4.214300396654    0.5346    0.8385  -0.658   13
57567.206    1.540770727963   -3.576402003347    0.3135    0.4681   0.007   23
57577.269    1.069309334856    3.751099200855    0.2990    0.5389   0.035   23
57581.206   -2.145263955682   -0.308602800914    0.1759    0.3924   0.015   65
57582.229  -31.047410964927   16.088497196876    1.1334    0.8676   0.007   16
57591.269   -1.720314243883   -3.599100000429    0.3584    0.5413  -0.414    8
57596.229    4.532904386526    4.882798798889    0.3340    2.2619   0.408   59
57598.271   12.306385048085  -41.893200000231    0.9562    3.4434  -0.722    3
57602.208    2.007177857219   -3.805401600232    0.3470    0.6815  -0.108   17
57605.269    2.202321232696   -9.210002399129    0.6824    1.1347  -0.647    5
57609.206    1.319918768172   -4.851302399800    0.2616    0.3358  -0.070   18
57619.269   -1.777367973906   -1.780502401516    0.2939    0.4436  -0.454   24
57623.206   -1.954890690738    2.234397601342    0.5003    0.4710  -0.677   24
57639.230    1.999232402319   -1.620399603297    1.5931    4.7963  -0.796    3
57644.208   18.709680771133  -16.654499999902    3.0969    2.8955  -0.980    4
57647.269   -4.785680439634   16.165800001033    0.5005    1.6679  -0.418    9
57654.271   -7.295231511712   -9.017100001074    1.4316    1.8869   0.828    5
57658.208   12.509761775826  -12.256200003691    1.0052    1.1308  -0.884    9
57660.250   -0.863769337258   -4.557301198815    0.7371    1.5993   0.175   64
57668.271  -51.429885574059  106.087100397190    4.1089    9.3442  -0.941    3
57673.209    6.352742049455   -2.666300402865    1.0802    0.6229  -0.509   12
57679.207   -2.033177491778    0.352598398479    0.4453    0.7222  -0.009    7
57696.271    4.782068224318    0.981597600003    4.3980    4.4164  -0.918    3
57700.208    1.402105681892   -3.251102401691    0.4900    1.4243  -0.515   24
57707.207   -0.954189406188   -7.392301203168    0.3028    0.8206   0.168    3
57714.208   -0.521006539179   -0.323100004351    0.2542    0.2405  -0.374   18
57724.271    1.960811602506    0.370699196139    0.1843    0.3364  -0.051   23
57731.269   -0.207852043984   -1.822302002097    0.0756    0.2043  -0.051   17
57735.207    0.251042954329    0.748497596703    0.3402    0.2661  -0.342   11
57737.270   -0.239197386748    0.360698395951    0.3697    0.3126   0.172   13
57744.272   -0.875035957231   -1.702900802769    0.1460    0.2941  -0.051   28
57750.207    0.181998033075    6.498000000477    1.1787    1.5339  -0.656   13
57764.207   -2.168230322532   -4.217400003625    0.4347    0.6761   0.043    7
57770.475   -0.188643516101    0.549298801644    0.1260    0.3109  -0.129   90
57771.209   -0.807436631502    0.700498801365    0.2860    0.4384   0.539    4
57772.228    2.116231053415    6.928397996120    0.3177    0.4656   0.025   38
57775.461    0.255376193913    0.220298397124    0.1278    0.2603  -0.095   61
57777.207 1573.126323464916  176.677599596786    0.1301    0.2475   0.333   13
57787.269  311.167013181913  869.742298795728    0.1693    0.7734  -0.199   15
57798.209   -5.208463334587  -14.504500800427    0.7939    2.8014   0.882    4
57804.381    0.075978104588    0.608000395630    0.1640    0.3466   0.089   35
57806.208   -0.813790867228   -0.687999602889    0.2547    0.4766   0.207   39
57819.207    2.276708118110    2.434399197426    0.2221    0.4201   0.218   18
57829.269    0.283975772222   -1.944201599713    0.2143    0.4005   0.238   12
57833.207    0.338862882454    0.323398798940    0.5400    0.5917  -0.638   10
57836.271    0.228364090733   -0.040899603704    0.2102    0.3918   0.087   19
57836.293    0.949277218996    0.331297197675    0.1461    0.3315  -0.318  108
57839.792   -0.142998285655   -0.641300401583    0.2021    0.3672  -0.024   45
57840.209    1.165220538586   -0.945899998328    0.8101    1.9553  -0.759    6
57841.228    0.928477471938    1.188899999249    0.4971    2.0401   0.071   12
57843.270    3.431383060990    4.414197596248    0.3383    0.2174   0.118   32
57847.207   -3.460849484271   -3.064302002542    2.7422    0.3893  -0.111    3
57849.249   -8.717557993054   -4.626500398786    0.9058    0.8196   0.233    7
57854.209   -0.361395925345   -1.893801601938    0.3978    0.4623   0.216   11
57862.208   -0.602472231577    3.859397997985    0.2241    0.4151  -0.330   38
57868.209   -6.627905521805   -1.489302000124    2.4344    0.5729   0.396    4
57869.228   -1.825613148102   -0.308199603438    0.4377    0.4884   0.541  167
57875.189   -0.184310276517    0.959799599798    0.1661    0.3229  -0.163   86
57882.209    4.733102025854   -0.871700401461    1.0841    0.3807   0.326    5
57885.270   -0.854811610791    0.899899201556    0.4489    0.3273   0.268   20
57896.209   -3.284775909953    0.497897998031    0.6210    0.5511   0.122   17
57904.690    0.011412243623    0.969497998682    0.1349    0.3092  -0.069   91
57914.628    0.646671866498    0.552697196810    0.1165    0.2864  -0.319   88
57919.271    3.054387276087    1.431298797883    2.1679    0.5799   0.846   11
57920.301    0.364141689800    0.215697597383    0.3141    0.4750   0.408    7
57927.270    1.798167918019   -4.068802798685    0.2189    0.2487   0.033   24
57931.207  -12.034254646389    2.817597598437    0.1749    0.2660  -0.062   19
57933.249    0.684659145297   -0.315000000484    0.1220    0.2856   0.097  186
57934.272    0.764824865820   -1.019300400884    0.1588    0.1947   0.034   36
57938.209   -6.972401812773    7.465798801576    2.0738   10.1949  -0.458    4
57945.207    0.707625512147   -0.963302404244    0.2070    0.3024  -0.038   16
57950.916    0.895256756681   -1.471301998635    0.1864    0.4534  -0.181   34
57952.187   -0.244251650600   -0.402001203526    0.1473    0.3376  -0.123  208
57953.206    2.838447503488    3.826400399731    0.9138    3.0788   0.455    6
57955.270    1.113654396372   -9.449200801015    0.3791    0.9791  -0.395    4
57959.207    0.280217933256   -0.523501203986    0.1523    0.2939   0.337   19
57960.230    4.918712274246  -12.514899599836    0.4872    0.5061   0.102   39
57966.209   -0.017045455082    0.155498398158    0.4077    0.8246   0.257    8
57970.691    0.842823966551    0.341197201692    0.1369    0.2347   0.082  115
57974.230  107.657442778984 -202.918802401086    0.8104    0.9262  -0.713   28
57976.272    3.295030258360   -5.157500404351    0.7026    2.2446   0.859   12
57978.131   -0.337275210270    1.099299601748    0.1527    0.2759  -0.027  142
57980.209    0.206118748151    0.868899601869    0.2598    0.3076   0.208   15
57994.209    0.822311919802   -2.614402799850    0.2747    0.2301   0.244   15
58003.231    0.488361224540    0.810097198922    0.1696    0.3563   0.142  148
58008.209   -0.546714926438   -0.259300798433    0.1674    0.4768  -0.097   18
58015.207   -1.405863323803   -1.199700000143    0.1481    0.1677   0.071   44
58015.324   -0.199764512424    1.184799599230    0.2638    0.8621  -0.267   39
58022.209   21.672348006416    2.188598396913    2.0375    2.1948   0.069   12
58022.797   -1.414238752727    1.716199201951    0.4133    1.1974  -0.003  116
58025.270   -0.424662011491    1.259798396802    0.3752    0.6145   0.302   16
58032.268   -0.094177907896   -2.466802800427    0.1819    0.2301  -0.106   23
58036.001    0.523315235630    1.304600395713    0.2580    0.5775  -0.297   81
58038.229    1.639427499093    3.887297997096    0.2717    0.7401   0.017   53
58039.270   -0.000578947608   -1.686301204273    0.4508    0.3449  -0.021   15
58043.207    2.813023269547    0.456998400722    0.1070    0.1567   0.047   65
58048.076   -1.070900356975    1.099800001469    0.2664    0.5707  -0.464   31
58050.209    1.969332655080    1.669197599341    0.5029    0.2650   0.214   12
58053.270    1.674814834141   -0.156600000167    0.3935    0.4561  -0.187    6
58057.207   -1.042300778666    0.534099599747    0.2532    0.1986   0.170   14
58071.207    1.047933990125   -1.175799598485    0.2520    0.2676  -0.120    8
58074.272   -1.344185106897   -0.213800401383    0.2518    0.2579   0.241   23
58078.209    0.358941605244   -1.839402000314    0.3084    0.4314   0.226    3
58079.272   -0.565348053704   15.821398795879    0.5017    2.0964   0.492    6
58085.500   -0.390141324359   -0.677199601995    0.0742    0.2169  -0.341  169
58085.500    0.152819507158    0.435599997672    0.1516    0.1595   0.284   32
58086.500   -1.739814019066    0.759099599179    0.0935    0.1153  -0.059   70
58087.498    1.016155520458    2.502899999257    0.0690    0.2113  -0.183  138
58087.498    0.068753673955   -1.423400399148    0.1177    0.1124  -0.015  106
58088.498   -0.713546423915   -2.481800403586    0.0828    0.2956   0.474  180
58088.498    1.021355407959   -1.088402398608    0.1773    0.1310   0.124   71
58089.499    0.711092103814   -1.133100001027    0.0546    0.1827  -0.172  153
58089.499   -0.720770854548    0.123800400331    0.1111    0.1391  -0.034   56
58090.496    0.059511597114    1.317099600584    0.0644    0.1608  -0.307  156
58090.500    1.315152204630   -1.591102801513    0.1067    0.1280   0.018   75
58091.497   -0.981055688663    2.979997196206    0.0547    0.1670  -0.261  137
58091.497    0.140544162609    0.560498399693    0.1529    0.2131   0.197   30
58092.498    1.283806861866   -0.460900802324    0.0494    0.1401  -0.202  202
58092.498    0.534581855603   -0.222202800160    0.1534    0.1133   0.056   87
58093.499    1.138499682705    2.706598797886    0.0706    0.1666  -0.052  120
58093.499   -5.215109014668   -4.985002804148    0.1658    0.1229   0.127   58
58094.496    1.369172666944   -3.065201999419    0.1894    0.1536  -0.225   39
58095.497    1.023955351709   -0.051202798801    0.0846    0.1560  -0.185  152
58095.500    4.666227271382   -2.519701202885    0.1500    0.1693   0.075   38
58096.497    0.401550020991    0.098398799508    0.0578    0.1367  -0.264  190
58096.497    0.350562826385    1.774198797477    0.1269    0.1639  -0.086   42
58097.498    0.022245342583   -1.025701200774    0.1666    0.1474  -0.016   73
58098.499    0.114977654954    0.584600400089    0.0533    0.1307  -0.380  234
58098.499   -0.856978230583    3.639898801566    0.1285    0.1863  -0.045   44
58099.496   -0.108477598523   -0.638600398162    0.0717    0.1710  -0.250  125
58099.500   -0.736225090456    2.876299198817    0.1410    0.1606  -0.152   66
58122.229    1.072633849864   -0.019900804205    0.2023    0.3839  -0.043  108
58128.230   -0.610272062828   -2.165500802676    0.2793    0.5261  -0.051   26
58130.268    2.888855750486    3.284600399667    0.5140    0.5782  -0.744    9
58134.209    1.991432374013    1.362797996052    0.8515    0.4474   0.084    3
58141.208   -6.464540813051   -1.952200801014    2.6123    0.6253   0.753    4
58144.268   -7.311698019186    1.723399196152    0.7896    0.4453   0.304    5
58148.209    3.397441321466   -0.315399604034    0.5455    0.3693   0.305    9
58176.209   -1.044034074500   -9.229100402308    0.5929    3.3188   0.750    5
58197.208    0.231830879456    1.220597997076    0.2184    0.6712  -0.050   15
58200.272    1.048509587798   -0.803199599630    0.5872    0.9943  -0.652    3
58203.797    0.244542897899    0.270799197466    0.4197    0.8470  -0.847   80
58212.209   -1.856091645895   -0.665100000674    1.8336    0.6898   0.730   13
58213.231   -0.139386070338    0.173098796097    0.0978    0.1691  -0.167  232
58218.206    0.058644949198    3.777098397251    1.7435    3.6854  -0.193    6
58220.248    0.884711358030   -0.444301203828    0.1764    0.6348  -0.022   12
58225.208   -0.785336912569    3.949498801603    0.7967    2.0631  -0.794   21
58232.210   -0.218976390243    0.006098398586    1.3290    0.3199   0.440   20
58233.225    0.829245300191    0.553798798819    0.3661    1.2147  -0.045  144
58238.207   -0.080886744790    2.917997996832    0.1747    0.3666   0.194   55
58241.209    0.328608731102    0.039398398144    0.3890    0.2597   0.170   12
58245.742   -0.372374845010    0.278398801612    0.3527    0.9231   0.705    6
58247.207    0.381183597892    1.529798399957    1.2053    3.7670   0.945    9
58253.208    0.304630092686   -0.613299599905    0.1679    0.3322  -0.020   40
58255.250    0.121477711385   -0.263300402281    0.3418    1.9125   0.136   12
58258.146    1.719447595966    4.053798001280    0.2293    0.2677   0.003   92
58261.207    1.143841843920   -0.173501999967    0.3599    0.3201   0.261   22
58268.209   -0.039432874324    0.487198799703    0.2796    0.3357   0.161   13
58272.782    0.006500056431    4.468899599175    0.1298    0.2828  -0.065   70
58274.210    0.169431441227    0.757198796464    0.3990    1.0945   0.238    3
58279.305    1.947666260105    3.614698799481    0.1411    0.3044  -0.184   80
58281.208   -0.461494942064   -1.355500799605    0.2741    0.3381   0.371    7
58282.227    0.480273692980   -5.960700003982    0.1395    0.6173   0.226   32
58284.269    1.174608042021   -0.204400803483    0.2613    0.2211  -0.201   17
58288.206   -0.672092553449   -0.521600401271    0.2898    0.2567   0.117   10
58296.227    0.327163135577   -1.680001200555    0.8489    0.6286   0.310    7
58298.269   -0.258551538282   -0.228002404157    0.2152    0.3957  -0.095   12
58301.297   -0.614747576126   -0.171601203647    0.1518    0.3583   0.044   35
58303.229    2.522693261598   -1.169902798637    0.4780    0.4108   0.165   51
58305.026   -0.197309995269    3.908498401728    0.1721    0.3574  -0.048   35
58309.208    0.000000000000   -0.984999601883    0.2378    0.2122  -0.079   22
58310.227    1.350397463019    2.305799998936    0.4404    0.5230   0.720   54
58323.208   -0.281663528781   -0.288500404366    0.1951    0.1915   0.139   17
58324.227   -0.842969590200    2.505099596561    0.2927    0.9781   0.014   44
58326.959    0.206985396068    0.066697201362    0.1588    0.2952   0.032   85
58330.955    1.053709475299   -0.057700800937    0.2079    0.4543   0.026   38
58340.948    0.584560325633    1.413698399944    0.2479    0.3322   0.166   73
58347.271    1.246107283376   -0.385700399619    0.9292    0.4510   0.514    8
58351.208    0.289317933437   -0.073501198727    0.3528    0.3833  -0.197   13
58352.231    1.022222055876    1.029599995661    0.1303    0.4878  -0.033  201
58358.206   -0.372374845010   -0.252500401388    3.3517    0.3927   0.541    6
58363.696    0.696792413187   -1.345600801983    0.1835    0.3452   0.080   45
58366.227   -1.727968648539    1.566597597247    0.5608    0.5631  -0.148   74
58372.206   -9.690813850466   -7.189002001695    4.2103    3.7860   0.817    5
58382.002    0.395195588210   -0.881301598099    0.1641    0.3066   0.224   65
58382.269   -0.468573749048   -0.209401200379    0.4432    0.4315  -0.056   20
58386.484    0.427982979508    1.184799599230    0.1763    0.4016  -0.017   55
58417.271   -0.091286716847   -1.529701204106    0.3930    0.6741   0.017    4
58428.206   -1.056309419049   -0.129700800500    0.2829    0.2665   0.037   11
58440.833    0.141698510835    1.077998400945    0.1984    0.4059   0.233   36
58442.206   -4.531170893638   -3.384100801185    0.4926    0.3514   0.699    7
58443.269   -0.579939188685   -0.716202003304    0.4471    0.8292  -0.148    9
58445.165   -2.942155188533    0.302597997859    0.2725    0.8308   0.241   51
58449.208   -0.145598426460   -0.316900803199    0.1827    0.3002   0.164   36
58456.206    5.139997557996    6.315897596920    2.2218    7.6811   0.983    7
58457.233   -1.299264447709   -1.647899998858    0.4275    0.4583   0.345   18
58464.227   -0.839790698842    1.990198796165    0.6415    0.6157   0.221   14
58470.207   -5.209763503517   -1.247900400614    0.6132    1.6465   0.585   19
58473.271    0.086232452995   -0.447901204126    0.2724    0.3411   0.003   36
58486.208    0.410507747458    0.235098001866    0.2416    0.4596   0.393   12
58491.208    0.742291822928    1.859097599066    0.3870    0.6158   0.326   11
58491.208    0.373962517194   -0.086302798508    0.0732    0.2954  -0.261  176
58498.207    0.236164119040    0.498297601581    0.2581    0.3585   0.276   15
58501.271   -0.721492075870   -0.366602402835    0.2765    0.3760   0.089   53
58505.161   -7.621815699681  -22.656801599652    0.4062    0.5000  -0.295   85
58508.269   -0.260718158073   -0.510400803222    0.1884    0.2448  -0.074   49
58512.207   -0.799203476292   -0.827999998165    0.1917    0.2814   0.374   17
58514.248    0.435928631464   -5.314201200690    0.2478    1.5791  -0.336   15
58515.271   -0.454849261984   -2.821899603589    0.3241    1.5388   0.496    6
58534.209   -0.996943248529    0.131198399345    0.4636    0.3991   0.442    5
58540.207  -14.150489049739   -4.147102801966    2.9825    0.8098   0.896    9
58557.271   -2.457260555661   -1.471600799618    0.8175    0.6805   0.484    3
58561.209   -0.064132537007    0.215197197662    0.0494    0.1315  -0.059  337
58562.228    0.213485452499   -0.796302000339    0.2809    0.7055   0.319    9
58563.250   -2.915434332652    2.207998801396    0.4220    0.8122   0.277   21
58564.269    3.273797187344   -5.876902804403    1.5395    2.2893  -0.046    4
58571.271   -0.846144934568   -0.802000801770    0.4254    0.8187   0.288    6
58575.209   -0.578493593161   -0.054500404190    0.1651    0.2215  -0.068   18
58575.209    0.209443263159    1.463799596735    0.0669    0.1965  -0.377  289
58577.250   -1.773468058281   -1.618801201886    0.3129    1.0782   0.213   67
58585.271   -0.304484271981    0.086198395621    0.4148    0.6381  -0.463   10
58590.228   -0.092444612062   -0.545601599100    0.2607    0.2951   0.700   62
58597.208   -6.200643566564   -1.562202002958    2.0787    0.5679   0.771    5
58603.209   -0.548160521963   -2.788401599219    0.3131    0.3374  -0.144   10
58610.083    0.192685705441   -7.408900801664    0.5040    2.3992   0.267    7
58611.208    0.446328406465   -0.089701200068    0.4887    0.9047  -0.232    5
58632.210   -0.049399325367   -0.463201202194    0.3520    0.3617   0.051    4
58634.270    0.211464456356   -0.249001203656    0.4377    0.6566  -0.040    4
58652.207   -1.923399724325   -3.613500001620    1.3544    1.0009  -0.266    7
58655.271    1.164787214627    0.298198796855    0.7493    0.4041   0.426    6
58659.209   -0.128265271070   -0.249101999827    0.2480    0.6367  -0.378    7
58662.270    0.462215966332   -0.459201598346    0.4392    0.4388  -0.218    6
58687.209   -0.109198819845   -0.544402801239    0.3374    0.1797  -0.148   45
58690.270    0.384650189559    0.060998399931    0.4115    0.2896  -0.004   17
58703.251   -1.633936364293   -0.756302399907    0.9747    0.5229   0.680   11
58708.207   -1.264740410642   -1.336899602222    1.2555    0.4832   0.811   15
58718.270   -0.357062685761    0.382798797460    0.2856    0.3953  -0.207   29
58722.207    0.069765945521   -0.378802800327    0.2512    0.3827   0.348    7
58725.272   -1.515204220308   -0.552700803524    0.4126    0.5667   0.101   11
58732.270    1.964566091537    7.188998401375    1.0021    3.3869   0.959    5
58739.272    0.312142223628   -1.535399999142    0.5419    1.6214   0.780    7
58767.272    0.151952662187    0.520797600245    0.4545    0.8056  -0.288    4
58774.270    2.514026585375   11.150197200749    1.1365    7.4151   0.925    3
58778.211    0.189364540368   -1.338901201109    1.0679    0.4402   0.423    7
58787.269   -0.554806004988   -2.743801199045    1.0752    3.1269   0.733    4
58792.207   -0.112665411512    0.402699601665    0.2712    0.3198  -0.059   11
58799.205   -0.190376811934   -1.068400798232    0.3295    0.3301   0.035   37
58806.207   -0.675559145116   -1.550300400055    0.3175    0.3433   0.211   33
58813.209   -0.294808871182   -0.285501599961    0.2949    0.2787   0.026   20
58813.249    1.017743192642    0.822297596415    0.0585    0.1410  -0.356   19
58814.272    1.737214075315   -0.368002799433    0.5101    0.4317   0.233   12
58827.209   -0.123065186514   -0.489600002140    0.3179    0.2649  -0.067   18
58834.083    0.025854207964    0.673999198852    0.2647    1.1821  -0.205   15
58835.208    0.355475013577    1.531799998844    0.6423    3.5770   0.816    4
58837.272   -0.394328940293   -0.214401603671    0.3417    0.3671  -0.242    7
58856.206    0.579360241077   -1.590400803053    0.9282    0.7455   0.064    5
58858.248   32.859448993660   34.214198399241    2.0624    1.3557  -0.203   12
58865.272   -4.137854224911   -2.391300002813    0.4604    0.6154  -0.092    4
58870.206   -0.854811610791    0.301197601260    0.2258    0.2544  -0.372   19
58870.250    0.441707466573   -2.032002003460    1.5665    1.2232   0.541   10
58872.270   -0.068899297605   -0.356702398818    0.2412    0.4840  -0.387   15
58879.272   -0.534727479253    2.898298797760    0.3196    1.3919  -0.013    9
58897.209    0.059220546870   -0.475102798703    0.4115    0.3396  -0.096   11
58905.227    0.100532340677   -0.395200800085    0.2478    1.1571   0.500   11
58911.209   -0.831124022619   -4.841100000874    1.0036    2.4399   0.743   11
58911.250    2.225142172951   -3.278102403925    0.1728    0.3640  -0.930   37
58918.208   -2.354852842491    3.242699996520    4.1575    2.9204   0.199    4
58920.249   -0.564339329128    1.059998399455    0.0987    0.3747   0.378   30
58925.250    0.361108225036   -7.524000002235    0.1499    1.0121  -0.238    7
58935.268   -0.432895166700    0.356000400359    0.3508    0.4434  -0.057    9
58947.227   -0.684080197689    1.713797999514    0.5906    2.3491   0.639    9
58954.207   -0.283542448264   -0.536900399339    0.1102    0.3187   0.241   18
58956.270    0.007366704348   -0.699101998691    0.3516    1.0836  -0.395    9
58960.208   -2.659625011836   -0.409302000293    0.3200    0.3141   0.501   25
58962.271    0.581093536911   -0.386902804195    0.5090    0.4355   0.132    7
58974.208   -0.445461758549   -0.258602400294    0.2583    0.3557  -0.137   19
58981.210   -0.065144808574   -0.023702403240    0.3846    0.6100   0.013   19
58983.251   -0.475215685083   -0.309502804186    0.3556    0.2671   0.149   28
58988.208    0.162931581851    1.144699196232    0.1818    0.7132   0.632   15
58995.188    0.662992750322    0.682297201138    0.1204    0.3960   0.418   33
59009.210   -0.039145174015   -2.371302002757    0.7122    2.5563   0.694    5
59009.250   -0.764824865820    2.415297600322    0.3105    1.7264  -0.457   12
59010.229   -0.107610950606    0.244400397520    0.0963    0.3371   0.384   41
59016.208   -0.207709967325    0.375498000693    0.8412    2.8557   0.627    7
59023.250   -0.030045173834   -4.245202800490    0.3889    4.6313  -0.691    7
59025.251   -0.306075491155   -0.094600800793    0.2612    0.2843   0.091   89
59026.270    1.526470840281   -4.208799600036    1.5949    2.9124  -0.852    3
59032.271   -1.007634467885    0.613598400889    0.5303    0.3942  -0.224    8
59039.251    0.027445427138   -0.775501199257    0.1832    0.9780  -0.085   77
59040.270    0.256242841830    0.186299999427    0.5733    0.5036   0.497   11
59046.250   -0.171164737060    5.158897200630    0.7640    1.6518   0.121    9
59051.210   -0.330629727244   -0.345200399465    0.1209    0.2151   0.220   30
59051.250   -0.488361224540   -1.502099999584    0.0869    0.2111   0.010   38
59058.208   -2.387206909831   -0.031100402254    0.3434    0.3259  -0.062   29
59061.269   -0.273284749922   -1.034600398953    0.6182    0.5596   0.394    7
59073.209    3.290697018776   -1.301500801532    0.5599    0.5163  -0.229   26
59074.250   -0.530827366572   -1.305702004117    0.3004    1.5630   0.389   10
59080.207    0.142131834793   -0.404301603396    0.3041    0.5327   0.113   19
59086.208   -0.208576615242   -1.252299601617    0.3993    0.3247   0.268   27
59089.269    1.299406721423   -0.180899998981    0.5417    0.5575   0.024    7
59093.250   -1.046055070642    0.924098397803    0.1398    0.9228  -0.109   11
59101.209   -0.286284468674   -1.262001600821    0.3129    0.4722   0.304   13
59115.231   -0.054166085964    0.684799199746    0.0764    0.1700  -0.057  203
59121.250    0.557693846103    1.438599601045    0.0696    0.1894  -0.070   20
59122.229    0.097644499563    3.255199201391    0.2889    1.0678   0.397   12
59136.207   -0.599293340218   -0.665200803240    0.2248    0.2727   0.105   19
59143.231   -0.669780310007   -0.945000001451    0.2738    0.6814   0.305   31
59152.249   -1.641448495235   -5.777499598736    0.1404    0.2814   0.007   15
59165.248    0.466840453214   -0.192200399596    0.2181    0.7911   0.471   19
59170.208   -1.116399963772   -0.886802401112    1.2497    0.4094   0.362    5
59184.208    0.851202942465    0.781999201394    0.9344    0.5022   0.475   12
59186.250   -0.606226523553   -2.080501198520    0.1867    0.6457   0.622   19
59192.229   41.834982927323    5.793397198772    0.6382    0.5611   0.216    9
59194.249   -0.036545230265   -7.217802004078    0.0326    0.2072  -0.026   21
59198.208    0.510894464486   -0.853300802817    0.3026    0.3779  -0.167   40
59206.251    0.345796262843    6.763197598758    0.1139    1.5675   0.308    6
59206.269   -0.321817427372   -1.024300804175    0.5263    0.6280   0.404    6
59219.206    2.376086110562    0.752597996723    1.3966    0.5710   0.740   17
59222.249   -0.409783176201    0.118097998580    0.0389    0.2176   0.144   40
59234.229    0.662271726055   -0.545202001945    0.1795    0.4442  -0.133   52
59240.208    0.456440678213   -0.665002798428    0.2875    0.4840   0.000   26
59242.250    0.042899465991    0.608097597876    0.1176    0.3020  -0.332  159
59243.269    0.659238261291   -0.406000800979    0.8580    0.9430   0.161    8
59262.207   -1.971065950913   -2.455199998508    0.4699    0.4354   0.131   59
59270.250    0.160910585709    0.733899597094    0.1362    0.3976   0.394   44
59283.227    0.128698595028    0.098197200771    0.1667    0.4402   0.214   31
59289.250   -2.947500699684  -72.221702404107    0.1156    0.4597  -0.420   18
59299.269   -1.007634467885   -0.011700004166    0.3262    0.4031   0.235   15
59311.209   -0.492840087773   -1.240801202584    0.2106    0.4302   0.259   83
59313.269   -0.427407578891    0.363999601660    0.4168    0.4127   0.002   12
59320.249    0.050120546689   -0.673700404263    0.0928    0.1979  -0.883   30
59320.271    0.039720574633   -0.471600000651    0.6114    0.6105   0.242    8
59325.217    0.194710248573   -0.511700403649    0.1709    0.5339   0.199   11
59327.269   -0.859290474025   -0.540500399637    0.5959    0.8853   0.435   13
59331.207   12.424395970748    8.700199197875   19.0366   19.6986   0.986    3
59334.249    0.509161168653  -11.639700000643    0.0949    0.1921  -0.675   15
59334.271    0.960689462619   -0.434700000795    1.1589    0.7675   0.218    7
59341.269    0.448061702299   -0.447400804404    1.6193    4.6650   0.723    4
59348.249    0.999543389335    3.920198399499    0.4617    2.6089  -0.326   10
59348.271   -0.920244119674   -1.258401600523    0.4311    0.8074   0.606    8
59353.209   -1.532537375699   -0.150400799015    0.3459    0.2434   0.072   19
59355.269   -1.329739595566   -0.194702398204    0.7161    0.3483   0.015    6
59360.208   -0.236018495390   -0.447300001838    0.2224    0.2561   0.036   27
59361.249   -0.276609264930    0.312397199309    0.1017    0.2769   0.217   55
59362.249   -0.344783794222   -0.188402400880    0.2495    1.1578  -0.676   23
59367.228   -0.310263107090    0.112899596871    0.0875    0.2446   0.339   57
59375.249   -0.543539582070    1.940900400399    0.2309    0.8235  -0.523   35
59375.270   -0.213197555135    0.439199997970    0.3423    0.6494  -0.013    9
59390.249   -0.439682923440   -0.161802002197    0.2277    1.2876  -0.640   14
59397.269   -0.552348334952   -0.532299599598    0.4776    0.6084   0.378    4
59402.208   -0.116710950787   -0.146800798717    0.1785    0.6011   0.232   39
59403.249   -0.296830064380    4.331300399940    0.1059    0.4233  -0.269  204
59404.249   -0.603626579802   -1.952802003302    0.3017    3.7508  -0.590    8
59418.249    0.627605415274   -2.779801202024    0.4282    4.9177  -0.733    4
59418.271   -0.224176474799   -0.332499602251    0.4514    0.5090  -0.087    5
59425.251    0.042178441724   -2.311401598121    0.1344    0.4983  -0.672  100
59429.207   -0.061532593257   -0.706301999287    0.1937    0.3624   0.117   33
59431.249    0.504540031705    0.350600399912    0.2920    0.9262   0.343   23
59431.271    2.164476030556   -7.537899603705    4.7183   10.6523  -0.978    3
59439.270   -0.194997751827   -0.345200399465    0.3770    0.5319   0.107   10
59446.271   -0.290184581354   -3.416101200315    0.4431    0.8798  -0.368   17
59453.270  -16.394839750574   -5.052200398836   10.2015    2.2071   0.963    4
59460.250   -0.087965748829   -1.689300002283    0.1269    0.6431  -0.623   42
59465.206   -0.496448953155    0.169797596783    0.2424    0.3752   0.201   32
59467.270    0.315608815295   -0.133199998231    0.8184    0.4741   0.195    5
59471.207    0.064420434371   -0.802000801770    0.1851    0.2436   0.296   42
59474.224    0.154552802992   -1.000202404100    0.3070    1.0275  -0.682   42
59478.209    0.270251482213   -0.939200403849    0.2075    0.2206  -0.001   41
59481.270   -0.470740368840    3.342398396455    1.0307    3.6544  -0.865   14
59485.207    0.199185564817   -0.047800803316    0.3032    0.5089   0.242   36
59486.230    0.259997133806    0.094399195660    0.1814    0.6800   0.408   36
59488.250    0.681771501238   -2.186902799650    0.1890    0.6398  -0.732   57
59492.209   -0.375695813027   -0.368200804246    0.2118    0.2868   0.159   25
59493.228   -0.126819675545    0.434098798507    0.1703    0.7071   0.419   14
59499.189    0.788079130034   -0.022402802813    0.3676    0.5976   0.332   25
59502.272   -0.200197836383   -0.788799598439    0.4259    1.1016  -0.116    6
59509.270   -1.709335521273   -9.001000802300    0.4334    0.5526   0.273    5
59513.207    1.387518093901    1.243299600873    0.2455    0.5189  -0.117   23
59514.230    0.027733127447    1.531897201090    0.1635    0.7199   0.569   18
59516.250   -0.070920293747   -0.274500000330    0.6187    1.0303  -0.852   25
59516.272    0.484315685265   -1.261900798255    0.8330    1.0180   0.200    3
59523.270    0.097353449319    1.201597196143    0.4490    0.5903   0.401    6
59528.230   -0.340741801937   -0.039999600432    0.1275    0.4447   0.269   34
59534.209   -0.046511681308   -0.676000804134    0.2832    0.4475   0.223   26
59537.270    0.510894464486   -0.677300398166    0.3582    0.5025  -0.035   10
59541.189    0.447195054382   -0.598600804125    0.1189    0.3984   0.392   29
59542.208    0.103277908077   -0.979902002740    0.1451    0.3905   0.343   29
59542.248    0.012133267890   -1.371301203790    0.1737    1.0377  -0.751   12
59544.272   -2.054556186444   -3.584199599516    0.7844    2.9114   0.355    7
59551.270   -0.815378736467   -0.709200001126    0.4559    0.3933   0.423   15
59557.249    0.080020293928    0.285699598379    0.1043    0.3467   0.284   44
59558.250   -0.286717792632    0.747799198564    0.1951    0.7267  -0.763   19
59558.268   -1.633794090579    1.720497600388    0.6969    1.9831  -0.683    7
59562.209    0.122486435961    0.262198800272    0.2668    0.8137  -0.349   36
59565.270   -0.239197386748    1.816599600346    0.4262    1.6583  -0.637    9
59569.207    0.027154179839    0.062999998818    0.1234    0.3248   0.191   86
59571.271    0.255663894222   -0.379000798745    0.2681    0.4102   0.214   22
59578.269    0.010112271748    0.303897598286    0.4662    0.7127   0.162   11
59586.272    1.418429915652    0.435297596368    1.3364    0.9075   0.913    5
59593.248    0.097065551955   -1.522000803789    0.0584    0.1855   0.073   55
59597.083    0.033511962556    1.952899199154    0.1528    0.6403   0.104   18
59600.250   -0.143431806668   -0.257601600850    0.0535    0.1735  -0.502   96
59604.209   -0.240930682582    0.056300397944    0.1673    0.2105   0.030  100
59627.249   -0.519706567303    0.480697197247    0.0758    0.2141  -0.080  203
59635.248    0.143144106359   -5.103701998621    0.0207    0.0599  -0.182   79
59639.207   -0.586005724103   -0.390099600622    0.2558    0.5349   0.200   15
59642.272    0.589760213134    0.482597999962    0.4285    0.7895  -0.478    4
59649.270    0.668771585431   -0.802800002475    0.3496    0.3270   0.329   11
59654.230    0.028166451406   -0.261399599566    0.1301    0.6408   0.596   29
59655.249    0.391441296234   -0.275101202618    0.2442    0.2139   0.330   34
59656.250   -0.307663163339    0.119300396761    0.0611    0.2656  -0.236   36
59656.272   -0.136065102321   -0.681800401736    0.4497    0.5662  -0.367   12
59661.206   -0.088544499382   -0.211402799266    0.2996    0.4156  -0.023    9
59670.272    0.295384468855   -0.651700798926    0.2903    0.3575  -0.264    8
59677.248   -0.160477064695   -6.745201203984    0.1147    0.2113  -0.540   33
59677.270    0.921689912253   -0.218901600846    0.6105    1.0793  -0.570    3
59683.271    0.096486801402   -0.469800000502    0.1910    0.2447   0.237   39
59690.251   -0.119019647239    0.769499996522    0.1454    0.6841   0.467   14
59691.270   -0.114111007037   -0.730400399362    0.2577    0.2639   0.269   11
59695.208    0.208285564998   -0.106200002392    0.2227    0.2815   0.238   40
59698.272   -0.815378736467    0.711597596847    0.4253    0.8732   0.522    3
59703.207   -0.573293705660   -0.675100800862    0.1340    0.2059   0.040   71
59705.248   -0.095044555813    0.371098799690    0.0543    0.2884  -0.081   27
59705.270   -0.888177949697   -1.456502400288    0.3453    0.3891   0.396   18
59712.268   -0.049399325367   -1.545901199052    0.5079    0.5490  -0.170    3
59719.248    0.305208843239    0.404398799247    0.0996    0.3269   0.384   76
59719.270    0.032499690990   -0.172501200524    0.3260    0.4474   0.315    8
59724.230   -0.102265439456   -0.060300001792    0.1127    0.4233   0.313   24
59726.250    0.086953477263    1.245099601022    0.1029    0.3803  -0.207   33
59726.268   -0.420182951202   -0.236199603876    0.2152    0.4023  -0.298   35
59730.082    0.059653870829   -0.062002799694    0.7820    1.1278   0.231    6
59731.207   -0.769737053012   -2.075702400361    0.2871    0.6867   0.191   12
59733.248    0.033654039215   -0.947901603610    0.2137    0.6644  -0.681   59
59733.270   -0.241509630190    0.059900398242    0.2367    0.5418   0.167   17
59737.120    0.271697077738   -0.286801200389    0.1245    0.3957   0.246   31
59738.208   -0.146610698027    2.135599198283    0.4476    2.9829  -0.634    5
59739.227    0.121044387426   -0.416602803455    0.5035    0.4478  -0.240   50
59740.250   -0.666459341989   -1.351400399585    0.0523    0.1595   0.018   57
59740.268   -0.357350386070   -0.255002399996    0.3047    0.5497  -0.056   11
59744.209   -0.879077949516    0.018597597062    0.3239    0.4903  -0.477   25
59747.248   -0.805124388060   -2.432602803992    0.0470    0.1305   0.018   62
59747.270   -0.390862348626   -0.944002802328    0.3002    1.0226  -0.473   27
59754.268    0.395916809532   -1.196301598583    0.2902    0.3362  -0.196   21
59761.270    0.415274311001   -0.703000799973    0.2470    0.4374   0.195   18
59767.249    0.189076840059    2.869498801772    0.0658    0.4799   0.181    7
59767.271   -0.770458077279   -1.416402003684    0.5009    0.4125   0.264    6
59772.210   -3.087611341279   -8.715700801076    0.3265    0.7180   0.687   26
59774.251    6.864645238518    9.593499601124    1.1118    0.7027   0.488    7
59775.248   -0.139243993679   -1.842202799907    0.0455    0.3328   0.556   15
59775.270   -0.195431075786   -0.548701199676    0.3399    0.3586  -0.274   12
59782.269    0.326150864011   -0.200300403463    0.2265    0.4820   0.078   16
59787.229    0.250318383072   -1.985101203417    0.5325    0.6549   0.055   38
59793.208    0.794870236708   -1.205301599327    0.2441    0.3342   0.108   16
59794.230    0.239485087057    0.741297596107    0.1574    0.6630   0.569   20
59795.250    0.690725680714   11.862097198900    0.0748    0.2838   0.265   27
59803.248    0.217676615423   -4.140201602354    0.2222    0.7887  -0.148   18
59803.270   -0.705171192046   -0.604000798177    0.3047    0.3345   0.311   14
59808.209   -0.943068409864   -0.780400799982    0.4741    0.4089   0.598   25
59821.208    0.043478413599   -0.772502401247    0.1368    0.2075   0.048   63
59824.250   -0.313729895812   -0.525801603857    0.0724    0.2987  -0.433   67
59824.272   -1.881945853859   -0.546901199527    0.3501    0.2501   0.059   21
59828.206   -0.327884159844   -0.513900000954    0.2924    0.2706   0.221   26
59831.249   -0.983801256063    0.637898399702    0.2967    0.5094  -0.550   28
59831.270   -1.496137769084   -0.665801999133    0.4614    0.4122   0.074    9
59842.210   -0.190952212552   -0.240300003895    0.5070    0.4428   0.567    5
59843.229   -0.024266338725   -1.198202401298    0.1862    0.5983   0.004   16
59845.249    0.994055801525   -3.110900401282    0.0588    0.2103   0.151   50
59845.271   -0.709358807980    0.049500000898    0.4180    0.3713   0.037   15
59857.207    0.043766310963   -0.667501203111    0.3159    0.2787   0.088   36
59859.249   -0.195576699435    3.765898799202    0.0507    0.1727  -0.044   55
59859.271    0.431883092189   -0.063302400122    0.5710    0.3437   0.213    5
59863.084   -0.125810753914    0.219797997403    0.1469    0.4493  -0.029   32
59864.209   -0.477382501930   -0.292701600557    0.2762    0.9445   0.318   11
59866.269   -0.222151931666   -1.372600804217    0.3324    2.1662   0.443    7
59873.271   -0.585860100453   -2.332101603031    0.2638    0.7993   0.420    8
59877.208    0.151952662187   -0.995601604359    0.2105    0.4904   0.216   21
59878.227    0.211176558992   -5.077400400921    1.0467    1.6795  -0.264   66
59879.250   -0.472906988632    3.237998400607    0.1139    0.5182  -0.118   17
59887.271    0.202943403783    3.499797597328    0.3163    1.9704   0.578    4
59891.208   -0.765403813428   -2.652699602379    0.3402    1.5598   0.758   19
59899.229   -0.094032284246    0.083498398595    0.1647    0.5815   0.423   31
59901.271   -0.357783710029   -0.368600401401    0.5988    0.3137   0.320   24
59905.208    0.437807550947   -0.348901202329    0.4058    0.2423   0.271   36
59913.207    0.263030401515   -0.502502398092    0.3689    0.5493  -0.185   11
59919.208   -0.498039975274    0.000799200706    0.4089    0.4918   0.591    8
59926.206   -0.279930232947   -0.422902800779    0.2365    0.2603   0.064   32
59948.209   -0.353308393785   -0.256402802989    0.3032    0.5027   0.265   33
59954.206    0.634105274649   -1.455501600844    0.2436    0.3964  -0.212   30
59957.271    0.013287616116   -0.318402002364    0.3768    0.4320   0.024   13
59963.250   -1.723201887942    2.611799998675    0.1506    0.5596   0.322   45
59964.269   -1.335518430674   -0.181702800006    0.5315    0.4101   0.102    7
59968.206   -0.369483653960   -1.235199603400    0.1576    0.2187   0.063   70
59971.271   -0.776236912388   -0.867600001442    0.4406    0.3908   0.360   12
59975.208    0.774212566310   -2.345101201229    0.5057    1.1362  -0.032   36
59977.250   -5.681658220583  -18.008802001646    0.3728    1.3578   0.519   15
59978.269   -4.715914494113    2.076598796918    3.9770    2.8214  -0.056    4
60038.207   -1.249865122342   -1.298800798111    0.9685    0.6172   0.464   43
60040.248    0.014012187373    1.599598795821    0.0317    0.1257  -0.215   37
60048.269   -0.400974423319    0.262699199993    1.2144    0.3348   0.087    4
60055.249   -0.478682473805    2.429899200251    0.0097    0.0349  -0.303   47
60055.271   -0.713258723606   -0.486100804409    0.3171    0.3253  -0.208   14
60059.208   -7.319497850437  -17.899902002227    3.3018    3.6618   0.406    7
60067.207    1.576882634269   -0.463899600334    0.8032    0.2997   0.385   50
60069.271   -0.038853926716   -0.021801600525    1.8084    0.6073   0.424    9
60081.229   -0.024411962375    0.190400399447    0.1268    0.4297   0.348   27
60082.248   -0.146752774686   -0.513100800248    0.2444    0.3974   0.303   66
60102.228   -1.021500834553   -8.034001201906    0.2803    1.8856   0.791   10
60164.207    0.631359707250   -0.178502403259    1.1588    0.3825   0.587   18
60167.249   -5.483627003992   11.894597997752    0.1358    0.3303  -0.939   50
60167.271   -3.877711467455   -0.150800402565    2.1194    0.7597  -0.672    3
60188.269   -1.852333806928   -1.807700402168    0.5485    0.8018   0.551    3
60193.208   -2.223120979754   -1.215900001483    1.4127    0.4680   0.688   30
60195.238    1.143987467569    0.757198796464    0.2984    0.6844   0.289   23
60195.271   -0.328608534047    0.128897999474    0.3508    0.4165   0.055   14
60202.270   -0.699104459573   -3.342999598743    0.4090    0.4724  -0.354   10
60207.230   -0.294808871182   -1.182099602204    0.2044    0.6585   0.290    9
60223.271   -1.279764672526   -0.014500803758    0.4223    0.5029  -0.287    4
60227.209  -97.794018398877   -8.945402402816    9.8746    0.9872   0.628    3
60230.270   -0.412383119951   -0.362700001233    0.3533    0.3383   0.149   12
