%-----------------------------------------------------------------------------
%                R.A. (mas)        Dec. (mas)        Err. (mas)     Corr. Del.
% Uncertainty in R.A. is in R.A. cos(Dec.)!!!!
%-----------------------------------------------------------------------------
56638.251   11.082559237301    7.354198811527    7.1626    8.4333   0.118    3
56875.043    7.277842871301    7.714598419284    3.5693    8.1407  -0.235    4
57770.475    6.949602504299  -13.461602392795   19.1697   32.3133  -0.738    3
58022.797   -4.812688955852   14.965099214237    5.2019    4.3778   0.033    4
58159.408  -34.934648504857  -18.243799200945    6.7995    4.1126  -0.027    3
58481.840    4.207104746196   -0.886399178057    4.4374    8.2429  -0.541    4
58670.101    0.000000000000   20.260000806616    3.6115    6.2461  -0.550    6
58981.988   -5.564447144808    0.000000000000    3.4166    3.9940  -0.142    8
