%-----------------------------------------------------------------------------
%                R.A. (mas)        Dec. (mas)        Err. (mas)     Corr. Del.
% Uncertainty in R.A. is in R.A. cos(Dec.)!!!!
%-----------------------------------------------------------------------------
50084.998    0.113772228359   -0.939398408661    0.3312    0.6613  -0.091   52
50155.831    0.000000000000    0.000000000000    0.5535    0.4573  -0.343  111
52992.267    0.411539643077    0.119901592655    0.2062    0.2350  -0.229   16
52996.205   -0.188971938693    0.112899590476    0.3449    0.2877   0.059    5
53020.267    0.481212289837    0.177501597420    0.4130    0.3886  -0.388    5
57775.461    0.182200545591   -0.664398008610    0.1398    0.2223  -0.117   70
58216.836   -1.337326280702    0.790801190931    0.1265    0.2217  -0.052  134
