%-----------------------------------------------------------------------------
%                R.A. (mas)        Dec. (mas)        Err. (mas)     Corr. Del.
% Uncertainty in R.A. is in R.A. cos(Dec.)!!!!
%-----------------------------------------------------------------------------
50084.998   -0.607941867236   -0.373201194748    0.3195    0.6922  -0.238   43
50155.831   -0.515919362290    0.217299599115    0.4985    0.4439  -0.339  105
51967.168   -0.235991365431   -0.780001202827    0.3009    1.6213  -0.102   19
52754.270    0.063401090788   -0.305802001321    0.1748    0.2429  -0.056   18
52758.204   -0.236420698358   -0.460702797511    0.0907    0.2370   0.092   50
54482.250    0.086585264074    0.456299996188    0.2778    0.7165  -0.380   49
57770.475   -0.307835027579   -0.136299598807    0.1473    0.2500  -0.327  126
58143.856    0.127083913006    0.312498008270    0.1756    0.2390  -0.451  100
59030.208   -0.191625401077   -0.095900401220    0.1498    0.1371   0.083   90
59044.208    0.000000000000   -0.334000795021    0.1022    0.1221   0.103  159
59131.269    0.045509680718    0.216597607050    0.3760    0.2749   0.149   12
59145.269    0.180321781646    0.298799999143    0.3084    0.2443   0.020   29
59152.271   -0.480569389398   -0.013499997920    0.2904    0.3193   0.031   24
59159.269    0.329875484501    0.288997203768    0.3492    0.2747  -0.052   29
59212.208    4.467115583099   19.032897600368    0.4169    2.3868  -0.080    4
59236.271    1.964936733203    0.243597602889    1.7972    0.6605   0.535    3
59262.248    0.149697985270   -0.222699593166    0.0590    0.1234  -0.068   50
59282.208    0.330304817427    0.425098804158    0.3325    0.2444   0.167   24
59285.269    0.222396798950    0.428598008284    0.4347    0.2727   0.086   19
59298.250   -0.892733489624    3.424197603863    0.0659    0.2240  -0.286  269
59354.250    0.224114130658   -0.004701595913    0.0671    0.1631  -0.026  313
59355.269   -0.229122038603    0.535798797330    0.1433    0.1785   0.172   84
59362.271    0.201647855130    0.222598796995    0.2269    0.2259   0.198   47
59369.269   -0.132520958638    0.290199608344    0.3603    0.3650  -0.421   26
59375.270    0.411449521548   -0.093999598505    0.1365    0.1620  -0.005  149
59383.269   -0.114918113400    0.074300399433    0.1854    0.2159   0.082   55
59390.271    0.109051734841   -0.332701200989    0.1599    0.2403  -0.054   61
59397.269   -0.130230011588   -0.305999999739    0.1337    0.1814  -0.035   63
59404.271   -1.013806546415    0.384098397888    0.2677    0.2606  -0.104   73
59411.270   -0.269909057127   -0.074700002983    0.1939    0.2350  -0.168   39
59418.271   -0.013165233554   -0.129999601484    0.2029    0.1808   0.081   81
59425.270   -0.227689757406   -0.537501601627    0.1880    0.1807  -0.030   20
59431.271    0.277925614641    0.521197203796    0.2199    0.3018  -0.163   36
59439.270    0.366369173757    0.146098800258    0.2282    0.3816   0.036   76
59446.271   -0.151697048407   -1.087002002009    0.2916    0.4614  -0.294   36
59453.270    0.458103113871   -0.457300795631    0.6535    0.3786   0.358   25
59460.271   -0.145256859265    0.255898802948    0.1811    0.1975   0.030   41
59467.270    0.111486964307   -0.218800798280    0.2774    0.2771   0.150   37
59474.271    0.231557072829   -0.085701596220    0.2844    0.2597   0.089   29
59478.209    0.105476108092   -0.021099602066    0.1685    0.1637   0.004   91
59488.272    0.001576563612   -0.151599603271    0.1250    0.1976  -0.010   48
59495.270   -0.090875274261    0.010299601172    0.1585    0.4065   0.473   65
59500.208   -0.150268086292   -0.066099599394    0.1828    0.1783  -0.061   30
59502.272   -0.858101414491    0.280598405311    0.2556    0.1844   0.053   39
59516.272    0.711985694132   -0.074102401015    0.2698    0.1964   0.086   43
59537.270   -0.114633062889    0.277099201185    0.1581    0.2122   0.145   39
59544.272    0.727297592320   -0.380199603001    0.8488    0.3652  -0.211   12
59551.270    0.080574603099   -0.098200794696    0.1719    0.1808  -0.041   95
59558.268   -0.102752509034    0.071100002685    0.1861    0.3556  -0.577   83
59565.270    0.598496347607    0.105397201366    0.2647    0.2591  -0.273   46
59571.271    0.659606491345    0.218898000526    0.2699    0.2032  -0.359   83
59583.207    0.909625270506   -0.625899600948    0.2578    0.5146  -0.078   10
59586.272   -0.410302290863   -0.304700392917    0.1672    0.2241   0.017   33
59593.270    0.380537160340    0.020397597211    0.1032    0.3994   0.417   84
59599.249   -0.032914743426    0.616399206876    0.0785    0.2557   0.532  274
59600.250   -0.008871904286   -0.127101593250    0.0398    0.0936  -0.596  156
59600.272    0.488730229328   -0.079300802724    0.1026    0.1504   0.077   81
59607.270    0.300536172584   -0.442400394718    0.6833    0.5484  -0.094    6
59614.272   -0.486009949351    0.018597603457    0.1871    0.3703  -0.318   42
59621.270   -0.407726293302   -0.641199592621    0.1283    0.1730  -0.008  105
59627.249   -0.458103113871    0.142797607339    0.0704    0.1479   0.195  310
59628.272    0.220394416733   -0.142700392303    0.2103    0.2777   0.077   37
59656.250   -0.293093230413    0.335797207640    0.0527    0.1296  -0.354   89
59663.270   -0.031197411719    0.200599204447    0.2442    0.2780  -0.254   71
59681.208    0.203794519764   -0.084801592948    0.1493    0.1719   0.038   46
59683.249   -0.010304185483    0.315198005296    0.2405    0.8217   0.062   18
59683.271    0.151844649904   -0.328802393312    0.1641    0.2194  -0.195   43
59691.270    0.193346051866    0.578397605011    0.3170    0.4495  -0.203    5
59705.270    0.186476725037   -0.778899594422    0.2840    0.3509   0.500   35
59754.268    0.180321781646   -0.058899598798    0.1522    0.1952   0.024   56
59758.210   -0.149409420438   -0.204800400638    0.1755    0.1914   0.043   77
59761.270    0.374241448855   -0.389199597350    0.2517    0.3042   0.250   20
59765.208   -0.114488780473   -0.036601198872    0.1552    0.2090   0.070   40
59767.271   -0.123219916665   -0.443300397990    0.2899    0.2370   0.218   47
59775.270   -0.228407459925    0.155599207119    0.1669    0.2406  -0.348   73
59782.269    0.285797889739    0.000000000000    0.1978    0.2318   0.089   51
59789.270    0.901752995408    0.237200403319    0.5469    0.3302  -0.001   34
59795.271    0.152414750926    0.167900407178    0.2989    0.2470   0.440  166
59803.270   -0.704972084888    0.037598404390    0.2575    0.2999   0.086   96
59810.272   -0.034917125644   -0.260200795310    0.3884    0.5561   0.289   13
59817.270    0.421324374104    0.253497600511    0.3859    0.3551  -0.132   35
59824.272    0.172452825630    0.225900002704    0.1430    0.1917   0.279   58
59831.270   -1.143325688887    0.379098007386    0.5692    1.0788  -0.498    5
59838.269    0.161145691877   -0.194900403017    0.2010    0.2117   0.234   71
59845.271   -0.740318543458    0.768499197079    0.3307    0.3606  -0.203   18
59852.269    0.215386508787    0.226299606254    0.1729    0.1831  -0.074   90
59870.210    0.250447916847    0.277398008564    0.0989    0.1433  -0.065  100
59873.271   -0.653451743194   -0.198802791829    0.2696    0.2413   0.437   24
59879.272   -0.319282929426   -0.004802392084    0.1853    0.2580   0.019   22
59887.271   -0.431195712339   -0.076301998320    0.1544    0.1959   0.211   47
59893.268    0.518639642266   -0.016700394667    0.3002    0.3007  -0.131   17
59901.271    0.211522512446    0.049899604448    0.1739    0.1963   0.005   66
59908.269    0.232560021098    0.282898798787    0.1394    0.1815   0.178   53
59915.271   -0.107190120718    0.096300004770    0.1514    0.1547   0.056   50
59922.269    0.101323546919    0.029898004072    0.2156    0.3120   0.515   32
59928.270   -0.076707092437    0.174499199090    0.2517    0.1680   0.066   30
59935.272   -0.139246198290   -0.209300391418    0.2069    0.1796  -0.107   77
59949.268    0.247013253433   -0.732200399511    0.3812    0.3313  -0.045   48
59962.227   -0.329731202085   -0.003600000298    0.6202    0.2878   0.179    6
59964.269    0.331019200865    0.158400000316    0.1662    0.2589   0.161   29
59971.271    0.074419659708   -0.180302403407    0.4457    0.2171   0.074   15
59975.208   -0.793700694514   -0.138999595833    0.7288    0.4984   0.100    4
59978.269    1.275705879430    0.466999200910    1.1334    0.4697   0.515   15
59985.271    0.265904097451   -0.468100796525    0.3936    0.3029   0.013   15
59990.227    0.229695458706   -0.385901998357    0.3063    0.6493  -0.177   33
60038.207   -0.786546317175   -0.444902393326    0.3639    0.5920   0.200   56
60048.269    0.166871497582    0.089100004175    0.1439    0.1810  -0.038   50
60055.271   -0.209516615907    0.239997602591    0.2396    0.2104  -0.371   63
60061.250    0.340753090086    0.051699598203    0.3917    0.4084   0.442   26
60062.269    0.029339116677    0.620798401485    0.2361    0.4888  -0.018   15
60160.269   -0.353056338705   -0.334602003704    0.2932    0.2848   0.093   13
60167.249   -0.170302646674   -0.735800399809    0.0610    0.0786  -0.434   37
60167.271    1.397781884491   -0.500500799205    0.3688    0.3551   0.135    8
60181.271   -1.387474379927    0.742697999101    0.4023    0.3615  -0.084   10
60188.269   -0.305114747602   -0.098200794696    0.6112    0.2760   0.069   10
60195.238    0.184330060403    0.066999602666    0.2940    0.5152  -0.079   16
60195.271   -0.109051734841    0.133898396371    0.2015    0.2534  -0.064   30
60202.270   -3.819815464214   -1.927400396085    0.1893    0.2853   0.047   25
60208.249    1.564935113502    1.795698003093    0.0621    0.1472  -0.425   54
60208.271   -0.404435912304   -1.860602398551    0.3766    0.8237   0.363    6
60223.249    0.995633600156   -0.636501603424    0.1125    0.1560  -0.023   54
60223.271   -0.091160324771    0.241999201478    0.1964    0.2392  -0.049   23
60230.251   -1.021534734337    0.233798401439    0.0760    0.1296  -0.346   87
60230.270   -0.015741231115    0.331700401546    0.1963    0.2067   0.163   31
60235.211   -0.782538038418    0.367099208631    0.2725    0.3155   0.007   19
60237.271   -0.215238907290    0.588398398804    0.3288    0.2845  -0.025   31
