%-----------------------------------------------------------------------------
%                R.A. (mas)        Dec. (mas)        Err. (mas)     Corr. Del.
% Uncertainty in R.A. is in R.A. cos(Dec.)!!!!
%-----------------------------------------------------------------------------
50242.333    1.955888734164    0.000000000000    0.5853    0.9434   0.154   23
54664.250    2.255899300458    1.956200398467    1.0161    1.1016   0.190   11
57970.691    3.214797758604    1.514901586575    0.1520    0.1879   0.079  125
57987.207    0.000000000000   -6.383296809531    0.2569    0.6068  -0.050   11
58137.058   -7.264479630472  -16.569698394164    0.2038    0.2384  -0.059   98
58557.436   -0.374539563554    0.859003185383    0.2700    0.5963   0.409   88
58617.209    2.093670901690    0.395701187017    0.1584    0.1969   0.086  268
