%-----------------------------------------------------------------------------
%                R.A. (mas)        Dec. (mas)        Err. (mas)     Corr. Del.
% Uncertainty in R.A. is in R.A. cos(Dec.)!!!!
%-----------------------------------------------------------------------------
53222.919   -0.684373496715    0.098801990589    0.8045    3.0270   0.671    3
53446.251    0.161224354518   -2.302397990661    0.6304    3.6424   0.026    3
53523.418   -5.716147293848   15.750298805983    0.3211    0.6567   0.087   62
53555.874    0.213368057420    2.994501593889    1.7547   32.3651  -0.807    6
53568.621    0.194307481403   12.839000390841    0.4319    5.2522  -0.102    9
53605.000    1.338125417212   -0.421801192374    0.6138    1.7211   0.369    5
53850.956   20.007318569106   -4.935099599379    1.9612    1.3441  -0.737    3
54118.253   -5.527621906379   -1.665100799642    4.9967    5.9885   0.232    3
54564.004    1.387810589342    1.133398808406    1.5388    1.6522   0.323    5
54621.228    0.291458202208    1.907701209802    1.5729    1.2357  -0.465    4
54741.249    1.667952906230   -1.007600403113    1.4984    1.5738   0.099   10
55174.227    1.268889774848    0.835801188259    0.8291    1.1018   0.056   12
55439.209    2.085096825197   -9.125701205903    2.0002    4.8786  -0.555    3
55614.207   -1.111106759430   -0.436899591705    1.8754    0.5063   0.460    4
55882.250    2.132320446660    4.601199600529    1.5276    5.2521   0.072    5
55966.250   -0.413327609463   -0.160999201171    0.2248    0.7631  -0.170   23
56029.230   -0.504578460396   -4.018201195777    1.1398    3.3418   0.772    4
56058.033   -0.349012048538    7.747401593861    0.6597   14.9193  -0.051    6
56189.228   -0.731597118177    1.807498790640    1.7335    6.1270   0.548    3
56260.258   -2.160849402820  -20.867299210181    1.9201   10.5167   0.598    3
56376.831    0.375454256661   11.190801603789    1.3112   17.2574  -0.018   12
56377.207    1.045929353782    2.182798812100    0.7679    2.6214   0.887    3
56504.230   -0.329210591404    6.629500788335    0.3918    5.9737  -0.258   10
56624.291    0.130971708911   -0.663998392270    0.4927    6.7155  -0.589   14
56630.230    0.761111902563   -3.749500805839    1.3352    1.6198   0.150    6
56754.795    0.337206101229   -3.759400803460    0.6037    5.5026  -0.129    8
56890.792   -1.083929542210   64.285498805816    0.1868    3.2365  -0.044   26
57001.208   -0.506178166340   33.205701612360    0.2231    4.3507  -0.290   30
57037.250   -0.818172834780   -1.794099588892    0.6389    1.1666   0.215    5
57046.458    0.250630552399   -0.655397988680    0.2653    0.5802  -0.240   40
57113.230    0.000000000000   -8.187598797349    0.2930    5.0191  -0.388   41
57163.251   -0.083748087449    3.414600007545    1.4921    2.5553  -0.487    3
57247.229   -0.473832900677   58.721399992123    0.3467    4.0674   0.054   12
57307.795   -0.661130700480   -3.744399606376    0.2788    1.5333   0.204    7
57401.233    0.524748848141   17.822800796807    0.4030    0.3472  -0.108   12
57415.229    1.852913138868    8.873099989160    0.2278    2.6175  -0.182   21
57520.253   15.324432837009  -25.881098403602    1.4487    1.3952   0.300    6
57525.082    1.993108113043   -7.011100794330    0.2867    2.2886   0.051   14
57658.208    0.166758481448    0.582598801202    1.0267    0.8299   0.345    9
57659.231   -1.684554951476   -8.425400409351    0.2260    1.6756   0.208   24
57772.228    9.159047177660    2.944000806337    0.6974    0.9036   0.197   11
57775.461    0.596322057670    0.000000000000    0.2159    0.5584  -0.033   30
57804.381   -6.641804094195   -8.634600004598    4.4855    6.9602   0.956    3
57809.367   -0.511588141996   -0.457801195353    0.2088    0.4994   0.009   41
57836.293    0.457602805938    0.611499612546    0.2382    0.5460  -0.269   70
57848.230   -0.056692001606   -8.050600800402    0.1926    3.5100   0.040   28
57849.249    1.119716314747   -5.983898407180    1.5462    2.5746   0.525    3
57872.197   -0.963533005274    3.128399990260    0.2364    0.6397  -0.308   56
57901.417   -0.190739138904    2.552500802722    0.2185    0.5678  -0.090   62
57904.690   -0.103422708956    0.714898808951    0.2239    0.6321  -0.116   70
57914.628    0.368565538668   -1.360997995903    0.1709    0.4478  -0.163   95
57920.301    0.287647932497   -0.463798804162    0.2055    0.4813   0.077   87
57943.713   -0.297975137468    0.004798798159    0.1704    0.4792   0.065   86
57950.916   -0.461905989762   -1.482497989969    0.2591    0.6160  -0.010   71
57961.249    0.192214861346  -37.598598001409    0.2983    5.3687  -0.119   20
57970.691    0.965749608833   -0.610599596484    0.4007    1.2690   0.713   28
57978.131   -1.091922199911   -1.910897987045    0.4171    1.0283   0.551   39
58015.324   -1.153534282957    2.929600805146    0.6639    4.0037  -0.054   19
58022.797   -0.221112748117  -11.840101200278    0.9691    2.8043  -0.614   46
58024.251   -0.801325842426   -8.589599994480    0.1891    1.5800   0.109   23
58036.001    1.896078355843   -2.234300399095    0.5659    1.3157  -0.652   62
58048.076   -2.022375098196    1.103500804334    0.5175    1.1256  -0.731   49
58128.230   -0.419723581116   -1.876697990610    0.6062    0.7351   0.009   16
58143.856    3.600431912329  -10.289800806618    0.3597    0.7807  -0.574   49
58159.408    0.413823543472    2.748402005182    0.4453    1.0356  -0.790   43
58199.246    1.698329535339   24.739401592910    0.9432    9.3416   0.769   13
58245.742    0.958615775959    6.266401209132    0.1884    0.4765   0.044   62
58258.146    1.152675458129    3.570901193939    0.3284    0.5661  -0.041   49
58272.782   -1.190796610163    4.743601198243    0.2473    0.6152   0.139   28
58279.305    1.052449141165    4.572900010658    0.2065    0.5179   0.027   72
58296.227    2.487111569236   -0.361900794132    0.8595    1.1637   0.389    6
58301.297   -0.964146882993    0.132800394681    0.2053    0.5500  -0.069   83
58305.026   -0.693717893356    2.174601593197    0.2273    0.5784  -0.064   49
58326.959    0.008609387544   -0.251100004789    0.2416    0.5256  -0.058   63
58330.955   -0.155935342469    1.044601205535    0.2971    0.8651  -0.154   23
58340.948    0.727417917855   -0.681901204302    0.3153    0.5561   0.121   71
58363.696    0.931807489349   -0.302799602991    0.2613    0.6578   0.255   41
58382.002    1.069051186411    1.338901188319    1.0811    1.8938   0.924   10
58386.484    0.273997332136    1.046401212079    0.2518    0.6305   0.221   52
58388.226   -3.908613291162  -13.618400410564    0.8860    5.5129   0.495   10
58425.726   -1.028589447316    1.203901209124    0.5223    1.3207   0.023   28
58481.840   -5.404766670899   -3.078601207562    0.4615    1.2083   0.382   64
58622.004   -0.725939175517    2.131902002134    0.4957    1.1154  -0.577   53
58631.757   -2.327852831376    0.072000005957    0.9728    1.3343  -0.234   84
58677.683    0.111173271673    0.980701190656    0.5332    1.1589  -0.689   49
58747.059   -1.071261917950   -0.401597986865    0.3492    0.8549  -0.063   21
58795.122   -2.351219611113    0.728701195385    0.3205    0.7935  -0.390   35
58829.901    0.009840162878   -0.786499211358    0.2449    0.6226  -0.333   36
58899.905   -0.941520816600   -0.868899601869    0.2643    0.6684  -0.227   26
58942.891   -0.903889558783    1.057701612694    0.2967    0.7088   0.005   28
59170.208    5.877495631868    3.796700400471    5.3964    2.8594   0.969    3
59501.227   -1.064865946297   -1.464199206680    0.5987    3.8376   0.373    7
