%-----------------------------------------------------------------------------
%                R.A. (mas)        Dec. (mas)        Err. (mas)     Corr. Del.
% Uncertainty in R.A. is in R.A. cos(Dec.)!!!!
%-----------------------------------------------------------------------------
47459.252    0.292942743718   -2.741302813547    2.2723    3.7204  -0.413    4
47463.179   -3.018104244107   -1.833001181240    2.3644    4.1852  -0.438    4
47562.238    2.411424205298    1.341298809621    3.7901    1.3706  -0.348    3
47649.252    0.963200914302   29.599599571384    0.9226    1.2907   0.169    8
47924.263   -0.343659441364   -1.245999578714    0.8752    1.0150  -0.029    7
47931.082   -0.574581104875   -0.321101992995    0.9833    1.0827   0.378   10
47934.253   -0.443848058505   -0.672602402574    1.0548    1.0516   0.055   11
48593.423    1.593216776207    1.926298813260    1.5065    1.3705   0.093    6
48853.258    1.410366966286   -1.502499628714    1.4148    1.0636  -0.021   14
49253.335   -0.950236120078    0.831797990486    0.6131    0.6612  -0.212   11
49576.417    0.724708424475    0.768099619108    0.8574    0.8589   0.080    6
49826.960   -0.578418162707    0.927298788156    1.0525    0.9969   0.648   28
50458.831   -0.519715075980   -0.626900413181    0.2398    0.2492  -0.114   90
50849.335   -1.381535088618   -0.617302816863    0.5520    0.7389   0.159   16
51687.087   -0.635979902126   -1.252400397789    0.1534    0.1674   0.279   77
51967.168   -0.844861387158   -0.137901594144    0.2928    0.2652   0.064   19
52543.244   -1.022266150467   -1.041299987037    0.3080    0.3383  -0.123   51
53241.225   -0.344748436537   -0.190101604858    0.2376    0.2338   0.115   23
53248.205    1.266878180506    0.848498410733    0.3214    0.3453  -0.089   34
53577.204   -0.207896981893    0.144000011915    0.1355    0.1645   0.174   31
53607.250   -0.667664405233    0.779497196390    0.0913    0.0997   0.143  165
53913.205   -0.132806544683    0.190897179664    0.2398    0.2255  -0.232   51
53976.207   -0.681148193063    0.162900016676    0.2507    0.2203   0.081   18
53978.249   -0.418334174316   -0.292802428703    0.1486    0.2227   0.792  199
54312.208   -0.257369042880   -0.128800803623    0.2002    0.1915   0.004   19
54468.206   -0.213445317855    0.260697601107    0.1355    0.1695   0.070   30
54566.250   -0.610985082290    0.466898404738    0.3670    0.1724  -0.166   28
54657.249   -0.315034071648    0.084499191644    0.1649    0.1702   0.240  147
54754.208   -0.012237948488   -0.156902382287    0.1715    0.2395  -0.129   15
54760.209   -0.217542509206    0.331199976245    0.1221    0.3085  -0.149  330
54767.207   -0.093032292399    0.312897611821    0.3164    0.3193  -0.147    7
54781.207   -0.063265716866    0.270698382110    0.1876    0.2269   0.415   11
54788.209    0.030336577100    0.079498801142    0.4808    0.2579  -0.223   20
54810.208   -0.174085496398    0.065199583332    0.1078    0.0762   0.212  233
54818.251    0.462775548772   -0.769499996522    0.1948    0.3287  -0.722  205
54823.207   -0.651589469659   -0.230601585827    0.2338    0.1793  -0.151  357
54830.205   -0.179427253662    0.104097620124    0.4579    0.2728  -0.837  243
54837.207   -0.347651999189   -0.018399617829    0.1190    0.1358   0.354  174
54853.249   -0.176730269708   -0.008802021512    0.1699    0.1796   0.202  423
54887.206    0.520337358936   -0.333802796604    0.2637    0.2005   0.149  451
54893.207   -0.340340103708    0.423198014232    0.1700    0.1532   0.171  333
54907.207   -0.078667361524    0.002599188065    0.0631    0.0615  -0.130  345
54914.209   -0.205666710156    0.409100414345    0.1739    0.2606   0.183  157
54936.208   -0.472006645258    0.119098791629    0.1298    0.1245   0.001  256
54949.207   -0.185701161930   -0.096800391702    0.1257    0.2034   0.092   38
54965.249   -1.931690031047    0.587199588153    0.4478    0.1565   0.182  488
54985.207   -1.168607490939   -0.467402423965    0.1508    0.1221  -0.187   35
55012.206   -0.177144700536    0.015598811842    0.1970    0.2215   0.059   33
55026.206   -0.897911575144   -0.062002806089    0.4365    0.2356   0.525   12
55047.208    0.476414907341    0.156398414219    0.2610    0.2381   0.075   94
55068.210   -0.018927561013    0.589798776218    0.5136    0.3018  -0.208  128
55077.250    0.066170482202    0.346899571468    0.2264    0.2376  -0.114   41
55083.207    0.056317173506   -0.106401620315    0.1946    0.2615  -0.110   21
55089.208    0.225268764769    0.159998376148    0.1421    0.1068   0.045  151
55098.248    0.072133319738   -0.010400384554    0.2221    0.2397  -0.014   38
55110.206   -0.309174594207   -0.159501621511    0.3670    0.2430   0.512  229
55111.229    0.167862596090    0.599698773840    0.4727    0.3443   0.199   46
55118.209   -0.265406510667   -0.059799589280    0.0891    0.0847   0.193  126
55119.250   -0.118546176588    0.362498383311    0.5380    0.3706   0.160   14
55138.206    0.100966470836    0.442897174935    0.2691    0.2644   0.087   18
55145.208   -0.131561978771    0.447598796427    0.1825    0.5555   0.035   38
55152.206    0.074830303691   -0.033602407257    0.0820    0.0834   0.000  258
55154.248   -0.187101298581    0.112499986926    0.0988    0.1230  -0.077   69
55159.208    0.083334483695    0.073897189168    0.1975    0.2004   0.326  361
55182.248   -0.259805893315   -0.224200817911    0.1215    0.1558   0.139  112
55194.206   -0.176677988318    0.460997972596    0.0974    0.1614   0.014  376
55208.206    0.175277780921    0.126500384567    0.4704    0.2390   0.105   92
55222.206   -0.411436709662   -0.393901206053    0.2800    0.2829   0.181  523
55236.206    0.113775694321    1.121198391729    0.7900    0.9279   0.276  554
55244.209   -0.373062594029    0.017600410729    0.1404    0.1392  -0.136  606
55274.269   -0.130784125075   -0.370202428712    0.2530    0.2914  -0.168  112
55294.230   -0.038840827850    0.192398391619    0.1017    0.1388  -0.081   89
55313.208   -0.200429515672   -0.104201984641    0.1360    0.1506  -0.039   99
55320.207   -0.132339832466   -0.043401621497    0.1526    0.1146  -0.389  225
55327.208   -0.343192729147    0.170697580870    0.2332    0.2418  -0.070  185
55349.207   -0.049419779598   -0.020901603648    0.0933    0.1151  -0.081  142
55371.250   -1.174052537552   -0.298900795315    0.3397    0.2566   0.088  419
55377.229   -0.495550320483   -0.085100413116    0.2945    0.3245   0.039   49
55379.271   -0.135036816419    0.004500003570    0.2755    0.2472  -0.274   56
55384.209   -0.083956837398    0.167698789255    0.1800    0.3394  -0.026  247
55386.269    0.097284983743   -0.076100405977    0.1486    0.1755   0.014  193
55390.207   -0.089090742533    0.248299198802    0.0863    0.0946  -0.045  380
55393.271    0.254308565313    0.785098808365    0.2423    0.3190  -0.354  225
55400.269   -0.275882102320    0.146699983361    0.2590    0.3109  -0.325  187
55411.209   -0.068866334218   -0.435801615595    0.2169    0.2401   0.455   88
55413.250    0.106100375971    0.105598780920    0.2073    0.1755   0.564  350
55418.207   -0.344645147188    0.315197979717    0.1988    0.3203  -0.144   77
55432.207    0.110145215187    0.052099176173    0.2195    0.3515   0.286  125
55435.271   -0.062592425950    0.108500421447    0.2512    0.4225  -0.199  132
55447.208   -0.586560193274   -0.593802025151    0.1464    0.1665   0.027  105
55453.209   -0.079600785958   -0.854701193020    0.1945    0.2300  -0.022   43
55454.228   -0.235795505873   -0.002602820359    0.1023    0.1040   0.313  331
55460.207   -0.045168290938    0.098798409454    0.1683    0.1496   0.154   40
55463.271   -0.284749775938    0.111697198690    0.2466    0.1377   0.058  279
55467.209   -0.382241338379    0.156398414219    0.1735    0.1408  -0.388  195
55470.269   -2.642033524646   -0.877802381183    2.5712    1.8938   0.019  172
55474.207   -0.141623139596   -0.227102407280    0.2561    0.2031  -0.437  153
55482.206    0.245596533180    0.164599214258    0.1110    0.1278   0.109  216
55484.270   -0.291075965595   -0.071002813229    0.1471    0.2093   0.110  211
55488.207    0.035781623713   -0.031802426292    0.0868    0.1140   0.039  200
55491.293    0.012342440521    0.083199597611    0.2668    0.2861   0.144   35
55495.209   -0.410036573011   -0.246801619141    0.3193    0.2667   0.246  292
55498.273   -0.661597075664    0.062398777345    0.3139    0.2744   0.095   39
55503.208    0.165684534997    0.065797172510    0.1640    0.1247  -0.082   82
55509.209   -0.104389097842   -0.245502025109    0.1833    0.1498  -0.228   70
55512.270   -0.336088615048    0.567698413079    0.4483    0.3343  -0.193   52
55518.249   -0.092513298792    0.107600379806    0.1284    0.2519   0.236  348
55519.271   -0.351749190541    0.133898396371    0.1874    0.2158  -0.110   31
55523.209    0.416414973312    0.614397595200    0.4939    0.5059   0.157  139
55524.268    0.189123718189   -2.364800400301    0.1874    0.2844   0.334  139
55530.207    0.119842953144   -0.084999578576    0.1532    0.2177   0.312  171
55537.209   -0.039723244325    0.072399609508    0.0956    0.1042  -0.383  171
55538.228    0.088676240959   -0.479102402551    0.1208    0.1480  -0.082  335
55540.270   -0.103974667014    0.002599188065    0.1790    0.1892  -0.138  119
55546.249   -0.001244565912   -0.972201621607    0.5532    0.6068  -0.375   60
55551.209   -0.024943882623    0.269100019068    0.1163    0.1162  -0.090   78
55558.207   -0.162158689389   -0.148201195316    0.2077    0.2666   0.091  310
55565.209    0.077008294038    0.202100403612    0.1848    0.0803   0.056  208
55572.207   -0.187412440059    0.375498007088    0.1190    0.1559   0.098   45
55580.206    0.126791496504    0.088498808282    0.1346    0.1511   0.034  265
55582.270   -0.264576375582   -0.140101178658    0.3492    0.2763  -0.170  239
55593.209   -0.213704177943   -0.123699578580    0.1977    0.1007   0.432  217
55600.207    0.205718920800   -0.052102808468    0.1566    0.1169  -0.101   99
55603.268    0.008919884262    0.373798809505    0.4428    0.6344   0.240   31
55607.209    0.221276206944   -0.030801601270    0.1772    0.1986  -0.439  163
55610.270    0.089142953176    0.066297610601    0.6852    0.7916   0.894  467
55614.207   -0.033759204105   -0.088502389417    0.1123    0.1112  -0.228  160
55615.230   -0.255968835483    0.071798388035    0.0942    0.1007  -0.383   50
55616.249   -0.191924062238    5.021999993460    0.0899    0.1590  -0.004  508
55617.272   -0.072341171866    0.121197592762    0.5625    0.4603  -0.129   11
55628.207   -0.056213954903    0.236998772607    0.1411    0.1290  -0.193   46
55636.210    0.033603633366    0.516898779779    0.3608    0.3539  -0.196   39
55638.270   -0.769980004762    2.026598383509    0.9048    2.4128  -0.781    6
55642.207    0.782943525555    0.525200414359    0.4407    0.8907   0.244   78
55643.226    0.430779904186    2.182798812100    2.0637    3.7304   0.885    3
55645.272    0.016490639832    0.157197621320    0.1459    0.2140  -0.315  134
55649.205   -0.214326460900    0.012999572618    0.1331    0.1454  -0.054  144
55650.228    0.142556564030    0.173397603476    0.0832    0.0954  -0.183  120
55656.207   -0.256383337056   -0.041000419060    0.1834    0.1637  -0.056  477
55657.230    0.075193726559    0.054698415397    0.0642    0.0802  -0.347  391
55665.247   -0.195865682850    0.263898010644    0.2093    0.1687  -0.151  107
55666.270    0.535116720638    0.099500414308    0.8268    1.0072  -0.218  103
55670.207   -0.111389851845   -0.088199988113    0.1014    0.1089  -0.080  331
55671.270   -0.518159368590   -0.271501221505    0.4513    0.2157  -0.465  141
55678.210   -0.295846447862   -0.389700022652    0.2575    0.3046  -0.117  222
55680.270   -0.258509046013    0.051098402309    0.2483    0.3713  -0.058   56
55687.272   -0.428965336708   -0.398602827545    0.5524    0.4272  -0.345    7
55701.272   -0.133481109029   -0.062600395268    0.1658    0.3667  -0.344  105
55713.208    0.190834996318    0.188398774981    0.2019    0.2140  -0.152   23
55715.272    0.274221832150   -0.247201222692    0.2485    0.3515   0.241   13
55719.206    0.012342440521   -0.070901978688    0.3277    0.4706   0.418   28
55734.228   -0.014623790963   -0.113201991780    0.1888    0.1816   0.777  140
55736.270    0.154535652429    0.165898808291    0.3465    0.4035  -0.130  119
55741.230    0.086342679873    0.060897616549    0.0904    0.3928  -0.209  466
55743.268   -0.738191009621    2.036098777580    0.5577    0.8747  -0.475  192
55748.206    3.788601969046    3.505197616960    0.2663    0.2464   0.008   15
55750.270    0.331057999262   -0.126601219108    0.3018    0.3801  -0.024   85
55755.230    0.225372124865   -0.068399992870    0.1560    0.1700  -0.068   89
55757.268    0.002125708957    0.212497207031    0.2768    0.3006  -0.194  115
55764.270    0.254775277530   -0.559202425165    0.3843    0.3927   0.059  219
55768.208   -0.011823517660   -0.261601223883    0.5560    0.4698  -0.543  227
55776.228   -0.247774523526    0.120200400033    0.1538    0.1494  -0.038  188
55778.270   -0.204888856461    0.359999978627    0.2901    0.2320  -0.020  102
55782.208    0.395412711301    0.170398811861    0.2144    0.2327  -0.085   78
55790.207    0.184612096010    0.166100375054    0.2932    0.3201   0.143   77
55796.208    0.292372742152    0.299599219034    0.2603    0.1925  -0.313  145
55799.268    0.310625738818    0.347497211806    0.3514    0.3456  -0.337   89
55803.206   -0.006586323176   -0.222602403710    0.1157    0.1433   0.083   87
55806.270    0.098373978916    0.526100404841    0.1874    0.3039  -0.191  147
55841.272    0.161536406433   -0.540900009582    0.1731    0.3356  -0.424   90
55853.271   -0.610518299326   -0.540500406032    0.3047    0.4785   0.079  203
55862.270    0.461168762676   -0.131900378619    0.4755    0.5725  -0.371    7
55868.209   -0.208725914294   -0.016502383460    0.1422    0.1134  -0.104  197
55876.270    0.195657759975   -0.083300380993    0.3302    0.5177   0.070   67
55888.269    0.629964853946    0.208400388146    0.3219    0.3635   0.260   94
55895.231    0.131769760153    0.250297216553    0.2655    0.1470  -0.468   80
55897.269   -0.016593999927   -0.037602023895    0.2293    0.1758  -0.179  129
55902.229    0.390642229034    0.171997174903    0.1429    0.1580  -0.044   99
55904.270    0.202658513978    0.116999990496    0.3146    0.2189   0.165  110
55911.269    0.171232870959   -0.167101200077    0.3023    0.2220  -0.178  143
55923.209   -0.111026428977   -0.596401213215    0.2702    0.3252   0.050  138
55925.269   -0.135503599383   -0.023601626253    0.2467    0.2290   0.138   34
55932.271   -0.007934178438    0.031100421438    0.4169    0.5115   0.302   33
55950.208    0.277696669799    0.133199972652    0.1282    0.1470   0.710  185
55951.227    0.121916451457    0.099597616554    0.1467    0.0941   0.255   57
55953.269   -0.107033800406    0.523198815472    0.3296    0.2820  -0.585  142
55957.210    0.175382343700    0.116600386946    0.1180    0.1504   0.119  100
55966.250    0.208674835588    0.217897201082    0.0867    0.0816  -0.161  381
55974.271   -0.317004280612   -0.088599591663    0.1739    0.1533  -0.172  207
55979.209   -0.244196396528   -0.214901990603    0.1795    0.3647   0.051    9
55985.206    0.094017998223   -0.070700411925    0.2025    0.2269   0.310  127
55992.208    0.247463382048   -0.139201188176    0.2457    0.1641   0.427  241
55995.273    0.646195360259   -0.075600019045    0.2203    0.3127  -0.105   48
56000.207    0.222157349988   -0.473601625117    0.2253    0.2113  -0.185   78
56002.271    0.098425057622    0.441399595275    0.5156    0.4592   0.005   26
56006.208   -0.050457766812    0.144900002397    0.1742    0.1468  -0.021   26
56013.206   -0.349571200194   -0.040201211959    0.1674    0.1473  -0.086   21
56020.208    0.121709872759   -0.188200789353    0.0957    0.1110  -0.111  144
56021.249    0.259286899708   -0.104302819182    0.2189    0.1151  -0.131   52
56030.271   -0.113826702280    0.567399592910    0.3194    0.2763  -0.083  299
56036.250   -0.501254227184    0.085698002295    0.2427    0.2091  -0.272  304
56037.269    0.066740554514   -0.137700027381    0.1555    0.1412   0.070  113
56051.269    1.394603101444   -0.117201608418    0.5162    0.3624  -0.243  175
56058.267    0.147846039904    0.228599986940    0.1222    0.1452  -0.147  313
56062.208    0.056420462855    0.086198389226    0.1526    0.2357  -0.359  107
56065.269    0.240048197217   -0.280299610722    0.1967    0.2523   0.439   81
56072.271    0.120983027023   -0.172101590579    0.2918    0.2110  -0.175  105
56077.209   -0.399302050524    0.179499602382    0.2524    0.1302   0.262   99
56078.250    0.146704763341    0.105598780920    0.2109    0.2162  -0.108   50
56086.271    0.057872880896   -0.064799979782    0.2410    0.2048  -0.048   45
56097.206    0.158528210255   -0.094301987019    0.2565    0.1911  -0.018   25
56098.251    0.132288753760   -0.111502794198    0.2482    0.3102  -0.003   49
56104.208    0.500579662838   -0.259300804828    0.2420    0.1749  -0.737   88
56111.207   -0.159358416086    0.380098794039    0.1372    0.1905  -0.529  192
56119.231    0.227913538079    0.157499971465    0.1254    0.0929  -0.044  236
56132.208   -0.114242406538   -0.015202789427    0.1415    0.1189  -0.351  121
56135.273   -0.159513986825   -0.030401997719    0.1469    0.1705   0.124  225
56139.207    0.574632112834    1.141797594073    0.1037    0.2006   0.503  286
56146.208   -0.330799209920    0.103597182033    0.2352    0.3085   0.641  138
56148.247   -0.710757995173    0.130597203452    0.8872    0.6872   0.307   43
56153.207    0.169366022091    0.084697177272    0.1162    0.1293   0.199  346
56160.208    0.130214052763   -0.049499988108    0.2071    0.2590   0.476  137
56162.250    0.761474551327    0.522799211922    0.2054    0.2544   0.220  355
56163.269   -0.218890364468   -0.118702820373    0.1330    0.1820   0.327  359
56167.207    1.414878517719   -0.242099997649    0.3849    0.2394  -0.277  336
56168.229    0.254257557353    0.175197584440    0.1744    0.1646   0.029   47
56170.271   -0.063421287605    0.038199613073    0.1800    0.1465   0.054  188
56177.273    0.101122041576    0.376397997570    0.3667    0.3029   0.195   47
56181.207   -0.462775619518   -0.042202810846    0.3004    0.2359   0.009  581
56184.271    0.361342365718    0.272998801165    0.2387    0.2355  -0.033   68
56188.209   -0.330539076402    0.163800007158    0.1875    0.0998   0.000  236
56191.269    0.431765610011    0.378197978534    0.1550    0.1723   0.029  104
56196.229    0.086342679873    0.201798002308    0.1422    0.1270   0.222  103
56198.271   -0.345940721060   -0.426700825074    0.1449    0.1963   0.013  161
56202.209   -0.084890261832    0.200998795208    0.0837    0.0919  -0.087  379
56203.224    0.086550461256    0.135899995257    0.1904    0.1916   0.130   92
56205.269   -0.202814155464   -0.039200386936    0.2176    0.1456   0.303  158
56210.186   -0.067932909783   -0.218001616759    0.2997    0.2672   0.002   64
56211.208    0.067466126820    0.183499219020    0.1455    0.1227   0.256  240
56212.271   -0.055175967689    0.161697573731    0.1453    0.1465  -0.260  258
56216.209    0.390589947645   -0.130100397655    0.2127    0.2062   0.414  268
56226.271   -0.315189642387    0.233600377442    0.4533    0.4565   0.001   20
56230.209    0.187828144317   -0.311702382305    0.1444    0.1180  -0.124  126
56240.268    0.045063728158    0.450097201110    0.3316    0.5691  -0.500   36
56244.209   -0.166981453046   -0.063702003672    0.1841    0.2373  -0.085  244
56247.269   -0.234811002733    0.022100414299    0.3439    0.3175  -0.193   60
56251.207    0.088261810132   -0.053999991678    0.1642    0.1511  -0.034  156
56252.266   -0.039100961369   -0.310701608441    0.1370    0.2388  -0.232   69
56259.228   -0.266184364363    0.078998414210    0.1654    0.1487   0.101   17
56261.269   -0.215831160331    0.358898421382    0.2207    0.2511  -0.293  125
56265.207    0.080586491782    0.077997589187    0.1005    0.1039   0.085  111
56267.249   -1.093726179288    4.760899207668    0.1747    0.2873   0.120  417
56268.271    0.589463755926    0.114098401127    0.2108    0.2631  -0.271   74
56273.231    0.353616039409   -0.412801210814    0.1251    0.1392  -0.002   66
56280.208    0.335725192180   -0.216000017872    0.1573    0.2357  -0.429  273
56288.207    0.497572740091   -1.013302824049    0.3652    0.6227   0.167   49
56289.273    0.092773361564   -0.053499604746    0.2472    0.1396   0.126  196
56295.209    0.067051695993   -0.021002387030    0.1459    0.4107   0.392  143
56296.271    0.303418406116    0.260697601107    0.1907    0.3019  -0.071  110
56300.209    0.160291840520   -0.037800009522    0.1503    0.1958   0.508  335
56308.208    0.065651559341    0.050997618928    0.2061    0.1997  -0.539  112
56310.271    0.602739691628   -0.141800427400    0.4097    0.2869  -0.265  160
56316.583   33.546281034940   -5.375401218544    2.4761    2.4307  -0.407    4
56321.207    0.223090774422   -0.096202802524    0.1335    0.1294  -0.228  384
56322.230   -0.202555295375   -0.484300778680    0.1153    0.1254   0.358   93
56328.209    0.252752857922   -0.117601211969    0.1711    0.1762   0.044  111
56331.270    0.312856010555   -0.474602398981    0.2314    0.3486  -0.244   35
56336.208   -0.003525916355    0.111297595140    0.1083    0.1113  -0.124  202
56345.270   -0.029506512761    0.384299977441    0.2411    0.3516  -0.229   38
56356.205    0.245545454474   -0.037702807276    0.1055    0.0842  -0.168  179
56359.270    0.525420185365    0.225198010639    0.2456    0.2057   0.238  117
56370.209    0.322034825651   -0.419799619067    0.1762    0.2864   0.347  201
56373.270   -0.254205275963    0.352800003611    0.1783    0.2059  -0.124  185
56378.270    0.092824440270    0.231699613096    0.1367    0.2056  -0.347  270
56385.206    0.378455288506    0.161899191653    0.2074    0.3946  -0.192  506
56392.230    0.190939559098   -0.161499588103    0.1588    0.1376   0.030  238
56393.249    0.397901843126   -0.263401204847    0.1565    0.1560  -0.272  354
56399.206    0.042315665499   -0.040701598891    0.1304    0.1130  -0.111   79
56400.247    0.184872229529   -0.187001978702    0.4980    0.8126  -0.033   54
56405.207   -0.121035308413    0.297799186910    0.1487    0.2077  -0.609  202
56412.209    0.122591015803   -0.177602419171    0.1496    0.1807   0.166   36
56415.270    0.304818542768   -0.151102784685    0.2671    0.2798  -0.519   48
56418.999   -0.466042605038   -0.438101983491    0.7052    0.7974  -0.085   12
56422.275    0.057820599506    0.003499178547    0.3031    0.3662   0.019   38
56426.209    0.107914943450    0.131097590383    0.1716    0.2111   0.442  212
56429.270    0.114345695887   -0.546901225107    0.2607    0.2816  -0.182   85
56434.208    0.037648472581   -0.342702020362    0.2847    0.2976   0.197   25
56443.270    0.122487726454   -0.023000404781    0.3562    0.3835   0.013   22
56450.268    0.480718677391    0.335397578510    0.4001    0.4432   0.584   67
56454.206   -0.089765306879   -0.236901621520    0.1338    0.1775  -0.289  148
56461.207    0.296935372290    0.014900388123    0.1735    0.2027   0.478  122
56463.249   -0.666575410060    0.224398803539    1.1690    0.7624   0.428  305
56464.272   -0.061398867997   -0.056300410733    0.1801    0.1651  -0.005  201
56468.206   -0.062125642987   -0.214102783502    0.1137    0.2157  -0.010  154
56470.251    0.081572197606   -0.163800007158    0.1232    0.1274  -0.070  276
56471.270    0.121916451457    0.126698421354    0.2709    0.3644  -0.780  219
56476.270    0.154016658822   -0.203799601195    0.2336    0.2584  -0.139  101
56490.208    0.277488817670    0.374900417910    0.2209    0.2025  -0.063   23
56492.272   -0.086342679873   -0.092001619123    0.2137    0.2311   0.392  130
56498.251   -0.590397251107    1.995598796611    0.2142    0.3895  -0.513  214
56499.270   -0.023283612452   -0.081100796478    0.3293    0.2952   0.746  187
56503.211    0.327532153654   -0.006299984534    0.2956    0.2896  -0.115   21
56506.272   -0.241862835442    0.148197614180    0.3048    0.2925  -0.334   71
56517.207   -1.053172799879    0.560098783353    0.5193    0.3937  -0.592    7
56518.270    0.060673224945    0.017099972638    0.1459    0.1684  -0.005   30
56524.209    0.158475999611   -0.387601221519    0.1287    0.1648   0.052  134
56527.270    0.383693756421   -0.146800817902    0.2342    0.2853   0.109   17
56531.208   -0.003370345615    0.235299575024    0.1433    0.1579  -0.537   73
56541.270   -0.004200480701    0.119098791629    0.2965    0.3568  -0.287  252
56545.208    0.239633695644    1.076097572650    0.2480    0.2264  -0.163   65
56547.249    1.101660286980    0.531399615511    0.2967    0.1757   0.383  313
56560.208    0.553889913596    0.245397609433    0.3485    0.2881   0.365   20
56569.270   -0.024010458188    0.066200408355    0.2461    0.3136  -0.457   22
56573.208   -0.233047443214   -0.464702401359    0.4426    0.5879   0.803   49
56581.207   -0.814835880791   -0.007102823929    0.2441    0.2007  -0.111   27
56583.270    0.150490742468    0.021499192826    0.2915    0.2350   0.213   19
56587.208    0.680784699449   -0.480099595279    0.2179    0.2728  -0.065   51
56590.272    0.032566848836    0.240598785695    0.3132    0.2973  -0.022    7
56594.206   -0.063784710472   -0.116999990496    0.1401    0.1115  -0.121   80
56596.269    0.185856732669    0.029998813034    0.1402    0.1750  -0.281   47
56603.249    0.069851969296    0.221900398856    0.0835    0.0911   0.006  162
56604.272    0.091995507869    0.103197578483    0.1161    0.1566   0.018   87
56609.207    0.389500952471   -0.006901206007    0.0970    0.1657   0.166  133
56611.270    0.196746755148   -0.231800396477    0.2851    0.3938  -0.320  120
56623.272   -6.885478208203    0.102797974932    0.2620    0.2511  -0.202   36
56629.208    0.258405685918    0.035099986917    0.0798    0.1110   0.062   92
56632.269    0.304869550727   -0.036900019040    0.1797    0.1798  -0.091  184
56636.206    0.134622385592    0.185299199984    0.1076    0.1105  -0.172  417
56638.251    0.062487792424    0.296197191574    0.1895    0.3046   0.323  441
56639.270   -0.054813747505    0.163699172617    0.1332    0.1804  -0.493  108
56643.208    0.121190879152    0.005900380984    0.0655    0.1042   0.092  269
56645.250    0.221016073425   -0.045900026180    0.0896    0.1165   0.409  315
56646.272    0.005392765223    0.033897595131    0.1065    0.1317   0.000  143
56650.206    0.258769108786   -0.057200401216    0.1710    0.2614   0.345  417
56653.270    0.248604658611    0.355399191676    0.1290    0.1606  -0.146  246
56660.269    0.064821424256    0.247499991701    0.3455    0.3059   0.583   39
56664.210    0.165009970651    0.026298016564    0.0830    0.1537   0.480  573
56667.270    0.393961495944    0.368499598835    0.2188    0.1800   0.663  225
56671.208    0.211475108891   -0.027500408351    0.1912    0.1061   0.423   62
56679.207   -0.029092081933    0.244198798782    0.1223    0.1282   0.190  302
56686.209    0.382033486251    0.006397186780    0.0975    0.1714  -0.083   36
56687.250    0.187931433666    0.156898801151    0.0582    0.0576  -0.064  384
56688.269   -0.218423652251   -0.192301189372    0.2045    0.2370   0.100   44
56692.206    0.142400993291   -0.143002819186    0.0961    0.1208   0.180   70
56695.271    0.307825465515    0.135097207021    0.1893    0.1965  -0.258  260
56701.250    0.132392043109    0.149000402416    0.0540    0.0540  -0.132  467
56706.206    0.487667150005    0.451299592896    0.2037    0.1968   0.290   18
56709.271    0.292009319284   -0.296402390632    0.4875    0.4829   0.237   19
56716.269    0.539369411983    0.079599584524    0.1906    0.2391  -0.046   16
56728.209   -0.012134659138    0.257097588019    0.1007    0.1627  -0.145   88
56730.272    0.210386113718   -0.070102822747    0.1628    0.1937  -0.100   28
56737.271   -0.379907777294    0.810399581042    0.3879    0.4655   0.065   45
56741.208    0.349778981577   -0.131302789441    0.1118    0.1338  -0.044   44
56743.250   -0.067881831078   -0.494801997775    0.0506    0.0612   0.087  744
56751.271    0.203591938413   -0.175402783498    0.1690    0.2191  -0.603  122
56755.208    0.490000711091    0.216997210600    0.3075    0.3491   0.772  202
56772.273   -0.013431506441   -0.209199595247    0.1379    0.2848   0.433  297
56776.206    0.200324952893    0.091097996346    0.0613    0.0715  -0.122  122
56777.269    0.299580145600    0.017197174884    0.1095    0.1206  -0.150  208
56800.269    0.372699171161   -0.021099589276    0.1820    0.1686  -0.229   43
56805.207    0.102677748966    0.191199580968    0.0936    0.1045  -0.096  184
56814.269    0.249901505914    0.331898399963    0.1912    0.1967   0.010   24
56826.209    0.474443495693   -0.270201627472    0.1533    0.1448  -0.417   78
56828.269    0.193998763235   -0.071600402407    0.1527    0.1935   0.013   66
56835.271   -0.065599277951    0.316699191671    0.1564    0.1937   0.050  168
56839.208    1.100466729027   -0.663699597681    1.1121    0.7860  -0.295  142
56841.272    0.212770753509    0.179297984459    0.1806    0.2242  -0.241   35
56846.206    0.004459270043   -0.011800813127    0.0968    0.1038   0.247  257
56853.208    0.522464341324    0.046800016662    0.1500    0.0892  -0.465  370
56856.269    0.602220698021   -0.046202427484    0.1783    0.1798  -0.051   42
56860.206    0.308344459122    0.239097573740    0.0803    0.0802  -0.024  197
56863.275    0.659263443832   -0.273002382301    0.3413    0.2523  -0.067  275
56870.269    0.407185150256    0.240397218931    0.1687    0.2076  -0.648  349
56874.206   -0.788233001428    0.048499214245    0.4675    1.5276  -0.042  231
56875.043   -0.199080386980   -0.271202401336    0.2181    0.1624  -0.089   89
56877.271    0.300099139207    0.094597174893    0.3800    0.2401  -0.315   92
56878.498   -0.756962999895   -0.168102025100    0.2110    0.2377   0.450   64
56881.208    3.332671603538   -1.879502377733    1.9940    2.1863  -0.644  221
56888.207    0.427876341534    0.191498401136    0.0514    0.0777  -0.002  325
56891.271    0.063732358337    0.434998776200    0.1703    0.2249   0.066  215
56903.207    0.267481211665    0.115397995160    0.0612    0.0596   0.098  357
56904.248    0.006067329569   -0.430102801374    0.0920    0.1596   0.061  327
56905.271    0.020794409882    0.257799592873    0.1674    0.1960  -0.300  104
56909.208    0.109419642881    0.167299185705    0.1241    0.1600   0.208  118
56912.269    0.390953370512    0.096998377330    0.1633    0.1908  -0.117  196
56916.207    0.237506713257    0.092797193929    0.0846    0.0825  -0.158  190
56919.271    0.530501809111   -0.432900026226    0.3437    0.3324  -0.186   22
56930.207    0.537761423202    0.275299220220    0.1505    0.1694  -0.112   28
56932.270    0.333961632661    0.397497586846    0.1586    0.1949   0.299  237
56937.208    0.192857486672   -0.131302789441    0.1329    0.1795  -0.122  138
56944.207    0.150852891905   -1.015502408563    0.3508    0.5066   0.031   46
56945.229    1.489035530494   -1.256302812180    0.1690    0.1989  -0.026  405
56951.208    0.343192658401   -1.222700404924    0.0869    0.2475   0.439  171
56958.207    0.007778607699    0.497797208254    0.1436    0.1619   0.062  122
56961.271    0.293772878803    0.178898380909    0.2248    0.3615  -0.192   18
56965.209    0.331888134347    0.012600020227    0.1008    0.1301  -0.291  180
56968.269   -0.029455504801    0.210499189279    0.1867    0.2078   0.189   40
56972.207   -0.489534069619   -1.999900814553    0.5280    0.4140  -0.287  220
56982.269    0.220912784076   -0.286700378638    0.2046    0.3522  -0.629  258
56986.207    0.987262309703   -0.351201589410    0.1979    0.1689  -0.420  223
56987.270   -0.051908911423   -0.010202398926    0.1401    0.1212   0.041  125
56993.205    0.938153742330   -1.124099981098    0.1030    0.1135  -0.113   31
56995.250   -0.062125642987    0.544499971511    0.1124    0.1426  -0.204  521
56996.269    0.266081004267    0.314297989235    0.0977    0.1950   0.264  128
57001.208    1.133189219348   -0.302400025021    0.1422    0.1392  -0.254  110
57011.551    0.127205927331    0.114897608228    0.2561    0.2552   0.115   81
57014.207    2.419772814563   -2.592302411131    0.4031    0.4944  -0.268  174
57015.270    0.207430269676   -0.361299623819    0.1073    0.1136   0.123  106
57021.209    0.968904821003    0.165898808291    0.3501    0.2648   0.249   64
57022.268   -5.153179705614   -2.111900414548    0.2952    0.3760   0.087  199
57028.207    0.735598517700   -2.379700788424    0.2013    0.2003   0.184  121
57031.271    0.096973842265   -0.030902384651    0.1497    0.1791   0.249   76
57036.209    0.123368869498   -0.258901201278    0.0804    0.0939  -0.044  310
57041.999   -0.438714153370   -0.319701615581    0.2243    0.2152   0.168   62
57043.208    0.044908157419    0.547297196363    0.0751    0.0764  -0.040  147
57045.271    0.105581382364    0.072899996439    0.0733    0.0822   0.023  169
57049.209    0.708632215470   -1.856901627662    0.1971    0.2258  -0.325  261
57051.250    0.162780972345   -1.952801977723    2.7209    1.7566   0.917  299
57052.270    0.144629991597   -0.125499610704    0.1385    0.1307  -0.062   99
57059.271   -0.177663694143    0.124898389231    0.3221    0.1836  -0.638  208
57066.273    0.044390366496    0.195897621325    0.0941    0.1255  -0.232  122
57070.207    0.351385696927   -0.086000403599    0.0779    0.0793  -0.006  117
57071.226   -0.203074288982   -0.153702023908    1.4040    0.9972   0.268   51
57073.271    0.139185015730    0.292298409477    0.1275    0.1156  -0.343   73
57077.209    0.186479015625    0.388799981010    0.1149    0.1242  -0.006   76
57080.273    0.282052721238   -0.062402409640    0.1879    0.1883  -0.026   24
57087.271   -0.131769830899   -0.225100808393    0.1810    0.1756  -0.291   67
57094.270   -0.908698308275   -0.242301615572    0.3270    0.2634  -0.044   27
57098.832   -0.000777853695   -0.396802795422    0.1946    0.2945  -0.020   44
57101.271    0.138200512590   -0.037800009522    0.1561    0.1912  -0.323   80
57105.209    0.154691223168   -0.618400792973    0.1970    0.0972   0.030  211
57107.251    0.089609665393    0.512297992827    0.1201    0.1006  -0.006  325
57108.270   -0.003941620612    0.110199619030    0.1105    0.1263  -0.213   69
57112.207    0.714855115778   -0.527500782255    0.1084    0.1831  -0.320  181
57113.226   -0.200066092804    0.277199984566    0.4254    0.3360  -0.228   87
57114.274    0.069126396990   -0.047800790526    0.1324    0.1519  -0.101  136
57122.270    0.226513401428    0.049100384558    0.1087    0.1165  -0.036   85
57126.207   -1.684901213344    0.050000375040    0.1144    0.0913  -0.065  233
57129.272    0.161536406433    0.365299189298    0.1225    0.1723   0.093   52
57133.209    0.805398205606   -1.070301607342    0.2098    0.1914  -0.083   50
57135.251    0.332354846565    0.166298411841    0.0951    0.1044   0.086  422
57136.273   -0.627164580643   -0.592700416746    0.1330    0.1478   0.007  104
57140.207   -1.150405502232   -0.583599626225    0.1828    0.1380   0.187  435
57142.271   -0.033811485495    0.097397980880    0.1227    0.1364   0.147   62
57147.209   -0.436950593851    1.221397178597    0.1527    0.1380  -0.004  228
57148.228    0.239011412688    0.250797603485    0.8826    0.9840  -0.144  184
57150.270    0.597656794452    0.011898015373    0.1282    0.1268   0.553  160
57156.760  218.946039620393    5.185299613686   44.2683   44.1374   0.335    6
57157.268   -0.337488822446    0.035697576095    0.2549    0.2500  -0.009   55
57161.209    0.145771268160    0.084999578576    0.2005    0.1363   0.031   83
57164.270   -0.042056805411   -0.086601625071    0.1101    0.1070  -0.002  352
57169.208    0.578054669093    0.525297616605    0.0919    0.1091   0.024  182
57171.268    0.331057999262    0.244800020255    0.2329    0.2648   0.042   19
57175.209   -0.210645044552   -0.937501187082    0.1096    0.1595   0.241  193
57178.270    0.163714396779   -0.018900004761    0.2191    0.1973  -0.509   90
57184.581  -33.598864581455  361.393599615667    9.3066   10.0848  -0.139   53
57185.268    0.077319435516    0.150699599999    0.2056    0.2789   0.072   70
57192.270   -0.114709118755   -0.491302819228    0.1947    0.3236  -0.248   47
57196.207    0.150852891905    0.125499610704    0.1054    0.1203   0.058   84
57199.272   -0.158528281001    0.222397204652    0.1213    0.1498   0.245  171
57205.269    0.034848199278   -0.010702785858    0.1321    0.1386  -0.090   97
57210.207    0.056006032028    0.297399583360    0.1011    0.2135   0.379  142
57213.272    1.749359143986    2.939497221632    0.1183    0.1431  -0.138   94
57217.209    0.685866323194   -0.562600820331    0.2421    0.1800  -0.393   80
57219.251    0.057820599506    0.254199579786    0.1512    0.2026  -0.084  281
57220.270    2.220070144626    9.115700373741    0.1534    0.1928  -0.062   82
57224.207    2.230804667113    2.021400007379    0.1198    0.1119   0.091  135
57227.272    0.271007057273    0.087397199877    0.1912    0.1221  -0.045  452
57231.205   -0.366165129375   -0.009201625062    0.1142    0.1131   0.075   82
57234.270    0.106670377538    0.152798401132    0.1463    0.1494  -0.042  102
57237.999   -0.458316278729    0.142498799960    0.5483    0.4792  -0.633  253
57239.208    0.287653338590   -0.718502428754    0.1679    0.1651  -0.094   52
57241.268    0.521011923282    0.234298801161    0.1057    0.1057   0.051  324
57246.206    1.517400766692   -1.177502383598    0.1136    0.1791  -0.267  182
57252.207    0.079341925870    0.330199202381    0.1206    0.1376   0.019   50
57261.251   -7.989472056268   -1.144400414432    0.7859    0.7465   0.260    9
57266.207    0.944843354855    0.366397216567    0.1055    0.1067  -0.040  147
57269.272   -1.416331006506   -0.652701623949    0.1425    0.1792  -0.070  430
57276.270    0.067621697559    0.274798782129    0.1489    0.1136   0.088  130
57280.207    4.830989238478    1.022000378725    0.2566    0.3664  -0.013   17
57287.206    0.103507884051    0.494297978548    0.1243    0.2551  -0.023   31
57290.270    0.060414364857    0.475999195260    0.1491    0.2349  -0.457  382
57294.207    0.293150595847    0.253799976235    0.0998    0.1240  -0.397   58
57297.272   -0.313997357864   -1.060199991798    0.0812    0.0863  -0.014  175
57301.209   -0.003992628572   -1.242201579998    0.0891    0.1349   0.010  123
57302.228    0.253063999400    0.022100414299    0.2606    0.4129  -0.153   12
57304.241   -2.332807922479   -0.609001182283    0.0906    0.1052   0.085  186
57309.208    0.796167179866   -0.321400813164    0.0950    0.0978  -0.034  114
57311.272    0.142607571989    0.357497992809    0.1073    0.1222   0.147   96
57318.270    2.389955231070    1.146697201193    0.2948    0.2876  -0.069   22
57325.268    1.385060934226   -0.126702002490    0.1856    0.2175  -0.040   68
57336.208    0.672487098144    0.505998008293    0.1225    0.1300  -0.108   51
57338.582   -4.900633426391 -113.896202395836    4.8438    5.1906  -0.171   70
57339.268    1.384802074138   -0.589600790590    0.0902    0.0799  -0.032  123
57343.209    0.189228280968    0.977698817906    0.1640    0.1589  -0.802   93
57351.270    0.890807461045    0.850399175079    0.0822    0.0465  -0.129  305
57357.209   -0.227861327435    0.014000397641    0.0997    0.0945   0.061   64
57359.251   -0.838224056023   -2.730099589598    0.0900    0.1117   0.369  181
57360.270   -0.013742647919    0.246697203465    0.0944    0.1059   0.030  103
57367.268    0.269192489794    0.026600417868    0.1001    0.1069   0.225  145
57374.270    0.571572908697    2.170598395423    0.1106    0.1237   0.004  105
57378.208    0.394842709735   -0.229500028581    0.0974    0.1239  -0.040  197
57379.271   -6.772324796838   -0.353102404915    0.1163    0.0889  -0.334  372
57385.209    0.288327902936    3.481398005079    0.2469    0.3616  -0.481    9
57386.269    2.355469181230   -0.553402827563    0.1362    0.1631  -0.072  161
57392.208   -0.972224158659   -0.821602804990    0.1609    0.1883   0.256  113
57400.207    0.305388544334    0.138499183322    0.0969    0.1172   0.347  183
57402.270   -0.475118060039    1.219899598937    0.2398    0.1667  -0.589   84
57406.208    0.059739800511   -0.375501588223    0.2319    0.1880   0.615   76
57407.230   -1.117943145429   -1.127699994186    0.2483    0.2152   0.881  426
57409.269    0.167862596090    0.112298420163    0.0891    0.0975  -0.033   89
57412.998    0.675650865061   -0.145799992879    0.6583    0.5644   0.445  355
57414.207    0.164958962692    0.262497582071    0.0787    0.0878  -0.146  174
57420.208    1.127018600430   -0.082299607129    0.1441    0.1435   0.192  225
57427.206    0.808406331038   -0.007700413107    0.1344    0.1441  -0.491  165
57428.229   -0.121605380725    0.209199595247    0.0753    0.0989  -0.094  474
57430.270    0.354497182454    0.406497593985    0.1975    0.1730  -0.293   97
57434.208    0.035211622146    0.455597978544    0.2275    0.1332  -0.342  133
57435.227    1.504073823031    1.275397221434    0.5857    1.1465   0.216   13
57441.206   -0.030128795717   -0.421700383413    0.0692    0.0713   0.096  201
57444.270   -0.331058070008   -0.035002784671    0.1551    0.1686   0.174   85
57448.208   -0.519041785064    0.220798790451    0.1039    0.1095   0.037   79
57451.269   -0.587752477797   -0.072000005957    0.2029    0.1902  -0.229   87
57458.270   -0.276141033154    2.006100015706    0.2868    0.2762  -0.351   80
57462.208   -0.604398759114    0.156697183229    0.1251    0.1649   0.193  152
57464.250   12.883468080777  -57.654500386661    1.6123    1.4900   0.568    4
57465.269   -0.243885255050    9.024199192709    0.1100    0.1303  -0.158  411
57470.229    0.216245591158    0.377600389356    0.5025    0.8055  -0.204  273
57471.270   15.795160878181   18.120099571206    0.2482    0.2414   0.017  245
57477.209   -1.309505058229    0.001897183211    0.1775    0.1901  -0.104  208
57483.206   -0.807523985309    0.101998818991    0.1395    0.1305   0.020  271
57484.229    2.075802302467    2.357099987194    0.9822    1.0123   0.764   32
57485.251   -0.650189262261    0.153997211783    0.8350    1.2560   0.595   95
57486.271   -0.596464509930    2.118999606182    0.0983    0.1116  -0.278  177
57490.208    0.239995915828   -0.263001601297    0.1904    0.2319  -0.243   36
57493.269    0.542273045381   -1.595800790710    0.1247    0.2579  -0.381  181
57497.206    0.010320020913   -0.012002379890    0.1527    0.1533   0.110   47
57500.271   -1.735773410983   -7.005099604385    0.2072    0.2917  -0.122  214
57505.209    0.687629882714   -1.893801595543    0.2634    0.2387   0.139   22
57507.269    0.847299440278    0.966999613183    0.1203    0.1488   0.084  114
57512.207   -1.285391310692   -1.508101189529    0.3285    0.2885  -0.342   57
57518.208    0.436950523105   -1.061600420371    0.2684    0.4971  -0.238   35
57521.269   -1.865831893007    0.404697613021    0.2766    0.2740  -0.080   45
57528.271   -1.187587333342    1.483599572794    0.2606    0.3250  -0.166   47
57532.208   -0.316226426917    1.240797621449    0.7883    0.2761  -0.249   38
57542.271   -0.591641817019   -1.683302406263    0.3428    0.3369   0.220   17
57547.209   -0.489119568046   -0.051699623782    0.2829    0.5357   0.658  172
57549.269   -3.406101770578   -1.118401218037    0.2943    0.2659  -0.108   27
57553.206   -4.649799698727    1.021899595344    0.5111    0.2760  -0.605  176
57556.271   -0.423623650190    1.222599621542    0.1523    0.1972  -0.061   42
57562.250   -0.021676826356    0.006098417771    0.2948    0.3129   0.004  218
57563.269    1.563087980490   -0.181501201268    0.1807    0.1605  -0.036   94
57567.206   -3.927943828945   -1.531702815782    0.3096    0.2103   0.265  176
57574.208    0.244093036433   -2.181999605000    0.2885    0.2640   0.013   74
57577.269    0.350763413971    8.207197174670    0.2360    0.4454   0.060   46
57581.206    0.715010686517    1.849499983564    0.2096    0.3910  -0.153   97
57584.271   -0.042885737811    1.336399202501    0.1710    0.1399  -0.094  213
57588.208   -2.679423207885   -5.967302428189    0.2653    0.4263   0.651  110
57591.269   -0.945568997907   -2.510200789629    0.2152    0.1713   0.109  146
57596.229    9.061676909193    4.258400377921    0.4280    2.2476   0.242  173
57598.271   -2.894060810263    4.461299988634    0.2159    0.2439  -0.025   45
57602.208   -0.114137914504   -0.233499594060    0.4671    0.8068   0.196    9
57609.206   -0.342726016930   -0.163400403608    0.1842    0.2392   0.213   65
57610.229  -29.518615371817  -29.318900408271    1.8818    1.3616   0.497    4
57612.271   -3.788550961086    2.765397613302    0.1678    0.1860  -0.049  114
57617.209    3.102683364461   -0.823701606123    0.4021    0.3639  -0.254   48
57619.269   -3.436023987596    0.838598413111    0.1980    0.2571  -0.387   71
57623.206    2.842307469580   -0.178200008349    0.3424    0.1622   0.500  248
57624.229    1.047779963909    1.115499577509    0.4106    1.0593   0.640   66
57630.208    1.103422643815   -0.089801983449    0.1638    0.1498  -0.139   74
57633.269   -0.229158174738   -1.083999603679    0.1979    0.1951   0.189   40
57636.998   -0.730567972661   -0.230302816817    0.5659    0.5489   0.491   93
57639.230   -0.797775239393   -0.694501198950    0.1878    0.3092   0.314   50
57644.208    2.851694066059    1.163098801271    0.2680    0.3052  -0.041   84
57646.250    0.176366776094    0.338198384497    0.0801    0.1213  -0.129  434
57647.269   -0.521530916889    1.896598820395    0.2221    0.1524  -0.180  126
57652.229  -54.371873758763  -67.352900396145    1.5969    2.1464   0.159    5
57654.271   -0.131355400072    0.000000000000    0.1176    0.1765  -0.033   89
57666.207    0.029144292577   -0.413600417914    0.2831    0.2297   0.203   37
57675.269    2.477698047595    2.814497997861    0.1201    0.1340   0.060   74
57679.207    0.334844049136   -0.635302779983    0.1807    0.1800  -0.285   89
57680.229   -0.543569963429    0.086000403599    0.9489    0.6053   0.665   28
57689.269   -0.584329921538    0.003297611784    0.2513    0.2631   0.010   21
57696.271    0.250574796829   -1.101999617958    0.1731    0.2553  -0.093   28
57703.269    0.015660504747   -2.767499995571    0.1887    0.2599   0.058   39
57708.229    0.203799790542    0.240699620235    0.4570    0.4508   0.601   43
57714.208    0.282416144106    0.730897198764    0.1298    0.1109   0.048   61
57716.999   -0.508307262578    0.362897986861    0.3966    0.3775  -0.246  252
57723.248   -0.273704111973    0.054399595228    0.1141    0.1366   0.197  450
57724.271    0.580855013143   -0.046900800044    0.1033    0.1037   0.146  195
57728.208    0.941420727850   -1.135602025215    0.1362    0.1567  -0.518   82
57731.269    0.076282721733    0.874800008432    0.0499    0.0435   0.236  134
57743.209   -1.665713518813   -0.814100428670    0.2150    0.1589  -0.209   24
57744.272   -0.459249703164   -0.074001604844    0.0949    0.0865  -0.089  223
57752.271    0.082401059261   -0.474699601227    0.1050    0.1254  -0.033  207
57758.272 3012.120371341970 -825.904602027094    0.1639    0.1733  -0.100   66
57766.271 8196.009809398092  192.474500414619    0.1872    0.1359  -0.084  111
57770.475   -0.710446853695   -0.009100790521    0.1982    0.2262  -0.315  284
57775.461   -0.643550728442   -0.483699608367    0.1775    0.1823  -0.158   72
57777.207  316.650578545080  119.377897186723    0.1390    0.1697   0.228   26
57780.271 1468.008502174149 -463.748302786371    0.1016    0.1482  -0.063  106
57787.269 1789.033569590633 -202.851000022974    0.1229    0.1053  -0.470  171
57791.207    0.634165263901    0.717598805977    0.1818    0.1292   0.161   36
57792.229   -0.410141065044   -0.462502816845    0.6128    1.2041   0.523   12
57794.271   -0.903408832401   -0.869500797762    0.0983    0.1026   0.038  149
57798.209   -0.766452885723   -0.356601583462    0.4099    0.2165   0.044   44
57801.269   -1.080450243587    0.512600394131    0.1153    0.1086  -0.210  159
57804.381   -0.493320048747    0.531197997589    0.1658    0.2496  -0.149   72
57809.367    0.044752586680   -0.617000415559    0.1803    0.1361  -0.302   90
57812.209   -0.089143023922    0.118699188079    0.1746    0.1893   0.309   59
57819.207   -4.005730047425    2.578499999117    0.2682    0.3549   0.033   46
57822.271    1.742877383590   -1.004302816909    0.3521    0.3713  -0.181   12
57833.207   -0.506646992407    0.616197576164    0.2382    0.4280   0.135   15
57836.293    0.028261876102    0.049597190355    0.3591    0.2713  -0.196   36
57839.792   -1.528602001396   -1.297602000250    0.1872    0.2150   0.148   63
57841.228   -1.024496422203    1.858697976331    0.5553    0.8717  -0.107   84
57843.270   -3.368608868736   -0.369500423858    0.1978    0.1793   0.012   95
57850.271    0.295120804811   -0.172501194129    0.1025    0.0883  -0.289  116
57862.208    1.426443175291    3.728397609848    0.5213    0.3361   0.300   93
57864.271    0.174707779354   -0.826801181120    0.1632    0.1493  -0.174   91
57868.209    0.834386927444   -0.949402783590    0.3012    0.3982  -0.154   34
57875.189   -0.481133108218   -0.144399615465    0.1951    0.2201  -0.459  126
57877.227   -0.132028690988   -0.096901226243    0.3127    0.3581  -0.150  553
57878.271   -1.004842086200    0.651499181004    0.0873    0.0806  -0.098  170
57882.209   -0.418645315794    0.084599975025    0.1295    0.1330   0.275   59
57885.270   -0.880125290694    1.001199609618    0.1023    0.0892  -0.028  222
57892.271   -1.082109240327   -0.495201601325    0.0834    0.0913  -0.267  307
57896.209   -0.346148573189    0.424699175028    0.1643    0.2141  -0.567  114
57899.270    1.203507971607    0.011898015373    0.1709    0.1170  -0.086  110
57901.417   -1.445630869822    3.334399201549    0.1302    0.1161   0.050  178
57904.208    0.134362252073   -0.209901600101    0.2371    0.1419   0.363   64
57904.690   -0.186064584797   -0.029901610787    0.1517    0.1373  -0.099  179
57906.271   -0.983684182705   -0.307601982286    0.1486    0.1467  -0.038   44
57913.270   -0.296624301558   -1.011599994172    0.1645    0.1584  -0.048   47
57914.628   -0.529931807544    0.878097620216    0.1422    0.2011  -0.019  133
57924.209   -0.451729955553   -0.662000400098    0.1348    0.1701   0.046   93
57932.230   -2.789620704462    4.068097206300    1.2469    1.2657  -0.276   10
57933.249   -0.073638019169    0.150897585627    0.1657    0.2260   0.559  404
57939.228   -0.902734268055   -0.794699985818    0.3600    0.4213   0.298  334
57941.270   -1.226066011754   -0.999900015586    0.1419    0.1084  -0.068  206
57945.207    0.207274698937   -0.632901628705    0.1803    0.1694   0.055  160
57947.249   -1.425976463073   -0.507502801383    1.3562    0.6029   0.212    5
57952.187   -0.433683537585   -0.259001984659    0.3427    0.2729   0.084  476
57959.207  -21.329751787090   -2.705500821776    0.2500    0.2233   0.080   32
57962.272    1.938379643572    0.958298375053    0.1617    0.1569   0.025  214
57966.209   -0.728442192958   -0.468399616693    0.2457    0.2234   0.057   35
57967.228   -0.288327902936    0.020797187972    0.1252    0.1592  -0.342  350
57970.691    2.039398395798    0.780598804795    0.5727    0.3388   0.820   27
57973.207   -1.277819281692    0.361897212997    0.1060    0.1113  -0.088  214
57976.272   -1.009353637633   -0.424400406018    0.1398    0.1286  -0.036  149
57978.131   -0.233617444780    0.713699972721    0.1769    0.1785   0.008  115
57983.270   -1.383452945446    0.142498799960    0.0903    0.1062  -0.001  148
57987.207   -2.875029959901   -1.050299994176    0.0939    0.1183  -0.074  206
57990.272   -1.685574504260   -0.937400403700    0.1283    0.1321  -0.007  176
58003.231   -0.410555566617    0.708897619006    0.1495    0.2925  -0.050  337
58004.268   -0.630638215608    0.953697588102    0.0596    0.0765   0.073  392
58009.228   -1.264647908770    3.017897995505    1.2967    1.5632  -0.328  477
58010.247    1.192306736903    0.533098813094    1.0158    1.0603   0.617  334
58011.270   -9.414670736393    2.576700018153    0.1817    0.0989  -0.470  188
58018.268    2.573219471819    2.655298777654    0.1234    0.1660   0.151  144
58022.797    0.527182542201    1.431698382248    1.7886    0.7654   0.593   64
58023.228   -0.473976783476   -0.005302791806    0.8761    1.3518   0.425    3
58029.207   -1.698798158572   -2.432102417060    0.0981    0.1051   0.036  199
58031.249    2.573789473385    4.217299175480    0.3748    0.4295  -0.033   42
58036.001   -2.173449506394   -0.134200797675    0.4597    0.4023  -0.382   56
58039.270   -0.263331809670   -0.565801178709    0.1035    0.1531   0.064  227
58043.207    0.415067118050   -0.975002427595    0.1181    0.1029  -0.006   64
58044.230   -0.116420467631   -0.260802016783    2.2021    1.0208   0.696    7
58050.209    0.541495191686    3.097897183579    0.3022    0.3026  -0.126   18
58053.270   -0.505869138712   -0.492501578719    0.1729    0.1349   0.249   77
58060.272   -1.188106326949   -0.653302794262    0.2157    0.2109  -0.256   27
58072.226   -2.446894758278    0.927097221393    0.6748    0.8232  -0.359   12
58081.000   -0.505143566407    0.042199178552    0.3125    0.3409   0.135  238
58091.453   -0.382708121343   -0.535402813284    0.0303    0.0367  -0.249  195
58092.454   -2.043391024370    0.967100396565    0.2247    0.3546   0.164  125
58093.451    1.471351332710    0.596797184471    0.4042    0.5891   0.535  117
58094.452   -0.628149013037   -0.099302428680    0.1392    0.1986   0.192   89
58095.478    0.398265265994    0.020998805894    0.3756    0.3373   0.555  147
58109.000   -0.465005891255   -0.299602800169    0.5204    0.4363  -0.049  146
58116.268    0.287808909329   -0.256701616763    0.1704    0.1827  -0.069  131
58121.207    2.998813260227   -0.979199978701    0.3077    0.1996  -0.008   14
58123.270   -0.298646721165    1.023397175004    0.2143    0.2846  -0.450   56
58130.268    1.540841152568   -2.391001214619    0.2099    0.2081  -0.170  186
58134.209    0.277904521927   -0.208101619137    0.1913    0.2243  -0.239   32
58137.058  -12.715605555434  -17.819301592681    0.1836    0.1335   0.136  200
58141.208   -0.660301501792    0.392597979726    0.0872    0.0863   0.200  158
58143.856   -0.239995915828    0.179600385763    0.2701    0.2169  -0.540  144
58155.208   -0.524693410376    0.090500407168    0.2206    0.2308   0.020   14
58158.272   -0.541236331597   -0.636202821624    0.0783    0.0918  -0.003  195
58159.408    0.382966910685    0.282898798787    0.1918    0.2541   0.127  100
58163.229   -0.216193380514    0.676897207086    2.0938    1.1665   0.625   12
58164.248   -3.380484597040    2.037898809704    0.8540    0.7480  -0.111   60
58176.209   -0.581529577489   -0.587501989457    0.1257    0.1643  -0.011   75
58193.270    0.391420082730    0.618397211838    0.4308    0.6027   0.011    7
58214.269    0.133377748934    1.049698772704    0.1607    0.1677   0.098   43
58216.836   -1.498109782811   -0.070502426297    0.1680    0.1889   0.049  118
58218.206   -0.092721150921    0.003200409537    0.1634    0.1907  -0.035   57
58219.229   -2.272601409751   -0.522702009675    0.8641    0.4666   0.105    7
58221.270   -0.052686765118    0.217299611904    0.1478    0.1515   0.074   38
58225.208   -0.342984877018   -0.656802023968    0.2745    0.3053  -0.203   89
58235.270    0.732798173651   -3.386699995644    0.1595    0.1873  -0.009   88
58238.207   -0.078408501436   -0.089002827508    0.1912    0.1993   0.141   77
58245.742   -4.344928874569   -1.363899610851    0.2991    0.1447  -0.086   45
58246.082   -0.337903253273    0.493397988066    0.1322    0.1921   0.145  483
58253.208   -1.059655833706    0.440297986870    0.2435    0.3074  -0.882  371
58254.227    0.790410991775    0.058697980876    0.6364    0.4416   0.531   17
58256.272   -2.015595860485    0.138697220109    0.2230    0.2176  -0.014    9
58261.207   -0.147638187775    0.072899996439    0.1203    0.1353   0.109  266
58268.209   -1.110320108469    0.600699598863    0.1474    0.1482  -0.079  150
58272.782   -0.305647475169    0.122799588098    0.1509    0.1400  -0.133  135
58279.305    0.012601371355    1.143399589409    0.1297    0.1250   0.020  163
58281.208   -0.752814800584    1.121097608348    0.5334    0.5929   0.172    4
58288.206   -0.601028413498   -0.082299607129    0.1566    0.1824   0.074   37
58301.297   -0.602220698021   -0.405802802561    0.1440    0.1357   0.093  136
58303.229   -0.143437777821   19.941699594028    0.8631    2.8398  -0.298    3
58304.233    0.033655914756   -0.105202809664    0.2002    0.2896  -0.023   99
58305.026   -0.968957102393    2.678299182435    0.1723    0.1636  -0.171  129
58305.271    0.059480869677   -0.856400390603    0.5606    0.5005   0.121   25
58309.208   -0.300202428556   -0.065102381086    0.2961    0.2067   0.117   27
58310.227   -1.374223193136    2.297998821632    0.5778    0.5303   0.206   24
58312.269   -1.167156346328   -1.039500006073    0.3380    0.4011   0.729   53
58319.271   -0.215831160331    0.296398809496    0.2007    0.2136   0.034   49
58326.959   -0.442084498986   -0.299300398865    0.1820    0.2052   0.009   48
58330.955   -0.676687649590    0.131097590383    0.2494    0.1926   0.037   36
58340.948    0.027380733058    0.276897583262    0.2107    0.2410  -0.074  114
58352.231   -0.028884229804    0.685497610675    0.2770    0.4492   0.319  454
58358.206   -0.504054571233    0.608799615520    0.2983    0.2134   0.156   41
58361.271   -0.777550831078   -0.040402778723    0.2237    0.4031  -0.176   18
58365.208   -1.064374034583    1.260298796524    0.2426    0.2504   0.224   44
58366.227   -1.270351815471   -1.035500389435    0.9975    0.7829   0.230   18
58367.250   -0.982128475314   -2.383902022984    1.5961    0.9662   0.236   28
58368.269   -0.199858240676    0.009799214240    0.1726    0.1861   0.125  122
58372.206   -0.373426016897    1.028700017969    0.4562    0.3038  -0.382   25
58375.271    5.966045377441    2.910297615699    0.5403    0.4518  -0.281   40
58387.207   -0.712054842475    2.199600015729    0.4159    0.5967   0.118    7
58400.206   -0.893815657223   -0.003600013088    0.1287    0.1250  -0.211   81
58401.229   -0.417504039231   -0.674402383538    0.1235    0.1026   0.385  337
58403.271   -0.373062594029    0.103798799955    0.1861    0.1679  -0.010  196
58407.208   -0.694267284595    0.425897985679    0.1269    0.1582   0.026   39
58410.269 1467.470066186600-3534.838801186879    0.4935    0.2688   0.025    9
58414.206    0.735493954921    0.597798009494    0.3333    0.2266   0.213   12
58417.271   -0.413459129270   -0.137901594144    0.2561    0.2452   0.301   20
58422.271   -0.336866539489   -0.460702784721    0.3103    0.2759  -0.467   19
58425.726    0.064770345550    0.750200388211    0.5249    0.1604  -0.037   45
58428.206   -0.387841955731   -2.444101215815    0.3624    0.5943   0.405   10
58435.208   -0.529671744772   -0.423802816840    0.2081    0.2025   0.075   83
58437.250   -0.278785735718   -0.034199996435    0.0632    0.0639   0.002  437
58443.269   -0.698623336035    1.547600396634    0.5098    0.5602  -0.286   16
58452.269   -0.277904592674    0.357098389259    0.3080    0.1655  -0.119   92
58456.206   -0.588944762319    3.034699199134    0.6959    0.6423  -0.557    9
58456.714   -0.765208319810   -0.214801207221    0.1580    0.1283   0.002  113
58459.271   -0.549845074381   -0.162500413126    0.1499    0.1468  -0.010   73
58463.208   -0.143074354953    1.296799212014    1.2524    1.3907  -0.897  132
58464.227   -0.439647577805   -0.134802019147    0.1529    0.0880   0.035  583
58466.269    0.120413025456   -0.046702814416    0.3553    0.3403   0.259   27
58470.207   17.342950503363   -4.501601983975    1.4598    0.5556  -0.622  154
58473.271   -0.437158445980   -0.111502794198    0.1239    0.1509  -0.388  177
58479.206    1.045965396431   -0.427499981015    0.6839    0.2406  -0.463   22
58481.840   -0.468531736863   -0.121402791819    0.4042    0.4115  -0.234   36
58486.208   -0.056213954903    0.307897221319    0.1463    0.0989   0.237  175
58491.249   -0.340392385098   -0.480700816752    0.0481    0.0608   0.051  199
58494.386   -0.166825882306   -0.087202795385    0.1464    0.1220   0.095  107
58498.207   -0.330643639181   -0.111700779826    0.1242    0.1262   0.024   35
58505.161  -11.527861448668  -21.240900008479    0.3853    0.3460   0.437  129
58506.249   -0.201310658717    0.069397185598    0.0429    0.0433  -0.202  245
58508.269   -0.264992079840    0.167497171333    0.0994    0.1131  -0.113  183
58512.207   -0.713818401995   -0.008499620208    0.2132    0.1569   0.135   26
58514.248   -0.265925504274   -0.047502021516    0.1443    0.1284  -0.005  460
58515.271   -0.488549566480    0.026197182024    0.2123    0.1378  -0.021  391
58519.249   -0.255864343449   -0.292402825153    0.0333    0.0343   0.015  218
58534.249   -0.864256863073    0.162997218922    0.0445    0.0686  -0.043  342
58536.269   -0.286305483328   -0.431902782339    0.4693    0.3188  -0.034   29
58540.207   -0.193168628150   -0.042602414396    0.1197    0.1134  -0.053   66
58543.271   -0.186790157103   -0.399301200105    0.1657    0.2375  -0.064   73
58547.209   -0.276555463982    0.035697576095    0.0909    0.1235   0.101  131
58547.249   -0.163921046224   -0.165999591673    0.0428    0.0674  -0.608  253
58550.269   -0.482482236910   -0.584301579920    0.3856    0.3469  -0.071   46
58551.686   -1.954300281837    0.316799975053    0.3403    0.2443  -0.015   63
58554.207   -0.561875170740    0.193500000023    0.1439    0.1450  -0.014   46
58557.436   -2.587221050572   -0.240602417989    0.3828    0.5244   0.728  126
58561.209   -1.338544788027    1.206997177405    0.0623    0.0846  -0.630  948
58561.249   -0.701787032206   -0.130701619128    0.1063    0.0458  -0.835  283
58562.228   -0.884740202222   -0.142700417882    0.6123    0.5345   0.743   48
58568.207    0.030647718578   -0.271202401336    0.1046    0.1030  -0.028   99
58575.209   -0.223246415908   -0.297201597732    0.0850    0.0774   0.167  182
58575.209   -0.355016176061    0.871297197591    0.0661    0.1509  -0.030  858
58575.249   -0.445611618025    0.429300013138    0.0923    0.1370  -0.394  303
58585.271   -0.808250831045    1.106798390538    0.2311    0.3321  -0.408   52
58589.249   -0.894333377400    0.476697618979    0.2878    0.1941  -0.744  162
58593.332   -0.694578426074    1.011797979800    0.2750    0.2470   0.048   90
58597.208   -0.008400961401   -0.184499992884    0.1031    0.1443   0.272  101
58599.271   -0.430365544105   -0.234201598914    0.1758    0.1548  -0.022   78
58601.083    0.658330019398    0.446997574954    0.7488    0.5168  -0.206   21
58603.209    0.022505688011   -0.342702020362    0.2157    0.1893  -0.015   39
58603.249   -2.805851281521    1.429099194183    0.3891    0.2921  -0.252  166
58606.269   -0.758312128587   -0.536302803766    0.3189    0.4349   0.449   17
58610.083   -0.468842949087   -0.408801594176    0.1370    0.1472   0.126  362
58611.208   -0.549014939296    0.011300375036    0.1204    0.1224  -0.444  127
58613.271   -0.233255295343   -0.000702004854    0.2193    0.1471  -0.085   35
58617.209   -0.524901262505    0.066999615456    0.0774    0.0677   0.003  633
58617.249   -0.447270614764   -0.494701214393    0.2134    0.1554   0.034  111
58620.269   -0.048953067381   -0.292301990612    0.1796    0.1997  -0.159   62
58622.004   -1.147087508752   -0.164001625080    0.3168    0.2848  -0.083   72
58627.271   -0.154068940212   -0.133801194124    0.2139    0.2480  -0.314   33
58632.210   -0.505818130753    0.182797214165    0.1191    0.1187  -0.114   79
58634.270   -0.369898897858    0.120600003584    0.4059    0.4063  -0.014    8
58638.207   -0.230921734257   -0.120099616652    0.1254    0.1463   0.133   96
58641.271   -0.641113807260   -0.032101195302    0.3334    0.2817   0.155   20
58646.250    0.841698822926   -1.250200813274    0.5705    0.3390  -0.814  193
58648.270   -0.062954575387   -0.037602023895    0.2578    0.3510  -0.124   17
58652.207    0.534857860550   -2.611800005070    0.5290    0.7693  -0.164  423
58659.209   -0.243574113572    0.080197173702    0.1764    0.1409   0.119   46
58659.249   -2.101263976012    0.810097179738    0.4479    0.2704  -0.517  212
58662.270   -0.435291526365   -0.150202794202    0.1554    0.1702   0.013   55
58673.209    1.446770872955   -2.051100000244    0.6064    1.2036   0.703    7
58676.270    0.465835955594    0.215697616568    0.3836    0.2570   0.664   63
58680.207   -0.197888102458    0.233197192756    0.1063    0.1138  -0.022  152
58683.271   -0.647958990525    0.193500000023    0.1536    0.2190  -0.062   63
58687.249   -0.123627800333    0.449999998864    0.2925    0.3884  -0.049  269
58697.271   -0.043612583547    0.031100421438    0.1131    0.1319  -0.001  191
58701.209    0.276348814537    0.286297193952    0.3807    0.2866   0.601  391
58701.249    1.827508785334   -2.488802380185    0.0791    0.1436  -0.392  571
58704.270   -0.350556906018   -0.005000390502    0.3241    0.2458  -0.362  125
58708.207   -0.546836948949   -0.081702017951    0.1511    0.1310   0.025  191
58711.272   -0.152513232821   -0.071802020329    0.1172    0.1367  -0.011  147
58715.209    0.022765821530   -0.496800015526    0.1590    0.1994  -0.128  185
58715.249   -3.720254699181   -5.805899991174    0.1911    0.2045  -0.279  485
58718.270   -0.228535821035    0.052999217814    0.2589    0.1990  -0.659  135
58722.207   -0.338836677707   -0.156002391805    0.0915    0.1239  -0.077  329
58725.272   -0.072963454823    0.060598796381    0.3112    0.1629  -0.164  108
58729.209   -0.305596467209    0.156898801151    0.1082    0.0993   0.161  129
58730.228   -0.605695606416   -1.487199585881    0.0286    0.0299   0.471  644
58732.248   -2.085706689869   -0.442900807229    0.1013    0.2720  -0.277  430
58732.270   -0.818777501403   -0.259300804828    0.1989    0.1775  -0.129  100
58736.207   -0.486733725570    0.160797583248    0.1153    0.1327  -0.250  210
58743.209   -0.207481277635    0.095400014288    0.0791    0.0894   0.103  244
58743.249    0.649617987265    0.281098817823    0.0919    0.0629  -0.146  534
58744.228  202.475280087795  127.306497580548   37.1647   25.1899   0.645    3
58746.270    0.241084911001   -0.129801628646    0.1339    0.1171  -0.137  160
58753.268   -0.259339181098   -0.007502427479    0.1607    0.2282  -0.392   84
58757.209    0.547562521255   -0.422499590513    0.6388    0.6996   0.346    6
58757.249   -0.802805784432    0.223498813057    0.2458    0.1395   0.122  301
58765.208   -2.154625305476    0.149097604663    0.3537    0.1728  -0.106  149
58767.272   -0.248863589446   -0.614699996504    0.1305    0.1260   0.125  107
58785.209   -0.469776373522   -0.315701998943    0.2609    0.1474  -0.152   72
58785.249   -0.496483744917   -0.379000817929    0.2074    0.1514   0.488  221
58799.205   -0.839365332586   -0.171302383478    0.3198    0.2717   0.000   39
58802.248    0.071615528815    0.584100013157    0.0281    0.0220   0.174  131
58806.207    0.057042745811   -0.873500414400    0.1758    0.1971  -0.084  387
58813.209   -0.333132771006    0.176799579776    0.1777    0.1542   0.206   47
58827.209    0.193946481845    0.163098002304    0.2158    0.2027   0.150   25
58827.209    0.191198419186    0.852897579762    0.0980    0.1512   0.637  715
58834.083    0.108330647708   -0.520902028711    0.1864    0.3407  -0.791  580
58835.208    0.032825779671   -0.699202820442    0.2276    0.2585   0.098   48
58844.270    0.752192446881   -1.027702825240    0.2061    0.2925  -0.374  114
58848.207   -0.367150835199   -0.079901985828    0.3636    0.8288  -0.733   61
58851.268   -0.440788854368   -0.628599610764    0.7588    0.7348  -0.385   37
58856.206    0.768579797364   -0.742802427567    0.5318    0.4931  -0.152   48
58858.248   -0.486474865482   13.154799592030    0.1624    0.2391   0.197  627
58868.913   -0.475118060039    0.043898376134    0.5659    0.5069  -0.222   15
58870.250   -0.043093589940    0.292899579790    0.1537    0.1119   0.273  614
58876.207   -0.259598041187    0.100800008340    0.0833    0.0882  -0.007  190
58883.209   -0.111286562496    0.077198382087    0.0904    0.0643   0.081  492
58890.208   -0.839624192674   -0.487101584667    0.1997    0.1505   0.070   50
58893.272   -0.147949329253    0.382899600027    0.2424    0.2941  -0.292   43
58897.209    0.099151832612   -0.041302820364    0.0861    0.1259   0.134  331
58900.270    0.055020326204    0.520398009485    0.1935    0.2238   0.276  143
58907.268   -0.307152174600    0.709797609488    0.9180    0.8609  -0.665    6
58911.209    0.218268010766    0.776699971539    0.3931    0.5235  -0.006  193
58911.250    0.170092867827   -0.750002402583    0.1223    0.0779   0.056  604
58914.270    0.077578295604    0.021798012995    0.3762    0.4390   0.116  144
58918.208   -0.086394961263    0.275698772612    0.1975    0.1734  -0.148   48
58925.250    0.017009633439    0.042998385652    0.1074    0.1066  -0.079  740
58939.250   -0.367047545850    0.189899986935    0.1034    0.1381  -0.268  228
58946.208   -0.071977748999    0.029300389315    0.0818    0.0762  -0.021  152
58947.227    1.638540567138    0.315197979717    0.5827    0.3482   0.345   42
58954.207   -0.189383851707   -0.235000806015    0.0598    0.0635   0.063  372
58960.208    2.725628141860   -2.138900384807    0.7875    0.4227  -0.984 1116
58967.210   -0.681043630284   -0.144702016769    0.2548    0.3824  -0.251  143
58968.229    2.128126918147    0.026798403496    0.3735    0.4218   0.007   24
58974.208   -0.239373632871   -0.004500003570    0.0978    0.0935   0.172  277
58981.988   -6.653727612291    4.452897621832    1.0651    0.8575  -0.460   36
58983.251    0.125650219940   -0.000500386932    0.1813    0.1703  -0.198  134
58990.249   -0.452248949160    0.422197189209    0.7262    0.6070  -0.130   17
59003.209   -0.319390123087   -0.196902027483    0.1412    0.1344   0.061  170
59009.210   -0.213859748682    0.400697996383    0.1684    0.1796  -0.174   72
59009.250    0.445300405800   -0.378802781142    0.2603    0.2664  -0.497  419
59011.270   -1.251113112980   -1.242100796617    0.9902    1.5231   0.700    3
59016.208   -0.023180323103    0.274298395198    0.4198    0.6193  -0.498  133
59017.230   -9.284871043711    6.531699597190    3.7326    3.4928  -0.574    3
59023.206   -0.107448301979   -0.117500428587    0.0699    0.0785   0.065  433
59023.250   -0.082661263526   -0.351601192961    0.1874    0.2630   0.269  766
59037.210   -0.119065170195   -0.217799998836    0.1654    0.0843   0.334  667
59047.269    0.296313089333   -0.278499578599    0.3249    0.4566  -0.117   10
59065.206   -0.280497013848    0.271497589210    0.2791    0.3044   0.101   68
59073.209    0.834645787532   -1.614301191921    0.2693    0.3908  -0.274   95
59080.207    0.348170992796   -0.168102025100    0.2053    0.1488   0.736  828
59101.209   -0.414963828701   -0.898599620314    0.1515    0.3337   0.673  194
59107.206    0.000000000000   -0.152301595335    0.0976    0.1042   0.027  465
59116.250    1.894716052065    3.307399180130    0.9241    1.6047   0.593    6
59117.269   -0.418904175883   -0.944301609707    0.4049    0.4127   0.232   45
59121.206   -0.063214708906    0.270399613100    0.1203    0.1133   0.107  191
59130.250   -0.375604007244   -0.770202001377    0.8047    0.5034  -0.450    7
59131.269    0.024788241137   -0.140202013199    0.3645    0.4005   0.081    7
59136.207   -0.077578366351   -0.230400019063    0.0786    0.0708  -0.024  292
59138.271    0.542066466682   -0.101199611890    0.5864    0.6781  -0.286    6
59145.269    1.293792201347    0.862498808374    0.4588    0.7109   0.001    5
59149.206    0.276815526754   -0.118900806001    0.3354    0.2960   0.091   33
59163.206   -0.179841684489   -0.076701627449    0.0947    0.0578   0.217  868
59166.271    0.162884261694    0.197697602289    0.2574    0.3766   0.274   48
59170.208   -0.332250354531    0.025099205914    0.2176    0.2148  -0.187   32
59180.271   -0.010059958141    0.462398401169    0.5776    0.8654   0.189   29
59191.206   -0.207689129764   -1.340002796724    0.2815    0.4363   0.295   93
59194.249   -0.065184847124   -0.491201984687    0.0524    0.0890  -0.097 1324
59205.206    5.301181245511    0.809197189255    0.3000    0.2509   0.007   64
59206.251    0.183211959359   -0.801302422815    0.0661    0.0958  -0.219 1200
59212.208   -4.673602304786    0.210599972661    0.3588    0.3474  -0.148   69
59213.293    0.066326052941   -0.357602408485    0.5970    0.5630   0.602   62
59222.249   -0.182330887060   -0.367801226275    0.0520    0.0863  -0.168 1044
59222.271   -0.159720565523   -0.312901192956    0.6947    0.6534   0.551   88
59231.585   -1.171718976466   -1.184202022841    0.9258    0.5969   0.183   19
59233.206    1.304111019576   -0.070801195307    0.4846    0.6308   0.112   14
59236.249    0.104077885618   -0.288399627379    0.0883    0.0949  -0.237  738
59247.207    0.314359507302   -0.152701198886    0.0983    0.0897  -0.009  314
59247.250   -0.023439183192    0.467499575052    0.0667    0.0829  -0.311  757
59254.208    0.282363862716    0.346798788087    0.2382    0.1792   0.400  366
59257.269    0.434358101931    0.676400401289    0.3376    0.3627  -0.106   40
59262.248    0.838949557582   -0.691801227504    0.1095    0.0863  -0.194  910
59264.267   -0.433476958886   -1.169002814549    0.4454    0.3780  -0.336   47
59268.208    0.112893277846    0.049597190355    0.0823    0.0774   0.076  696
59271.269    0.511988678925   -0.593499623847    0.2999    0.2310   0.128  109
59271.737   -0.061139937162    0.387298820215    0.0975    0.0956   0.071  162
59275.207    0.100136335751    0.010400384554    0.2866    0.2458   0.421  111
59278.249    0.073222314911    0.032497217717    0.0521    0.0789  -0.038  665
59278.271    0.545228889423   -0.015501609596    0.3342    0.5145  -0.478  115
59282.208    0.181138531791   -0.094899627356    0.1932    0.1872   0.057   65
59285.269   -0.561252887784    0.223797582066    0.3767    0.3282  -0.239   15
59289.207    0.077786147733    0.188499609521    0.2632    0.2437   0.079  132
59289.250    4.015842216209   -4.951601982839    0.0454    0.0512  -0.389  939
59292.271    0.130991906458    0.234698404711    0.2382    0.3083  -0.046   33
59296.187   -0.109004009370   -0.289800004794    0.4377    0.5590   0.271    6
59297.209    0.094017998223   -0.128300416691    0.1215    0.1308  -0.004  140
59303.207    0.709876781383    0.195397183234    0.3060    0.2834  -0.002   83
59305.270   -0.090543160574   -0.274201192951    0.2991    0.4663   0.529   29
59324.209    0.459819704730   -0.231400792927    0.1125    0.1722  -0.274  484
59331.207    0.172115287434   -1.122800387066    0.7100    1.1495  -0.111   28
59332.229    1.121054560210    0.816800400116    0.4948    0.3150  -0.192    9
59338.209   -0.150438531824   -0.066200408355    0.1220    0.1037  -0.032  403
59345.207   -0.454426939507    0.205999185710    0.2336    0.2429  -0.088   80
59353.209    0.206133422374    0.038797202251    0.0875    0.1049   0.035  217
59360.208   -0.100655329358    0.001598414201    0.1118    0.1089   0.159  815
59362.249    0.063992491855   -0.136501216730    0.1807    0.2264  -0.338  869
59373.207    0.015246073919   -0.415202413251    0.3441    0.2841   0.352   40
59375.249    0.012237948488   -0.359099988145    0.2311    0.2121  -0.422  934
59380.209    0.570380624174    0.426697192779    0.2220    0.1932  -0.055   68
59387.207   -0.711691419608    0.225298794021    0.3773    0.3631   0.387   22
59390.249    0.828422957970    0.445399211912    0.1972    0.4293  -0.421  767
59402.208   -0.546006813864    0.538797576155    0.1168    0.1387   0.607  823
59403.249    1.612507760088    2.804400014611    0.2376    0.3220   0.855  574
59404.249    0.397901843126    0.215899183331    0.2367    0.1795   0.419  828
59408.209   -0.190731777715   -0.241599610717    0.1311    0.1275   0.102  170
59410.250   -0.944427721343   -0.203500781026    2.0024    1.4032   0.720   12
59415.207    0.112531057662   -0.196200022629    0.1455    0.1460  -0.137  280
59416.230   -1.098237730721   -1.385801988363    0.3470    0.3322   0.090  153
59418.249    0.412577915479    0.033098388030    0.1485    0.1903   0.220  582
59422.209   -0.134777956331    0.913197607133    0.1155    0.2285   0.407  286
59425.251    0.022350117272   -0.159300003588    0.0723    0.0675  -0.106  886
59429.207    0.270540345056   -0.147002384665    0.1282    0.1210  -0.215  282
59431.249    0.135244668548    0.281199601204    0.2652    0.6224   0.910  554
59437.210    0.015142784570    0.102599989305    0.1094    0.1339   0.317  402
59444.208    0.142918713467   -0.199400381007    0.0702    0.0749   0.069  716
59457.207    0.084890261832    0.130798821374    0.0804    0.0926   0.044  675
59460.250    0.133584398378    0.193100396473    0.0473    0.0521  -0.019  470
59471.207   -0.479110688611   -0.031701591752    0.2175    0.1763   0.108  140
59485.207    0.503743359009    0.396399610736    0.1462    0.1734  -0.131  249
59487.249    0.074571443603   -0.607500021488    0.2903    0.2549  -0.321  233
59488.250    0.410814355960   -0.339400827443    0.4265    0.3685   0.225  510
59492.209   -0.513492175672    0.408297574950    0.1322    0.1357  -0.084  172
59500.208    0.509032834883   -0.202201186994    0.0902    0.0938  -0.093  231
59506.209    0.407910793307   -0.048099610694    0.1339    0.0851   0.138  346
59509.270    1.691330692351   -8.667399623619    0.1871    0.2707   0.221  156
59513.207    1.052655008956   -0.541602014437    0.1992    0.2009   0.145   50
59516.250    0.649255837827   -0.365000420288    0.5776    0.8151   0.433  611
59523.270    0.008764313523    0.020699985726    0.1386    0.2052   0.440  255
59527.207   -0.022350188018   -0.098099985735    0.1850    0.1671  -0.002  102
59534.209   -0.244351967267   -1.203102027603    0.1919    0.2371   0.372   40
59542.248   -0.219668218163    0.058399211866    0.1042    0.0908  -0.015  140
59543.249   -0.034381487061   -1.231102822885    0.0573    0.0623  -0.031  574
59555.207    0.405213738608    0.196297173716    0.1221    0.1440   0.347  608
59558.250    0.140637433771   -0.327502812070    0.0762    0.3379  -0.089  293
59562.209    0.138614943418   -0.453002422773    0.1100    0.1937   0.099  602
59564.251   -0.730464612566    0.958399209594    1.4542    0.6597   0.595   10
59569.207    0.634371913345    0.350999971488    0.2286    0.1749   0.860 1346
59576.209   -0.152460951432   -1.188500408489    0.6218    1.1203   0.574  988
59590.209   -0.030284366456   -0.042102027464    0.1257    0.1310  -0.212  601
59593.248    0.156661361386    0.008899172599    0.1029    0.1002  -0.524  831
59594.585    0.356935306319   -0.978400822760    1.1620    1.3128  -0.157    7
59598.208    0.010837741090    0.148597217731    0.1150    0.2066  -0.215  178
59600.250    0.199599380587   -0.149900392898    0.0265    0.0288   0.006  280
59607.248   -0.843046748933    0.024699602363    0.3410    0.1982   0.564  483
59614.250    1.667632649071   -0.232002014400    0.1295    0.0643  -0.876  459
59621.248    7.863872844287    5.962698008943    0.1336    0.2197   0.708  556
59628.250   -0.553163138607   -1.413802783645    0.0666    0.0775   0.484  585
59635.248    0.230454951294   -0.347202023931    0.0743    0.0388  -0.647  602
59635.270    0.075141445169    0.033497991581    0.1430    0.0863   0.025  414
59642.250    0.261102740618    0.025199989295    0.0242    0.0305  -0.267  581
59642.272    0.367565266026    0.381200402444    0.1357    0.1486   0.027  287
59646.209    0.035056051407    0.277398021353    0.0948    0.2145  -0.206  207
59649.248   -0.070993316605    0.144097214161    0.0794    0.1079  -0.146  422
59649.270   -0.123005517377    0.042800400024    0.1213    0.2132   0.035  407
59656.250    0.191250700576   -0.146001610801    0.0364    0.0456   0.356  349
59656.272   -0.152460951432   -0.090802808472    0.1625    0.1754  -0.170  230
59670.272    0.364764921977    0.163497605854    0.1432    0.1352   0.233  139
59677.248    0.466664887994    0.501199184555    0.0824    0.1239  -0.568  743
59683.249    0.866745994898   -0.044902782292    0.6409    0.7554  -0.389  298
59683.271    0.322864960736   -0.042501579856    0.2255    0.2166  -0.711  145
59689.206    0.010526599612   -0.111599996444    0.1299    0.1433   0.043  153
59691.248    0.281949431889   -0.231001189377    0.0392    0.0402  -0.528  456
59691.270    0.375085013637   -0.212601622707    0.1147    0.1316  -0.255  298
59695.208    0.156142367779   -0.082602008433    0.1465    0.1862   0.028  228
59703.207   -0.186842438493   -0.084999578576    0.0969    0.1165  -0.325  480
59704.251   -0.090232019096    0.195699584538    0.0843    0.0700  -0.393  561
59709.208    0.085564755432    0.147599973843    0.1263    0.1492  -0.338  280
59716.209   -0.008970962967   -0.042001192924    0.1344    0.1351  -0.104   67
59723.208    0.121709872759   -0.082501225052    0.1192    0.1123   0.390  365
59726.250    0.172374147523    0.521899221440    0.1422    0.1185   0.422  438
59731.207   -0.239633766390   -0.643802400191    0.1976    0.2704   0.311  169
59733.248    1.735565488108   -0.106002016764    0.9473    0.5374  -0.173  567
59738.208    0.123316588109   -0.008002814411    0.1411    0.1485  -0.160  200
59739.227    1.831450335200    1.260698400074    1.6888    1.8995   0.655    9
59740.250   -0.118701747327   -0.330501603685    0.0823    0.0606  -0.203  636
59744.209   -0.269710280717    0.479300388179    0.3076    0.3352   0.403  145
59747.248   -2.038931683581   -0.422600425054    0.0812    0.0505  -0.337  877
59752.208    0.246167737430   -0.046101592943    0.1052    0.1102  -0.035  334
59758.210    0.136592523810    0.075099580954    0.2342    0.1554   0.061  180
59767.249    0.410296635783   -0.451400427437    0.1032    0.0925  -0.118  854
59772.210   -2.916152067447   -7.785302386765    0.2570    0.6547   0.722  395
59775.248    0.888526110603   -0.819900026272    0.1050    0.1515  -0.601  158
59786.210    0.566905715779    0.287499585738    0.1594    0.2135   0.122  171
59793.208    0.536465849330    0.025999196396    0.1620    0.1970   0.113  149
59795.250    3.537352607870   -0.239101206034    0.2224    0.0741  -0.138  281
59800.210    0.311714733992    0.218498371396    0.1437    0.2212   0.161  304
59803.248   -0.648477984132   -0.469799994107    0.3780    0.3429  -0.411  230
59808.209   -0.483777881528   -0.230601585827    0.3593    0.2390   0.853  329
59814.210    0.219875999546    0.007700413107    0.0834    0.0869  -0.054  672
59821.208    0.285683129626   -0.245102421559    0.0929    0.0913   0.027  305
59824.250   -0.045841581853   -0.204901209599    0.1921    0.2283  -0.928  736
59828.206    0.225787758376    0.017099972638    0.0951    0.1118  -0.211  635
59831.249    1.094192820760   -0.833101216813    1.9302    0.7918  -0.989  415
59835.208    0.667924468006   -0.141602390613    0.2094    0.1777  -0.249  278
59842.210   -0.098166197534   -0.138301197694    0.1480    0.1451  -0.194  123
59845.249    0.477243768996   -0.409402815649    0.0719    0.0629  -0.344  633
59849.208    0.563586448869    0.373499989337    0.1544    0.1190   0.252  226
59859.249    0.004978263650    3.977297978963    0.0697    0.1523  -0.339  508
59870.210    0.357816449364    0.158799616656    0.1037    0.1133   0.115   98
59877.208    0.417608531265    0.009698379699    0.2281    0.2496  -0.493   61
59879.250    0.196280042931    0.948499211972    0.2663    0.4057  -0.431  227
59884.206    1.081072455797   -0.252500382203    0.5932    0.4542   0.039   36
59891.208    0.029144292577    0.328697990426    0.1131    0.1199  -0.120  130
59898.206   -0.491867630705   -0.136900820280    0.1890    0.1594  -0.247   66
59905.208    0.347651999189   -0.172101590579    0.1013    0.1073   0.081  282
59913.207    0.408169653396    0.161899191653    0.2207    0.2268   0.370  176
59919.208    0.230972671470    0.102398371382    0.1572    0.1885  -0.106  205
59962.227    0.074985874430   -0.381301185826    0.3208    0.2367  -0.157   10
59968.206   -0.011615665531   -0.292802428703    0.1304    0.0868  -0.030  583
59975.208   -1.180535571379    2.038298413254    0.4725    0.4129  -0.523  115
59984.248    0.300357999295   -0.337201191769    0.5583    0.5382  -0.467  101
59984.248    0.570691765652    0.356698785708    0.2309    0.2950  -0.237  390
59990.227   -0.115175830972   -0.346100415527    0.3423    0.6595  -0.530   15
59996.206    1.181883355895   -0.840402026370    0.1347    0.2031  -0.306  194
60019.268    0.668235609484    0.201898785690    0.4031    0.3532  -0.313    8
60024.206    0.260169245437   -0.100299621408    0.2478    0.3168  -0.160  188
60032.227    0.039774252284   -0.016199982156    0.5031    0.2584  -0.136   16
60038.207   -0.836149284279   -0.617702420413    0.2587    0.6125  -0.167  128
60055.249    0.986536737398    1.399197583396    0.0180    0.0254  -0.090  562
60059.208    0.876235951472   -1.199401179974    0.1918    0.2726   0.262  207
60061.250   -0.571053985836    0.372599998855    0.3158    0.2462  -0.103   73
60062.269    0.231388375728    0.063899989300    0.3424    0.2447   0.495  190
60067.207    1.220673175785   -0.224200817911    0.3180    0.2247  -0.730  187
60069.271    0.707802080385    0.374198413056    0.3542    0.3671   0.263   66
60087.208   -0.971186171445   -0.379000817929    0.3292    0.3236  -0.189   65
60090.269    0.494201191791    0.307800019073    0.2363    0.2428   0.069   46
60096.270    0.169988305047   -0.094500023806    0.2577    0.2933   0.181   71
60101.208    0.245440962441   -0.265899609531    0.2744    0.2617   0.166   85
60104.269    1.490539027241   -0.163000800057    0.5082    0.5942  -0.170   15
60108.207    0.137940379072   -0.238499984562    0.3080    0.2493   0.172   46
60118.269    0.430209902620    0.162997218922    0.3109    0.3422  -0.450   33
60122.207    0.244767600779   -0.692200779895    0.1785    0.3784   0.160   85
60125.271   -0.494461325310   -0.543502778783    0.2745    0.3084  -0.096   59
60164.207   -0.288275621546   -0.465501608460    0.2491    0.2785   0.254  115
60167.249    0.121916451457   -0.619700387006    0.0620    0.0503  -0.070  187
60185.209   -0.398213055350    0.181800021437    0.2879    0.3456  -0.290  144
60199.209   -0.065754848690   -0.409201197726    0.2238    0.2880   0.144   90
60208.249    1.712074094273   -0.938199610800    0.0934    0.1404  -0.558  395
60220.207   -0.475429201517   -0.222501620328    0.3424    0.3320  -0.107   50
60223.249    0.692971639977    0.459799213104    0.1232    0.1089   0.557  575
60230.251   -0.473354500520    0.242197199896    0.1111    0.1136  -0.629  256
60235.211    0.066843843864   -0.250599617857    0.1289    0.1570  -0.208  177
60241.209    0.468376166124    0.537299996495    0.2314    0.1881   0.058  162
