%-----------------------------------------------------------------------------
%                R.A. (mas)        Dec. (mas)        Err. (mas)     Corr. Del.
% Uncertainty in R.A. is in R.A. cos(Dec.)!!!!
%-----------------------------------------------------------------------------
53572.467   -1.151310137196  -14.067601202328    0.3899    0.7834  -0.064   63
56463.249    1.851220173435    0.852400799545    0.6669    0.8348   0.033   72
56809.214    0.413189802106    0.208198795804    0.1615    0.3553  -0.097   90
57950.916    0.439944123309   -0.896601602562    0.1943    0.4209  -0.129   64
57952.187    0.000000000000    0.585899994121    0.2320    0.4848  -0.221   72
58363.696    1.729305112935    0.000000000000    0.2269    0.4815  -0.084   64
59230.577   -0.505593603411    3.860301595182    0.2931    0.5911   0.250   30
