%-----------------------------------------------------------------------------
%                R.A. (mas)        Dec. (mas)        Err. (mas)     Corr. Del.
% Uncertainty in R.A. is in R.A. cos(Dec.)!!!!
%-----------------------------------------------------------------------------
49914.167    0.605550620368    0.879699602763    0.4862    0.7190   0.646  121
56497.228   -0.376657797373   -0.174200398106    0.4499    0.4735   0.273   20
56498.251    0.119397169923    2.786000403177    0.1876    0.4850  -0.320   56
56526.251    0.595209233211   -0.484099199127    0.3195    0.4496   0.219   57
56561.249    0.084081954688    0.067399199821    0.3038    0.3517  -0.044   24
56568.251   -0.360549916140   -0.255099602242    0.2360    0.3677  -0.139   24
56771.250    9.155222450286   10.808200798351    0.2207    0.2672   0.117  112
56820.248    0.559301745310    6.620000400659    0.2569    0.4763   0.143   61
56896.227    0.278393754771    0.488898003681    0.2763    0.3268  -0.109   52
56904.248   -0.379023259408   -0.414799196591    0.1151    0.2423  -0.118   72
56931.229   -1.691785946161    1.837497603674    0.8374    0.4645   0.262   18
56959.229    1.130863413842   -1.958702397076    0.2981    0.3101   0.245   37
57009.250   -2.511157078298    0.542998797926    0.2685    0.4373   0.053  104
57051.250    0.740612374183   -2.035299596059    0.6232    1.6440   0.691   64
57057.230   -3.352693279136   -2.343401997251    0.2730    0.3172  -0.106  108
57121.251   -2.972634449720    1.543899600165    0.2339    0.2691  -0.114   77
57149.251   -2.248573254113   -1.341302397151    0.7107    0.4850  -0.209   27
57198.249    0.025122803401    1.530900001967    0.2744    0.3029   0.129   65
57280.207    2.552976406971   -0.614699996504    0.1340    0.1043  -0.176   65
57303.247   -1.474273507368   -2.703700796047    0.2342    0.3010   0.219   69
57352.290    4.508973818398    0.037400399577    0.2971    0.2118   0.282   77
57427.206    0.720220494850    1.378699202803    0.1811    0.2161   0.039   44
57478.228   -1.523185795107   -0.818499597699    0.5047    1.2000   0.619   22
57542.271   -2.918994866540   -1.629799201197    0.6012    0.7533   0.706    5
57568.229   -1.228389837083   -0.423601198918    0.2413    0.2319   0.147   99
57589.227   -0.761738244249   -2.071602000342    0.2985    0.4429   0.019   50
57625.248    3.169609460894    0.000000000000    0.2917    0.4766   0.072   59
57722.229    0.804742118253   -0.419399996332    0.3024    0.3426  -0.257  110
57736.229    0.028520206816   -0.549000000660    0.2896    0.3040  -0.124   97
57801.269   -1.810002199381    0.686199602740    0.1938    0.1371   0.070   78
57805.189    4.301065348992    0.930499197693    1.1458    0.8937  -0.010   80
57868.209   -3.303632217664   -0.764499599626    0.2976    0.3730   0.028   11
57934.272    1.224698111650   -0.071499599841    0.1656    0.1912  -0.223   25
58008.209   -0.109640999767    0.065098799951    0.1307    0.1445   0.172   39
58071.207    2.050126431254    0.900198002540    0.2751    0.1242   0.045   25
58141.208    0.000000000000    0.443397600236    0.1303    0.1260  -0.090   46
58158.272   -0.505807508826   -0.269600399605    0.1938    0.2106   0.122   19
58165.270    0.684901650988    0.481499998273    0.1854    0.2168   0.193   18
58232.210   -0.883944173549    0.772397998361    0.2961    0.1993  -0.208   23
58295.208   -0.411529715267    0.330098399814    0.5388    0.1741   0.536   15
58421.208   -0.216920166127    0.679899599021    0.1898    0.1699   0.090   32
58540.207    0.774154400049    0.213897603629    0.9819    0.2178   0.354   10
58743.209   -2.767977835443   -0.614199596782    1.4274    0.4720   0.765    5
58883.209    0.085557395001    0.803897997770    0.1919    0.2917   0.207   32
59437.210    0.752581402423   -0.369701997016    0.3676    1.6427   0.341   14
