%-----------------------------------------------------------------------------
%                R.A. (mas)        Dec. (mas)        Err. (mas)     Corr. Del.
% Uncertainty in R.A. is in R.A. cos(Dec.)!!!!
%-----------------------------------------------------------------------------
52676.249    1.988136108993    2.771499612209    2.5220    1.7266  -0.059    9
52752.229   -0.922154319439   -0.208400388146    0.9333    1.3732   0.545    8
52773.234    1.888177940953    0.850697995247    1.3147    1.2643   0.269    7
52780.229    0.760472417162    0.486500388774    1.0795    5.1758   0.596    3
52815.231    0.160844733059    0.474998395816    1.0986    0.6913  -0.517    9
52860.679   -0.951877096841   -2.576699992574    0.2237    0.7392   0.648    5
52872.433    0.526159217893    2.388797997810    0.3202    1.0537   0.385    5
52878.229   -1.694612972272   -0.409802393619    1.5891    0.9519  -0.488    4
52982.081   -3.688139666177    0.789199208384    1.6792    1.1098   0.196    4
53151.228    4.209866138468   -1.729202406864    1.6181    0.8272  -0.547    3
53165.232   -1.558457209676   -2.291000387800    0.8388    1.0246   0.086   25
53411.249    0.170791676840    0.952099199480    0.7389    1.3948   0.223   11
53523.418   -7.588063850162   19.581699589821    0.3091    0.5941  -0.110   54
53529.229   -1.901478793910    2.386299593127    1.4078    0.9230  -0.201   13
53719.250   -0.358842283833   -2.015002795019    1.0919    1.2924  -0.009    8
53789.250   -0.841612427382    0.304898404124    0.7591    1.0067  -0.005    8
53892.207    0.693476151953    1.764997210785    1.1560    1.3942   0.068    9
54060.211    0.334751758551    0.299599193454    0.6064    1.2781   0.256   13
54173.241    0.820640030415    0.089697593353    1.0543    1.2102   0.354    7
54264.229   -1.324144010407   -1.380700788900    1.4913    1.3452   0.077   12
54391.230    0.672261924269   -0.524602799601    0.8934    0.9223   0.018    6
54523.231    1.310601490242    1.354298407819    0.7321    1.0313   0.460    8
54621.228    0.188410164631    1.947398402535    0.9010    1.0165  -0.203   12
54741.249    3.997604172591   -1.514602791985    1.2550    1.6343   0.169   10
54971.232    0.706897838514   -0.082400390511    1.9691    1.3894  -0.416    3
55035.249   -1.025227509110   -1.461002403857    1.0511    1.1724   0.101   12
55154.248    0.307186326980   -0.217702796590    0.2942    0.4073  -0.303   18
55174.227    0.408461891969    0.965898004779    0.8509    1.1426  -0.009   12
55523.209   -1.296817302870    1.378897201221    0.6864    0.8465  -0.212   26
55840.253    0.078384382717   -1.127199607254    0.5619    2.0610  -0.719    3
55896.253    1.178164917298    0.244799994675    0.7536    3.3565   0.462    4
55943.170    0.374545093001   -1.447599595394    0.9411    2.1193   0.258    7
56058.033    0.054293857435    7.827598793142    0.6072   13.6091   0.103    3
56070.233   -0.349252118027   -0.771001208477    0.5177    1.6516   0.674    4
56162.250    0.273148857917   -0.186299999427    0.2557    0.5193  -0.035   60
56183.248   -0.807333291112    9.960998400516    0.4196    6.1360   0.058   16
56189.228    0.404029146368    4.403897995076    1.6318    1.7235   0.389    5
56306.834    0.075749588817    6.459598807851    0.7943   12.7224   0.099   12
56421.245    1.326062632203    0.392198401755    1.3094    5.2348   0.073    7
56524.209   -1.569603659976    2.081498391249    1.7736    2.3070  -0.975    4
56538.187   -0.018337603067   -5.005400407754    0.3501    4.6793   0.050   21
56630.230   -1.864084472499   -2.532301203928    1.6310    1.5922  -0.071    7
56700.789    0.437108776119    0.251398799378    0.3739    1.2688   0.070   14
56799.250   -5.373165252306  -18.449701209988    0.5847    1.6136   0.500    3
56834.792   -0.826510843060  -23.801601611240    0.1799    2.8975  -0.037   31
56936.792    2.170672517805  -33.060200388491    0.2149    2.9690  -0.417   17
57011.551   -0.749084299655    4.648399195162    0.4395    1.5186  -0.306   15
57037.250   -0.936415954880   -1.393599603716    0.6467    0.6843   0.193   29
57043.208    0.833705102511   -2.076501607462    0.2469    0.2604   0.164   10
57046.458    0.518487673883   -0.195001186398    0.2649    0.5235  -0.118   52
57050.231    1.576797755917    1.341799196553    0.2759    0.8849   0.295   24
57051.250    0.750404803287   -2.096100010363    1.9265    1.6720  -0.826   41
57162.228    1.557502313538   -5.531400003633    0.2604    2.8051  -0.323   16
57288.228   -0.792113816360    3.841999205179    0.2134    1.5164   0.102   19
57392.208   -0.088331326497    0.123897589788    0.4797    1.5561   0.729    4
57401.233    4.224608165152   16.182597610737    0.2387    0.2476   0.090   34
57485.251   -1.450229215954  -31.126600791254    0.1815    2.8656   0.039   24
57520.253   15.978312237242  -20.395101594772    2.4674    1.4716   0.153    3
57590.254   -0.017258930152   -2.671901995654    0.2206    1.4215  -0.087   11
57716.294    0.200635287846   28.788800412372    0.1558    2.4294  -0.047   24
57772.228    6.939058388641   11.409699604314    0.4298    0.4535   0.090   28
57775.461    0.645772385949    0.879098394080    0.2437    0.6997  -0.185   20
57804.381   -0.863424936739    3.294500390894    0.2410    0.6123   0.011   21
57809.367   -0.249414783591   -0.768099593529    0.2783    0.7656   0.045   21
57839.792    0.601905863537   -1.244300406711    0.2247    0.4397  -0.093   77
57849.249   -8.145982357683  -18.741599990335    1.2344    1.1620   0.194    7
57872.197   -1.038413414809    3.048897607982    0.2675    0.6749  -0.348   35
57875.189   -0.393958425810    0.845099989988    0.2339    0.5940  -0.004   28
57891.252    0.843292488653    2.000898007282    0.2025    0.9066   0.102   11
57901.417   -0.270269290128    1.250999994795    0.3412    1.6998  -0.458   15
57970.691    1.105291953098   -0.619300809035    0.1831    0.3769  -0.041   56
57981.232    0.297837664872   -2.175602392640    0.3609    5.1986   0.006   10
58036.001    1.975910985778   -2.420600398523    0.8391    2.3593  -0.799   15
58048.076   -0.595793220175   -2.654200801544    0.5963    2.4279  -0.754   15
58080.996   -0.416849608082    2.939900406318    0.3127    2.3805  -0.371   18
58128.230   -0.205548261179   -1.264701597847    0.5083    0.5210   0.112   25
58203.797    0.732547427953   -0.219999608930    0.7528    1.2574  -0.025   21
58216.836   -0.113261800660    0.836297994056    0.3075    1.0155   0.172   28
58245.742    2.530354750519    2.603797190659    0.2267    0.5234  -0.431   28
58258.146   -0.127284712066   -7.399299605026    0.4697    1.7124   0.427   27
58296.227    1.740996561662   -1.471100387107    0.7965    0.9861   0.327    8
58301.297   -0.209264671167    0.391399194655    0.2134    0.5334  -0.009   21
58382.002    0.815727057082   -0.122400010127    0.2541    0.5287   0.170   38
58386.484    0.000000000000    2.080299606178    0.2690    0.7161   0.144   24
58425.726   -0.385329042489    2.023599591894    0.4435    0.6113  -0.076   36
58440.833   -0.093126409400   -0.892400393582    0.2051    0.4787   0.327   28
58512.780    2.230960801153   -0.177800404799    0.3350    0.7098   0.344   21
58532.913    0.894470997437   -1.213102808606    0.2656    2.1532   0.252   32
58540.733    5.536167494706  -19.540900788684    0.3994    1.2327   0.193   10
58601.083   -2.034758095399    0.351298791657    2.0334    4.4008  -0.898   10
58631.757   -2.558757187797   -6.651201599084    1.1381    6.2299  -0.046   15
58635.004    0.224967643844   -2.696000402125    0.8848    2.2004  -0.862   21
58702.228   -0.877088290508    4.028997602745    0.2676    2.4886  -0.325   13
58712.722   -7.035777431252    2.838697213292    0.3032    0.6158  -0.429   36
58747.059   -0.872655544907   -0.025901994150    0.2904    0.5825  -0.053   49
58795.122   -1.398092704350    4.518597592096    0.4596    1.9313   0.349   28
58803.501   -0.893150657314    1.629197998909    0.3222    0.8064  -0.343   21
58829.901    0.247018713727   -0.167601587009    0.2213    0.5816  -0.366   56
58899.905   -1.211002879842    1.670698804901    0.2093    0.5744   0.021   43
58942.891   -0.746328672152    2.452298409139    0.3413    0.9689  -0.135   21
59052.229    1.037455575498   -1.471802391961    1.0429    1.9932  -0.017   21
59177.188    1.714990194248   -0.242701193542    0.7702    1.0593  -0.530   12
59230.577   -0.037394321412    5.538499195268    0.3580    0.9168   0.580   25
59353.209   -0.275303260575    0.443498396407    0.3296    0.3198  -0.118    8
59501.227   -0.210702901720   -0.127000797079    0.4851    3.5806   0.526    8
59576.209    1.490022713913   -5.698000791199    0.8078    2.1004   0.241    8
59718.251   -0.513212036228    7.102400408598    1.0854    6.4748  -0.705    3
59821.208    0.002758570676    0.055998009429    0.1600    0.2603  -0.097   25
59842.210   -0.659435576208    0.000000000000    2.6931    1.6220   0.950    3
