%-----------------------------------------------------------------------------
%                R.A. (mas)        Dec. (mas)        Err. (mas)     Corr. Del.
% Uncertainty in R.A. is in R.A. cos(Dec.)!!!!
%-----------------------------------------------------------------------------
52971.087    0.026991148334    1.000396770223    0.5075    0.5783   0.130    7
53124.013    0.362509643170   -0.798202796659    0.3950    0.4686   0.033    5
53248.001    0.253482609099    0.444499170271    0.2572    0.3110   0.253    4
53255.003   -0.448735369463   -0.046000809562    0.2876    0.3133   0.418    5
53360.001    0.194303150589    0.655696783269    0.3402    0.3701   0.023    5
53445.229    0.616551527903   -0.057200401216    0.4345    0.4352   0.010    5
53555.874   -0.821023492728   -0.427100428624    0.8832    2.2509   0.527    8
53605.000   -0.248340566706   -0.708300029828    0.4420    0.6180  -0.015   11
53661.084    0.803813492789    0.004399169029    0.8834    0.5638   0.017    3
53885.000    0.191844731644    0.622598395239    0.2800    0.4390  -0.141    4
53913.201    0.034480303452    0.000000000000    0.2990    0.5288   0.120    5
53989.999    0.195811959761   -0.501001198927    0.3040    0.4422  -0.092    5
54151.169   -0.043475675680   -0.175201216734    0.2986    0.3121   0.271    5
54277.312    0.501489180910    0.259696776084    0.6632    0.6167   0.611    3
54495.918   -0.216040950311    0.503297985688    0.3326    0.5012   0.113    5
54578.113    0.018441153458   -0.199101611997    0.3757    0.8864   0.224    5
54706.229    0.185920801178   -0.179902838227    0.5263    0.6048  -0.281    4
55274.269   -0.391846608198    0.141598809478    0.6087    0.5769   0.036    5
55420.248   -1.835569620240   15.431299169677    0.7947    8.5086  -0.423    9
55425.209   -0.348147024048    0.441496797521    0.3370    0.2974   0.360    6
55503.208   -0.029449567279   -0.379400421480    0.2327    0.3276  -0.208   16
55505.271    0.546921558939   -0.223901997742    0.5288    0.5850  -0.246   17
55519.271   -0.123275754910   -0.750301222752    0.3359    0.4549   0.060    9
55523.209   -0.834715606233  -12.853702793336   73.9732  157.4024  -0.001   13
55530.207    0.152336360318    0.052898383274    0.2318    0.2388  -0.422   22
55533.271    5.685420678256   14.201099969569    3.0543    2.9421  -0.155    8
55537.209   -0.080525704297   -0.024299998813    0.1592    0.2084  -0.021   62
55544.207    0.141158928766    0.512100007199    0.3510    0.3648   0.035   17
55589.272   -0.205367903654   -0.212601622707    0.5312    0.9194  -0.134    7
55593.209   -0.333618055494    0.861397199969    0.1864    0.1837  -0.167   66
55610.270    3.805537231256   -1.986602421766    1.3256    2.0588  -0.009   19
55614.207   -0.036099199049    0.735199165547    0.1875    0.2362   0.131   69
55617.272   -0.438620149935    0.195397183234    0.6190    0.7517  -0.116   34
55621.209    0.149876645341    0.598298396426    0.2708    0.3170  -0.180   24
55624.270   -0.258288064534   -0.567900031001    0.4459    0.6102  -0.187   14
55628.207   -0.648682202804   -0.102902390609    0.2516    0.2780   0.231   33
55638.270    2.058093776651    2.224598387102    1.0865    2.1026   0.651   44
55645.272   -0.422861323892    0.271699207133    0.6158    0.5250  -0.141    8
55652.270   -0.217941465890    1.210899591797    0.6843    0.6249  -0.304    6
55666.270  -11.245999309628  -10.353103232319   62.6930  148.4464   0.029    9
55670.207   -0.872100925777    0.867196797572    0.3334    0.5116  -0.085    6
55705.209    0.000000000000   -0.940003224059    0.3134    0.3576  -0.189   17
55715.272   -1.333298475019    0.168897599906    1.2211    1.1173  -0.560    4
55727.208    0.203580066563    0.259199970287    0.2179    0.2466  -0.166   32
55733.209   -0.628174184334    1.172098808411    0.2705    0.3089  -0.066   18
55736.270   -0.885512715331    0.544499971511    0.5830    0.7267   0.085    6
55740.207   -0.726862090407    0.850597160706    0.4390    0.4461  -0.040   21
55754.208   -0.739827282814   -0.764301620393    0.3545    0.7604   0.183   20
55764.270    1.843393990048   -2.965100395613    2.1934    2.1815  -0.341   12
55771.268    1.039636836503    2.938697963373    1.2060    1.4258  -0.019    5
55778.270    0.306291463759    0.203896803441    0.4250    0.3775   0.001   29
55782.208    5.378236020204   -1.522602025261    4.1559    2.5623  -0.210    7
55783.227   -2.867660962380   -1.030600833474    1.4109    0.9649   0.362    4
55785.268   -1.343022064376   -5.859302393674    2.6944    5.3133  -0.453    3
55796.208   -0.799732290153    0.452898007097    0.5329    0.6342  -0.185   15
55799.268    0.314730152415    0.256096762996    0.6518    0.7529   0.307    9
55813.272    0.929381240976    0.798897588083    0.4620    0.5200   0.064   68
55817.206    0.365583600757    0.673599595302    0.2523    0.3604   0.057   17
55819.500    0.391066016156    0.764697591649    0.2990    0.3717   0.588    5
55821.498    0.260301182364    0.045698408258    0.2608    0.2819   0.168    6
55822.498    0.057838294802    0.394898398781    0.2133    0.4445   0.228    4
55823.499   -0.153452243287    0.083599201162    0.2372    0.2735   0.231    9
55826.498   -0.413753425651    0.517697986879    0.3607    0.4054   0.173    3
55828.499   -0.121263933111    0.153298788064    0.2984    0.2569   0.191    3
55829.500    0.410959715779   -0.107701214347    0.3313    0.4785  -0.433    3
55830.501   -0.090026604978    0.626997564268    0.4557    0.2780   0.356    9
55831.498   -0.236829216495    0.523097980931    0.3989    0.4226   0.514    3
55840.253    0.023023996454   -1.711400403792    0.8935    1.2314  -0.458    5
55876.270   -0.057279019167    0.929699990593    0.6445    0.7334  -0.244   26
55880.208    0.268012949922    0.859798785768    0.3219    0.5186   0.117    8
55887.206    0.308080596882    0.888098401219    0.4655    0.6959   0.400   11
55888.269    0.332947397403    3.289697986020    1.5254    2.7748  -0.083    5
55889.295   -1.094568819182    1.862197206037    1.1903    0.5756   0.166    6
55894.208    0.591069112504   -0.540302420404    0.2205    0.4381  -0.127    9
55896.253    0.431580260263    0.353998763103    0.7585    2.1699  -0.122    4
55897.269   -0.842259728327   -0.010000832162    0.8252    0.5625  -0.259   12
55901.206   -0.000838227317    0.817599607217    0.2300    0.4592   0.310    8
55904.270    2.383664697423    3.362698765841    1.6954    1.5560  -0.159    4
55908.208   -0.607664946070    0.369899976249    0.3094    0.3104   0.132   16
55943.170   -0.360888155510    1.381996776217    0.7183    1.1087  -0.337    4
55979.209   -0.248899842341   -0.462002429913    0.3365    0.4090   0.189   13
56055.206   -0.418782789556   -0.082101621501    0.5736    0.8378   0.765    4
56058.033    0.165524165164    3.863199577836    0.5507    2.3208   0.170    4
56069.206    1.835737189466    3.197498381269    1.1443    1.7082   0.940    3
56072.271    0.393132728693   -0.016502434619    0.5569    1.0647  -0.359    5
56079.269    1.026503998633   -2.266001990847    0.5977    1.4106  -0.790   10
56086.271    0.101091281805   -0.490802432296    0.5415    1.0149  -0.616    5
56097.206   -1.355818239051    0.412498809510    0.4023    0.3057  -0.410   10
56139.207    0.089747577058    0.548596790395    0.2342    0.3964  -0.296    4
56160.208   -0.333282764567    0.675198009503    0.3058    0.3305  -0.559   12
56183.248   -0.394641614102    2.181797987078    0.3774    1.2313   0.347   16
56280.540    1.827132227615   -3.199402829068    2.9203    1.8790  -0.603    3
56295.209   -1.538610039430    1.853499600202    0.5945    0.8481  -0.210    3
56303.270   -4.022695436804    2.641096762090    2.4383    1.5235  -0.624    5
56306.834    0.155408945637    2.108498387088    0.7362    2.5109   0.496    8
56310.271   -0.665167949945   -2.479802424205    1.3774    3.0258  -0.644    6
56313.540   -3.433750748350    1.858499990703    2.8654    1.9549  -0.454    4
56315.210   -0.589837958984    0.304898378545    0.5059    0.7634  -0.475    4
56392.230   -0.192123759564    0.682297201138    0.3004    0.4092  -0.236   10
56412.209    0.667068313050    0.318297605872    0.4437    0.4231   0.181    4
56421.245   -0.320876847794    0.521197165426    0.7759    1.2736   0.125   10
56427.228   -0.191005208295    0.213497980894    0.1645    0.2185  -0.055   32
56470.251    0.016877377311    0.531298780970    0.2618    0.2657  -0.176   11
56497.228    0.817001297635   -1.627603217003    0.7880    0.9810  -0.534    3
56538.187   -0.325067984381   -0.661500013166    0.3245    0.9078   0.403   18
56545.208    3.323103522651  -16.369300794850   69.1377  142.1214  -0.090    3
56573.208    0.285615876063   -1.371103218162    0.3878    0.6907  -0.247   23
56576.268    0.908257683864   -1.090202437126    0.8547    0.9859  -0.564   13
56581.207   -0.082872740786   -0.524602825180    0.2315    0.2670  -0.232   23
56583.270    0.194862426224   -0.033001236943    0.5625    0.6849  -0.454   21
56587.208    0.096285826371   -1.664600438289    0.5735    0.6234  -0.537   16
56590.272    0.242585501498   -0.414601191778    0.2271    0.2638  -0.162   98
56594.206   -0.068287432988    0.823399204819    0.4458    0.6626  -0.610   21
56611.270   -1.686977799362    2.022699601412    0.8387    1.5647  -0.594    4
56622.210    0.179438814871    1.051199984659    0.4253    0.5836   0.305    5
56625.329   -0.110647225699   -0.195400815528    0.2145    0.2160  -0.065   46
56627.283    0.434151357696   -0.204300039286    0.2968    0.2921   0.276   57
56631.271    0.098632862860   -0.072302407261    0.2882    0.2123  -0.038   50
56633.266   -0.691544855668   -0.907603208589    0.4349    0.2394   0.714   83
56635.260    0.268012949922    0.144496766552    0.4364    0.2492   0.617   82
56637.254    0.009500900681   -0.453402026324    0.2328    0.1926   0.107   78
56640.268   -0.175302721497   -0.233701211982    0.2505    0.2675   0.132   74
56642.207    0.182624154915   -0.321800416714    0.2273    0.1900   0.103   67
56646.272    0.850977368666    0.996397204744    0.6506    0.6709   0.109    3
56687.250    0.231577163914   -0.733402816877    0.1967    0.1836  -0.274   10
56700.789   -0.180108176931   -0.001000825023    0.2825    0.4023   0.042   11
56743.250    0.102377478538   -0.972601225158    0.1113    0.1445  -0.390   14
56834.792   -0.217493496475   -4.031503220858    0.1811    0.5760   0.337   26
56896.227   -3.614139172995    0.752198405962    0.8773    0.9273  -0.032    3
56932.270    2.237029731369   -0.500302826367    1.6120    1.5954  -0.331    3
56936.792   -1.355985884515   -8.215300823622    0.1863    0.6374  -0.309   12
56940.273   -0.961400609657   -2.152799999067    1.7022    1.0504  -0.250    4
56959.229   -1.089371733576    3.939098365890    0.4369    0.7041   0.125    4
56961.271    0.647956577737   -0.001202391786    0.2729    0.4291  -0.167    9
56968.269    1.068863791343   -1.417499998979    0.3787    0.6731  -0.787    6
56987.270   -1.438971227552   -0.484603231143    1.4140    1.3525  -0.469    4
57050.231   -2.670452871936    2.251897177530    0.2127    0.3072  -0.088   34
57121.251   -2.667322575105   -1.599901190730    0.6810    1.1206   0.365    3
57122.270    0.953633798886    0.297097182056    0.5613    0.6622   0.718    3
57136.273   -0.034200055738   -0.775400428665    0.2542    0.3355   0.043    7
57142.271   -0.774362629479    1.391497170289    1.2897    1.2608   0.031    3
57148.232    1.642720235609   -0.822801615641    0.3823    0.3344  -0.118   28
57149.251    4.478695900441   -2.862000019377    0.2865    0.2951   0.218   21
57151.497   -0.047052569657   -0.759301229891    0.3876    0.4027  -0.103   32
57161.209   -0.160941398406   -0.174801613184    0.3316    0.4267   0.066    4
57162.228   -0.441694183759   -0.797803193109    0.1916    0.4996  -0.328   16
57171.268   -0.114614377578   -0.628002021585    0.3884    0.3440   0.122   11
57185.268   -0.708085646021    1.452999589446    0.3357    1.7219   0.174    4
57196.207    1.122175582394    0.886096802333    0.2432    0.3586   0.227    3
57205.269   -0.048114781682    0.286999198806    0.1874    0.2592  -0.185   21
57210.207    0.667013346074   -0.091702798954    0.2628    0.3636   0.000    4
57220.270    1.128657492463   -0.884203200258    0.2649    0.4665  -0.512    4
57231.205   -2.397299175653    1.632697177456    0.3475    0.5233  -0.587    5
57241.268   -1.328269111115    0.475599591709    0.7554    0.3029  -0.058    4
57255.272    0.642033943303   -0.275803239447    0.2288    0.6574  -0.420    6
57259.209   -0.697132199176   -0.746301606114    0.4125    0.3697   0.418    3
57262.270    0.068064744312   -1.087300796598    0.2819    0.7383  -0.768    6
57288.228    1.140560472845    1.682899170419    0.2100    0.3873   0.027   21
57311.272    5.204721059561    1.326999591811    0.9391    0.8087   0.761    5
57339.268   -0.032802552786    0.282599978618    1.0293    0.7561  -0.480    3
57360.270   11.933913524138  -15.114502826918    0.8479    1.0890  -0.800    3
57367.268    0.578271641798   -1.260201594278    0.2715    0.3858  -0.251    6
57378.208    0.720212534874   -0.338202016792    0.2806    0.3042   0.168    6
57423.269   -1.315582870390   -0.126201615558    0.5752    0.5228  -0.161    4
57485.251    0.528759357164   -8.240000425985    0.1816    0.5765   0.350   32
57590.254   -0.072311000349   -1.310000402555    0.2257    0.3321  -0.202   14
57667.230    0.291986479912   -3.331501193315    0.3231    0.5090  -0.284    7
57679.207    3.326345125702   -1.135800010843    0.3674    0.4267  -0.036    5
57682.271    2.544327067909    1.046599197707    0.2782    0.6045  -0.239    4
57716.294    1.469875933058    5.987397611307    0.2012    0.4471   0.191   20
57731.269    0.043979908102    1.098997194049    0.2619    0.3943  -0.511    3
57735.207    0.731109566238   -0.844502426389    0.2041    0.3346  -0.454    5
57744.272    3.421625079292    1.584097179830    0.8531    0.7204   0.408    3
57764.207   -1.419915755246   -2.936602794534    0.9428    0.7179   0.797    3
57773.269 1537.760985828762 1369.868399962115    0.3020    0.3638  -0.418    4
57794.271    4.726088229642   -4.270903195902    0.5219    0.6384  -0.187    3
57801.269    0.545412749768   -1.516903211041    0.2292    0.3475  -0.323    6
57808.271   -0.735412085282    1.938099575227    0.6112    0.4775   0.000    5
57819.207    4.637793122512    3.563999962353    0.4826    0.4889  -0.359    3
57822.271   -3.888577693742    2.040998384700    0.7436    0.8339  -0.437    5
57864.271   -2.537005634491   -1.396900796635    0.4110    0.5145   0.422    4
57878.271   -2.482742937635   -0.811501189446    0.3737    0.5313  -0.168    3
57891.252    0.559048524029    0.906397184508    0.1991    0.2920  -0.203   10
57913.270   -2.774002496450   -2.415600033601    0.7717    0.7049   0.764    4
57927.270    2.844415649519    0.719298003560    0.6985    0.5985  -0.192    3
57981.232   -0.191620823174   -0.318801625099    0.3561    0.9289   0.339   14
58030.230   -4.366651248028   -8.798500795137    0.5430    0.2927  -0.034   20
58080.996   -0.146970333218    0.169999208310    0.2929    0.4229  -0.289   18
58082.022   -2.435298737807   -1.112302800266    0.3446    0.3885   0.528   51
58246.184    0.810239063614   -0.619700438165    0.5070    1.1010   0.520   16
