%-----------------------------------------------------------------------------
%                R.A. (mas)        Dec. (mas)        Err. (mas)     Corr. Del.
% Uncertainty in R.A. is in R.A. cos(Dec.)!!!!
%-----------------------------------------------------------------------------
53125.576   -0.353372503002    0.355399191676    0.2941    0.4034   0.118   45
53134.021    3.737337260010    0.364899585747    0.2550    0.4241  -0.198   45
54314.250   -0.677760550782    0.298699202972    0.3100    0.5639  -0.082   97
54608.250    0.023261541362   -0.681901204302    0.1787    0.3850   0.370   17
54754.208    0.117704533399    0.281296803450    0.2082    0.5055   0.002   13
54823.207   -0.453663611728   -0.375901217353    0.1697    0.3626   0.052   21
54893.207    0.051986746955    0.220197594558    0.1415    0.2238   0.199   29
54937.249    0.104104592718    0.509799588144    0.3160    0.3889  -0.177   27
54942.209   -0.007882922799   -0.174402009634    0.1562    0.2266   0.138   36
54943.228   -0.855209377693    0.501897582694    0.3942    0.3673   0.671  238
54949.207    0.005720139281   -0.284101216153    0.2395    0.2641   0.433   75
55019.208    0.398620320331    0.439999192281    0.5137    0.3719   0.099   82
55021.249    0.486836812610   -0.670499994726    0.2313    0.3169  -0.208   21
55026.206   -0.871606786600    0.046396780817    0.6228    0.3117   0.316   27
55032.999    0.600856012836   -1.855303213461    1.0269    1.0117  -0.298   13
55034.208    0.121008362101   -0.159800416100    0.2024    0.3775  -0.121   21
55042.251    0.127619140907    0.268397988634    0.1456    0.2121  -0.245  201
55061.208   -0.013346587031   -0.376700398874    0.2210    0.2393   0.503   97
55068.210    0.333412015765    0.745898395849    0.2799    0.3961  -0.193   78
55168.252   -0.299094821710    0.299897988043    0.0947    0.2389  -0.243  264
55180.206    0.203251708271    0.184996798680    0.0827    0.1240  -0.035  121
55274.269   -0.168931392815   -1.653202809848    0.3244    0.4774   0.236   27
55287.897   -1.720840070195    0.625899588158    4.6436    2.8487  -0.954    6
55293.207   -0.194608897933    0.114998391609    0.1855    0.3285   0.118  167
55349.207   -0.090504478626   -0.122101215538    0.1152    0.1852  -0.001   74
55379.271   -0.159016611896   -0.443001616190    0.3241    0.5051  -0.256   13
55386.269    0.082621729238   -0.397202398972    0.3238    0.4048  -0.419   18
55397.209   -0.602256134238   -0.065001597704    0.6273    1.2023   0.365   47
55400.269   -0.031906952866    1.152298787588    0.3820    0.6655  -0.320   21
55414.269    0.147067371689   -0.889401601967    0.2574    0.3281   0.045   38
55418.207   -0.145798002273    0.750898786350    0.3477    0.5527   0.032   11
55421.271    0.056562719651   -0.879400795384    0.2217    0.3532  -0.086   19
55425.209   -0.286763903622   -0.404902812079    0.3977    0.4406  -0.119   24
55439.209    0.230070258574   -0.167101200077    0.2093    0.3898   0.211   18
55449.271   -0.228929039978    0.276897583262    0.3743    0.3891   0.292   29
55460.207   -0.070928270437   -0.141102003681    0.2986    0.3107  -0.035    9
55470.269   -1.487081703871   -0.650502013855    1.5531    3.1555   0.103   15
55474.207   -0.140459367461   -0.546602404938    0.2813    0.3039  -0.148   55
55477.268   -0.383751183646   -1.643101194304    0.2515    0.4884   0.368   23
55495.209    0.630090700307    0.198496783810    0.2738    0.3651   0.012   15
55512.270   -0.404471385010    0.293399992302    0.4702    0.9292  -0.360    5
55519.271   -0.306849593689    0.067899605938    0.2833    0.3210   0.298   17
55523.209    0.287908070208    0.517597203498    0.3112    0.5667  -0.190   26
55524.268   -1.863965807073   -0.828403202036    0.4907    0.8893   0.671    7
55530.207   -0.566410667962   -1.237903194351    0.6282    0.5487   0.033    3
55533.271    1.842229936766   -2.219900397904    0.6447    0.8853   0.065   14
55540.270    0.095586985211   -0.097401613175    0.2941    0.5269   0.086   10
55546.249    0.652717556961   -1.573002003852    0.6041    1.0290   0.098    9
55551.209    0.188885984074    0.188899187492    0.1034    0.1882  -0.054   39
55558.207    0.201345052981   -0.375299995881    0.1806    0.2959   0.045  119
55568.270   -0.299222799118   -4.270302000009    0.3815    0.5421   0.070   17
55589.272    0.269857186250   -1.151902816332    0.3479    0.7436  -0.198   15
55593.209   -0.127493938077   -0.371800817334    0.1907    0.1761   0.251   78
55603.268    0.300998529011    0.784699204814    0.3204    0.7863   0.349   37
55615.230   -0.200200886396   -0.272901598919    0.1480    0.1719  -0.332   21
55621.209    0.437135104014   -0.279302417994    0.2269    0.4468   0.055   11
55642.207    0.848214319841    0.193697985651    0.4074    0.8697   0.166   20
55645.272    0.334812310578    0.332499595856    0.1862    0.4634  -0.014   21
55649.205    0.408916432309   -0.584200796538    0.1607    0.2760  -0.113   65
55650.228    0.146939220869   -0.004701595913    0.0994    0.1571  -0.171   94
55652.270    0.301126679830    0.597499189325    0.4513    0.7167  -0.685   35
55656.207   -0.224353067281   -0.445499995294    0.1981    0.2692   0.255   84
55665.247    0.010421141397    0.247798786290    0.1513    0.2532  -0.051   44
55671.270   -0.414386165930   -0.612100808439    0.2960    0.3889  -0.339   39
55680.270   -2.321186601154   -2.534202019433    0.8390    1.2569   0.709    6
55685.226    1.051847359169   -3.070800011074    0.5525    1.2503   0.040    5
55687.272   -0.227531866565   -0.977000394187    0.6159    0.6600   0.232    8
55694.270   -0.129019262309    0.596797184471    0.3152    0.6912  -0.226   37
55701.272    0.189014134893    0.131299182726    0.2922    0.5460   0.240   35
55708.270   -1.181632231584    0.133099189270    0.4911    0.7079  -0.137   12
55713.208   -0.578994766288   -1.323601196646    0.3611    0.6597   0.525   17
55722.270    0.233120907038    0.173296794514    0.7529    0.6985  -0.310    5
55727.208    0.007370492933    0.499298394629    0.2911    0.3967  -0.026   13
55734.228    0.066477500571   -0.211402812056    0.2330    0.2385   0.380   30
55740.207   -0.810846477321   -0.249202795999    0.3574    0.4698   0.112   39
55743.268    0.106773910124    0.765799200053    1.5240    3.1425  -0.813    3
55748.206   -3.393757109676    2.321499587765    0.4790    0.7215  -0.127    6
55750.270    2.467744490965    4.201200002285    2.3789    5.4641   0.957    3
55755.230   -0.161685929302    0.646797585091    0.3147    0.4764   0.684   19
55757.268    0.176558187387   -0.007902005450    0.4316    0.4479  -0.176   19
55761.206   -0.484676803670   -0.507902404934    0.3976    0.4091  -0.068   13
55799.268   -8.125997504736  -11.154902409771    1.5665    2.3677   0.896    4
55803.206   -0.087581980982   -0.517903211517    0.2685    0.4049  -0.024   16
55813.272    0.227529091987   -1.012600819195    0.5090    0.7809  -0.023   10
55817.206   -0.077029567365   -0.109501195311    0.1601    0.2386   0.030   52
55819.500   -0.089613665691    0.223999199989    0.1090    0.1324  -0.128   72
55820.497    0.063555002926    0.028699193422    0.1204    0.1179  -0.084  103
55821.498    0.050717724362    0.146998803530    0.0830    0.1117  -0.024  137
55822.498   -0.237827978543    0.199299597625    0.2156    0.1426  -0.173   75
55823.499    0.013471963272   -0.024102013185    0.1028    0.1256   0.126   78
55824.500    0.041690634977    0.031597201655    0.1149    0.1588  -0.018   66
55825.497    0.396713665041    0.007397986224    0.1138    0.1242  -0.267  116
55826.498    0.084147053470    0.048398405283    0.0935    0.1224  -0.082  131
55827.499   -0.028346822524    0.279698389249    0.0861    0.1115  -0.056  145
55828.499   -0.204014196976    0.054097193924    0.1032    0.1233  -0.147  102
55829.500   -0.021864194538    0.063097201064    0.1470    0.1195   0.442  137
55830.501    0.232867726799    0.160199994070    0.0745    0.0947  -0.024  146
55831.498   -0.164864728585   -0.002300419055    0.0914    0.2171   0.025  110
55832.499   -0.034957601330    0.145299605947    0.0672    0.0866  -0.082  151
55833.500   -0.041312251908   -0.029001594726    0.1319    0.2178  -0.217   75
55848.270    0.087450882173    0.326098802361    0.3452    0.4449  -0.362   24
55852.208   -0.285619910448   -0.336301201287    0.2194    0.3413   0.076   19
55862.270    4.416748164444    6.073297205944    6.9731    6.0899   0.944    4
55868.209   -0.137790050055   -0.013600794091    0.1441    0.2445  -0.027   34
55876.270   -1.160021217284   -2.558502018246    1.5310    2.5037   0.882    4
55883.269   -0.375743058017   -0.967903210380    0.2316    0.4217  -0.162   55
55895.231    0.164990104827   -0.325400404222    0.3108    0.3892  -0.432    3
55897.269    0.932108193072    0.377398797013    0.4044    0.3455   0.015   16
55902.229    0.002288159759    0.654299986991    0.1327    0.2791  -0.012   18
55904.270    0.161176620836    0.149597991594    0.3373    0.3305   0.248   30
55930.207   -0.214819617420    0.414399599435    0.3205    0.3131  -0.691   11
55936.208   -0.523447888991   -0.014400001191    0.2138    0.2459   0.077    7
55951.227   -0.026312016415   -0.266101201873    0.1820    0.2376  -0.190   14
55974.271    0.001144166585   -0.214801207221    0.2051    0.3056  -0.288   36
56002.271   -5.219208306478    4.756996793276    8.5344    7.6011  -0.976    3
56006.208   -0.260198533558    0.173700004780    0.3745    0.5443  -0.679    4
56009.273   -0.193464904759    0.273196786793    0.1874    0.3356   0.306   29
56013.206   -1.846680706632   -1.893801595543    1.4650    0.9358   0.869    3
56016.271   -0.887494713628    1.236099581092    0.3683    0.7601  -0.032   24
56021.249    0.033176322281    0.038296789739    0.2392    0.3534   0.228   14
56022.268   -0.859657372981    0.239896780840    0.8062    1.1002  -0.111   18
56030.271   -0.623229515840    0.552599988168    0.4713    0.4499   0.308   17
56058.267   -0.118723323742    0.485899192881    0.3754    0.4228  -0.011   12
56065.269    0.528149237929    0.599896785047    0.2974    0.5983   0.461   17
56072.271    0.527639756051   -0.550900816165    0.4851    0.4940   0.166    4
56078.250    0.593482571914    0.517798795840    0.5340    0.7864   0.684    3
56086.271    0.372945763202   -0.802602016847    0.4846    0.4841  -0.312    6
56093.269    3.311004628452   -3.413700017063    1.8305    1.8610  -0.937    5
56098.251   -0.832963852098   -0.744400816188    0.4475    0.5934  -0.062    6
56100.271   -0.003306776692   -0.879202809756    0.5174    0.4684   0.079   15
56107.273   -0.071690932553    0.200296790354    0.2258    0.4128   0.000   28
56119.231   -0.051608363886   -0.492001217367    0.3246    0.5589   0.184    4
56128.271   -0.291977509015    0.150299996449    0.3247    0.2876   0.115   10
56132.208   -0.236555834549    0.327297587432    0.2051    0.2665   0.010   18
56135.273   -0.366844292863    0.299599193454    0.2754    0.3962  -0.229   30
56142.271   -0.200075683565    0.158198395184    0.5378    0.4490  -0.363   15
56163.269   -0.621069680312   -0.887302800834    0.2546    0.5049   0.048   22
56184.271    1.650290182827   -1.931101218133    1.5110    4.9479   0.516    3
56191.269    0.544671676254   -0.692503206778    0.4542    0.5151  -0.387    4
56205.269    0.484167495203   -0.315403204354    0.3674    0.7746   0.116   12
56211.208   -0.327566673653    0.333496788585    0.4110    0.4850  -0.721   14
56267.249   -2.437112456671    4.602600003523    0.1386    0.3011   0.066  170
56275.270   -0.046269555662   -0.162302401918    0.2878    0.5651   0.183   17
56324.271   -0.387945825285    1.022399982276    1.3280    2.5897  -0.909    4
56338.271   -0.217742288476   -0.977803208002    0.3057    0.9313  -0.659   10
56629.208    0.010167961158    0.043200003574    0.1562    0.3478   0.103    5
56636.206    0.311422791808    0.289598386871    0.4040    0.5129   0.535    3
56674.269    0.500055422232    0.550699198243    0.3964    0.2368   0.000   28
56681.270   -0.046904066959   -0.214002000121    0.1941    0.3286  -0.038   51
56687.250    0.029362838290    0.082699185100    0.0675    0.0927  -0.002  187
56688.269    0.163846111653   -0.294501600706    0.5321    0.4437  -0.276    5
56695.271    0.390993699171    0.400996790972    0.1486    0.2867   0.042   55
56702.265    0.238334512431   -0.892202407954    1.3411    1.1321  -0.949    4
56709.271   -0.472983518279    0.261597591589    0.6377    0.6084   0.317   10
56723.271    0.240747528199    0.068497195116    0.3393    0.2620  -0.136    6
56730.272   -0.260579864616    0.876297588093    0.3708    0.6226  -0.355    4
56744.269    0.143888572405   -0.301100405409    0.1630    0.2239  -0.035   21
56756.227    0.971513789690    8.652599993297    5.9053   12.9940   0.965    4
56758.272   -0.139315374287    0.035596792713    0.2242    0.2870  -0.471   20
56762.206   -0.074235220540    0.063399602368    0.1270    0.1467  -0.125   31
56763.273   -0.133085926539   -0.047602804898    0.1824    0.2055   0.069   23
56772.273   -0.390996473749   -0.396302408490    0.2093    0.3538   0.384   34
56776.206    0.009277148223   -0.208303211480    0.1209    0.1986   0.120   14
56777.269    0.245579802534   -0.460501217958    0.1628    0.1988  -0.016   42
56807.271    0.441458069883    0.221299202963    0.6286    0.7268   0.340   13
56821.271   -0.100672439785   -0.063302400122    0.4523    0.3449   0.071   11
56826.209    0.044106772145   -0.097401613175    0.2012    0.2291  -0.352   18
56849.267   -0.054787163169   -0.251999995271    0.1278    0.1805   0.010   70
56863.275    0.249774617583   -0.765900009014    0.2105    0.4692   0.107   44
56870.269    0.561450416218   -0.026002803111    0.1870    0.3303  -0.384   32
56874.206   -0.516074448069    0.573699603024    0.4549    1.5488   0.345    7
56877.271   -0.132323264423    0.630298782767    0.3552    0.4330  -0.544   20
56884.269   -0.073216256785   -0.407300407801    0.2634    0.3652  -0.138    8
56891.271   -0.021992345357    0.407498393429    0.1799    0.3144   0.203   65
56903.207    0.153296819436   -0.005202008424    0.1707    0.2035  -0.436   11
56905.271   -0.001653301640    0.287697596946    0.1990    0.3201  -0.251   32
56932.270    0.665682986345    0.000000000000    0.2573    0.2681   0.116   18
56944.207    0.018429267027   -0.923500815020    0.4543    0.5227  -0.197   11
56947.271    1.045874039649   -0.244000813154    0.3204    0.4490   0.183   17
56951.208    0.555730450348   -1.481101219269    0.1634    0.2439   0.354   37
56952.271    0.487727625545    0.167497196912    0.4218    1.0717   0.518    3
56975.271    0.197531742400   -0.112402810259    0.2053    0.3307  -0.245   23
56986.207    1.111463675274   -0.800802010303    0.4364    0.5628  -0.750    9
56987.270   -0.168931392815   -0.125301599496    0.1544    0.2006   0.047   25
56996.269    0.153421848856   -0.152002800746    0.1115    0.2743   0.051   36
57007.209   -0.725299302449    0.233596796306    1.4329    3.6292  -0.731    3
57010.269   -3.233596331195    1.332399585863    1.6141    1.2526  -0.791    5
57014.207   -1.139557317559   -3.147800407532    0.8339    0.9449  -0.593   11
57015.270    1.177053310898   -1.769000408558    0.1398    0.2167   0.148   25
57022.268   -6.694465626150   -2.096100010363    0.3132    0.6320  -0.063   10
57036.209   -0.201091699331   -1.483102818156    0.0734    0.1335   0.147  162
57038.269   -0.331889639522    0.287398802357    0.2324    0.1737   0.206   50
57052.270   -0.015381393140   -0.332503202571    0.1507    0.1785   0.160   66
57057.230   -3.997535620157   -1.098000001321    0.4945    0.2827   0.049   25
57059.271   -0.188379450186    0.096598799360    0.3170    0.2764  -0.612  118
57066.273    0.035464308629    0.129499201762    0.1183    0.1588   0.153   60
57073.271    0.238840872908    0.389098801179    0.1384    0.1625  -0.054   57
57077.209    1.557753846080    0.708497989876    0.1348    0.1444  -0.007   89
57080.273   -0.201473030389    0.183499193440    0.2072    0.2100  -0.068   33
57085.208    0.100416311557   -0.734803194291    0.0844    0.1028  -0.036  189
57087.271   -0.034957601330   -0.244900803636    0.2181    0.1833  -0.202   62
57094.270   -0.328457486588   -0.061700404785    0.3093    0.2303   0.121   47
57098.207   -0.519634578411   -0.681501600752    0.1358    0.1494  -0.150   76
57101.271    0.198419433936    0.046198795189    0.2208    0.1980  -0.315   68
57122.270   -0.085547174872   -0.005803204317    0.1100    0.1389   0.033   94
57126.207   -1.466614682746    1.450997990560    0.1054    0.1304  -0.105  115
57129.272    0.278374620346    0.081997205825    0.1237    0.1790   0.001   76
57136.273   -0.146432513570    0.068997582048    0.1552    0.1587   0.001   79
57142.271   -0.329729630582    0.101897984450    0.1470    0.1909   0.128   31
57150.270    0.947742939862   -0.699901218582    0.1427    0.1329   0.271   98
57157.268    0.847198477486   -0.556200001256    0.5560    0.2831  -0.160   20
57164.270   -0.400148592552    0.042796793309    0.3084    0.2615  -0.226    8
57171.268   -0.028474973344    0.057196794501    0.2795    0.2081  -0.026   27
57175.209   -1.238194951235   -1.183003212191    0.1184    0.1683   0.210  100
57178.270   -0.134229919713    0.192196799276    0.1726    0.2139  -0.137   86
57185.268   -0.097240286851    0.717497997016    0.2948    0.2850   0.102   37
57192.270   -0.422012787090   -0.240800403617    0.2529    0.2624   0.271   47
57198.249    0.720467201525    1.353599984100    0.3060    0.3148   0.104   17
57199.272   -0.106520556475   -0.018403198965    0.1547    0.1676   0.011  111
57204.363    2.252165159418    0.797399982844    0.7500    0.6398   0.114   14
57217.209    0.091773674631   -0.959101214448    0.1521    0.2133  -0.140  138
57224.207   -0.162958073295    1.308099587050    0.1076    0.1101   0.016  169
57234.270    0.518615788067   -0.047602804898    0.2036    0.1686  -0.017   53
57237.999   -0.312822739798    1.623697195896    0.4379    1.0302  -0.506   52
57246.206    2.386395079131   -1.392101998476    0.1501    0.1898  -0.089   94
57248.270    0.233120907038    0.176997590984    0.1319    0.1625  -0.162   75
57252.207    1.022612671699    0.425599191090    0.2146    0.1247  -0.035   39
57255.272    1.624740828529    0.066898780915    0.1787    0.1413   0.105  116
57259.209   -0.229563724686    0.590896803487    0.1658    0.1132   0.349  114
57262.270   -0.024405361125   -0.330703196028    0.1197    0.1296   0.170  136
57269.272   -2.600961516313   -0.537001201906    0.1757    0.2252   0.055   97
57274.206   -0.383623032827    0.607399186947    0.2072    0.1701  -0.015   44
57276.270    0.537301183321    0.363499182754    0.3105    0.1633   0.161   34
57280.207    1.792909559228   -0.446500794737    0.1373    0.1180  -0.277   75
57283.268    1.164469385983    0.001699197583    0.2564    0.1964   0.089   43
57294.207   -1.516316391342   -0.269801998343    0.1077    0.0961   0.017   52
57301.209   -0.874657608475   -1.691301613960    0.1154    0.1420   0.118   70
57309.208    0.959945533719   -0.621201598960    0.1058    0.1283   0.096   96
57315.209    0.311804122866   -0.341099999446    0.1330    0.1888  -0.048   49
57318.270    0.809193175681    1.467399590638    0.2483    0.1916   0.006   59
57322.208   -0.429001948965    0.037598391600    0.2860    0.2933   0.009   55
57330.206    0.209353005199    0.085499991087    0.1513    0.1191  -0.083   67
57332.270   -1.620930292526    0.645598800020    0.2145    0.1605   0.100   42
57346.270    0.816057134725    0.448797581498    0.1185    0.1918  -0.021   65
57350.208   -0.931729636592    0.123497986237    0.1858    0.1406  -0.038  102
57365.227    0.081349585245    1.504699187649    0.4668    0.5916   0.199   13
57373.248   -0.067114959857   -0.557902805554    1.5414    0.9536  -0.439   26
57395.272   -1.277600547853    1.587196805986    0.2668    0.3225  -0.253   60
57412.998    0.004319844469   -3.239701217694    0.8357    2.1518   0.391    6
57416.270    1.172858669260   -1.272402010954    0.1501    0.1396   0.069   72
57423.269   -0.227656895984    0.469396783842    0.2241    0.1743  -0.180   34
57434.208   -0.013221557612    0.671997599966    0.1784    0.2560  -0.076   49
57437.269   -0.039915078495   -0.766202410318    0.2337    0.3016   0.089   14
57441.206   -0.643059077680    0.412797604099    0.3118    0.2803   0.053   15
57444.270   -1.891803321131   -1.116900006082    0.4546    0.4038   0.274   11
57451.269   -0.515946297250    1.647496782198    0.6081    0.3837  -0.285    6
57455.206    0.131685805137   -0.762901217399    0.1253    0.1936  -0.050   59
57462.208   -0.540607960013    0.385999200603    0.1751    0.2833   0.284   35
57479.269    1.017274036886   -2.089000818728    0.4373    0.5578  -0.677   17
57484.229    1.004689938561    1.258797584569    0.8136    1.0019   0.484   15
57485.251   -0.222574562811    0.515098798815    0.6834    1.1938   0.615   74
57486.271    0.085800528522    0.264099602987    0.1801    0.2768  -0.633   35
57493.269   -0.136899237119   -2.991301209931    0.1740    0.3563  -0.039   24
57507.269    0.444890049405    1.325199585267    0.1450    0.2706  -0.034   47
57514.271   -1.747405440259   -2.429600405662    0.4323    0.4688  -0.102   38
57521.269   -0.320959016247    0.762897585105    0.4055    0.4141   0.168   23
57528.271   -0.883046891751    0.907797587502    0.3660    0.4658  -0.440   39
57535.269   -0.420993823335    3.355498790825    0.9438    2.4909  -0.573    4
57542.271    0.115035215992    0.770698781594    1.1246    1.2659   0.771    4
57547.209   -0.309518911096   -0.059601603652    0.4947    0.6272   0.200    6
57556.271    0.711824564599    2.089800000249    0.2587    0.4452  -0.176   17
57562.250    0.966937816994   -0.432000010164    1.4506    1.4441  -0.373    3
57563.269    0.791523622781   -0.526500008391    0.2106    0.3058  -0.241   36
57570.271   -0.059616316104   -0.512701203093    0.1663    0.3885  -0.278   34
57577.269    1.392635763845    5.581699198842    0.3977    0.7607  -0.438    9
57584.271   -3.231814878735    2.023999195444    1.3600    0.7621   0.082    3
57588.208   -2.173484891580  -16.283401200212    0.7291    2.6714   0.172    5
57591.269   -0.254478567688   -3.354901201646    0.2935    0.3311  -0.135   13
57596.229  -22.190017042422  -19.776402007210    2.1524    2.8391   0.643    5
57598.271   -4.316331852887    4.194597590867    0.4672    0.6565   0.070   14
57605.269   -1.600972753279   16.307398797721    0.4070    1.1622   0.464   14
57624.229  -27.879283248134  -31.655300409739   21.5443   23.2085   0.999    3
57640.271    1.131421214521    0.874598390510    0.2430    0.3057   0.177    7
57647.269    0.818726452131    1.915898403126    0.1996    0.2894   0.188   32
57654.271    0.449084691043   -0.516002396012    0.3662    0.7782  -0.555    3
57661.269    1.613172572557    1.720699205521    0.2293    0.4179   0.120   31
57668.271    0.105373615311   -0.260100011928    0.2533    0.5332  -0.087   11
57673.209   -0.921943006492    1.577397591745    0.4585    0.6761  -0.379    6
57675.269    2.659684244903    1.706597998918    0.1643    0.2203  -0.030   25
57696.271   -1.112354314798    1.089399597731    0.3558    0.6832  -0.685    6
57710.267  -10.400661369988   -4.421800807108    1.0221    0.5655   0.510    4
57715.271    0.953337876314    0.266399996462    0.2123    0.2255  -0.142   12
57724.271   -0.630474979354   -3.712100399866    0.1892    0.2515  -0.040   20
57735.207    1.164597536803   -0.044099994057    0.8017    0.5854  -0.571    3
57737.270    1.711557025994   -0.452203215673    0.3785    0.2076  -0.051   14
57752.271   -0.784281107257   -0.934502395467    0.3399    0.4937   0.050    6
57758.272 4909.680776502378-1358.232602407838    0.2540    0.3039  -0.112   11
57766.271 7892.419920547405-3363.191600413984    0.1785    0.3135  -0.195   44
57787.269 1941.937634985279 -654.293401206019    0.1314    0.1726  -0.340   47
57791.207    1.446657316909   -1.169100016796    0.5378    0.4734  -0.156    3
57794.271   -0.329348299524   -4.287002394676    0.2683    0.4441  -0.581   13
57801.269   -0.800422214524    1.347998397705    0.5977    0.3476  -0.307   21
57836.271   -0.229819852913    1.007798388741    0.2023    0.2676   0.235   40
57850.271    0.420356364050    0.444196794547    0.4603    0.5915   0.712   14
57856.272   -6.790308739589  -14.268801615458    0.5639    0.9584   0.810   12
57871.270    0.311294640988   -3.375403201744    0.7328    0.9777   0.561    5
57892.271    0.255494583453   -4.627501198229    0.5977    0.8155  -0.480    4
57906.271   -3.132667763183   -6.527700006131    0.6550    0.9935   0.760    6
57925.228   -9.087852641734    5.668099205991    0.3775    0.3600  -0.102   85
57932.230   -1.742066805447    1.624096799446    1.1385    0.5727  -0.130    9
57947.249   -0.460652773603   -0.722901597783    0.5059    0.4249   0.178    7
57948.268   -1.639740890611   -0.345700811977    0.1490    0.1871  -0.285   26
57953.206    5.029047230421    2.010999597246    0.8887    0.4523   0.562    7
57962.272    2.276570520543    5.693597989875    0.1743    0.1978   0.061   91
57969.270   -1.935531710207    0.950799605448    0.7258    0.2925  -0.304    3
57976.272    1.790874753118    0.349696796320    0.2703    0.2195  -0.293   26
57990.272   -1.801936301790   -1.807801217524    0.4455    0.3176   0.413    9
57997.270    3.407863584245    0.756496791610    0.2203    0.1733  -0.033   18
58011.270   -4.549202527675    5.305597190386    0.1693    0.1469  -0.227   49
58015.207   -3.736577372472   -4.562503207239    0.3978    0.4563   0.730    7
58029.207   -1.660332941155   -2.424301194992    0.1341    0.1323  -0.022   58
58032.268   -0.996556610101   -2.838301216457    0.2992    0.3607   0.212    7
58046.268   -0.348921559725   10.123999200573    0.2072    0.4087   0.452   14
58050.209   -3.549466944880  -13.525700418882    0.5768    1.1885   0.744    4
58053.270   -3.963724959990   -5.050799995843    0.3062    0.5485   0.618   11
58057.207    1.435345362577    1.944496787587    0.1471    0.1002  -0.001   58
58078.209   -2.232716928637    0.967500000115    0.2325    0.1797  -0.281   12
58123.270    0.081477736064    1.270699181077    0.5133    0.7715  -0.133    9
58130.268    2.731375177456    0.477198005910    0.1974    0.4230   0.071   47
58137.270   -0.948508376556   -1.373101210334    0.6802    1.0159   0.648    8
58141.208    0.420484514869    0.051098402309    0.2813    0.3322  -0.432   20
58144.268   -5.123236868808    1.107298803049    0.1390    0.2059  -0.002   94
58148.209    1.880235238571    1.335898789989    0.1920    0.3114   0.077   29
58151.270    0.455948650087    1.094198395890    0.4073    0.8358   0.118    5
58165.270   -1.004692886550    0.536698800602    0.2135    0.3794   0.378   17
58200.272   -0.105629743539    1.009497586324    0.0997    0.1855   0.126   90
58205.269   -0.171094349744    0.142999186892    0.1076    0.1937   0.236   82
58214.269    0.390105834224    0.615898781575    0.1257    0.2139   0.146   67
58233.225    0.300745348772   -1.727301616938    0.5083    1.0726  -0.060    8
58249.270    0.048301587194   -0.527101204284    0.0907    0.1831   0.085  107
58263.270    0.919652245566   -1.261501213889    0.1310    0.2533  -0.049   88
58268.209   -0.253715905571    2.216699988367    0.3828    0.9653  -0.139    3
58284.269   -0.209862313665   -0.480502805544    0.1470    0.1867   0.018   27
58330.206   -0.719707313987    0.802097997621    0.4796    0.9944  -0.742    3
58347.271   -0.226006542333   -0.508903204377    0.5578    0.4047   0.465    7
58352.231    0.782499654797    0.714196804097    0.2381    0.4227   0.287  279
58358.206    0.332524324230    0.740898005347    0.4205    0.5065  -0.197    5
58366.227   -0.572002483013    1.823299194825    0.6207    0.5028  -0.327   27
58375.271    5.431990343210   -1.436202018112    0.3357    0.5118  -0.281  180
58396.269    0.026693520884   -0.009201599482    0.3870    0.3782   0.392   10
58403.271   -0.130163255483   -0.528703199620    0.2694    0.3217   0.010   15
58410.269-1493.403296046634-7405.836602401905    0.4562    0.5779  -0.270    3
58414.206    0.498023737523    0.434199594679    0.1991    0.2334   0.023   17
58417.271    0.402689932550    0.207399588703    0.2912    0.2763   0.149   25
58422.271    0.083512542174   -0.122900397059    0.1994    0.2944  -0.379   94
58428.206   -0.237827978543    0.384598797609    0.1993    0.1912   0.042   18
58435.208    0.774998063056   -0.805402797255    0.2712    0.1662   0.027   43
58449.208    0.180624851617   -0.040701598891    0.1046    0.2908   0.324   65
58463.208   -0.994649954811    1.232999980516    0.5751    1.6469  -0.796   28
58466.269    1.040407254018    1.039597182739    0.7824    1.1696   0.408    5
58473.271    0.277993289288    0.011296793900    0.1280    0.2048   0.180  106
58487.271    0.187741990900   -0.043700416086    0.2363    0.3477   0.179   36
58491.208    0.091645523811   -1.047103216933    0.4202    0.4711  -0.199    7
58498.207    0.065714838455   -1.012100406683    0.2221    0.3021   0.403   12
58501.271   -0.239734633833    0.399099582182    0.2841    0.3212   0.103   46
58506.209    0.272017021779   -0.690501607892    0.3925    0.6408   0.591    4
58515.271   -0.235030510317    0.007498795185    0.1753    0.2304   0.042   69
58519.208    0.160542109539    0.293997581480    0.1297    0.1672   0.168   68
58522.269   -0.039277445799   -0.191502007851    0.2641    0.3826   0.133   16
58526.207    0.991089997880   -0.176500810767    0.5555    0.6220   0.698    6
58529.271    0.218886455061   -0.184500018463    0.1546    0.3446   0.250   30
58534.209   -0.199947706157   -0.040600815510    0.1680    0.3092   0.338   25
58540.207    0.848470621479    0.242798395789    0.3427    0.4216  -0.435   15
58543.271    0.570983866080   -0.077202014381    0.3038    0.4112  -0.053   22
58547.209    0.415655361934    0.758199595907    0.3617    0.6690   0.620    6
58554.207    0.170838221517   -0.106502403696    0.2585    0.3597  -0.249   12
58557.271   -0.947745714440   -0.308501998347    0.3229    0.7343   0.147   30
58557.436   -2.653967053611    0.550098002350    0.2751    0.5256   0.302   79
58564.269    0.382860544122   -0.507402018002    0.1852    0.2576  -0.157  232
58571.271    0.226766256460   -0.293101197713    0.1998    0.3128   0.155   43
58575.209   -0.008264253857   -0.746701209664    0.1758    0.3316   0.401   28
58582.207   -0.436756720945   -0.016200007735    0.2402    0.4306   0.324   13
58585.271    0.057581683406    0.865800001293    0.7742    1.0691  -0.103    7
58589.209   -0.257910547210    1.934297995376    0.6489    0.8524  -0.332    4
58597.208    0.403958955144   -0.585302404943    0.3009    0.4485   0.360    8
58599.271    0.722120676577    0.612997192206    0.3540    0.6140   0.247   11
58613.271   -0.011439931741   -0.289202415615    0.2499    0.2755  -0.148   67
58620.269   -0.090632629446   -0.428000419106    0.3062    0.8438   0.025   21
58622.004   -0.797499716879   -1.326301219251    0.3089    0.4242  -0.440   65
58631.757   -0.942025748570   -0.679402799619    0.3474    0.8606   0.105  100
58635.004   -0.377649713307    0.857699984635    0.5482    0.3479  -0.377  144
58641.271    0.240366197140   -0.224100008950    0.2280    0.2927   0.078   68
58652.207    2.337074701594   -2.508400808665    2.2454    2.2987   0.630    3
58690.270    2.622947965692   -0.094402795980    0.8622    0.9370   0.111   13
58697.271   -0.021229683241   -0.433501196540    0.2898    0.4211   0.180   33
58701.209   -0.135502063707    0.119098791629    0.0729    0.1071  -0.245  383
58711.272   -0.866902663084   -0.516401999562    0.8074    1.1345  -0.582    3
58732.270   -0.216979626360    0.147099586911    0.3457    0.6146   0.057    7
58739.272    0.207571379328    0.018799195800    0.1310    0.1980   0.084  217
58746.270    0.128635156673    0.533797185653    0.4553    0.7185  -0.428    5
58753.268   -2.141705916122    4.415896793830    2.4132    7.9945  -0.958    3
58767.272    1.775749488206    0.279997183839    0.7772    0.9260   0.784    3
58774.270   -0.727715439617   -0.134701210186    0.5624    0.3632   0.224   17
58781.272   -0.039533747437   -0.250902019161    0.3696    0.4274  -0.194   38
58787.269   -0.554842411990   -0.219002416202    0.4057    0.4135  -0.472   15
58814.272    0.523316963594   -0.414702000739    0.7495    0.8918  -0.744    3
58844.270    0.409172560537   -1.931900399654    0.5373    1.1888  -0.553    3
58858.270   -1.620420810649    0.275799581573    0.7783    0.5333  -0.604    4
58862.207   -0.070675090198   -0.017002795971    0.1679    0.1808   0.152   14
58883.209    0.229945229155    0.432097186831    0.1438    0.1491  -0.044   17
58883.249    2.193946016727   -0.274302001912    3.8357    0.9841   0.703    4
58886.270    0.168550235168   -0.224301601293    0.6665    0.5748  -0.393    5
58904.208    0.148339515682   -1.077901211488    0.4300    0.2757  -0.079    7
58911.250    0.330361367301   -0.611503219261    0.1123    0.1248  -0.500   55
58918.208   -0.018432041605    0.235198791643    0.3046    0.3521   0.426   11
58925.250   -0.323881513892    1.852199980590    0.2874    0.9381  -0.567    5
58932.208   -0.123171145619    0.130298383283    0.0733    0.0912   0.031  185
58939.209    0.129016487731   -0.081900003579    0.0895    0.1286   0.224  132
58939.250    0.216088986835   -0.754300813810    0.1256    0.2513  -0.183    3
58942.270    0.730638110672    1.624096799446    0.4901    1.3116  -0.424    3
58946.208   -0.127493938077    0.176400001806    0.1274    0.1260  -0.300   34
58948.271   -0.134229919713    0.156099594051    0.3326    0.2999   0.672   65
58976.249    0.195496936291    0.096199195809    0.6762    0.4785  -0.143   16
58977.272   -0.091267140743   -0.376401604285    0.1859    0.2078   0.016   48
58984.270    0.168675264588    0.310899594069    0.1947    0.2393  -0.005  101
58988.208    0.026565370064   -0.217000817315    0.0804    0.1269   0.235  277
58996.207    0.485945999674   -0.065901613766    0.2895    0.3249   0.103   40
59016.208   -0.179227331382   -0.413100005403    0.4961    0.7465  -0.097   26
59023.206    0.219392815538   -0.130903211470    0.1191    0.1552  -0.012   88
59030.208    0.196387575815   -0.586202395425    0.0991    0.1351   0.010  197
59037.210    0.054402884122   -0.773402410914    0.3947    0.2876   0.117   12
59044.208    1.588004549317    0.156297605258    1.1238    0.3158   0.460    7
59051.210   -0.052371026002    0.087098405288    0.3955    0.2664  -0.065   13
59058.208   -1.222816506083   -0.000201617922    0.3301    0.2751  -0.210   17
59080.251    1.478308141548  -11.383700407919    0.1778    0.8515  -0.567    8
59086.208   -0.144782159918    0.500198385112    0.2568    0.4010   0.422   19
59121.206    0.386036222005    0.084999604155    0.3591    0.2134   0.081   31
59121.250    0.936049654472   -1.044702014497    0.2103    0.8824  -0.460    6
59128.208    0.238587692670   -0.196102794803    0.2329    0.3729  -0.417   15
59136.207   -0.224224916462    0.202798801752    0.1238    0.1439  -0.298   57
59152.249   -1.807275110014   -6.112702817518    0.2983    0.6452  -0.606    7
59163.250    0.067496464326    2.679497993086    0.2217    0.8776  -0.199    4
59186.250    0.617762903620    0.543797992236    0.4373    1.1496   0.650   37
59198.208   -2.691844378008    2.836598386580    2.8867    3.1195  -0.875    4
59247.207    0.113509891760   -0.601801207267    0.5886    0.9521   0.375    5
59271.737    0.726062137976    0.445499995294    0.1053    0.1541  -0.090   80
59289.250   -4.031221250905   -2.962900811099    0.0372    0.0805  -0.018   49
59292.271   -0.834235996091    0.054899982160    0.6408    0.6651  -0.201   13
59296.187   -0.858641530627   -0.511502418021    0.4017    0.3044   0.060   28
59297.209    0.392265843164   -0.413100005403    0.4839    0.2204   0.000   28
59311.209   -0.464466084183   -0.564202815667    0.2213    0.3500  -0.250   37
59332.229    0.214435511784    0.685997997607    0.4440    0.3476  -0.073   36
59353.209   -0.093683277910    0.477198005910    0.3085    0.3360   0.357   10
59355.269    0.026312189826    0.495197994610    0.2979    0.6556   0.213    9
59360.208   -0.105248412481   -0.376002000735    0.1497    0.1929   0.005   43
59383.269    0.252697115228    0.148399180944    0.5786    0.5250  -0.249   13
59390.249    0.268841343895   -0.186202797181    0.2769    0.8286  -0.204    3
59390.271   -0.282825390212   -0.017503208483    0.2710    0.3680  -0.232   19
59397.269    0.101053944254   -0.071100015475    0.2461    0.3986   0.014   16
59402.208    2.080308147558    1.960696795322    0.2780    0.2656   0.041   20
59404.271    0.815419502028    2.953897197244    1.2110    3.1955   0.864    6
59408.209   -0.645475214847    0.238798804730    0.2385    0.3597  -0.146   19
59416.230   -2.088572228004   -1.227502809797    0.3856    0.3843   0.324   58
59418.271   -1.681181293338    0.862498782794    0.7741    0.6103  -0.434    9
59425.251   -0.826990705989    1.023699601888    0.3819    0.4265   0.040   21
59425.270    1.808034824141   -2.821600796210    1.1046    1.2575  -0.923    5
59437.210    0.471583396878    0.431099994103    0.4718    0.3695  -0.109   11
59439.270    0.068130975622    0.419299180976    0.4299    0.7772  -0.342   11
59446.271    1.681941007465   -1.748102411625    0.6124    0.9635   0.049    8
59451.228   -0.194862078172   -1.377403202696    0.7466    0.7076  -0.349   21
59453.270    2.511598082871    0.555199201813    2.2198    0.7577   0.246    4
59460.250   -0.175542171621    0.382597198723    0.0564    0.1071  -0.329  135
59460.271    0.068512306680   -0.489402003723    0.3516    0.5885   0.363   10
59471.207    2.943778831120    0.319298405316    2.0775    0.4719   0.220    9
59487.249   -0.249649241342   -0.108802797172    0.4686    0.4798   0.155   19
59488.272    0.081987044531    0.157597199291    0.2279    0.3556  -0.107   11
59492.209    0.294262720786    0.097498789842    1.0006    0.3873  -0.089    4
59495.270    0.185328975133    0.165599988122    0.2901    0.4532   0.324   10
59502.272    0.247867962293    0.566999989360    0.7756    0.8548   0.470    6
59530.272   -0.027074678531   -1.485500413878    1.5038    0.7710  -0.564    7
59548.209    0.492810132130    0.231699587516    0.9477    0.9711   0.860    4
59558.268   -0.786950424663    1.205499597745    6.0724   18.2983  -0.998    3
59565.270    0.794446120426   -0.645400814392    0.2807    0.7007  -0.254   12
59569.207   -0.054405832111    0.389199584561    0.2617    0.3066   0.206   19
59571.271  -16.226698835411    2.508397201950    3.7404    0.5709   0.045    3
59600.250   -0.035973617096   -0.125701203046    0.0370    0.0760  -0.416  114
59604.209    0.120120670566   -0.026301597700    0.1730    0.2079  -0.160   24
59607.270   -0.272273150006   -0.900201615650    0.6330    0.3066  -0.107   11
59614.272   -0.890164204446    1.216997983988    0.2601    0.6725  -0.646   19
59656.250   -0.065970966682   -0.207201603075    0.0423    0.0666   0.089  181
59656.272   -0.614968383383   -0.529502406721    0.3382    0.4812  -0.440   18
59663.270    0.232867726799   -0.333100817329    0.2918    0.6507  -0.463   13
59677.270    0.995028337880    0.818298005356    0.4747    0.3107   0.137   27
59683.249    0.126603298553   -0.507502801383    0.3595    0.8950  -0.015    9
59698.272    0.791395471962   -0.385401611425    0.4940    0.6422   0.626    4
59705.270    1.210357610588   -0.959702410341    3.5631    2.2660   0.951    4
59712.268   -0.047794879895    0.045097186785    0.2072    0.1699  -0.088   42
59716.209   -0.015253242321   -0.145900801840    0.1980    0.2095   0.073   22
59726.250    0.437263254833    1.076198381611    0.1634    0.6269   0.213   10
59733.248    1.634145954160    1.739397592360    0.7275    0.8911  -0.317    6
59740.250   -0.120248647974    1.440198002456    0.0925    0.3238  -0.279   31
59747.248   -4.894054475181    5.255899191070    0.1087    0.3376  -0.519   24
59765.208   -0.138680862990    0.168098392805    0.2313    0.2341  -0.099   20
59775.270   -0.246470442058    0.276598788673    0.1949    0.2593  -0.217   36
59779.208   -0.515693117011    0.428198404734    0.2596    0.2545  -0.248   26
59782.269    0.290449236794   -0.040903216814    0.2522    0.2939   0.000   25
59786.210    0.232739575980   -0.081802801333    0.2304    0.2763  -0.203   33
59787.229    0.717163199411   -1.810202394381    1.6145    1.1015  -0.018    4
59789.270    1.905656615461    0.128797196908    0.6425    0.3508  -0.055   18
59795.271   -0.436756720945   -0.688600817966    0.6438    0.3492   0.609   14
59796.290    0.154822143669   -0.145800018458    0.8254    0.6999   0.032   69
59800.210    0.955244531604    0.853696786862    0.1899    0.2931   0.195   69
59803.270   -2.656761573848    0.726699596498    1.8301    1.1387  -0.640    3
59808.209   -1.093797070363   -0.825400803706    0.5333    0.2507   0.605  123
59810.272   -0.326297651060   -0.938800806694    1.4328    0.9161   0.741    4
59817.270    0.030888162522   -0.193903210288    0.5764    0.4091  -0.078   15
59824.250   -0.185203772302   -0.167202009038    0.1422    0.2762  -0.869  111
59824.272   -0.235411841375    0.174898789851    0.4079    0.4015  -0.126    7
59828.206   -0.210371795543    0.083599201162    0.1211    0.1585  -0.108  131
59831.249    0.238969023728   -1.655100018638    1.5113    1.1778  -0.983   60
59831.270   -0.170713018686    0.398599195250    0.4816    0.3479   0.211   14
59835.208    0.312566784982   -0.206701216143    0.3901    0.3047  -0.254   36
59838.269    0.289433394440   -0.668102399004    0.2766    0.3484   0.167   14
59842.210   -0.214819617420   -0.043801199467    0.2962    0.2289  -0.051   19
59845.249    1.067482105959    0.468900003625    0.0639    0.1169  -0.246  153
59845.271    0.000000000000    0.678099598872    0.4401    0.3463  -0.107   21
59849.208    0.766864908007    0.017499601768    0.2315    0.1711   0.004   54
59852.269    0.461159307491    0.652798800616    0.4412    0.3206  -0.253    7
59857.207   -0.094317789207    0.061398003481    0.4036    0.1739   0.111   95
59859.249    0.072325617261    3.504398384280    0.0587    0.1609  -0.130  105
59859.271   -0.183678274659    0.376999193463    0.2192    0.1836  -0.149   42
59866.269   -0.245707779942   -0.142700417882    0.1691    0.2832  -0.054   52
59870.210    0.208334041444    0.113997592166    0.1119    0.1652   0.082   66
59873.271   -0.406121738661   -0.256100395291    0.3388    0.3532   0.519    8
59877.208    0.046141578254   -0.231501601888    0.2438    0.3953   0.126   28
59879.250   -0.147070146267    1.187999995977    0.3158    0.6120  -0.656   24
59879.272   -0.379556542008    0.506599204186    0.4634    0.7024  -0.536    6
59884.206    0.473999534045   -0.143099995853    0.5561    0.5181   0.193   12
59887.271   -0.153934278722   -0.304001994778    0.2687    0.4252   0.573   10
59891.208   -0.112875033642    0.382096786211    0.1630    0.2165  -0.107   23
59893.268    0.468151417355    0.499996792769    0.3547    0.4171  -0.100    6
59901.271    0.521156954654    0.036698401118    0.3399    0.2512   0.122   21
59908.269   -0.724664791152    0.223797582066    0.6195    0.5139   0.203    5
59919.208    2.774212927008    0.883497588688    1.4901    0.4890   0.756   10
59922.269    0.069528149035    0.486000001843    0.2735    0.3430   0.392   11
59926.206    0.228544934342    0.222397204652    0.1407    0.2232   0.071   40
59928.270    1.451105138786    0.088297190359    0.7189    0.6221  -0.716    5
59935.272   -1.600591422221   -0.575301598360    1.3535    0.3376  -0.418    4
59948.209   -0.175670322441    0.706597199951    0.1785    0.2612   0.158   43
59949.268    0.434084455550   -0.094402795980    2.1406    0.4568   0.216    5
59954.206    0.791904953839   -0.665600413186    0.1995    0.2350  -0.084   43
59957.271    0.566407719973   -0.271202401336    0.5417    0.3033  -0.102    8
59961.208   -0.429130099784    0.300196782632    0.2578    0.2471   0.109   24
59964.269    0.362521673816    0.099698399936    0.2046    0.2671   0.288   27
59971.271    0.167024910936    0.346096783232    0.1785    0.2555   0.184   21
59975.208   -0.862198539568    0.529200005417    0.6375    0.4837  -0.214   39
59978.269    0.603016021776    0.065699995844    0.4128    0.5639   0.404   14
59984.248    0.257526268163    0.079999188074    0.1753    0.3174  -0.315   77
59985.271   -0.190923738173    0.720698380974    0.7361    0.8538  -0.625    3
59989.208    0.054274733303   -0.008200800039    0.1819    0.2022  -0.163   27
59990.227    0.018047935969   -0.049903198374    0.3550    0.7091   0.012   46
59996.206    1.089218149678   -0.616003197251    0.1753    0.2497  -0.203   39
60019.268   -0.927788175193   -1.035802816318    1.9396    0.3212   0.116    6
60024.206    0.892830573863    0.646397981541    4.4204    4.3279   0.983    4
60040.248    0.082493578419    0.910198789938    0.0382    0.0628  -0.224   79
60048.269    0.152659186740   -0.109501195311    0.1958    0.2386  -0.226   27
60055.271   -0.413367202175    0.264499180958    0.3026    0.2422  -0.312   25
60059.208    1.923835650238   -1.511301599066    0.2610    0.3329   0.099   13
60061.250    0.124187161385    0.198399581564    0.4140    0.3350   0.461   36
60062.269    0.337481627984   -0.334000807811    0.3854    0.8582  -0.137    3
60067.207    1.494452370215   -0.388702804344    0.5168    0.2985  -0.474   39
60069.271    1.384880991865    0.401097599934    0.6462    0.4949   0.289   11
60087.208    0.069021788558   -0.361900794132    0.9430    0.3254  -0.051   11
60090.269    2.275170399141    0.645796785648    2.0931    0.3397   0.377   13
60096.270    0.343582924912   -0.026503215622    0.9164    0.3979  -0.262    8
60101.208    2.161025996084   -0.240800403617    6.4890    2.1064   0.921    3
60104.269    4.679869369058   -1.196200796016    1.7555    0.6843  -0.391    4
60118.269    0.676741760438    0.430599581591    0.4369    0.4368  -0.403   13
60122.207   -0.300238814884   -0.750301197172    0.5489    0.4897  -0.210   10
60125.271   -0.803729164627   -0.367102802556    0.4906    0.3914  -0.079   20
60160.269   -0.249267910284   -0.570301207858    0.6267    0.2680   0.084   13
60167.249   -0.287526565738   -0.842702394266    0.1043    0.0741   0.034   71
60167.271    0.668480454570   -0.132501600092    0.3941    0.3698  -0.409    9
60181.271   -0.476162317563    0.436298395812    0.3717    0.2832  -0.187   17
60185.209   -0.474508842511    0.648597591635    0.5002    0.3736  -0.175   22
60188.269   -0.863598834381   -0.074901595326    0.4760    0.4376   0.046    7
60193.208   -0.355022856653   -0.057402019138    0.7102    0.4369   0.353   22
60195.238    0.555349119290   -0.192801601884    0.2320    0.4330   0.227   41
60195.271   -0.031016139930   -0.251200813750    0.2792    0.3650   0.146   20
60202.270   -3.871823134540   -1.690902010409    0.3730    0.4307  -0.397    6
60208.249   -0.869953311548   -0.795902403183    0.1059    0.2133  -0.097   46
60223.249    0.459508953840    0.275799581573    0.1336    0.1233   0.174  120
60223.271   -0.142366022751   -0.855201605532    0.2359    0.3407  -0.079   10
60230.251   -0.509338466433    0.785797180924    0.0845    0.1457  -0.202   73
60230.270    0.245833156183    0.054899982160    0.2066    0.2539   0.042   18
60237.271    1.147437292370   -1.119700812069    0.6822    0.8320  -0.729   11
60241.209    0.274561309766    0.091198805308    0.5556    0.3844   0.185   12
