%-----------------------------------------------------------------------------
%                R.A. (mas)        Dec. (mas)        Err. (mas)     Corr. Del.
% Uncertainty in R.A. is in R.A. cos(Dec.)!!!!
%-----------------------------------------------------------------------------
48853.258   -1.694913394588   -2.906297999061    1.1022    4.4691  -0.073   28
49184.423    1.255234416553    7.818300001006    0.5094    1.4956  -0.233   15
49736.363    0.508861330536   -6.092596799867    0.7949    3.6852  -0.127    5
50065.333    0.063643980663   -1.676699999642    0.5179    1.3352  -0.452    9
50141.250    3.975957079394  -22.130999998993    1.6413    9.0690  -0.961    4
50148.252    0.777968507520   -1.110099599444    0.3647    1.1279  -0.528    6
50149.333    1.221539811360   -5.002696799217    2.5918    8.1288  -0.967    3
50155.250   -0.048969511948   -0.994597199799    1.4775    5.2797  -0.931    4
50162.252    1.680684300125   -2.807298000462    4.3663   18.1936  -0.995    3
50274.252    0.175808217318    1.067101201002    0.2709    0.6109  -0.087   14
50458.831    0.000000000000    0.425700000051    0.1729    0.3266  -0.116   95
50498.253    0.156939262926    0.924001200353    0.3231    0.7092  -0.308   10
50505.251   -0.598116986611    0.611902800429    0.7796    1.5589  -0.661    4
50512.253    0.381569691809   -0.714196799301    0.4779    0.9563  -0.345    8
50526.253    0.080715911236    0.000000000000    0.2916    0.6796  -0.409   15
50533.251    1.021467890794   -2.002597200068    0.4607    1.2618  -0.193    4
50575.751    0.749514200297   -0.081399599061    0.1998    0.4245  -0.089   81
50834.254    0.128488428805    0.267299999734    0.2161    0.7369  -0.274   25
50862.254   -0.224630428882    1.427803200471    0.3582    1.1691  -0.250    8
50869.252    2.618740539655   -8.585697599273    1.7493    7.5971  -0.963    3
50876.254   -0.262519315451    0.803800800320    0.4346    0.7838  -0.387    8
50890.254    0.243049923019   -0.040798799539    0.7278    2.0907  -0.763    5
51100.250   -0.511708048349    1.830401999570    0.4111    0.9574  -0.279   10
51107.249   -0.074128049703    2.603800800571    0.5662    1.4524  -0.621    6
51114.251    0.128488428805    0.609800400575    0.3231    0.6342  -0.102   18
51128.251   -0.372437272334    0.734201999997    0.4773    0.9658  -0.238    6
51135.252    1.989922966049   -3.791998799763    0.9323    2.9528  -0.733    4
51142.251    0.202763778892   -0.103197599266    0.2644    0.6213  -0.175   15
51169.166    0.496432937294   -1.143698399986    0.1248    0.2887  -0.395  101
51170.251    0.653674155791   -0.655797600224    0.3119    0.9688  -0.454   12
51443.249   -0.816907088084    0.407102399791    0.3496    1.0005  -0.084    4
51774.246   -0.683774917647    0.304199999590    0.5092    0.9470   0.006   11
52850.229    1.812317520612    2.143303200519    1.2244    1.3488  -0.043    4
52941.227    4.271718066681    0.149201999555    1.2212    1.3869  -0.134   19
53031.002    1.309145539700    2.677302000897    1.4357    3.7027   0.401    5
53095.001  -15.957740257925   -5.272999200479    7.4239    3.0348   0.225    4
53192.001   -4.556103827822   -5.200297199259    3.4983    2.6425   0.323    7
53396.230   -9.494079303025    1.276300801045    5.1223    3.1091   0.021    5
53752.166   -1.513710428413    3.550402800556    8.4760    2.8307   0.228    4
53837.251   -1.382824537749   -4.624199998915    5.0672   14.3706   0.967    3
53929.082   -1.337751029009   -8.891298000258    1.4279    4.5780  -0.116   12
54118.253    7.043358243074    6.038600400515    7.5905   12.9011   0.905    4
54264.229    0.498377465795    3.001302000527    1.9661    1.6053  -0.108    6
54391.230   -0.160986448220    1.221202799684    0.6279    1.0953  -0.147   11
54446.229  -15.603722888329  -20.849698799452    7.0263   12.1845   0.927    4
54621.228   -0.185994008190   -1.887299999481    0.9823    1.6790  -0.398   14
54705.235    0.581343334206    2.766301200907    5.9340   10.0891   0.990    5
54741.249   -0.332154601309    0.852001200791    1.2352    2.2329   0.133   15
54768.076   -1.519399778037   -2.290399199900   10.8692   18.2408   0.921    5
54971.232    0.547947007183   -1.180699199210    1.1306    1.3654   0.010    7
55035.249   -1.187698110085   -1.322999999154    0.9398    1.5881   0.157   12
55174.227    0.314331459209    1.963400400662    0.9878    1.2968  -0.003   12
55210.248   -0.025309719841   -4.138599599024    0.9674    3.5620  -0.069    8
55412.228   -0.518148609498   -6.275897999686    5.2565   21.1039   0.985    4
55545.241   -1.271407835217    1.641801600272    1.1754    1.7704   0.049    4
55700.249   -1.459648123180    0.081601200996    3.3829    2.1062  -0.860    3
55728.253   -1.532877660974    0.541900801032    4.0281    1.9441  -0.918    3
58340.948    0.577896586953    0.872002799568    0.1941    0.2681   0.353  131
59230.577   -1.276949884457    3.226802399681    0.1493    0.2720   0.108   52
