%-----------------------------------------------------------------------------
%                R.A. (mas)        Dec. (mas)        Err. (mas)     Corr. Del.
% Uncertainty in R.A. is in R.A. cos(Dec.)!!!!
%-----------------------------------------------------------------------------
57646.250    0.000000000000    0.200998798405    0.1304    0.2871  -0.018   99
57836.293    0.516196990250    0.042001199319    0.1645    0.3223  -0.222  126
57933.249    0.218521157674   -0.176799602158    0.1652    0.3210  -0.104   90
58238.207   -0.761846232025    1.642600797780    0.1662    0.3127   0.006   98
58504.916    2.377214103389    2.530799998368    0.9580    2.5215  -0.912   15
58510.833   -0.822963373589    0.000000000000    0.1363    0.2896  -0.140  128
58653.230    0.775562078119   -0.673401600082    0.2711    0.2156   0.150   50
