%-----------------------------------------------------------------------------
%                R.A. (mas)        Dec. (mas)        Err. (mas)     Corr. Del.
% Uncertainty in R.A. is in R.A. cos(Dec.)!!!!
%-----------------------------------------------------------------------------
46440.427   -4.510681721491    5.774000401004    0.8575    0.9150   0.018   11
46446.257    6.874172076251    8.879000395723    0.9195    1.4503   0.080    9
46450.238   -0.374331209120    5.320800005393    1.0617    1.4872  -0.229   12
46460.235    2.616301493565   -2.333300400892    0.7118    1.3509  -0.141   16
46465.257    2.030427310746    1.541300399310    0.7802    1.2144  -0.205   13
46473.231   -8.431610210770   14.120200803802    1.8810    1.6774  -0.167    6
46815.316  -14.289056799026  -15.290100002119    1.6070    1.6082   0.665    6
46825.313    2.736382321197   -3.544797594657    0.5196    1.1986  -0.205   27
46831.311   -0.038828162208   -0.382298404134    0.5618    0.8374   0.076   19
46835.314   -2.811733228387    3.202300798932    0.4973    0.9005  -0.034   30
46845.285   -0.023583294063    1.730001601175    0.9707    1.2756   0.097   19
46850.271   -0.110013191653    7.033100399667    0.4871    1.0150  -0.274   24
47148.172   -1.365457757015   -6.929499598129    0.7350    1.4050  -0.029   22
47151.113   -0.597522513769   -4.075200004650    1.5236    1.9414  -0.013   11
47164.912   -1.550825191072  -40.744598402398    2.0637   20.1572   0.604   17
47168.163    1.908620804455    0.101901603955    0.5345    0.9897  -0.151   28
47173.166    2.103483002539   -3.145399205096    2.1241    2.7173   0.468    9
47174.507   -0.853212137940    8.173800004840    5.1239   50.4297   0.935   15
47178.156    3.772518358894    7.235499597869    1.0925    1.8576  -0.012   15
47183.171    2.066666954965    5.776999205409    2.4739    1.6780   0.294    7
47560.306    2.260662978506   -3.826000802576    0.4284    0.8480   0.084   16
47565.317   -0.467805273633    0.212799595545    0.3165    0.5847  -0.005   12
47575.310    0.114472371990    0.164300394090    0.3676    0.7916   0.135   13
47590.315    0.208091420192    3.221301599865    0.3656    0.7531  -0.036   10
47615.302   -1.837867194675    1.588802395247    0.6411    0.7449  -0.028   16
47625.992    0.349167220087   -0.820400400414    1.5180    6.9738   0.686    4
47682.354    2.788153269538   -3.112099199143    1.3140    3.5198  -0.526    4
47717.290   -1.385158274095   -7.439900394957    0.4300    1.3388  -0.172   14
47743.205    1.315271035047   10.791000003962    0.4680    1.4672  -0.160   15
47780.311    8.512000036864   27.751302005186    0.5919    4.2415  -0.082    4
47787.258   -3.399332893677   -7.289499602336    0.8498    1.9216  -0.097    9
47810.272   -0.454289615550    1.844499605852    1.1205    4.4440   0.700    5
47823.180    1.859728341481   -7.600698003785    1.0046    1.9855   0.014   16
47830.343    1.781495613710    4.944999597001    1.2803    2.0544   0.005   20
47857.232   -1.817013870887  -10.979600396865    0.9293    2.3073  -0.413    6
47865.352    2.802100347286  -10.917597603566    2.0064    6.9973  -0.951    3
47878.095   -0.079668439051    2.915200803955    0.6417    1.4717  -0.385    6
47916.352   10.163060554799    3.537302393397    1.0760    2.2717   0.093   21
47923.083    4.120101352609   -3.308299196192    1.0376    1.8068   0.024   15
47943.183    2.465303041380   -1.935197998648    0.8884    1.7263  -0.335    8
47972.100   -1.290676386563   12.520501205415    0.9355    2.4358  -0.341    7
47986.071   -1.177211837592   -5.213300396179    0.7294    2.0454  -0.405    7
47998.164   -4.955625088104    0.621701998682    0.7933    2.0833  -0.587    5
48027.256    1.886763189051   -3.699698403636    1.0622    1.7051  -0.237    3
48041.271    1.600873795967    7.042399201396    0.7907    1.7088  -0.450    5
48047.246    7.292363696057  -20.739898796762    1.0930    2.5350  -0.419    4
48055.318    5.689622769144   -9.847299602939    0.9190    1.9674  -0.420    4
48069.234   -0.201616593818    3.195601198058    0.9649    3.6292  -0.790    7
48078.168    1.726559744027   -4.911199204116    1.5534    5.2471  -0.876    7
48082.248   -7.516559292321  -10.582700399198    1.1908    2.2345  -0.140   11
48090.364    0.919365115097  -19.405598395394    0.7347    2.0395  -0.314    7
48097.245    0.012224930492   36.719301596122    0.8437    1.9522   0.021   10
48104.251   -2.756224486753   49.728999593412    0.9679    3.2764  -0.336    3
48110.435    4.154042446218    4.368999600501    3.0922    1.8867  -0.182    5
48161.906   -2.589118327093    2.718201599805    3.1699    1.8484  -0.543    4
48181.275    2.163882344175    9.145900804697    0.9145    1.7576  -0.251    4
48196.403    0.633762157988    6.361801197841    0.8927    1.5909  -0.247    4
48237.333    3.911868480130    4.973702397137    0.9106    1.6860  -0.159    5
48260.351   -1.810397592226    5.113799994660    0.9821    1.9197  -0.301    5
48265.352   -0.244617500387   -5.396097597554    1.2827    2.4440  -0.263    3
48280.345    3.770792680235   -3.025198805062    1.1483    2.4349  -0.100    5
48307.271    1.989442050214  -12.954700800094    0.7977    1.5833  -0.106    6
48322.232    1.966721595480   -2.647098003195    0.9885    1.9752  -0.160    7
48336.415    7.084848679218   -4.021397998599    0.8614    1.9248  -0.319    7
48350.364    2.004110515005   -7.811100003607    0.8246    1.4616  -0.254    7
48356.259  -10.116176871247   -8.985999605216    0.9692    1.5515  -0.165    6
48362.285  -11.865315617721   23.671699199213    1.0423    2.0096  -0.275    5
48372.363    2.977258693077  -12.068600403836    0.9627    2.4349  -0.182    5
48379.346    4.170005170004   -4.129498803707    0.8852    2.1318  -0.064    6
48386.268   -0.841563610802    2.386400402088    0.8606    1.7947  -0.301    8
48454.270    5.388488507915   24.674399995206    0.6924    2.0332   0.235    4
48475.254    3.938330259560   -5.524398001455    0.7643    1.5808  -0.555    3
48580.256    2.277202105646   -1.671897602762    6.2351    1.4101   0.869    3
48636.252    2.913984201287    0.965401198982    4.4307    1.8960  -0.381    3
48756.865   -0.163941238317   -1.547499600463    1.2749    6.4896   0.546    3
48766.383    1.592963258312   -0.297000005389    3.7230    1.6339   0.113    5
48804.428  -12.964008095378   -6.263697605391    6.5719    5.7858  -0.545    5
50259.083   -2.463432379032   -5.613400803384    2.1125    3.8959   0.498    3
50459.832    0.055367289348    0.000000000000    0.1675    0.3287  -0.196  122
50631.755   -0.671006093824   -1.125399600710    0.5687    0.5394  -0.138   66
51044.254    0.828766004548   -0.652899596787    0.5027    0.8538  -0.191    6
51352.251   -1.694344525266    0.627602405245    0.6289    0.7353   0.102    6
51499.250    0.012079946803    0.054799198779    0.3437    0.8229   0.031    7
51533.086    0.301710468394   -0.465400799499    0.1200    0.2636  -0.146   92
52340.245   -0.085277090882    0.584402401671    0.0638    0.2086  -0.163  103
56511.787    0.097501825185   -0.108597598114    0.2996    0.6960   0.111   15
56551.793    0.191697276741    0.199799997347    0.3307    0.5612   0.079   23
56565.789   -0.984220105667    0.525902393633    0.3289    0.5222   0.008   18
56579.793    0.110734578696   -0.070397997831    0.1753    0.4007   0.165   54
56600.791   -0.381379103635    0.077101205420    0.2135    0.4356   0.081   50
56693.791   -0.061980036606   -0.240800403617    0.2418    0.5597  -0.087   20
56735.791    0.000000000000    2.867900400361    0.1873    0.4941   0.192   23
56803.794   -0.159337074292   -0.560898003243    0.1483    0.3894   0.084   37
56812.790   -0.797271976641    1.009202398450    0.1847    0.4312  -0.022   24
56833.229   -0.629734397316    0.358300793835    0.1565    0.3472   0.040   44
56838.792   -0.770092145382    0.922302004369    0.1153    0.2823  -0.030   68
58142.227   -3.824862179186   -1.895299200783    0.3580    1.0966   0.525   40
58216.836   -1.680683883494    3.038399995603    0.1325    0.3049   0.087   90
58445.165   -4.531680028967    0.017200794389    0.3230    0.8967   0.453   28
58563.250   -3.870306816244    2.234502004228    0.4763    1.0159   0.130   19
58577.250   -3.014792400102   -2.037499206153    0.3935    1.2239   0.494   39
