%-----------------------------------------------------------------------------
%                R.A. (mas)        Dec. (mas)        Err. (mas)     Corr. Del.
% Uncertainty in R.A. is in R.A. cos(Dec.)!!!!
%-----------------------------------------------------------------------------
53125.576   -4.102395531516    6.247897188416    2.2077    5.4678  -0.891    6
53555.874    0.394183081928    7.868998790173    2.5774   40.7281   0.859    5
53568.621    0.717766416505   15.866899192929    0.5530    6.1986   0.245    9
53605.000    0.223164952120    1.036497594953    0.7940    2.4297   0.343    5
53850.956   11.129159368382   -4.491702011933    1.2934    1.2248  -0.609    6
54173.241    0.975907687492   -0.184100402123    0.8920    1.0244   0.377    9
54264.229   21.278535787104    0.219697194836   29.4327    3.0836   0.930    4
54391.230   -0.152432085077    0.000000000000    0.7305    0.7394   0.169   10
54523.231    0.000000000000    1.130000387661    0.6955    0.9812   0.345   11
54621.228   -1.178290296035    1.534499989475    0.8860    1.0100  -0.368   12
54741.249    0.532418374368   -1.511200802895    1.1950    1.3942   0.263    9
54971.232    0.002583332028   -0.808102807071    1.0342    1.0074   0.297    5
55035.249   -1.944325455337   -1.397401209147    0.8724    0.9898   0.166    9
55174.227   -0.165854459183    1.339099199527    0.8662    0.9615  -0.052   10
57988.230   -0.502603084863   -0.853401611778    0.3642    1.4468   0.152    7
58010.244    0.266790001082  -16.719202803017    0.3083    2.5300  -0.206    3
58082.022   -2.920233142829   -7.048501200302    0.3500    1.3694   0.205   13
58108.291   -2.669706106970   -6.043302012415    0.2359    1.1489   0.355   17
58258.146    1.660243804844    3.565097989622    0.2790    0.3856   0.092   72
58645.413   -0.996427137285    1.525899598676    0.4258    1.0820  -0.757   44
