%-----------------------------------------------------------------------------
%                R.A. (mas)        Dec. (mas)        Err. (mas)     Corr. Del.
% Uncertainty in R.A. is in R.A. cos(Dec.)!!!!
%-----------------------------------------------------------------------------
49519.335    0.040888432149    0.233600403021    0.8887    0.9248  -0.262    4
50242.333   -0.488804728854    1.342598403653    0.2560    0.3303  -0.202   90
50560.082   -0.211224571884   -0.272102391818    0.3515    0.4363  -0.154   22
50666.253    0.194981848729    0.258598799974    0.1840    0.3272  -0.178   82
50708.253    0.548265858742   -0.021502799541    0.3585    0.6077  -0.339   35
50729.251    0.243698702221    0.034797611193    0.3460    0.7933  -0.086   13
50736.253   -0.291949847680    1.284498011955    0.2743    0.6488  -0.248   15
50743.251   -0.710190406123    1.075597211297    0.2668    0.4271  -0.240   24
50750.253   -0.047199875717    0.182897997547    0.1879    0.3193   0.072   59
50757.251   -0.387748635773    0.229899606552    0.2773    0.4769  -0.328   11
50764.253   -0.279332538840    0.177498003495    0.1876    0.3744  -0.065   27
50771.252    0.388797355437    0.237999597630    0.2737    0.3528  -0.303   18
50778.253   -0.010163974223   -0.173300401229    0.2329    0.3322  -0.348   36
50785.252    0.139022773122   -1.237802385390    0.3590    0.9180   0.083    7
50792.250    0.125471816897    0.182700011919    0.3078    0.3683  -0.035   33
50799.252   -0.162973267044    0.383597998166    0.2516    0.3813  -0.215   20
50806.166   -0.100237358596    0.523098006511    0.1997    0.3211   0.036   30
50813.168   -0.213560124764    0.904298408955    0.4117    0.6269  -0.314    8
50820.250   -0.091124813495   -0.132602383474    0.1969    0.3142  -0.149   44
50827.252   -0.309824302130   -0.034700383367    0.5130    0.6374  -0.288    5
50834.254   -0.264612371756    0.033598800542    0.1693    0.2645  -0.016   57
50848.254   -0.026403669160   -0.011501992958    0.1669    0.2634  -0.077   50
50855.252   -0.832858412029    1.014998414917    0.4605    0.8356  -0.351    6
50862.254    0.330617639849    0.288399601800    0.2707    0.2945   0.083   16
50868.167   -0.002220639981   -0.979001993073    0.3253    0.5877  -0.176   29
50869.252   -0.863117480682    0.954298809575    0.3555    0.4905  -0.215   11
50876.254   -0.015421119832    0.066898806494    0.2168    0.2387  -0.083   25
50883.252    0.104443075083    0.414097198131    0.4453    1.0384   0.528    3
50890.254   -0.507495208330    1.105898400056    0.3575    0.5889  -0.223    5
50904.254   -0.111570384298   -0.615801579329    0.3299    0.5010   0.260    7
50911.252   -0.417306751678   -0.324701980503    1.2250    0.7803   0.258    3
50918.254    0.385292591698    0.243197999339    0.2418    0.2813  -0.138   22
50925.252   -1.338483456752    0.309297598733    0.6022    0.5551  -0.016    5
50932.254   -0.113440547905   -0.495399586953    0.1982    0.3300   0.153   29
50946.254   -0.576306996872   -0.738500384045    0.2625    0.3715  -0.111   20
50960.254   -0.020095094430    0.185198416602    0.1987    0.3016  -0.174   21
50967.252   -0.230615844728    0.266097620738    0.4351    0.4508  -0.300    7
50974.254    0.191477084990    0.315799201189    0.4575    0.5663   0.120    6
50988.254    0.113670533084    0.540997211829    0.2623    0.4439  -0.108   13
50989.324   -0.559133495171    2.464398016855    0.2103    0.2249   0.353   96
50995.252   -0.397093875511    0.037299597011    0.7499    0.7887   0.649    4
51002.254    0.395106089547    0.291200407787    0.2139    0.3080  -0.193   29
51009.252   -0.286810483809   -0.121499994066    0.4736    0.5847  -0.316    7
51016.250   -0.117528642034   -1.116701994874    0.4055    0.7290   0.089    4
51023.252   -0.638341952573   -0.932302785372    0.4011    0.7765   0.038    6
51030.254    0.138439602111   -0.177699595838    0.1913    0.2994  -0.066   32
51044.254    0.158066597810    0.088397999320    0.1984    0.2712   0.144   44
51058.254    0.027687952298    0.659898017830    0.2156    0.3220   0.114   18
51065.252   -0.106663715064   -0.417002394215    0.2848    0.3696  -0.021   12
51072.250   -0.153978503680   -0.059702387034    0.1987    0.2582   0.043   46
51079.252    0.621050669135    0.341697614203    0.3027    0.3564   0.044    9
51086.254   -0.364617035715    0.231199200584    0.1840    0.2553  -0.002   25
51093.252   -0.791033463657   -0.098902799550    0.6985    0.7847  -0.586    4
51100.250    0.297322065568    0.571100414959    0.2432    0.3707  -0.036   16
51107.249    0.154093416580   -0.124300800053    0.6027    1.1654  -0.484    3
51114.251    0.159000245194    0.029700018445    0.2439    0.3147  -0.210   29
51121.249    0.139841507607    0.241898405307    0.2957    0.4043  -0.154   20
51128.251   -0.168115499754    0.991198803035    0.3946    0.5476  -0.276    5
51135.252    0.847460797375    0.925797601781    0.6012    1.1287   0.675    5
51142.251    0.408309278856    0.559598396421    0.2474    0.3444  -0.022   10
51149.249   -0.098252122710    0.027997214147    0.2992    0.7063  -0.177    5
51156.251   -0.948399108719    0.161197212378    0.5644    0.4347   0.423    7
51170.251   -0.296506199921    0.379098020176    0.2710    0.2913   0.063   15
51177.249   -0.163091048782    0.147999602973    0.6387    1.4417  -0.814    3
51184.251   -0.121383882147    0.085298398744    0.2129    0.2781  -0.106   14
51191.253   -0.066007977551    0.554598005920    0.3520    0.3745   0.256    8
51198.251   -0.132599285492   -0.197301579874    0.2219    0.3094   0.151   21
51205.249   -0.077223380896    0.803397617233    0.5742    0.5961  -0.390    6
51212.251   -0.421512627545    0.927900009629    0.5230    0.7705  -0.150    4
51219.249   -0.445345180350   -0.534002384711    0.2530    0.3430  -0.231   10
51226.251   -0.228981244595   -0.070901978688    0.2521    0.3274  -0.010   16
51240.251   -0.311461771100   -0.003502785262    0.3745    0.2934  -0.075   11
51247.249   -0.365550683100    0.702399597685    0.4638    0.4731   0.329    6
51254.251   -0.034464785140    0.105497997538    0.2111    0.3389  -0.195    9
51261.249    0.629344479751   -0.544402794844    0.3238    0.4579  -0.342    6
51268.251   -0.401767850109    0.600598815481    0.2999    0.4489  -0.149    6
51275.249   -0.065307024803    0.146498416598    0.3589    0.5022  -0.143    4
51282.251   -0.106080544053   -0.215999992292    0.4186    0.4241   0.175   13
51289.249    0.342419083042   -0.660502794858    0.2773    0.4134  -0.372    6
51296.251   -0.388449747901    0.459399609554    0.2959    0.3550  -0.279   13
51297.270    0.521396640929   -0.122101189959    0.3172    0.4094   0.381   17
51303.249   -0.251179197269    1.263200411472    0.3505    1.0281  -0.002    3
51310.251   -0.427120249527   -0.312901192956    0.2960    0.5740  -0.045    9
51324.251    0.195099630466    0.178099199388    0.3439    0.4746  -0.288    7
51338.251    0.314495567269   -0.201999594651    0.3278    0.3963  -0.084    9
51345.249   -0.360178624592    0.161697599310    0.3483    0.4648  -0.433    7
51352.251    0.306670014764   -0.198500390525    0.2339    0.3158  -0.190   17
51359.249    0.576422069152    0.679100398315    0.4481    0.3941   0.202    8
51373.253    0.153510245569   -0.319802398963    0.3061    0.6306  -0.265    6
51380.251    0.422561187829    0.858697202943    0.3906    0.3859   0.086   11
51387.249    0.020678265440   -0.413600392335    0.3115    0.6009   0.137    5
51394.251   -0.028624468521   -0.024602400117    0.3759    0.5302   0.073    5
51401.249    0.196619317699    0.527799602423    0.4752    0.5162   0.470    5
51408.251   -0.030141286916   -1.630000787145    0.3946    0.8197   0.255    3
51415.249   -0.276178251475   -0.084401989398    0.3141    0.6017  -0.014    7
51422.251   -0.176877409101    0.094399214845    0.3083    0.4219  -0.302   13
51429.249    0.488451543022   -0.291999589308    0.4338    0.6000   0.095    6
51436.251    0.132481503755    0.714200410812    0.3934    0.6096  -0.347    4
51443.249   -0.312277796127    0.001800006544    0.6149    0.8041   0.455    3
51449.166   -1.877757261588   -0.836999998910    0.3650    0.3767  -0.194   12
51450.251   -0.379687679173    0.081997205825    0.2902    0.3642  -0.222   10
51457.249   -0.687877381171    1.117497620839    0.8440    1.2246  -0.722    3
51464.251    0.123018482280    0.576298816668    0.2942    0.3951   0.059    8
51478.251    0.565324447544   -0.387399603596    0.3411    0.5096  -0.393   18
51485.250    0.415083402239    0.109598397557    0.4514    0.5747  -0.132    8
51492.251   -0.128626104262   -0.512099981620    0.3212    0.4213   0.077    8
51499.250   -0.025234617681    0.340999216064    0.4661    0.6706  -0.199    4
51513.250   -0.069980999401   -0.631000787621    0.4967    1.0303   0.471    3
51520.251   -0.630048141957   -0.666500403668    0.3698    0.7140   0.353    6
51534.251    0.385643068072   -0.074602800737    0.3636    0.4166  -0.212   13
51548.252   -0.084933861122   -0.368402396589    0.2533    0.3525  -0.266   14
51555.250    0.024884141307    0.104400021428    0.3002    0.4031  -0.165    5
51562.252   -0.357374654221   -0.460202397790    0.3358    0.6568   0.480    7
51576.252    0.401299751378    0.341798397585    0.2693    0.3761   0.110   10
51590.252   -0.149422310820   -0.458002787695    0.2206    0.3209  -0.143   22
51604.252   -0.775029172815   -0.314402379331    0.3772    0.4165   0.094    7
51611.250    0.139491031233    0.039999619617    0.5964    0.5619   0.370    3
51618.252    0.675840533883    0.831099617926    0.7846    0.4365  -0.417    5
51625.250    0.472562165079    0.734299200644    0.4873    0.8132   0.643    4
51632.252   -0.171735176392    0.241498801756    0.6454    0.6427  -0.392    3
51639.250   -0.196737099436    0.115898407671    0.5972    0.8633   0.374    3
51660.252   -0.213560124764    0.507200400079    0.4735    0.4906  -0.044    6
51674.252   -0.761242653115   -0.488001600729    0.3019    0.3949   0.115   16
51702.248   -0.374898632296   -0.620499594106    0.3764    0.4915   0.400   17
51723.250    0.277580316350    0.365497200505    0.7035    0.6157   0.662    5
51737.250    0.636354007229    0.785797206504    0.5282    1.1778   0.479    3
51744.252    0.112969580336   -0.182502000712    0.2442    0.2850  -0.225   15
51758.252    0.608082883920   -0.774100783474    0.7470    0.7063  -0.738    3
51779.250    0.625371457901   -0.298702784107    0.6067    0.5214   0.188    7
51786.252    0.723505798873    0.134197216539    0.4670    0.4981   0.208    6
51800.252   -0.270337934856    0.458298001149    0.2334    0.4088  -0.222   14
51807.250   -0.469878845283   -1.005901179951    0.4425    1.0512   0.089    4
51821.250    0.240429342577    0.122497212374    0.3506    0.4207  -0.325    7
51828.249    0.750492798424   -0.309999603587    0.2930    0.4163  -0.234    9
51842.252    0.246970771324    1.376697616706    0.4749    0.6736  -0.205    4
51856.252   -0.853068419358    0.642200404855    0.6128    1.0836   0.036    3
51863.250   -0.299896050761    0.485197213607    0.4858    0.9363   0.043    3
51870.249    0.249656800578    0.072500418469    0.2618    0.2932   0.202   12
51884.252   -0.360879577340    0.187200015489    0.2348    0.2717   0.023   11
51898.249   -0.735542646161   -0.110199593450    0.4133    0.3684  -0.187    7
51906.248   -0.235990772073   -0.672901197163    0.5932    0.9209  -0.775    3
51912.249   -0.193582812071   -0.001799980964    0.2026    0.3521  -0.058   13
51919.251    0.736240889451    0.411897613617    0.4995    0.4162   0.523    4
51926.249    0.092058460879    0.082497618337    0.1965    0.3590   0.021   11
51933.251    0.642312264965    0.333500420879    0.4201    0.4241  -0.399    5
51940.249    0.184818033886   -0.294800395295    0.3259    0.3027  -0.358   16
51947.251   -0.225008222745   -0.486802790078    0.8583    1.5425  -0.933    4
51954.249   -0.023599858169    0.556599604806    0.3490    0.3794  -0.175   12
51961.251    0.108062911101    0.743598002373    0.2293    0.3204  -0.273   13
51968.245   -0.328985749175    0.248000404213    0.2742    0.2749  -0.068    9
51975.247    0.657150213786   -0.297701984664    0.2956    0.3397  -0.214    7
51982.245    0.280499040241    0.315500406600    0.2274    0.3449  -0.010   11
51989.243    0.778649008833    1.144299605471    0.4353    0.6368   0.092    5
51996.249   -3.804110726093   -3.050600386700    0.4378    0.3653   0.587    5
51997.268   -0.185754390728    0.262098004100    0.2925    0.3250  -0.135    5
52003.247   -0.480976466891   -0.791902786546    0.4925    0.3790   0.423    4
52010.249   -0.322208916333    0.284799614292    0.1927    0.2493  -0.267   34
52017.251   -0.160287078411    0.048099610694    0.4876    0.3532  -0.153    3
52024.249    0.197320270447    0.030499199966    0.1963    0.2228  -0.028   21
52031.247    0.105376722467    0.153399597025    0.3249    0.3465  -0.117    9
52038.245   -0.455859630947    0.244598402332    0.4397    0.3848  -0.008    7
52045.247   -1.734761466616   -0.718901981145    0.2423    0.2387  -0.057    9
52052.245    0.992091351859   -0.097001984045    0.1509    0.2163   0.023   17
52059.247    0.582380167508   -0.154101601879    0.3390    0.3800  -0.479    9
52066.245   -0.150706434578    0.370198796418    0.2048    0.2761  -0.324   24
52073.247    0.387863708052    0.123800413121    0.5909    0.5861   0.399    5
52080.249   -1.051558060044   -0.001702778718    0.4730    0.6097  -0.571    7
52087.247    0.508661550351    0.207500397664    0.2834    0.3390   0.189   10
52093.248    0.254799033287    0.199198814244    0.3858    0.3119  -0.070    9
52101.247   -0.294170487661    0.238500010141    0.3198    0.3395   0.125    6
52108.249    0.413098325733    0.007398011803    0.4277    0.3249  -0.119    8
52115.251   -0.765215834346    0.908899221486    0.3629    0.4268   0.148    6
52122.249   -0.044396064726   -0.144100795296    0.2700    0.3165  -0.103   12
52129.251   -0.360060842855   -1.424699999575    0.2907    0.3339   0.047   14
52136.249   -0.119163242167   -0.086601599492    0.1815    0.2473  -0.212   18
52143.251   -0.222905364502    0.766098020222    0.2609    0.3219  -0.451    9
52150.249   -0.128160714989   -0.198399581564    0.1950    0.2587  -0.212   16
52157.251   -0.495228375864    0.339598813071    0.4226    0.3598  -0.222    6
52164.249    0.171499772297   -0.177699595838    0.1844    0.2547  -0.159   13
52171.251    0.827133008309    0.081997205825    0.2769    0.3633  -0.158    9
52178.249    0.249306324204    0.337899615488    0.2157    0.3016  -0.162   12
52185.248   -1.425637957854    0.555300010774    1.2642    0.9781  -0.621    3
52192.249   -0.005607621982    0.117698414215    0.2123    0.2916  -0.034   15
52206.249   -0.419409609922    0.107499596425    0.2345    0.3664  -0.107    8
52213.248   -0.033646050655   -0.193402797777    0.6919    0.5150   0.334    4
52220.249    0.189374226746   -0.161902798368    0.4488    0.6175  -0.579    3
52227.240   -0.063554642934   -0.013899588680    0.3231    0.7538  -0.409    4
52234.249    0.000700952748   -0.088901992967    0.2851    0.3796   0.296    5
52248.249    0.297790323679    0.090500407168    0.2213    0.3436   0.209   20
52262.250    0.221267895531   -0.033699583923    0.2375    0.2684  -0.153   12
52271.249    0.152223252973    0.204598808295    0.7811    0.4524  -0.212    6
52285.271    0.147201670839   -0.237599994080    0.5349    0.4073   0.397    6
52299.271    0.325828752352   -0.089002801928    0.4435    0.3990  -0.106    3
52306.248    0.800260921658   -0.800801984724    0.5246    0.6904   0.041   88
52313.268    0.038785573906    0.374698799988    0.2420    0.3145  -0.340    9
52320.269    0.493475993994   -0.329201984073    0.3787    0.3076  -0.437    7
52341.271   -0.052457021326   -0.452001597750    0.3601    0.4648  -0.431    6
52348.270   -0.645118785415    0.235098008261    0.3002    0.3310   0.092    7
52355.271    0.030023505178   -0.260301578692    0.2030    0.3862   0.158    7
52369.271    0.052804788242    0.383497214784    0.3097    0.3702   0.060    7
52383.268   -0.006894614579   -0.403102779956    0.2880    0.3693   0.117   16
52397.271    0.057243199365    0.347198417217    0.3872    0.3321   0.155    7
52404.270   -0.165426601662    0.988898409560    0.4996    0.6810  -0.548    3
52409.164    0.456557874237    0.055998009429    0.4017    0.7925  -0.035   81
52411.272   -0.079444020876    0.409798812484    0.1928    0.3989  -0.184    8
52418.270   -0.043344476225    0.359600400657    0.3503    0.4188   0.331    3
52425.272    0.135518009383    0.296600401839    0.3190    0.2981  -0.300   12
52432.266   -0.322208916333   -0.210002383483    0.4071    0.6236  -0.500    5
52439.272   -0.119513718541   -0.287701203661    0.2815    0.5313  -0.212    4
52444.228 -221.891277290868 -111.750202793814    9.4724    7.4330   0.659    3
52446.270    0.315196520017   -0.746002785945    0.4355    0.5675  -0.591    6
52453.272    0.195567888577   -0.088700400624    0.1843    0.2896  -0.119   15
52458.268    0.268349989512    0.077497202255    0.9578    0.9300   0.840    3
52467.268   -0.593480498574    0.575798404157    0.3929    0.3551  -0.405    9
52474.270   -0.498850921340    0.137797204047    0.3097    0.3060  -0.276    8
52481.272   -0.205148532410    0.911397600589    0.4227    0.5893   0.209   10
52488.270    0.276528727849    0.176997616563    0.3465    0.2880  -0.044   12
52495.272   -0.061219090054    0.169099217828    0.2811    0.3423  -0.082    7
52502.270    0.130844034785   -0.672101990062    0.2791    0.5872  -0.294    7
52509.272   -0.204680274299    0.260297997556    0.2244    0.2893  -0.165   11
52516.270    0.057829239214   -0.554399994712    0.2089    0.3669   0.196    7
52523.268    0.003036505628    0.152398797582    0.2955    0.3566  -0.162    8
52530.270   -0.203163455904    0.152100002992    0.2397    0.3875   0.052    7
52537.272   -0.371043392183    0.599698799419    0.4014    0.5599  -0.337   13
52544.270   -0.225944738968    1.567497619703    0.3675    0.5267   0.242    7
52551.272    0.118111813045   -0.098402387039    0.2429    0.3987  -0.037    5
52558.270    0.480973598053   -0.015202789427    0.3849    0.3751  -0.349    8
52568.241   -0.159353431026    0.092397615958    0.1895    0.3155  -0.333    6
52579.272    0.301062392782   -0.026902793593    0.3198    0.5730   0.506    4
52586.270    0.171617554035    0.374299196437    0.2788    0.5476   0.329    6
52593.272    0.599786363846   -0.169801197103    0.2921    0.2829  -0.282   10
52600.270    0.223138059138    0.298997997561    0.1810    0.4134   0.147    8
52605.270   -0.432960566146    0.453200408401    0.2753    0.3541  -0.103    6
52614.270    1.000620725950    0.965898004779    0.4313    0.5319   0.549    4
52621.268    0.147434365475   -1.027601990700    0.2351    0.8604  -0.387    4
52628.267    0.010979839870    0.526197607087    0.2029    0.7762  -0.169    6
52642.270   -0.131430074633   -0.368099995285    0.1980    0.3647   0.135   15
52655.248   -0.247789346429   -0.264401978711    0.7881    0.8135   0.757    3
52656.270    0.099300842374    0.229197601698    0.1673    0.2802   0.236   12
52670.274    0.221736153643   -0.717800398320    0.2908    0.3900  -0.072    4
52677.268   -1.017911850009    0.092098821369    0.4043    0.3899   0.260    4
52683.244   -0.097082911851   -0.212500788166    0.1444    0.4398  -0.013   13
52684.270    0.180261681645   -0.185302781119    0.1477    0.2167  -0.124   13
52698.270    0.213442343026    0.584398807746    0.2241    0.2987  -0.186   13
52712.270    0.275592371006   -0.163601995951    0.1432    0.3272  -0.260   10
52726.270    0.023714930448    0.549500413172    0.2428    0.4668  -0.612    8
52740.270   -0.150706434578    0.579697211833    0.3419    0.5441  -0.168    6
52753.244    0.088321002503    0.361299598239    0.1892    0.3198   0.175    3
52775.269    0.229679487885   -0.212900391716    0.2526    0.3847  -0.585    7
52789.269    0.357955115773   -0.501299993516    0.2691    0.3120  -0.056    5
52823.270   -0.146736122186   -0.989902790138    1.0700    2.1353  -0.883    4
52831.269    0.145331507232   -0.041101202441    0.3143    0.5479  -0.166    7
52837.244    0.112619103962    2.015099997266    0.4452    0.9215   0.770    3
52838.267    0.339147013940    0.407998805940    0.3465    0.4783   0.096    5
52845.269   -0.264847935231    0.247899620831    0.2851    0.5044  -0.269    5
52859.269    0.436229925791   -0.318401995969    0.2670    0.3699  -0.292    9
52866.271    0.815449346853    0.950198409555    0.8232    0.6611  -0.061    3
52873.269   -0.003973021850    0.025898413014    0.3032    0.4985  -0.413    5
52887.269   -0.027104781288   -0.259700382799    0.3050    0.4341   0.408    6
52894.271   -0.252463321027    0.021697204033    0.3784    0.4040  -0.127    7
52929.269    0.056660028355   -0.132800394681    0.2001    0.3639  -0.326    5
52950.271   -0.654464025153   -0.407102396593    0.5521    0.3555   0.375    6
52957.269   -0.196386623062   -0.596901600147    0.3437    0.5219  -0.046    5
52969.268   -0.596634785939    0.643100420916    0.2935    0.4135  -0.104    9
52985.266    0.551420146107   -0.256100395291    0.7225    0.4472   0.380    3
53013.269   -0.155613103813   -0.570099589936    0.4316    0.4147  -0.516    3
53020.267    0.061917173963   -0.057401993558    0.1942    0.4705  -0.003    5
53027.269   -0.151993427174    0.387698398185    0.4722    0.6030  -0.380    4
53034.267    0.149887700093   -0.204400797088    0.1629    0.8216  -0.143    4
53062.271   -0.235172037588   -0.361799985171    0.2241    0.3572  -0.126    5
53069.269   -1.623073300581   -3.766802396399    0.5721    1.2814   0.781    3
53076.271    0.069395118933   -0.007102798349    0.2559    0.3363  -0.550    5
53090.271   -0.398846257381    0.096897619528    0.5118    0.5963  -0.388    3
53111.269   -0.242299506184    0.105800398842    0.2554    0.4833  -0.305    4
53118.268    0.332019545345   -0.099601197689    0.4932    0.5837  -0.340    3
53125.576   -0.507963307061    0.490100401862    0.3041    0.3751   0.063  135
53132.271    0.314731130744   -0.392500803059    0.4814    0.6671  -0.798    3
53134.021    3.764857053456    2.968398007397    0.2374    0.4167  -0.032   64
53152.747    6.023583408518   -0.157802398348    0.3876    0.4668   0.081   77
53167.270    0.187621844877    0.157399213663    0.4702    0.5714  -0.123    3
53180.247    0.377817515566    8.420299209888    0.6422    0.6913   0.219    3
53201.256    0.022896195963   -0.205801200082    0.1037    0.1197   0.120  153
53202.272    0.100702747869    0.348800412553    0.2634    0.6293  -0.045    5
53215.253    0.933911636272   16.628400007335    0.3684    0.9380   0.209    5
53243.249    0.081075911551   -0.161801989407    0.0936    0.1275  -0.175  131
53285.253   -0.383310224650   -0.090500381589    0.0917    0.1960  -0.202  115
53292.247    6.986935378957  -12.682702785582    0.2940    0.4796  -0.411    4
53300.268    0.287626349456   -0.200102385861    0.3146    0.4035  -0.657    3
53314.268    0.215309797175   -1.130399991212    0.2828    0.9433  -0.255    3
53318.206   -0.025001763664   -0.109400386350    0.2650    0.4026   0.081   14
53325.226   -0.240779818951   -0.607899599459    0.2982    0.3405  -0.184   17
53339.204   -0.997115802831   -0.910299598900    1.0294    1.1472  -0.245    7
53341.249    0.064603362597    0.158698807695    0.0629    0.0869   0.044  184
53342.272    0.081075911551   -0.685501191811    0.5108    0.6261  -0.748    3
53356.272    0.092526718990   -0.269600380420    0.2203    0.4167  -0.406    5
53360.206    0.648971316069   -0.056602786458    0.2828    0.4629  -0.487    9
53377.266   -0.661824188384    3.446298018162    1.8306    3.5179  -0.873    3
53383.249    7.551558714374  -72.048200391350    0.4541    1.8101  -0.365    3
53384.268   -0.088556406598   -0.548099984599    0.4635    1.1138  -0.780    4
53389.206    0.323257635997   -0.574700402467    0.2397    0.2719  -0.144   15
53395.204    0.178158823402    0.039297614762    0.2859    0.3686  -0.592   10
53405.270   -0.268818247623   -0.098002783488    0.2764    0.5434  -0.447    7
53409.204    0.623035905021   -0.044999984539    0.2312    0.3090  -0.395   12
53412.268    0.053155264616   -0.232401592370    0.1994    0.3616  -0.604    5
53416.206   -0.235407601063    0.773398804199    0.3713    0.3735  -0.352   10
53418.255    0.603877167433    0.942397213066    0.2955    0.9130  -0.197    3
53423.208   -0.565792546275    0.366800401252    0.3847    0.5404  -0.002   22
53426.268   -0.296856676295    0.115898407671    0.2886    0.5129  -0.557    4
53430.206   -0.087387355119    0.302097598137    0.1241    0.1991  -0.015   29
53433.270   -0.276879204223   -1.724400001990    0.4391    0.7787   0.465    3
53437.204   -0.033881614129    0.183499219020    0.1477    0.2980   0.011   14
53444.206    0.233184251624   -0.345002388258    0.1963    0.2656  -0.135   27
53446.248   -1.668052376937   -1.775800780024    0.3192    0.6843   0.438    3
53452.223   -6.738565570976   -4.706902797125    1.7224    1.4713   0.145    6
53472.206    0.106195456952    0.220399212481    0.1109    0.2036   0.043   53
53475.270    0.146615630990   -0.174599995262    0.2317    0.3128   0.011   42
53479.204   -0.207018696017   -0.025401581638    0.3591    0.2111  -0.268   20
53481.249    0.487282332163    0.546598798223    0.3979    0.3323  -0.030   13
53486.206    0.014835079983    0.989100001902    0.2559    0.3541  -0.033   34
53488.251   -0.106195456952    0.076798804116    0.1845    0.2070   0.198  155
53489.267    0.220684724521   -0.284201999534    0.2161    0.2657  -0.200   22
53493.204   -0.318936847231   -0.286599595256    0.1529    0.2082   0.123   25
53496.269    0.070797024428   -0.783701986506    0.2187    0.3442  -0.259   11
53500.206   -0.169982794523    0.410900420889    0.4844    0.6120  -0.102   14
53503.270    0.230265368354    0.035197214743    0.3214    0.4375  -0.398    7
53507.204    0.447913587247   -0.362300397683    0.4116    0.4323  -0.045   17
53510.269   -0.142179929325   -0.026402381081    0.3542    0.4018   0.293    4
53514.206   -0.067878141158    0.000000000000    0.1936    0.2417   0.133   22
53517.270   -0.426884686053   -0.110501994754    0.1622    0.2227  -0.121   48
53522.205    0.197202488710    0.176400001806    0.1386    0.2661   0.220   31
53524.269   -0.342068606668    0.544399213709    0.2290    0.3467  -0.182    7
53528.206   -0.042758595756    0.108899999418    0.2406    0.3083   0.115   18
53531.270   -0.008761909348   -0.312001202474    0.1837    0.2643  -0.040   35
53535.204   -0.286810483809   -0.006299984534    0.2001    0.3119  -0.116   22
53538.269    0.358072897511   -0.170600378624    0.2692    0.3421  -0.017    8
53542.206    0.365550683100    0.154198804125    0.2453    0.3240  -0.375   10
53545.270    0.034347003402   -0.080301589378    0.1696    0.2152  -0.005   28
53549.208   -0.171152005382   -0.270601179864    0.1911    0.2419   0.018   21
53551.250   -0.232836484708   -0.840902387722    0.2237    0.1903   0.618  113
53552.269    0.059932097457    0.303199206542    1.2163    1.4572   0.662    4
53557.207    0.455273591099    0.292597204066    0.2171    0.4167   0.348   16
53559.271   -0.156431838298   -0.097300778634    0.1865    0.2598  -0.282   18
53563.204    0.184585339249    1.066197600608    0.1518    0.2781   0.090   28
53565.250    0.384126249677   -1.661201991965    0.8392    0.7840  -0.364    3
53570.206   -0.152343903548   -0.310802391823    0.1902    0.2369   0.059   19
53573.271   -0.122668005906   -1.811001601482    0.2093    0.5687  -0.598   15
53577.204   -0.192999481681   -0.098301603657    0.1852    0.2842   0.176   20
53580.269    0.616727170910   -1.160099984077    0.4547    0.6570  -0.221    7
53584.202   -0.128393409626    0.179298010039    0.2284    0.3546   0.011   13
53587.271    0.305032705174    0.434498414847    0.2168    0.2945  -0.172   24
53591.204   -0.110987213288   -0.654901182884    0.3390    0.3523  -0.027   24
53594.269    0.906223683974    0.645498016638    0.5178    0.7204  -0.006    6
53601.271   -0.159235649289    0.207698408872    0.2600    0.3670   0.302   11
53607.250   -0.801315219617    1.286499610842    0.1418    0.2029   0.147   55
53612.206    0.115773391327    0.045597599296    0.2098    0.3426  -0.277   15
53615.271    0.057944152113   -0.390801579897    0.1894    0.2569  -0.034   19
53620.205    0.231431869755   -0.081900003579    0.5661    0.7013   0.208    3
53622.269   -0.082130050130    0.030600008927    0.3526    0.4667   0.078    4
53628.197   -0.033996527029    0.363600017295    0.2026    0.3712   0.261    6
53628.500   -0.122084834895    0.018799221380    0.2580    0.3134   0.061    6
53638.197    3.330612204172   -2.288602792078    2.0819    1.6325  -0.989    6
53638.497    2.018529707121   -1.463101179411    2.4534    1.8886  -0.989    6
53642.248   -1.881494879344   -0.308199597043    0.9539    0.8441  -0.711    7
53643.271   -0.087737831493   -0.422701182856    0.3257    0.4281   0.281   12
53647.208    0.642430046702   -1.286099981712    1.2500    1.5483  -0.884   13
53649.250    1.258456264865   -1.185501591294    0.3923    0.4346   0.252   10
53650.269   -1.395611583838   -0.345301182847    1.7548    0.3565  -0.092    3
53654.206    0.867553182347   -0.058499995248    1.1612    0.4733   0.315    4
53655.225    2.153349632594   -2.521702782587    1.1743    0.7964  -0.132    3
53657.271   -0.455391372836    0.223498813057    0.2506    0.2594  -0.218   12
53661.204    0.609835425170   -0.135899995257    0.4098    0.4438  -0.099   15
53664.269   -0.018575407197    0.334098010057    0.1741    0.4491  -0.424   12
53668.206    1.646670449291   -1.851400799069    1.1254    1.5270  -0.809   14
53675.205    0.516840448068   -0.323200794128    0.2242    0.4163   0.416   21
53677.243   -3.923041273623   -0.149799583937    0.1594    0.2388  -0.130   21
53678.269   -0.293820011287   -0.573101988266    0.5084    0.4432   0.094    3
53682.203   -1.336147744492    1.697198413808    0.9685    1.3809  -0.870   18
53685.271   -0.106313238690    0.102798000512    0.1383    0.2088   0.005   44
53689.216   -0.264962848130    0.040100402998    0.3228    0.3482   0.096   13
53692.269   -0.335409396184   -0.099500388728    0.2613    0.2909   0.083   13
53696.203    0.330152250576    1.082199597136    0.3285    0.5382   0.197   11
53697.269   -0.009347949196   -0.240699594656    0.1837    0.2563  -0.666   77
53703.205    0.515556164930   -0.385901998357    0.2247    0.3271   0.180   27
53706.269   -0.195452975678   -0.003999591058    0.2326    0.3916  -0.554    4
53710.203    0.168463107290    0.183999605952    0.1266    0.2151   0.169   37
53711.225   -0.007127309215    0.895100416187    0.2213    0.2642   0.117   13
53713.271    0.228044728373   -0.003902388812    0.0991    0.1482  -0.082   54
53720.269   -0.370457352335    0.108799216036    0.3423    0.2885  -0.110   15
53724.203   -0.031660974148   -0.939801580557    0.3657    0.5119   0.206    9
53725.226   -1.307876621183    0.407300407801    0.9586    1.1439  -0.731    9
53727.271   -0.166245336147   -0.101501987615    0.1631    0.2891  -0.004   25
53732.205    0.040305261139    0.160599597621    0.2859    0.5357  -0.337   29
53733.287   -0.106545933326    1.870200020448    0.4112    0.4111   0.587    6
53739.207   -0.171620263493    0.261900018472    0.4499    0.3234  -0.305    5
53740.270   -0.748392649638    0.649897211247    1.2847    1.5481  -0.790    4
53748.287    0.515087906819   -0.268200003006    0.4392    0.4993   0.056    7
53753.204    0.341833043194   -0.280601986447    0.3142    0.5084  -0.087    9
53754.256    0.138672296748   -2.796602399258    0.2971    0.4900  -0.613    9
53755.267   -1.134854452195   -0.907001987116    0.3343    0.3477  -0.174    9
53762.269    0.048598912375    0.159397205834    0.1989    0.3044  -0.186   22
53766.207   -0.085867667886    0.085399207705    0.1423    0.2844   0.015   11
53768.252    0.014019214336   -0.243100797093    0.1061    0.3456   0.017  148
53769.271   -0.738697092906    0.348998398181    0.8876    0.9286  -0.787    4
53773.205    0.038667792168    0.045997202847    0.1888    0.3261  -0.475   10
53774.227    5.005906962603    5.458899610744    3.1397    1.2719   0.612    3
53776.269   -0.579693978874    0.280497596350    0.2086    0.3038  -0.165   17
53783.271    0.243115371831    0.712897210065    0.2897    0.4702  -0.468   12
53787.205    0.114256572932    0.020498418962    0.4140    0.4223  -0.574    7
53790.269    0.267065865753   -0.526499982811    0.3748    0.6632  -0.765    4
53797.271    0.114371485831   -0.600602396617    0.2975    0.3376  -0.336   19
53801.205   -0.153860721943   -0.296200798289    0.1699    0.2532   0.071   17
53804.269   -0.055375904596    0.315097196335    0.3464    0.4147  -0.266   11
53808.203   -0.220219175868    1.350997214900    0.2213    0.6164   0.566    7
53811.271    0.162036750822    0.069300008931    0.5214    0.6248   0.097    7
53815.205    0.372560369958   -0.708699582219    0.2573    0.4287  -0.071    9
53818.269   -0.030376850390    0.570099615516    0.2633    0.3199  -0.350   15
53822.207    0.011097621608    0.380998810101    0.1703    0.3412   0.075   11
53825.271   -1.775181640654    1.248699601319    0.8623    0.9034  -0.792    3
53829.205   -2.060121960856   -1.272200393032    0.5988    0.6013   0.202    3
53832.269    1.036484547748   -0.018802802515    0.3663    0.4031  -0.356   15
53836.207   -0.141829452951    0.276800406596    0.1889    0.3948   0.252   12
53844.206   -0.040773359870    0.164498405297    0.1634    0.3225   0.214   18
53846.277    0.185518986633    0.135698402914    0.4087    0.5780  -0.224   13
53850.203   -0.123136264017   -1.150502387759    0.3302    0.6198   0.150    3
53851.229   -0.156314056560   -1.165500003708    0.1087    0.1528  -0.074  104
53860.269    0.179328034261    0.060897616549    0.4191    0.5755   0.161    5
53864.207   -0.018224930823    0.427899610145    0.2844    0.8381  -0.021    8
53867.271    1.422012702920   -0.364499982197    2.6182    0.8733  -0.735    5
53871.205    0.128040223794   -1.340600385902    0.4215    0.6091  -0.029   11
53878.207   -0.407025155098   -0.090701999511    0.1966    0.3659   0.115    9
53881.268    0.169046437680   -0.801702000786    0.4784    0.4616  -0.338    4
53886.206   -0.149655005456   -0.313300796506    0.1523    0.2287   0.117   20
53888.269   -1.493280694917    0.527799602423    5.4827    1.8130  -0.925    3
53893.204   -1.546786276527    0.027997214147    0.7369    0.4297  -0.401   10
53895.271    0.211804874056   -0.131302789441    0.2842    0.2940  -0.549    5
53899.205   -0.155730885550   -0.052300794096    0.6379    0.7883  -0.551    6
53900.268    0.026168265065   -0.456800395909    0.3024    0.4535  -0.230    5
53906.203   -0.416720871210   -0.651502787719    0.3139    0.5203   0.719   21
53913.205    0.055959075607    0.517597203498    0.2234    0.3348  -0.081   39
53922.205    0.657150213786    0.394797615400    0.2284    0.3971   0.192   39
53927.205    0.584715720388   -0.127799978600    0.3570    0.3753   0.183   17
53928.228    0.119864194915   -0.308401189386    0.2585    0.2256  -0.267  124
53930.270   -0.039954784765    0.554198402369    0.2674    0.5123  -0.343   11
53937.271   -6.312847226944   -1.547902797938    3.3398    1.6919  -0.524    3
53941.205   -0.889403527484    0.904100397747    0.3814    0.6670  -0.557    7
53950.249    0.390084348033    1.213898408992    0.2398    0.3587  -0.343    7
53951.268   -0.121852140259    0.040298414206    0.2793    0.3603  -0.076    9
53955.205   -0.680049119207   -1.445900397812    0.6863    0.8387  -0.367    6
53958.270   -0.101524191812   -1.126800003703    0.4003    0.6753   0.036   10
53965.268   -6.046717877413    2.559600019936    6.0480    2.1893  -0.669    5
53969.238    0.429338180050   -0.153701998329    0.2291    0.6191  -0.093   21
53972.270   -0.022548429047    1.452398419133    0.3301    0.6111   0.077    7
53976.207   -0.703298501002   -0.175499985744    0.1749    0.2781   0.062   33
53978.249    0.065890195814   -0.476701200114    0.2320    0.2337   0.451   78
53979.272    0.035280810167    0.591300013753    0.6022    0.6214  -0.381    5
53984.210   -0.602360349038   -0.465101979330    0.2777    0.3349   0.094   16
53986.273   -0.220569652242    0.516099598258    0.7126    0.7166  -0.619    9
53990.207    0.289729207700   -0.626601593012    0.2647    0.4320  -0.177   11
53992.249    0.185053437980    0.046198820769    0.1935    0.1819  -0.247   72
53993.268    3.876074251922   -2.994501593889    3.1183    2.1244  -0.967    4
54000.270   -0.008060956600   -0.318401995969    0.6344    0.4456  -0.310    3
54007.268    0.370339729977   -0.132699585720    0.4274    0.5784  -0.084    4
54011.205    0.559598884444   -0.419399989937    0.2835    0.3155  -0.392   23
54014.270   -0.093813711586    0.240098398763    0.5283    0.6248   0.726    9
54018.218    0.200707411829   -0.474901193570    0.4041    0.4379  -0.378    6
54019.230    0.004438570503    0.243399617261    0.4840    0.7674   0.512    7
54021.272    0.041238908523    0.084200397055    0.2989    0.3282   0.069   17
54025.209   -0.092644500727    0.205297206435    0.1717    0.3266  -0.108   25
54028.270    0.891270822253   -1.471100387107    0.8271    1.0382  -0.041    4
54032.207    0.438565478671    0.252500407782    0.2326    0.4470   0.175   26
54035.268   -0.125940075008   -0.602301594199    0.3968    0.5604  -0.359    8
54039.209    0.071730671813   -0.123001180441    0.1949    0.3059   0.188   27
54042.270   -0.062503213812    0.459799213104    0.3650    0.4615  -0.176   13
54048.249    0.128858958279    0.026100005357    0.1599    0.1520   0.302  107
54049.272   -0.129913096858    0.551300419716    0.3854    0.4420  -0.245   10
54056.270    0.046846530506   -0.273902398362    0.2881    0.4063  -0.161    5
54060.207    0.140775314371   -0.366699592291    0.4040    0.2810  -0.087   16
54061.270   -0.235990772073   -0.088700400624    0.4390    0.4378  -0.488   10
54067.209   -0.105730067679    0.042098420749    0.2233    0.4904   0.401   18
54068.224    1.804153716711   -1.134601200192    0.9070    1.4687   0.646    7
54074.207   -0.532146495621    0.145198796986    0.2194    0.3510   0.000   11
54075.226   -9.462379014986    1.226098800089    0.5579    0.3631   0.142   15
54077.290   -0.409360707978    0.031197598105    0.4305    0.9288   0.141    3
54081.205   -0.182367408726    0.259898419586    0.5166    0.5308  -0.424    5
54084.270   -2.856880828233   -2.202901183068    1.3275    1.6000   0.653    6
54088.207    0.005257145609   -0.667299585189    0.2781    0.3402   0.432    4
54103.208    0.549202374965    0.803700018537    0.8141    0.8573  -0.544    4
54110.206   -0.756922023729   -0.102700798266    0.1687    0.1819  -0.149   26
54112.270   -0.436465489265    0.582098414270    0.2451    0.2612  -0.238    9
54116.207    0.893138276402   -0.262702781129    0.3014    0.4594  -0.230    5
54119.268   -0.191011695717    0.216698416011    0.6684    0.6557  -0.421    3
54123.209   -0.239846171566   -0.269600380420    0.1926    0.1940   0.294   17
54125.251    0.162272314297   -0.591001193584    0.1306    0.2292   0.179   25
54126.270   -0.276413814949   -0.256499998841    1.0676    0.8070  -0.636    7
54133.272    0.037033192036    0.455698813084    0.2439    0.2971   0.159   17
54140.270   -0.163091048782   -0.366299988741    0.4035    0.6302   0.514    8
54144.207   -1.177848611426   -0.332099992306    0.3157    0.2563   0.008    8
54147.272    0.701776104311   -0.675201590639    0.3459    0.3583  -0.120    3
54152.206   -0.116477053533   -0.083800793504    0.1291    0.1653   0.072   28
54154.270   -0.172321216241   -0.307202378735    0.2330    0.2120  -0.015   13
54158.207    0.567542218687   -0.133199998231    0.1569    0.2361  -0.082   15
54161.272   -0.591027163956    0.010198817790    0.3441    0.4190  -0.195    8
54165.206   -0.305969062017   -0.286700378638    0.2211    0.2011   0.327   21
54166.272   -0.290082552912   -0.843602384748    0.9137    0.9765  -0.728    6
54172.208   -0.392773246125    0.115398020739    0.4156    0.2414   0.011   17
54175.268    0.163556438055    0.280897199900    0.2792    0.4144   0.179    9
54179.206    0.048130813644    0.127598411837    0.1088    0.2235  -0.114   32
54182.270   -0.007245090953   -0.172702786472    0.6577    0.4362   0.363    8
54186.208    0.164725648914   -0.244299582164    0.1564    0.2308   0.159   17
54189.268   -0.267065865753   -0.078699594042    0.2711    0.3344   0.030    8
54193.209   -0.087970526129   -0.106300785774    0.2536    0.3840   0.572   10
54195.269   -0.089257518726   -0.837802787146    0.6767    0.7975  -0.320    6
54203.268   -0.019977312692    0.404298009471    0.2824    0.3443   0.083   11
54208.207    0.031893668785   -0.020102396547    0.1745    0.3145  -0.063    9
54214.208    0.238791873607   -0.359301580488    0.1253    0.2607   0.184   23
54217.268    0.593713352590   -2.521900793795    0.3742    0.7576  -0.101   14
54224.270    1.067211874512   -1.328601587147    0.7251    1.6796  -0.790    7
54228.208    0.368236871734    0.129297609419    0.2291    0.2967   0.018   21
54235.206    0.319402395884   -0.111801588787    0.1463    0.2277   0.015   26
54238.270   -0.466724557918   -0.781901979963    0.3990    0.6814  -0.412   15
54242.208   -0.040655737513   -0.097902000107    0.1921    0.3800  -0.138    5
54245.268    0.504806310238   -0.758501997211    0.8218    0.8727  -0.756    9
54250.207   -0.157250572783   -0.499701579315    0.1618    0.2022   0.240   23
54256.208    0.083529246168    0.068497220695    0.1248    0.2774  -0.064   13
54263.206    0.315782559866    0.233499619640    0.2857    0.3789  -0.178   11
54266.270    1.514774985385    2.051100000244    1.2694    0.9761   0.111    3
54270.208   -0.325480985436    0.215697616568    0.1925    0.2409   0.054   13
54273.269    0.922696232927    0.535399206569    1.0065    0.9500  -0.458    9
54277.206   -0.046030664858    0.419299206555    0.2962    0.4434   0.127    6
54278.229    0.231081393381   -0.012099582136    0.1321    0.1628  -0.343  135
54291.206   -0.206668219643   -0.522399582792    0.1992    0.3746   0.219    9
54292.229    0.009345239738    0.223498813057    0.1560    0.1771  -0.222  151
54314.250   -1.068613780007    0.389898008279    0.3309    0.5627   0.014   91
54319.206   -0.013553825063   -0.120999581554    1.1368    0.2556  -0.358    4
54326.208   -0.037268596131    0.447998399977    0.2683    0.2278  -0.062   22
54329.269    4.832068927968    4.445798404618   11.0224   20.7094   0.898    3
54333.206    0.393238635398   -0.068601585212    0.2358    0.3599  -0.077   11
54340.208    0.037966839421    0.270900000032    0.1507    0.2502  -0.126   13
54343.269   -0.955876894308    0.150199213067    1.3403    1.6536  -0.855    4
54348.207    0.289611585342    0.037699200561    0.4196    0.4253   0.013    7
54354.208   -0.851784295599   -1.044701988917    0.4507    0.7493   0.815    5
54357.269   -0.735657718440    0.790099198866    1.8991    1.1243  -0.842    3
54361.206   -0.974452301505   -0.819601180524    0.9190    0.6153  -0.339    4
54375.210    0.071963366449    0.329097619556    0.2510    0.2427   0.072   12
54383.209   -0.009230167459   -0.207500397664    0.1372    0.2578   0.144   21
54385.269    0.069745595306    0.600098402970    0.2974    0.4394  -0.320   28
54392.267    0.420808805959    0.272700006576    0.5704    0.4447  -0.027    9
54396.208   -0.026053192786    0.593197196963    0.1720    0.2623   0.181   13
54399.269   -0.366487199322   -0.271501195925    0.5815    0.5747   0.337    4
54404.269    0.278631745472   -0.197499591081    0.4583    0.4695  -0.119    6
54410.208    0.099769100485    0.454500002434    0.1854    0.2311  -0.235   17
54413.269   -0.670936574106    0.002797199272    0.4575    0.9687   0.052    5
54417.206    0.065071620708   -0.383101192369    0.2207    0.3508   0.156    7
54424.208    0.435997231154    0.062600420847    0.2734    0.2854   0.120    6
54431.206    0.466371212706    0.648597617214    0.3272    0.3481   0.083    7
54434.271    0.775026463357   -0.723401984715    0.7081    0.8232  -0.620    7
54441.269   -0.609602571153    0.697197614841    0.2559    0.4007   0.116   11
54445.206   -0.113555460804    0.154198804125    0.1479    0.1563  -0.115   22
54448.271   -0.573385404144   -1.193101195440    0.2919    0.6366   0.120   17
54455.269    0.182249626989    0.343198800579    0.2178    0.2686   0.096   12
54462.271    0.215427578912    0.110498413619    0.8558    0.5793  -0.330    4
54468.206    0.119278155066   -0.101401178654    0.1604    0.3083   0.029    9
54473.206    0.042290337645    0.281098817823    0.2368    0.5384   0.498    7
54483.273    0.063787337570    1.261400404928    0.5806    0.6846  -0.418   14
54490.271   -0.918493385278    0.193100396473    0.6143    0.6345  -0.448   12
54497.273    0.757502485282   -0.368999985767    0.2632    0.3637  -0.240   37
54501.206    0.310875890631    0.434498414847    0.1977    0.3104   0.090   14
54504.271    0.553408091451    0.216799199393    0.5027    0.5489   0.131   14
54518.271   -0.539156182479   -0.315701998943    0.2397    0.2982   0.160   13
54525.273   -0.176642005007    0.231397211792    0.5552    0.4640  -0.373    5
54532.271    0.503522186480   -1.065200382300    0.4584    0.4147  -0.599   14
54537.205   -0.368704970465   -1.426600789500    0.4857    0.5356  -0.438    6
54553.269    0.272788400635    0.334800014912    0.1511    0.2778  -0.065   30
54559.230   -0.079208457402    0.281397612412    0.1289    0.1646   0.365  163
54560.271   -0.117410860297    0.122698804716    0.2145    0.4251   0.117   31
54564.208    0.016705243590    0.417898803562    0.3107    0.4705   0.359    6
54566.250    0.158649768820    0.045997202847    0.1163    0.2935   0.280   36
54567.269   -2.294242569323   -2.491300784868    1.1124    0.7890   0.773    4
54571.207    0.541957124632    0.914399998919    0.3003    0.7036   0.791    6
54574.271   -0.417657228052    0.683600401885    0.2125    0.3682   0.186   18
54579.209   -1.086373321557   -0.974001602572    1.6200    0.3962   0.584    3
54581.273   -0.348494963136   -1.142600382309    0.5351    0.6223   0.686    4
54586.270    0.757737889376   -0.345200399465    0.4534    0.5406   0.347    8
54592.208   -0.191479794448    0.422798410682    0.2456    0.3359  -0.128    8
54594.268   -0.399664991866   -0.292802403123    0.1921    0.3205   0.084   25
54599.207   -0.022430647310    0.672897616028    0.2114    0.3897   0.319    7
54601.248   -0.226295215341    0.761900417956    0.2548    0.3459  -0.763   57
54602.271    0.219400600763   -0.125301599496    0.2033    0.4494   0.072   16
54608.250    0.125586889176   -0.200401180450    0.1586    0.2916   0.203   18
54609.273    0.080024482429    0.393300010160    0.1529    0.2479  -0.088   35
54614.207    0.330617639849    0.399398402351    0.3569    0.6984  -0.123   13
54627.207    0.533430778759    0.055799998222    0.2455    0.2746  -0.189   23
54634.209   -0.064838766692   -0.154702797772    0.3292    0.2728  -0.209   11
54637.269   -0.804702201619    1.485000001367    1.5857    1.9320  -0.935    4
54641.207    1.088122834589   -0.107099992874    0.5566    0.6419   0.157   18
54642.226   -1.061020922139   -7.278400781274    7.8484    5.3714   0.802    3
54648.209    0.129910387400   -0.065001597704    0.2147    0.3717   0.311   18
54650.269   -0.052807497700    0.320997602898    0.6334    0.7149  -0.188   13
54655.207    0.515788859567   -0.739202388900    0.4662    0.5730  -0.752   16
54656.230    8.516665935521   -4.043901597583    1.0916    0.9758   0.067    3
54657.249    0.048130813644    0.272700006576    0.1320    0.1578   0.077  195
54662.209   -0.287744131194    0.270500396482    0.1403    0.2136   0.304   35
54665.269    0.746404863674    1.656597598299    0.9376    0.8513   0.561    4
54669.207    0.390199260932   -0.304801201878    0.2849    0.2717   0.228   17
54677.224   -0.092762282465   -1.029099595939    0.9425    0.9259   0.407   12
54679.269   -1.829741520224   -2.083600799097    0.8746    0.8348   0.761    5
54686.271   -0.565792546275    0.080398817204    0.3369    0.4018   0.267   41
54704.501   -0.281553178821   -0.016401600078    0.3440    0.3520  -0.164    4
54707.270   -2.616451485656    2.622898813343    1.7272    2.8728  -0.738    3
54714.271    0.814397917731    0.862200013785    0.5434    0.5361   0.279    5
54719.239   -0.901319724197   -1.081501198996    0.5721    0.5941   0.325    8
54720.251    0.040770650412    0.104698816017    0.3377    0.6416  -0.128   15
54721.270    0.223255840876    0.092998811851    0.3500    0.3550   0.215   11
54732.209    0.301295087418    0.033397208199    0.1966    0.4650   0.100   10
54735.270   -1.096887612774   -0.420699583970    0.6159    0.4484   0.210    3
54747.228    1.264647057858   -3.018301180191    2.2932    1.0633  -0.086    8
54749.273    0.666728148161   -0.287099982188    0.5556    0.5256  -0.353    6
54756.271    0.034229381045    0.902300416783    0.4615    0.6083  -0.147    8
54760.209    0.466488994444    0.077497202255    0.2220    0.5269   0.661    9
54763.273    0.111102126187    0.096397207017    0.3828    0.4442  -0.080   12
54784.268   -0.204680274299    0.198900019655    0.4090    0.5015   0.431    9
54789.228    2.485369177939  -10.546801192390    1.4965    4.9753  -0.848    3
54791.273    0.463099143604    0.167997609424    0.2375    0.2939   0.287   26
54796.270    0.466488994444   -0.022899595820    0.4210    0.4009   0.346    8
54797.998    2.977561048175    7.638397204346    4.1398    4.5029   0.709    3
54802.209   -0.147319452576   -0.451799979828    0.2001    0.7421   0.241    4
54805.270    0.180146768746    0.426999619663    0.2803    0.4094  -0.041   21
54810.208    0.006073170636   -0.199900793518    0.1148    0.3526  -0.170   19
54812.272   -0.207133768296    0.058100417277    0.2510    0.3331   0.109   20
54816.209   -0.173022168988   -0.106001991185    0.1775    0.2538  -0.266   20
54819.270    0.066473526204    0.499100409002    0.2766    0.4011   0.050   19
54824.266    0.325828752352    0.615499203604    0.6946    0.6258   0.471    9
54830.205    0.000000000000   -0.076100380397    0.2457    0.5040  -0.743   23
54840.268    0.109349744317    0.327499205355    0.1487    0.2289   0.135   28
54844.205    0.121616576784   -0.425001601911    0.4760    0.4143   0.454    4
54845.228    0.112153714689    0.023198415988    0.2334    0.3454  -0.272   20
54847.266   -0.441372158500   -0.127202389422    0.4137    0.5002  -0.022   29
54852.208    1.054476783934   -0.488401178700    0.3616    0.2069  -0.480   21
54854.272   -0.157951525531    0.291999614888    0.4561    0.6063   0.070    3
54861.270    0.132363722018   -0.281800797097    0.2277    0.2879   0.377   21
54868.272    0.434009285810    0.218700014898    0.1488    0.2249   0.226   31
54875.270   -0.139140554859    0.023900420842    0.2370    0.3342   0.409   18
54880.208   -0.011100331066    0.128898005869    0.2192    0.3141   0.005    4
54882.272    0.062500504354   -0.398102389454    0.1999    0.2603   0.362   35
54886.187    0.136336743868   -0.425001601911    0.4309    0.5121  -0.084   46
54889.270   -0.242299506184   -0.333802796604    0.5740    0.8769   0.486    4
54894.230    0.283888891081   -0.631101596582    0.4606    0.4616   0.368   15
54896.268   -0.958680705300    0.153000019054    0.5061    0.4966   0.115    6
54903.270   -0.023717639906   -0.176500785187    0.1737    0.2847   0.346   24
54907.207    0.096146555008   -0.068201981662    0.1344    0.1877  -0.449   10
54910.268   -0.050704639457   -0.001799980964    0.4758    0.5425   0.570    6
54917.270    0.124653241792   -0.305902784703    0.2338    0.3525   0.282   29
54924.268   -0.122903569380   -1.014501583541    0.4212    0.8344  -0.001    4
54928.206   -0.013553825063    0.163400403608    0.1962    0.3002   0.286   52
54930.269    0.243115371831   -0.587401180496    0.7714    1.0974  -0.674    8
54938.272   -0.023599858169   -0.005900380984    0.2200    0.3259   0.346   31
54945.270    0.173137241268   -0.829101600175    0.2766    0.5409   0.281   24
54951.267    0.056191770244    0.026398799946    0.9107    1.6400   0.904    3
54958.269    0.459712161602    0.088498808282    0.2071    0.2804   0.005   61
54966.268    0.058294628487   -0.079300789935    0.1853    0.2970   0.273   34
54973.270    0.097315765867    0.109598397557    0.2318    0.3794   0.339   21
54976.999   -7.053296701720    0.057999608316    5.0045    3.7086  -0.374    3
54980.268   -0.132599285492   -0.236102388840    0.4488    0.5678   0.625    8
54993.271    0.890920345879    0.860799610791    0.4029    0.5135   0.684   11
54998.206    1.011367711804    0.972298798274    0.2288    0.2139   0.234   40
55001.270    0.130378645512    0.363600017295    0.4355    0.4020  -0.093    8
55008.268    0.064838766692   -0.592901983509    0.4247    0.5391   0.286   15
55012.206    0.055025428223   -0.397299601218    0.1879    0.2812   0.071   21
55014.269    0.097197984130   -0.395902779360    0.2406    0.3857   0.119   24
55022.268    0.315546996391   -0.172400385168    0.6253    0.7119   0.392    5
55029.270   -1.209506716736   -3.697599589714    1.3555    2.0651   0.366    6
55036.268   -0.180497245120   -0.474299997677    0.2853    0.3678   0.276   36
55040.206    0.382138304333    2.932200018790    0.4867    0.5703   0.167   82
55043.270    0.860661277226   -0.502300792959    0.3452    0.4622   0.248   26
55050.269    0.280266345604   -0.215701197703    0.2203    0.3188   0.439   20
55057.270    0.637873694462    0.412200014921    0.3338    0.3017   0.201   67
55064.269   -0.221738863101   -0.113500786370    0.2865    0.3095  -0.037   22
55077.250    0.042758595756   -0.205001992981    0.2713    0.4462   0.351   25
55078.269   -0.126758809493    0.126399601186    0.2625    0.3844   0.207   25
55085.270   -0.294052705924    1.529100021003    0.5534    0.8223   0.212    8
55092.269   -0.185171219718   -0.077101179841    0.4732    0.7601   0.048   16
55098.248    0.000000000000    0.002300419055    0.3022    0.4110  -0.070   15
55099.270   -0.135986267494   -0.464900386987    0.2466    0.3345   0.308   31
55103.208   -0.435646754780   -0.227501985250    0.2055    0.1880   0.098  118
55106.269    1.379840147012    0.388198810697    0.5021    0.4889  -0.115   17
55110.206    0.012499527103   -0.330602387066    0.2673    0.2613   0.123   94
55111.229    0.451651045622    0.252900011333    0.3903    0.5908   0.264   20
55113.270   -0.284707625566   -0.536302803766    0.4394    0.4441   0.303   75
55118.209   -0.282486985585   -0.573400782855    0.1831    0.1991   0.315   42
55119.250    1.658353951367    1.604898000096    0.8799    0.8031  -0.227    3
55120.269    0.481792332538   -0.327599988736    0.2777    0.3168  -0.090   20
55124.210   -0.151056910952   -1.389502784832    0.3495    0.6426   0.323   13
55127.274    0.371623853735   -1.345899596572    0.2685    0.5494   0.101   22
55134.269   -0.138089125737   -0.255099595847    0.2125    0.3478  -0.128   61
55138.206    0.118694984055   -0.359499591696    0.1985    0.2468  -0.221   68
55141.271    0.325828752352    0.259700408378    0.1936    0.2202   0.276  105
55148.269    0.176173746895   -0.166701596527    0.2820    0.3497   0.064   45
55152.206    0.252345698669   -0.412300798303    0.1333    0.2095  -0.070   19
55154.248   -0.021379218188   -0.047800790526    0.0976    0.1779  -0.020  114
55155.271    0.009577934375    0.428997611834    0.2865    0.4219   0.167   40
55159.208    0.347325752277   -0.337701578701    0.2045    0.3930  -0.017    9
55160.271    0.292533178071   -0.827402402592    0.4322    0.6703   0.130   53
55169.271    0.044393195888   -0.238402782315    0.1636    0.2968   0.249   60
55176.269    0.374663228201   -0.179301591174    0.1713    0.3104   0.331   66
55182.248   -0.087269573382   -0.417700792354    0.1597    0.2972   0.059   23
55183.271    0.114721962205   -0.003599987508    0.2137    0.3325   0.107   60
55188.271    0.086568620634    0.140698818996    0.1495    0.2916   0.270   80
55194.206    0.169632318149    0.210599998240    0.1647    0.2443   0.180   27
55195.273    0.383425296929    0.168800397660    0.2488    0.3854   0.093   34
55204.273   -0.302932556389    0.357498018388    0.1718    0.2391   0.218   68
55211.271    0.255850462409    0.644097613645    0.1893    0.3913  -0.481   97
55216.209   -0.010048901944   -0.318801599519    0.1255    0.1672   0.293  107
55218.269    0.047897959627   -0.314999994089    0.1553    0.2714   0.341   58
55222.206   -0.314265582091   -0.595101593603    0.2460    0.3214   0.184   36
55224.248    0.481209161528    0.553399220848    0.2097    0.4973   0.394   39
55225.271    0.335524468464    0.547498814285    0.1864    0.3563   0.104   53
55232.269   -1.275281999650    0.110797208208    0.3549    0.6905   0.141   35
55236.206    0.497446147006    0.714999617912    0.5879    0.8780   0.361   23
55239.271    0.344404159548    0.786499211358    0.3421    0.6272   0.307   24
55245.228    0.040069697664   -0.181900779239    0.1987    0.3407   0.614   62
55246.269    0.086218144260    0.091998012408    0.0839    0.1444   0.095  121
55253.271    0.211103921308   -0.585601199532    0.3162    0.7910   0.403   42
55257.208    0.228162510110   -1.194699584062    0.1933    0.3050  -0.075   13
55264.206    0.215545201270    0.088200013693    0.1185    0.2626   0.292  120
55267.271    0.110751649813   -0.589899585179    0.1475    0.3928   0.318  103
55281.271    0.061799392226    0.251298015996    0.1322    0.2407   0.128  114
55285.208    0.042991290393   -0.459302381728    0.0920    0.1431   0.248   76
55287.272    0.260056178895   -0.387302401350    0.2258    0.4817   0.619   36
55294.230   -0.065307024803   -0.187300798871    0.1879    0.4319  -0.244   11
55295.271   -0.119398805641    0.073800012501    0.2028    0.3286   0.149   61
55302.269    0.306670014764   -0.531399589931    0.1369    0.3074   0.063   30
55306.206   -0.078392591755   -0.140500782209    0.1907    0.2647  -0.057   40
55309.271    0.086333057159    0.303800402435    0.1358    0.2385  -0.005   90
55316.269   -0.166363117884   -0.420699583970    0.1986    0.3047   0.150   56
55321.229    0.226760604615   -0.325601996565    0.2114    0.3464  -0.164   34
55323.271    0.138089125737   -0.139499982765    0.1971    0.2890   0.026   31
55327.208   -0.258539360500   -0.111002381686    0.1979    0.2823  -0.116   29
55330.269    0.187739626614   -0.190000795897    0.3521    0.5424   0.625   25
55337.271    0.675840533883    0.669398411901    0.2454    0.3123   0.252   64
55342.209    0.143346430726    0.346500019077    0.1251    0.2820  -0.114   62
55344.269    0.247553942334    0.138398399940    0.2763    0.3403   0.273   15
55351.271   -0.069280046653   -0.634899595298    0.3184    0.4087  -0.051   22
55355.208    0.252227916932    0.331898399963    0.2107    0.2942   0.098   17
55358.269   -2.130453436632   -4.281101988113    0.2673    0.5649   0.494   39
55365.271   -0.069394959553   -1.268499596563    0.3997    0.7165   0.266   14
55372.269    0.284121585717    0.557798415457    0.7263    0.9670   0.061    9
55384.209    0.067642737063   -0.291301191169    0.2547    0.4024   0.432   58
55390.207   -0.043810024878   -0.047800790526    0.1236    0.1588  -0.091   93
55407.271    0.512634572201    0.317098820801    0.4683    0.6078  -0.388   32
55411.209    0.020210166709   -0.507002388872    0.2706    0.2776   0.248   64
55413.250    0.081426387925   -0.339501585245    0.1857    0.1679   0.228  210
55428.269    0.156314056560   -0.678301191215    0.2482    0.4343  -0.068   22
55435.271    0.474432328686    0.136598418976    0.2939    0.5649   0.191   44
55442.269    0.074416701067    0.464497202302    0.3061    0.4535   0.071   22
55447.208    0.073014795571   -0.677102380564    0.1841    0.2416   0.035   43
55454.228   -0.062385432075   -0.237301199491    0.1176    0.1449   0.062  130
55456.269    0.098484976726    0.359600400657    0.2819    0.4660  -0.121   25
55463.271    0.064838766692    0.208400413726    0.1470    0.3052  -0.248   53
55467.209   -0.073250359046   -0.420001185830    0.1998    0.2846  -0.215   37
55484.270   -0.229682197343   -0.014302798945    0.2141    0.3721   0.165   32
55498.273   -1.529612774826    0.684597620193    0.5860    0.6821  -0.457    4
55503.208    0.156779605213   -0.350902794821    0.2200    0.2462  -0.065   14
55509.209   -0.085402119233    0.150397198695    0.2931    0.4089  -0.449    9
55518.249    0.164375172540    0.090000020236    0.1692    0.2562   0.373  164
55538.228    0.097548460504   -0.638002802589    0.1236    0.1623  -0.111  173
55553.269    0.123601653290   -0.008600403589    0.2358    0.2792  -0.178   55
55560.271   -0.482611067023    0.245498418394    0.4400    0.5882  -0.237   24
55572.207   -0.319522887079   -0.266601588805    0.2487    0.4045   0.600   10
55580.206   -0.404103562369   -0.446302783530    0.3013    0.2978   0.342   10
55582.270   -0.368472275828   -0.244000787575    0.2901    0.3996  -0.097   28
55600.207    0.287744131194    0.070898397553    0.1350    0.2338   0.015   22
55615.230   -0.668601021226    1.977397215569    0.4400    2.9645  -0.723    3
55617.272    0.007825552505   -1.107899998942    0.7457    1.3650  -0.725    3
55650.228    0.158417074184   -0.240101979898    0.1088    0.2107  -0.010   25
55657.230    0.098249413252    0.031298407066    0.0595    0.1053  -0.080  343
55659.272   -0.612406382144   -1.452599985896    0.4252    0.7301  -0.037   24
55663.209    0.180729939756   -0.653101201920    0.2741    0.3895   0.032   12
55665.247   -0.000700952748    0.024800411325    0.1530    0.2356  -0.181   40
55670.207    0.130493558411   -0.193802401327    0.1386    0.2053   0.063   85
55678.210   -0.305268109269   -0.646801191806    0.2288    0.4262   0.184   24
55684.207   -0.046263359495    0.432698408304    0.2261    0.3910  -0.440   11
55691.206   -0.464854394311   -0.490301994205    0.4715    0.6475  -0.296    6
55719.206   -0.091475289868   -0.342399593478    0.4210    0.4900   0.427   11
55734.228    0.049300024503   -0.319701590001    0.2354    0.2088   0.397   35
55736.270    0.592311287715   -0.136702783493    0.3719    0.5744   0.162   27
55741.230   -0.008529214711   -0.061300801235    0.1092    0.3747   0.474  307
55754.208    0.689744835319   -1.241499600724    0.3329    0.6971   0.454   12
55755.230    0.181198197867    0.366800401252    0.1882    0.3460   0.325   24
55764.270   -0.329218603191   -1.252900784721    0.6154    0.7282  -0.384    8
55771.268    0.990689446364   -1.374800382337    0.7593    0.8706  -0.060    8
55775.209   -0.234005695567   -0.365799601809    0.2256    0.3379   0.302   28
55785.268   -0.141128500203   -0.190299590486    0.3865    0.6177   0.228   22
55790.207   -0.058880668336    0.503100000060    0.3551    0.5210   0.007   22
55792.270    1.465590033161   -0.297100788771    0.5444    0.7776  -0.276   17
55796.208    0.092992267643    0.452998816058    0.2727    0.3221  -0.165   54
55819.500   -0.055375904596   -0.110001582243    0.1034    0.1238  -0.096   42
55820.497    0.068576384447   -0.382600779858    0.1270    0.1221  -0.271   37
55821.498    0.117410860297    0.022298399927    0.1393    0.1410   0.048   37
55822.498    0.028854294319   -0.185601601288    0.2953    0.2166  -0.291   13
55823.499    0.118226725944   -0.612100782860    0.1357    0.1474   0.213   25
55824.500    0.164490085439   -0.262501188786    0.1109    0.1540  -0.083   50
55825.497    0.367653700723   -0.319802398963    0.1278    0.1504  -0.397   40
55826.498   -0.043226853867    0.071899196996    0.1012    0.1361  -0.139   59
55827.499    0.119513718541   -0.448199992320    0.1108    0.1496  -0.289   34
55828.499   -0.129795315121   -0.245401190568    0.1144    0.1458  -0.244   44
55829.500    0.106660846226   -0.397299601218    0.1598    0.1418   0.232   29
55830.501    0.355970039267   -0.015400800635    0.1096    0.1495  -0.199   32
55831.498    0.013901432599   -0.420501598342    0.1369    0.2579  -0.028   22
55832.499    0.135400227646   -0.240101979898    0.0846    0.1084   0.027   43
55833.500   -0.245221098912   -0.342100798889    0.1082    0.2666  -0.135   33
55838.208    0.472912641453   -0.407102396593    0.2361    0.3873  -0.226    7
55841.272   -0.435181206127   -0.945399585817    0.2972    0.5143   0.413    8
55853.271   -0.563106517021   -0.605001591225    0.4900    0.6842   0.106    5
55859.206   -0.167765023380   -0.157701589387    0.2429    1.3101   0.054    3
55887.206   -0.552123808313    2.156198419812    0.4258    0.7496  -0.871   16
55894.208    0.276643800128    0.019800020823    0.1463    0.2186   0.144   11
55895.231    0.022545719589   -0.203302795398    0.1912    0.2506  -0.469   29
55902.229    0.042758595756    0.009000007140    0.1204    0.2006  -0.051   42
55915.206   -0.219400441383   -0.206902782907    0.2479    0.4725  -0.653   24
55923.209   -0.047082093980   -0.737402382356    0.2102    0.3517   0.254   71
55925.269   -0.736594075283    0.261198013618    0.4180    0.3664  -0.255   13
55932.271   -0.023016687158    0.270900000032    1.0596    1.5637  -0.766    5
55951.227   -0.114256413552    0.057297603462    0.1417    0.1740  -0.184   18
55953.269    0.609016690684    0.126500410147    0.4290    0.6256  -0.078   12
55957.210    0.143929601736   -0.211600797684    0.2069    0.3620  -0.069    3
55960.271   -0.343938770275    0.407199598840    0.7797    0.9215   0.864    8
55964.208    0.131544987533   -0.244000787575    0.1317    0.1663  -0.161   25
55979.209    0.014134127235    0.695300406051    0.2952    0.3505  -0.323   12
55995.273    0.411345943864   -1.464202787815    0.6381    1.1612   0.673    5
56021.249    0.104675769719   -0.183002387644    0.2245    0.2596  -0.134   13
56036.250   -0.327233367305   -0.114001198881    0.2168    0.2438  -0.260  210
56037.269   -0.057478762840   -0.137800785183    0.2323    0.3008  -0.249   13
56041.206    0.123719435027   -0.340401601306    0.1097    0.1457  -0.005  107
56044.267    0.004320788766    0.319597199905    0.2770    0.3843  -0.228   29
56050.210   -0.071966235287   -0.190501182828    0.2407    0.2582  -0.273   40
56051.269    0.948048632345   -0.323402386471    0.4801    0.5886  -0.131    7
56055.206    0.361810355886   -0.292600785201    0.1069    0.1836  -0.020   74
56062.208    0.077688770169   -0.057599979186    0.1640    0.2972   0.102   26
56075.540    0.917088610944   -0.240699594656    1.8255    4.8984   0.448   10
56077.209   -0.268117294875    0.348300000041    0.1980    0.1940  -0.219   22
56078.250    0.168345484932   -0.000500386932    0.2513    0.2898  -0.113   11
56098.251    0.442420878164   -0.092602789437    0.3658    0.7291   0.252    4
56104.208    0.355269086519   -0.274701579883    0.1881    0.2822  -0.546   27
56118.208   -0.332605585193    0.042397215338    0.1963    0.2876   0.152   24
56119.231   -0.157365485682   -0.354200381025    0.2759    0.4028  -0.254    4
56125.207   -0.403988490090    0.095698808877    0.4599    0.6180  -0.674    6
56139.207    1.423765084790    0.969300006659    0.4270    0.3489   0.119    4
56146.208   -0.444293751229   -1.121799587622    0.3307    0.8165   0.350   10
56149.269   -0.866271768047   -1.029700791833    0.2243    0.3923  -0.115   19
56156.271   -0.583083829714   -0.809200795970    0.2418    0.3972  -0.165   19
56162.250    0.453403427492   -0.221900398856    0.1640    0.2620   0.101  147
56167.207    0.855636826254   -1.086800384087    0.2640    0.3597  -0.385   43
56168.229   -0.612989712535    0.135097207021    0.2531    0.3942   0.079    6
56181.207   -0.217883622988   -1.009900796589    0.3005    0.4424  -0.269   18
56198.271   -0.712293264366    0.083797212369    0.2883    0.3294  -0.294   22
56202.209   -0.089139736988    0.046400413112    0.1333    0.1829   0.190   44
56203.224    3.161680838771   -3.560702401728    5.9790    8.7305  -0.998    3
56212.271    0.024065406822   -0.174902396566    0.1654    0.2497  -0.193   55
56216.209    0.194866935830   -0.307501198904    0.1854    0.2196   0.354   87
56223.207    0.066824002578   -0.566600385810    0.2039    0.3986   0.465   17
56230.209    0.102923387850   -0.599500788212    0.1934    0.2127  -0.014   22
56244.209    0.001867454149   -0.213400778648    0.1657    0.2994   0.009   45
56251.207   -0.264730153493   -0.203702398949    0.3087    0.2708   0.098    9
56252.266   -1.022936300981   -0.632001587064    0.7022    0.6781   0.251    4
56258.205    0.100237358596   -0.019601984036    0.1822    0.1896   0.082   32
56261.269   -0.131547696991    0.173498412437    0.2021    0.3944  -0.328   16
56265.207    0.087034009907   -0.327902390040    0.1624    0.2994  -0.083   14
56268.271    0.126638318298    0.664700397124    0.4787    0.7861  -0.487    3
56273.231   -0.256551415156    0.426898810701    0.2256    0.4356  -0.342    7
56280.208    0.059814315720   -0.689601591830    0.1446    0.3055  -0.186   48
56282.271   -0.260291742370   -0.709599598281    0.3510    0.4731   0.232    7
56289.273   -0.121266100410   -0.091202386443    0.3908    0.4642  -0.274    6
56295.209    3.808198820223    6.309097219059    6.1936    9.0880   0.997    3
56300.209   -0.086686242991   -0.437399978637    0.1763    0.3477  -0.204   14
56302.251    0.174889623137   -0.217101600697    0.2059    0.1763   0.178  260
56308.208   -0.157601049157    0.060998399931    0.1435    0.2928  -0.227   33
56310.271    0.145213725495   -0.272901598919    0.3674    0.4185  -0.438    9
56313.540    1.364419027181    2.078100021663    1.9885    3.5117  -0.342   10
56322.230    0.157598339699   -1.094702389537    0.1432    0.1982   0.009   38
56331.270   -0.610536218537   -0.381502803748    0.9435    0.9957  -0.795    3
56336.208    0.160051674316    0.146898020148    0.2004    0.2477  -0.231   19
56373.270   -0.270688411230    0.474998421396    0.1782    0.3299   0.073   29
56377.207    0.030373981552   -0.183301182233    0.1913    0.3492  -0.055   11
56385.206    0.206547728448    0.016398018943    0.1582    0.4025   0.035   71
56387.270    0.407608326108    0.077900412521    0.2786    0.4050   0.294   32
56392.230   -0.384476566671    0.041198404688    0.3630    0.6814  -0.743    6
56426.209   -0.065074330167    0.601599614924    0.2160    0.2973   0.075   31
56429.270   -0.897464484084   -0.480599982211    0.8307    0.6260  -0.588    6
56447.207    0.271736971513    0.281397612412    0.2492    0.3324  -0.441   16
56461.207   -0.651309737787    0.179697613589    0.3883    0.3738   0.001    8
56464.272   -0.491372976371    0.136299598807    0.6114    0.5522  -0.539   11
56471.270    0.095681006355   -0.701902791889    0.6783    0.7792  -0.768   13
56482.206   -0.085867667886    0.148100411934    0.4373    0.5195   0.315    4
56513.270   -0.206082339174   -1.051801180552    0.5303    0.4930  -0.505   16
56527.270   -1.125276517820   -0.600202793066    0.8676    0.8086   0.047    5
56541.270   -0.164610736015    1.139399998351    0.4413    0.8864   0.385    9
56569.270   -0.814515699468   -0.112701579269    0.5792    1.0692  -0.551    6
56596.269    0.246502513212   -0.186101988220    0.6803    0.5591  -0.068    4
56603.249    0.202810270072    0.365900410770    0.2347    0.2286   0.025   12
56609.207    0.133297369402   -0.224902797186    0.1607    0.2351   0.144   17
56615.208   -0.868139062816   -2.538302393873    2.0304    7.3489   0.981    3
56632.269    0.043810024878   -0.097700382184    0.1801    0.3023   0.040   19
56639.270   -0.398380868107    0.387198011254    0.3887    0.6162  -0.588    5
56645.250   -0.073368140783    0.084697202851    0.1055    0.1672   0.038   43
56646.272    0.716964529506   -0.979102802035    0.5275    1.5866  -0.469    8
56653.270   -0.303283032763   -0.310100386969    0.2671    0.5390   0.546   16
56657.208    0.330152250576   -0.750502789515    0.2005    0.3878   0.238   57
56660.269    0.033996527029    0.582498017820    0.3101    0.3457  -0.032   22
56661.920    0.941154017766    0.864500407260    0.2808    0.3954  -0.209   28
56667.270    0.364499253978    0.085597218913    0.2177    0.4006  -0.154   14
56671.208    0.439151518519    0.036000002979    0.4362    0.2979   0.256   12
56679.207   -0.332956061567    0.286797606464    0.4125    0.6680  -0.596    9
56686.209    0.094043696765   -0.355301989430    0.2175    0.2485  -0.234   14
56701.250    0.081075911551   -0.163202392400    0.0643    0.0879  -0.132  412
56713.208    0.523849975546   -0.137300398251    0.4893    0.3164   0.210    7
56728.209   -0.136104049231    0.178099199388    0.1263    0.2192  -0.113   52
56734.206    0.038202402895    0.496198819633    0.2123    0.3521  -0.095   10
56737.271   -0.099771809943   -1.447801187737    2.7833    2.0988   0.213    4
56743.250   -0.115543406148    0.278398820797    0.0650    0.1121  -0.012  165
56751.271    0.273724916858   -0.636699601841    0.2997    0.4050  -0.448   21
56805.207    0.061098439478   -0.783201599575    0.4731    0.9645  -0.713    4
56811.208   -0.090308947847   -0.523299598854    0.2394    0.2777  -0.188    8
56814.269    0.459829943339    0.252997213579    0.3463    0.3091  -0.320   11
56828.269   -0.322441610970   -1.813402778339    0.9945    2.4566   0.896    5
56835.271   -0.649206879544    0.651499206583    0.5368    0.4995  -0.068   10
56839.208    0.795472034160   -1.779299984150    0.7883    1.0053  -0.468    9
56853.208   -0.049885904971   -0.255002393601    0.1938    0.4601   0.063   13
56881.208   -0.562287782536   -9.129599988000    1.2104    4.1002  -0.026    3
56898.269    0.620349716387    1.495198819157    0.7382    4.3406  -0.351    3
56912.269    0.335642250201   -0.354999588126    0.2859    0.4041   0.050   26
56919.271   -0.107947838822   -0.471099588140    0.7820    0.6916  -0.678    5
56923.208    0.099769100485   -0.379000792350    0.3703    0.8061  -0.507    7
56930.207    0.454337234256    1.603699215025    0.2347    0.4132  -0.047   15
56937.208   -0.015538901569   -0.232200000028    0.1998    0.3156   0.207   26
56940.273   -0.305385891006    0.009997199868    0.1957    0.4277   0.041   35
56945.229    0.671051646385   -1.879102799762    0.1977    0.2190   0.119  183
56965.209   -0.269987458482    0.494798416639    0.2494    0.3383  -0.095    9
56982.269    0.226292346503   -0.297601201282    0.8841    8.1390  -0.969    3
57003.271    1.358342987707   -2.082002384896    0.7882    0.9209  -0.763   10
57031.271   -0.106896409700   -0.240602392410    0.2678    0.3521  -0.186   19
57045.271    0.143346430726   -0.415400398879    0.6901    0.2828  -0.200    8
57046.458   -0.185639477829   -0.416602790665    0.2105    0.3111  -0.117   45
57051.250    0.030256199815   -1.489701597279    2.0583    0.7655   0.587  202
57056.207    0.678529431974    3.613197600316    0.2519    0.5565   0.208    4
57063.209    0.306785087044   -0.019400391693    0.4291    0.8101  -0.332    7
57098.832    0.077220671438    0.130197599901    0.2135    0.3240  -0.372   45
57102.499    3.315423778976    4.230399608218    0.6080    2.8789  -0.241    6
57108.270   -0.195918364951   -0.389199584561    0.1752    0.2819   0.083   19
57112.207   -3.132475908698    4.963698009419    0.2985    0.6564  -0.280    9
57114.274    0.550368716986    0.440298012450    0.2965    0.4620   0.374   18
57120.206   -0.677012613580    0.711597616032    0.3961    0.6092  -0.559    8
57149.251    6.145668243413   -1.875099601989    2.4570    0.7078  -0.388    6
57169.208    0.024766359570    0.485499614911    0.1203    0.1785  -0.076   55
57184.581 3282.541872804537-2260.536001202240  120.2237   64.9010  -0.838    3
57189.209    1.867708359644    2.475597608509    0.4206    0.5464   0.005   12
57205.269   -0.839166986759   -1.166101199601    0.6722    0.7962  -0.184    7
57210.207    0.507144731956   -0.355201180469    0.1650    0.2588   0.341   58
57213.272    2.881762260082   -3.911399997492    0.6086    0.8508   0.317    9
57219.251   -0.043344476225    0.588697218973    0.2164    0.2716   0.030   91
57220.270   -1.461501939032   -9.237999600487    0.6267    1.3010  -0.392    9
57227.272   -2.681172629991    1.294099214988    8.7198    3.9607  -0.984    4
57239.208   -5.683971005305   -0.946000781710    1.1638    0.9531  -0.220    4
57241.268    3.492183565720   -1.360299597764    1.2166    0.5459  -0.666    4
57260.228   -1.550173417909    3.907098005129    0.4569    1.9663   0.183    8
57266.207    1.442926531835    0.064497604058    0.5144    0.8019   0.346    6
57267.230   -9.888330053654   -0.879602387727    3.4314    8.5602   0.685    8
57287.206    1.877636770393    2.821100409278    0.6224    0.8674   0.683    4
57297.272  -12.629549694002    1.962997214378    0.8993    0.5019  -0.114    7
57311.272   -0.268467771249    0.037998020730    0.5976    0.9564  -0.766    7
57339.268   -0.883677964385    1.478199604321    0.1931    0.3072  -0.142   12
57343.209   -1.984067790820   -0.112201192337    0.4757    0.4894   0.441   10
57350.584  573.338329381311   28.468497600898  118.8566   66.7257   0.732   18
57360.270    3.573845357740   -6.479999998987    0.4095    0.5061  -0.785    9
57367.268   -0.157715962056    0.550497605900    0.2627    0.3663   0.012   10
57371.209    0.496980757733   -0.373499989337    0.1397    0.1929   0.452   53
57373.248   59.081360925039 -158.126500795674   74.4962   41.6409   0.684    3
57374.270    0.141125790745    1.749499207904    0.2082    0.3155   0.013   17
57386.269    0.767083129114    0.059400011310    0.1991    0.2525  -0.523   19
57402.270   -8.196212110515    9.871797612959    1.0842    0.9354  -0.424    5
57407.230   -1.344208860472   -0.386600396496    0.2515    0.1620   0.603  150
57427.206    0.339379708576   -0.359099988145    0.1250    0.2068  -0.149  117
57430.270   -1.073287754606    1.968998404323    0.4341    0.6010  -0.759    7
57448.208   -1.104830947017   -0.317102401937    0.2065    0.2938   0.251   20
57458.270    2.924055307185   -2.390399993146    0.4136    0.5150  -0.492   11
57465.269  -11.850432427057   18.685198796220    0.3525    0.3232  -0.490   41
57471.270   38.861932332031   41.917197597741    0.3306    0.7361   0.488   22
57477.209   -5.194232469686   33.299398796771    0.5354    2.4900  -0.829    5
57483.206   -0.945712920085    1.320598798316    0.1544    0.1862   0.222   89
57484.229    1.140226670083    0.164098801747    1.2722    1.0387  -0.357    6
57485.251   -0.938821174344    0.572400008991    2.9382    2.3883   0.713    6
57500.271   -4.466518085488   -2.835702002812    0.3878    0.6242  -0.510   10
57512.207   -0.849681437356   -1.985799582371    0.3853    1.7730  -0.652   19
57540.207    3.117052079408    6.872698813254    0.6633    1.9109  -0.135   17
57549.269    0.851316196868   -0.245501999530    0.9350    0.8944   0.014    3
57553.206   -3.510408496543    5.594598013658    0.3418    0.6634  -0.492   28
57560.208   -2.231974918986   -1.051599588209    0.2953    0.6273   0.117    8
57562.250    0.969542922812    2.799597609737    3.2657    4.4176   0.636    3
57597.248   -3.418350035664   -0.506800796529   34.0339   43.4130   0.998    6
57612.271   -2.003812408876    9.442097996271    0.2161    1.3386   0.274   10
57617.209   -6.074288047974    1.266098419705    2.4942    2.2901  -0.804    4
57623.206    5.794018992912    9.100098006343    0.9428    2.5132   0.768    3
57624.229    1.202962578531    0.677397619597    0.6996    0.9612   0.780   43
57638.207   -0.141010718466   -0.489599989351    0.1798    0.3105  -0.112   34
57639.230   -0.510767277433   -3.110900388492    0.2400    0.3657   0.395   14
57666.207   -0.517894586648   -0.062002780510    0.2703    0.2145   0.166   28
57679.207   -0.084933861122    0.717800398320    0.3115    0.3754  -0.569   21
57680.229   -2.619723554759    1.208498414940    4.6239    2.3257  -0.892    6
57703.269   -5.838297116521    4.418197212885    0.9905    1.2289  -0.889    5
57716.999   -0.200942815923    0.179600411343    0.3695    0.5750  -0.060  119
57729.228   -0.171269787119    0.520898396417    0.5305    0.6563  -0.214    6
57731.269    0.371974330109   -0.073400383371    0.0754    0.1138  -0.082   62
57736.229   -0.212040437531    0.205099220807    0.3256    0.4289  -0.044    9
57743.209   -0.294520964035    0.900097199974    0.2485    0.4039   0.204   12
57770.475   -0.644768309041    0.065898007051    0.1905    0.3133  -0.247   80
57771.209   -0.738697092906    2.517397209090    0.6587    0.7796   0.023    4
57775.461   -0.760426787468   -0.554101200123    0.1923    0.2800  -0.361   72
57777.207  597.735015110218 -502.583101203413    0.2249    0.3949   0.494   18
57778.229   -0.946764508587    1.452297610172    0.2446    0.3196  -0.217    8
57780.271 2313.344471404699 -767.742001198712    0.1460    0.2579  -0.193   95
57798.209    0.656098784665    8.194298411013    1.1532    3.9595   0.574    5
57804.381   -0.041942570729    0.122198417785    0.1714    0.2283   0.112  108
57806.208   -0.646753544927   -0.328701597141    0.3749    1.4210  -0.375   13
57808.271   -3.335518873406    3.576898802748    0.5466    0.9542  -0.759   13
57809.367   -0.240664906051   -0.499802388276    0.1323    0.1686  -0.191  135
57839.792   -1.284044068378   -0.615301192397    0.1796    0.1874   0.237  116
57843.270    0.788695201319    4.110098399224    0.4055    0.3627  -0.140   22
57863.227   -0.699207697415   93.022898414574    0.7467    6.0770   0.120    3
57872.197   -0.273141745847    0.965998813740    0.1463    0.2097  -0.084  114
57878.271   -3.728757508804    3.278700012288    0.4124    0.3162  -0.223   16
57885.270   -1.472602270097    1.018497619043    0.4355    0.4080  -0.500    7
57904.208    1.659873638600    0.477399598253    0.5033    0.2933  -0.353   15
57927.270   -7.858582074350    2.983597215689    0.6703    0.4568  -0.670    8
57931.207    1.121769044623   -0.021600001787    0.7524    1.0597   0.788   20
57933.249    0.487049637527    0.110998800551    0.1853    0.1999   0.462  308
57955.270   -1.018495021020    1.951797597144    0.4353    0.4369   0.533   22
57959.207   -7.259378881515   -7.934201980220    0.7073    0.8081   0.691   12
57967.228   -0.001870163607    0.015199208292    0.1267    0.1858  -0.383  250
57973.207   -4.598766894607   -1.397800787117    0.4575    0.8098  -0.242    8
57983.270   -3.004783451820    0.467697611839    0.2477    0.2652  -0.054   24
57987.207   -3.119040024752   -2.270401185456    0.4227    0.3969  -0.441   16
58009.228    0.509598066574    4.245998420060    0.9503    1.8549  -0.130   24
58018.268 -212.202605929379 -214.848702003678    5.5881    5.6009   0.966    4
58022.209    9.723952012276   46.863698406696    1.2826    5.2737   0.861    4
58022.797    1.175159713334    0.986299221495    1.4803    0.6620  -0.298   56
58025.270   -0.836480957505    0.139698019552    0.1513    0.2449  -0.007   56
58036.001   -0.178629790971    1.111697997658    0.4503    0.5743  -0.277   42
58067.270  -19.234346768626  -31.454802001463    6.5137   10.3984   0.909    4
58085.500   -0.597803996798    1.482598798930    0.0907    0.1290   0.141  183
58086.497    0.338095584818    0.368298006492    0.0697    0.1097   0.037  188
58087.498   -0.160054383774    0.626799604220    0.0914    0.1660  -0.331  103
58088.498   -0.446979780483   -3.269800788530    0.1766    0.2661   0.412   93
58089.499    0.065654791719   -3.547101582058    0.0739    0.1463   0.026  195
58090.496    0.197785819100   -0.093700791126    0.0900    0.1113  -0.232  162
58091.497    0.654579097432    0.767797217804    0.0620    0.1127  -0.347  158
58094.496   -1.053660918287    0.324997219536    0.0992    0.1315  -0.612  166
58096.497   -0.118697693514    0.533498416644    0.0741    0.0849  -0.189  200
58097.498    0.261573156670    0.078998414210    0.0478    0.0900  -0.118  238
58143.856    0.666377671787   -0.377999992907    0.3129    0.4024  -0.627   36
58158.272   -0.764046623487    0.277599613696    0.1949    0.2791  -0.394   13
58176.209    0.164725648914   -0.961502391306    0.6608    3.7079  -0.234    3
58186.272   -4.115923132947    3.383600420648    0.4428    0.6185  -0.784    5
58203.797    0.296506199921    0.060098409449    0.3155    0.4722   0.759  117
58213.231    0.049182242766    0.324799208329    0.0998    0.1220  -0.153  388
58216.836   -1.879391861720    0.623397602340    0.1424    0.2022   0.097  221
58238.207   -0.150706434578    0.579898804176    0.1916    0.2237   0.056   77
58245.742   -2.387470241061    0.756399614943    0.1419    0.1686  -0.152  108
58279.305    1.056697423915    2.289200406835    0.2056    0.3100   0.333   45
58291.271    0.409826256631    2.199898810318    0.2118    0.1662  -0.175   38
58295.208    0.492775041246    0.932198420855    0.8516    0.6006   0.765    4
58301.297   -0.706217384273    0.417200405423    0.1505    0.2278   0.094   72
58302.210   -0.303050338126   -0.444801597155    0.8087    1.3145   0.168    5
58305.026   -0.103627050056    2.767500021150    0.1660    0.2237  -0.176   85
58326.959    0.055726380970    0.139100404795    0.2280    0.3059  -0.003   35
58330.955   -0.141361194840    0.792799221472    0.2180    0.2519  -0.023   49
58340.948    0.494760117752    0.459097208250    0.2397    0.3804   0.404   36
58368.269    1.200043854641   -0.728801978767    0.5660    0.6825  -0.097   10
58401.229   -0.237510459306   -0.730501201929    0.1189    0.2163   0.279  110
58436.227    0.767083129114    0.840999615548    2.0360    0.8773   0.318    4
58443.269    1.224810214210   -5.520200386400    9.5869   11.1923  -0.974    8
58459.271   -0.640913068928   -0.102902390609    0.6752    0.4320  -0.509    7
58470.207    3.630272691458  -14.784800379175    6.1401    2.4191   0.691    3
58479.206   -0.019744618056   -2.945401183752    0.4865    1.2848  -0.082    4
58480.269   -0.020095094430   -0.422002784717    0.1617    0.2985  -0.073   52
58481.840   -1.659640943964   -0.359801993000    0.3281    0.3862  -0.156   71
58494.386   -0.819540150440    1.196499616185    0.3934    0.7791  -0.120   17
58550.269   -0.415436588071   -0.692701192406    0.3670    0.5525   0.042   14
58561.209   -0.393123722499   -0.484199995299    1.8105    0.4947  -0.265    3
58561.209   -0.601892090927    1.262898010168    0.0555    0.1078  -0.272  485
58575.209    0.118226725944    0.962999996545    0.0754    0.1482   0.045  536
58591.269    1.267218174213    0.012398402305    1.3957    1.1587  -0.720    6
58603.209    0.202577575435    0.350899213686    0.0812    0.1372  -0.209  497
58612.230   -1.048871871410    2.277000015738    0.2003    0.2482   0.076   38
58617.209   -0.088205930224   -0.053701197089    0.0755    0.1009  -0.284  356
58638.207   -0.389969275754    0.035600399428    0.3745    0.2515  -0.250   14
58645.413   -1.341755525854    1.043798417300    0.2317    0.2687  -0.304   95
58659.209    0.158417074184    0.382798816645    0.1780    0.1366   0.452  499
58673.209    0.268232207774    0.118998008247    0.0692    0.1164  -0.071  483
58676.270    0.575137786013    0.087998421350    0.6027    0.3199   0.123    8
58701.209    0.784023936179   -0.153100802436    0.4059    0.3431   0.079   21
58715.209   -0.328985749175   -1.247601599630    0.2372    0.9178   0.383   13
58715.249   -0.542893640854   -6.502802392561    0.2030    0.6303  -0.522    7
58718.270    0.328282086969    1.362099604307    0.4458    0.4110  -0.242   35
58722.207    0.153975794222    0.455400018495    0.2030    0.3218   0.285   23
58732.248   -2.681057717092    0.793800020915    0.5921    0.8310  -0.924    3
58743.209   -0.264146982483    0.073198816608    0.2235    0.1765  -0.258   25
58750.207   -0.819890626814    0.809697601767    0.6973    1.2247   0.006   10
58765.208   -0.706567860647    1.566597603642    0.4578    0.4215  -0.041    7
58792.207   -0.259355226148   -0.024901194706    0.7365    0.6112   0.077    8
58802.270    3.257476917405    1.553799597787    1.5039    0.7317   0.680   16
58809.272    0.228863462858    0.761698800034    0.2346    0.2700  -0.092   33
58813.249    0.731917391227    0.418399216073    0.1151    0.0955  -0.038   28
58823.272   -2.627434194365    0.644299205987    1.9683    1.0644   0.687    4
58830.270   -1.873433763364    0.134600401225    0.4244    0.4311   0.105   11
58835.208   -0.202226939682   -0.958301981768    0.3931    0.7875   0.050   10
58868.913   -0.170218357997    1.839999615072    0.6841    1.6469  -0.247    4
58900.270    0.104793551457    0.091800001201    0.9839    0.7065  -0.675    5
58907.268    0.740328983580   -0.204800400638    1.0000    0.4765  -0.136    4
58911.250    0.559949360818   -0.517301990044    0.7348    0.2945  -0.084    4
58921.268   -0.225944738968    0.377298013632    1.3126    0.6576  -0.616    3
58925.209    0.274425869605    0.006699613664    0.4436    0.4084  -0.467   12
58925.250    0.616494476274    0.519998405935    0.3816    1.0750  -0.444    6
58928.270   -0.302113821904    0.395499620254    0.2664    0.2990   0.105   34
58954.207    0.282251422110   -0.293500801263    0.3245    0.1977  -0.004   25
58967.210   -1.230420545651    0.394700413153    0.2957    0.5428  -0.114   10
58968.229    1.718286048825   -0.781102798442    0.2861    0.2713   0.009   73
58969.270   -0.331671937809    0.226800005976    0.3458    0.4031  -0.134   26
58974.208    0.467189947191   -0.871001984137    1.3688    0.5909  -0.154    9
58983.251   -1.609990443087    1.024898412538    2.2915    0.7959   0.158    3
58990.249    0.208650586691    0.949100407865    0.5129    0.5107  -0.041   51
58998.270   -6.382359968234   -1.975201186610    6.6951    1.6432   0.954    3
59005.269   -1.346894889726   -0.023399982751    2.4192    0.6161   0.717    5
59019.269   -1.152263517371    0.405698412465    0.3725    0.3280  -0.236   19
59038.229   -0.375950220798   -0.055702795976    0.0937    0.2967  -0.357  377
59054.270    0.186805979230   -0.998301601385    0.4208    0.8179   0.134    5
59081.252   -0.402586584594   -0.465602391841    0.1224    0.1548   0.155  279
59093.206  -11.667599629058    9.869799620787    1.7599    1.2818  -0.839   10
59115.231   -0.091360376969    0.052200010714    0.0903    0.1086  -0.037  207
59117.269   -0.000235563475   -0.400499985176    0.5548    0.8300   0.278    7
59172.250   -0.069980999401    0.153298813643    0.1018    0.1076  -0.069  191
59180.271    0.094862431250    0.932400013198    0.8671    0.9028   0.153   20
59194.249   -0.232368226597    0.279597605868    0.1375    0.2916   0.787    9
59206.251   -0.093463235213   -1.002902388336    0.1695    0.7096   0.829    6
59213.293    0.485414878014   -0.607301984701    0.6832    0.8209   0.480    9
59222.249   -0.751897572757   -0.540500380453    0.5111    0.2679  -0.547    3
59229.269    0.128040223794    0.144597601093    0.4739    0.5974   0.584   40
59242.250    0.005139523251    0.618300009592    0.1067    0.1725  -0.126  232
59243.269    0.325596057715    0.511898414857    0.6464    0.5844  -0.380   11
59250.271   -0.279332538840    0.278798398767    0.5119    0.4785  -0.619   30
59278.271    2.929778001447    0.599000401280    1.9320   25.1867  -0.591    3
59299.269   -0.248139822803   -0.087001203042    0.2287    0.3149   0.057   27
59305.270   -0.103158951324    0.169200001210    0.3585    0.5633   0.270    9
59313.269   -1.135905881317    1.646398806088    0.9416    0.6738  -0.642    4
59320.271   -1.637442991291    2.077898403741    0.9403    1.0051  -0.443   12
59327.269    0.054206693737   -1.613401201439    0.7454    1.0170   0.143   10
59334.271    0.024884141307   -0.442799998268    1.2599    0.9547  -0.875    3
59341.269   -0.066826712036   -0.879001191834    0.4079    1.2025  -0.362    7
59348.271   -1.060670445765   -0.065300392293    0.5082    0.3546  -0.132   41
59403.249    1.426103506508    2.124399600234    0.2338    0.2455   0.670  273
59450.209   -0.766617739841    0.801097198178    0.4091    0.3791   0.127   15
59457.207    0.212040437531   -0.022701584612    0.4742    0.4323  -0.137    5
59460.250   -0.013668737962    0.169999208310    0.0469    0.0801  -0.100  171
59466.251    2.935971663278   -0.108500395868    0.2563    0.1753   0.546  351
59485.207    0.385878631546    0.061797607032    0.3314    0.3074   0.251   14
59500.208   -0.009813497849    0.851997614859    0.6440    0.3338   0.060   11
59523.270    0.256901891530   -1.408402789593    0.4522    0.6150  -0.417    7
59563.228    4.528903676943   -7.571001592055    0.2306    0.4928   0.378   62
59611.207    0.004671265140    0.579999613137    0.2051    0.2788   0.381   26
59649.270   -0.771291714439    0.183499219020    0.3618    0.6188  -0.041    7
59683.271    0.153041987458    0.060397204038    0.2544    0.4547  -0.524   27
59689.206   -0.066591148561    2.020500016897    1.6131    2.2290   0.598    3
59760.248    0.639040195863    0.606898800015    0.6760    0.9368   0.173   28
59772.210   -5.614225409998   -6.724900802624    0.5007    0.6660   0.779   18
59803.248   -1.189178927670    0.000298820169    0.5793    0.5655  -0.382   15
59837.250   -1.450171622788    0.007599604146    0.3865    0.5380   0.191   51
59864.209    1.141278099204   -1.325501986571    1.7519    2.0419  -0.453    4
59913.207    0.376648304707   -0.059000382180    0.3894    0.2965  -0.100   18
60038.207   26.028403157098   41.735098807294   13.6180   20.4431   0.987    3
60206.207   -0.572684451396   -2.361099603831    0.4973    0.6692   0.536   10
60206.207   -0.572684451396   -2.361099603831    0.4973    0.6692   0.536   10
60206.207   -0.571282545900   -2.357600399705    0.4973    0.6692   0.536   10
