1.604905129561078780e+01
2.139873506081438492e+01
2.674841882601798204e+01
3.209810259122157561e+01
3.744778635642517628e+01
4.279747012162876985e+01
4.814715388683236341e+01
5.349683765203596408e+01
5.884652141723955765e+01
6.419620518244315122e+01
6.954588894764674478e+01
7.489557271285035256e+01
8.024525647805394613e+01
8.559494024325753969e+01
9.094462400846113326e+01
9.629430777366472682e+01
1.016439915388683346e+02
1.069936753040719282e+02
1.123433590692755217e+02
1.176930428344791153e+02
1.230427265996827089e+02
1.283924103648863024e+02
1.337420941300898960e+02
1.390917778952934896e+02
1.444414616604971116e+02
1.497911454257007051e+02
1.551408291909042987e+02
1.604905129561078923e+02
1.658401967213114858e+02
1.711898804865150794e+02
1.765395642517186729e+02
1.818892480169222665e+02
1.872389317821258601e+02
1.925886155473294536e+02
1.979382993125330472e+02
2.032879830777366692e+02
2.086376668429402628e+02
2.139873506081438563e+02
2.193370343733474499e+02
2.246867181385510435e+02
2.300364019037546370e+02
2.353860856689582306e+02
2.407357694341618242e+02
2.460854531993654177e+02
2.514351369645690113e+02
2.567848207297726049e+02
2.621345044949762269e+02
2.674841882601797920e+02
2.728338720253834140e+02
2.781835557905869791e+02
2.835332395557906011e+02
2.888829233209942231e+02
2.942326070861977882e+02
2.995822908514014102e+02
3.049319746166049754e+02
3.102816583818085974e+02
3.156313421470121625e+02
3.209810259122157845e+02
3.263307096774193496e+02
3.316803934426229716e+02
3.370300772078265368e+02
3.423797609730301588e+02
3.477294447382337808e+02
3.530791285034373459e+02
3.584288122686409679e+02
3.637784960338445330e+02
3.691281797990481550e+02
3.744778635642517202e+02
3.798275473294553422e+02
3.851772310946589073e+02
3.905269148598625293e+02
3.958765986250660944e+02
4.012262823902697164e+02
4.065759661554733384e+02
4.119256499206769035e+02
4.172753336858805255e+02
4.226250174510840907e+02
4.279747012162877127e+02
4.333243849814912778e+02
4.386740687466948998e+02
4.440237525118984649e+02
4.493734362771020869e+02
4.547231200423056521e+02
4.600728038075092741e+02
4.654224875727128961e+02
4.707721713379164612e+02
4.761218551031200832e+02
4.814715388683236483e+02
4.868212226335272703e+02
4.921709063987308355e+02
4.975205901639344575e+02
5.028702739291380226e+02
5.082199576943416446e+02
5.135696414595452097e+02
5.189193252247488317e+02
5.242690089899524537e+02
5.296186927551560757e+02
5.349683765203595840e+02
5.403180602855632060e+02
5.456677440507668280e+02
5.510174278159704500e+02
5.563671115811739583e+02
5.617167953463775802e+02
5.670664791115812022e+02
5.724161628767848242e+02
5.777658466419884462e+02
5.831155304071919545e+02
5.884652141723955765e+02
5.938148979375991985e+02
5.991645817028028205e+02
6.045142654680063288e+02
6.098639492332099508e+02
6.152136329984135727e+02
6.205633167636171947e+02
6.259130005288207030e+02
6.312626842940243250e+02
6.366123680592279470e+02
6.419620518244315690e+02
6.473117355896351910e+02
6.526614193548386993e+02
6.580111031200423213e+02
6.633607868852459433e+02
6.687104706504495653e+02
6.740601544156530736e+02
6.794098381808566955e+02
6.847595219460603175e+02
6.901092057112639395e+02
6.954588894764675615e+02
7.008085732416710698e+02
7.061582570068746918e+02
7.115079407720783138e+02
7.168576245372819358e+02
7.222073083024854441e+02
7.275569920676890661e+02
7.329066758328926880e+02
7.382563595980963100e+02
7.436060433632999320e+02
7.489557271285034403e+02
7.543054108937070623e+02
7.596550946589106843e+02
7.650047784241143063e+02
7.703544621893178146e+02
7.757041459545214366e+02
7.810538297197250586e+02
7.864035134849286806e+02
7.917531972501321889e+02
7.971028810153358108e+02
8.024525647805394328e+02
8.078022485457430548e+02
8.131519323109466768e+02
8.185016160761501851e+02
8.238512998413538071e+02
8.292009836065574291e+02
8.345506673717610511e+02
8.399003511369645594e+02
8.452500349021681814e+02
8.505997186673718033e+02
8.559494024325754253e+02
8.612990861977790473e+02
8.666487699629825556e+02
8.719984537281861776e+02
8.773481374933897996e+02
8.826978212585934216e+02
8.880475050237969299e+02
8.933971887890005519e+02
8.987468725542041739e+02
9.040965563194077959e+02
9.094462400846113042e+02
9.147959238498149261e+02
9.201456076150185481e+02
9.254952913802221701e+02
9.308449751454257921e+02
9.361946589106293004e+02
9.415443426758329224e+02
9.468940264410365444e+02
9.522437102062401664e+02
9.575933939714436747e+02
9.629430777366472967e+02
9.682927615018509186e+02
9.736424452670545406e+02
9.789921290322581626e+02
9.843418127974616709e+02
9.896914965626652929e+02
9.950411803278689149e+02
1.000390864093072537e+03
1.005740547858276045e+03
1.011090231623479667e+03
1.016439915388683289e+03
1.021789599153886911e+03
1.027139282919090419e+03
1.032488966684294155e+03
1.037838650449497663e+03
1.043188334214701172e+03
1.048538017979904907e+03
1.053887701745108416e+03
1.059237385510312151e+03
1.064587069275515660e+03
1.069936753040719168e+03
1.075286436805922904e+03
1.080636120571126412e+03
1.085985804336330148e+03
1.091335488101533656e+03
1.096685171866737164e+03
1.102034855631940900e+03
1.107384539397144408e+03
1.112734223162347917e+03
1.118083906927551652e+03
1.123433590692755160e+03
1.128783274457958896e+03
1.134132958223162404e+03
1.139482641988365913e+03
1.144832325753569648e+03
1.150182009518773157e+03
1.155531693283976892e+03
1.160881377049180401e+03
1.166231060814383909e+03
1.171580744579587645e+03
1.176930428344791153e+03
1.182280112109994661e+03
1.187629795875198397e+03
1.192979479640401905e+03
1.198329163405605641e+03
1.203678847170809149e+03
1.209028530936012658e+03
1.214378214701216393e+03
1.219727898466419902e+03
1.225077582231623637e+03
1.230427265996827145e+03
1.235776949762030654e+03
1.241126633527234389e+03
1.246476317292437898e+03
1.251826001057641406e+03
1.257175684822845142e+03
1.262525368588048650e+03
1.267875052353252386e+03
1.273224736118455894e+03
1.278574419883659402e+03
1.283924103648863138e+03
1.289273787414066646e+03
1.294623471179270382e+03
1.299973154944473890e+03
1.305322838709677399e+03
1.310672522474881134e+03
1.316022206240084643e+03
1.321371890005288378e+03
1.326721573770491887e+03
1.332071257535695395e+03
1.337420941300899131e+03
1.342770625066102639e+03
1.348120308831306147e+03
1.353469992596509883e+03
1.358819676361713391e+03
1.364169360126917127e+03
1.369519043892120635e+03
1.374868727657324143e+03
1.380218411422527879e+03
1.385568095187731387e+03
1.390917778952935123e+03
1.396267462718138631e+03
1.401617146483342140e+03
1.406966830248545875e+03
1.412316514013749384e+03
1.417666197778952892e+03
1.423015881544156628e+03
1.428365565309360136e+03
1.433715249074563872e+03
1.439064932839767380e+03
1.444414616604970888e+03
1.449764300370174624e+03
1.455113984135378132e+03
1.460463667900581868e+03
1.465813351665785376e+03
1.471163035430988884e+03
1.476512719196192620e+03
1.481862402961396128e+03
1.487212086726599864e+03
1.492561770491803372e+03
1.497911454257006881e+03
1.503261138022210616e+03
1.508610821787414125e+03
1.513960505552617633e+03
1.519310189317821369e+03
1.524659873083024877e+03
1.530009556848228613e+03
1.535359240613432121e+03
1.540708924378635629e+03
1.546058608143839365e+03
1.551408291909042873e+03
1.556757975674246609e+03
1.562107659439450117e+03
1.567457343204653625e+03
1.572807026969857361e+03
1.578156710735060869e+03
1.583506394500264378e+03
1.588856078265468113e+03
1.594205762030671622e+03
1.599555445795875357e+03
1.604905129561078866e+03
1.610254813326282374e+03
1.615604497091486110e+03
1.620954180856689618e+03
1.626303864621893354e+03
1.631653548387096862e+03
1.637003232152300370e+03
1.642352915917504106e+03
1.647702599682707614e+03
1.653052283447911122e+03
1.658401967213114858e+03
1.663751650978318366e+03
1.669101334743522102e+03
1.674451018508725610e+03
1.679800702273929119e+03
1.685150386039132854e+03
1.690500069804336363e+03
1.695849753569540098e+03
1.701199437334743607e+03
1.706549121099947115e+03
1.711898804865150851e+03
1.717248488630354359e+03
1.722598172395558095e+03
1.727947856160761603e+03
1.733297539925965111e+03
1.738647223691168847e+03
1.743996907456372355e+03
1.749346591221575864e+03
1.754696274986779599e+03
1.760045958751983108e+03
1.765395642517186843e+03
1.770745326282390351e+03
1.776095010047593860e+03
1.781444693812797595e+03
1.786794377578001104e+03
1.792144061343204839e+03
1.797493745108408348e+03
1.802843428873611856e+03
1.808193112638815592e+03
1.813542796404019100e+03
1.818892480169222608e+03
1.824242163934426344e+03
1.829591847699629852e+03
1.834941531464833588e+03
1.840291215230037096e+03
1.845640898995240605e+03
1.850990582760444340e+03
1.856340266525647849e+03
1.861689950290851584e+03
1.867039634056055093e+03
1.872389317821258601e+03
1.877739001586462336e+03
1.883088685351665845e+03
1.888438369116869580e+03
1.893788052882073089e+03
1.899137736647276597e+03
1.904487420412480333e+03
1.909837104177683841e+03
1.915186787942887349e+03
1.920536471708091085e+03
1.925886155473294593e+03
1.931235839238498329e+03
1.936585523003701837e+03
1.941935206768905346e+03
1.947284890534109081e+03
1.952634574299312590e+03
1.957984258064516325e+03
1.963333941829719834e+03
1.968683625594923342e+03
1.974033309360127078e+03
1.979382993125330586e+03
1.984732676890534094e+03
1.990082360655737830e+03
1.995432044420941338e+03
2.000781728186145074e+03
2.006131411951348582e+03
2.011481095716552090e+03
2.016830779481755826e+03
2.022180463246959334e+03
2.027530147012163070e+03
2.032879830777366578e+03
2.038229514542570087e+03
2.043579198307773822e+03
2.048928882072977558e+03
2.054278565838180839e+03
2.059628249603384575e+03
2.064977933368588310e+03
2.070327617133791591e+03
2.075677300898995327e+03
2.081026984664199063e+03
2.086376668429402343e+03
2.091726352194606079e+03
2.097076035959809815e+03
2.102425719725013096e+03
2.107775403490216831e+03
2.113125087255420567e+03
2.118474771020624303e+03
2.123824454785827584e+03
2.129174138551031319e+03
2.134523822316235055e+03
2.139873506081438336e+03
2.145223189846642072e+03
2.150572873611845807e+03
2.155922557377049088e+03
2.161272241142252824e+03
2.166621924907456560e+03
2.171971608672660295e+03
2.177321292437863576e+03
2.182670976203067312e+03
2.188020659968271048e+03
2.193370343733474328e+03
2.198720027498678064e+03
2.204069711263881800e+03
2.209419395029085081e+03
2.214769078794288816e+03
2.220118762559492552e+03
2.225468446324695833e+03
2.230818130089899569e+03
2.236167813855103304e+03
2.241517497620307040e+03
2.246867181385510321e+03
2.252216865150714057e+03
2.257566548915917792e+03
2.262916232681121073e+03
2.268265916446324809e+03
2.273615600211528545e+03
2.278965283976731826e+03
2.284314967741935561e+03
2.289664651507139297e+03
2.295014335272342578e+03
2.300364019037546313e+03
2.305713702802750049e+03
2.311063386567953785e+03
2.316413070333157066e+03
2.321762754098360801e+03
2.327112437863564537e+03
2.332462121628767818e+03
2.337811805393971554e+03
2.343161489159175289e+03
2.348511172924378570e+03
2.353860856689582306e+03
2.359210540454786042e+03
2.364560224219989323e+03
2.369909907985193058e+03
2.375259591750396794e+03
2.380609275515600530e+03
2.385958959280803811e+03
2.391308643046007546e+03
2.396658326811211282e+03
2.402008010576414563e+03
2.407357694341618298e+03
2.412707378106822034e+03
2.418057061872025315e+03
2.423406745637229051e+03
2.428756429402432786e+03
2.434106113167636067e+03
2.439455796932839803e+03
2.444805480698043539e+03
2.450155164463247274e+03
2.455504848228450555e+03
2.460854531993654291e+03
2.466204215758858027e+03
2.471553899524061308e+03
2.476903583289265043e+03
2.482253267054468779e+03
2.487602950819672060e+03
2.492952634584875796e+03
2.498302318350079531e+03
2.503652002115282812e+03
2.509001685880486548e+03
2.514351369645690284e+03
2.519701053410894019e+03
2.525050737176097300e+03
2.530400420941301036e+03
2.535750104706504771e+03
2.541099788471708052e+03
2.546449472236911788e+03
2.551799156002115524e+03
2.557148839767318805e+03
2.562498523532522540e+03
2.567848207297726276e+03
2.573197891062930012e+03
2.578547574828133293e+03
2.583897258593337028e+03
2.589246942358540764e+03
2.594596626123744045e+03
2.599946309888947781e+03
2.605295993654151516e+03
2.610645677419354797e+03
2.615995361184558533e+03
2.621345044949762269e+03
2.626694728714965549e+03
2.632044412480169285e+03
2.637394096245373021e+03
2.642743780010576756e+03
2.648093463775780037e+03
2.653443147540983773e+03
2.658792831306187509e+03
2.664142515071390790e+03
2.669492198836594525e+03
2.674841882601798261e+03
2.680191566367001542e+03
2.685541250132205278e+03
2.690890933897409013e+03
2.696240617662612294e+03
2.701590301427816030e+03
2.706939985193019766e+03
2.712289668958223501e+03
2.717639352723426782e+03
2.722989036488630518e+03
2.728338720253834254e+03
2.733688404019037534e+03
2.739038087784241270e+03
2.744387771549445006e+03
2.749737455314648287e+03
2.755087139079852022e+03
2.760436822845055758e+03
2.765786506610259039e+03
2.771136190375462775e+03
2.776485874140666510e+03
2.781835557905870246e+03
2.787185241671073527e+03
2.792534925436277263e+03
2.797884609201480998e+03
2.803234292966684279e+03
2.808583976731888015e+03
2.813933660497091751e+03
2.819283344262295032e+03
2.824633028027498767e+03
2.829982711792702503e+03
2.835332395557905784e+03
2.840682079323109519e+03
2.846031763088313255e+03
2.851381446853516991e+03
2.856731130618720272e+03
2.862080814383924007e+03
2.867430498149127743e+03
2.872780181914331024e+03
2.878129865679534760e+03
2.883479549444738495e+03
2.888829233209941776e+03
2.894178916975145512e+03
2.899528600740349248e+03
2.904878284505552529e+03
2.910227968270756264e+03
2.915577652035960000e+03
2.920927335801163736e+03
2.926277019566367017e+03
2.931626703331570752e+03
2.936976387096774488e+03
2.942326070861977769e+03
2.947675754627181504e+03
2.953025438392385240e+03
2.958375122157588521e+03
2.963724805922792257e+03
2.969074489687995992e+03
2.974424173453199728e+03
2.979773857218403009e+03
2.985123540983606745e+03
2.990473224748810480e+03
2.995822908514013761e+03
3.001172592279217497e+03
3.006522276044421233e+03
3.011871959809624514e+03
3.017221643574828249e+03
3.022571327340031985e+03
3.027921011105235266e+03
3.033270694870439002e+03
3.038620378635642737e+03
3.043970062400846473e+03
3.049319746166049754e+03
3.054669429931253489e+03
3.060019113696457225e+03
3.065368797461660506e+03
3.070718481226864242e+03
3.076068164992067977e+03
3.081417848757271258e+03
3.086767532522474994e+03
3.092117216287678730e+03
3.097466900052882011e+03
3.102816583818085746e+03
3.108166267583289482e+03
3.113515951348493218e+03
3.118865635113696499e+03
3.124215318878900234e+03
3.129565002644103970e+03
3.134914686409307251e+03
3.140264370174510987e+03
3.145614053939714722e+03
3.150963737704918003e+03
3.156313421470121739e+03
3.161663105235325474e+03
3.167012789000528755e+03
3.172362472765732491e+03
3.177712156530936227e+03
3.183061840296139962e+03
3.188411524061343243e+03
3.193761207826546979e+03
3.199110891591750715e+03
3.204460575356953996e+03
3.209810259122157731e+03
3.215159942887361467e+03
3.220509626652564748e+03
3.225859310417768484e+03
3.231208994182972219e+03
3.236558677948175500e+03
3.241908361713379236e+03
3.247258045478582972e+03
3.252607729243786707e+03
3.257957413008989988e+03
3.263307096774193724e+03
3.268656780539397460e+03
3.274006464304600740e+03
3.279356148069804476e+03
3.284705831835008212e+03
3.290055515600211493e+03
3.295405199365415228e+03
3.300754883130618964e+03
3.306104566895822245e+03
3.311454250661025981e+03
3.316803934426229716e+03
3.322153618191433452e+03
3.327503301956636733e+03
3.332852985721840469e+03
3.338202669487044204e+03
3.343552353252247485e+03
3.348902037017451221e+03
3.354251720782654957e+03
3.359601404547858237e+03
3.364951088313061973e+03
3.370300772078265709e+03
