3.647613681142588007e+02
2.894503541274312397e+02
2.555271626602069261e+02
2.336920662433214773e+02
2.187347400219400697e+02
2.020813505231421914e+02
1.934571964050382746e+02
1.858902598064603922e+02
1.783790520705088909e+02
1.728990458168011628e+02
1.687212845001320147e+02
1.646291654420084285e+02
1.611521758515035856e+02
1.579750046198446967e+02
1.550918721045091502e+02
1.521386784084672854e+02
1.493454384930935248e+02
1.468767574032606831e+02
1.445811209840679510e+02
1.417247737209648903e+02
1.385626784055953920e+02
1.356335011905827912e+02
1.328794284652418298e+02
1.302231154033161715e+02
1.276642748096461020e+02
1.251353320580024473e+02
1.226656647749547489e+02
1.202630863765663349e+02
1.179014304267724214e+02
1.156122232528236680e+02
1.133020469523448241e+02
1.109918975633713671e+02
1.087173841379552499e+02
1.064677383718302650e+02
1.042357123519391848e+02
1.020004853532243061e+02
9.984843375248482289e+01
9.773667638426783810e+01
9.565341096845527602e+01
9.361366617703342285e+01
9.164883160850811805e+01
8.974513382678138385e+01
8.783662513577573350e+01
8.599998230302392699e+01
8.424052239046741875e+01
8.253993036191405963e+01
8.087781389089929007e+01
7.927376488659902520e+01
7.774213689076833589e+01
7.628255217806920996e+01
7.493389111798607871e+01
7.369393320088163080e+01
7.254956981630007817e+01
7.149355902528209583e+01
7.050717759860641820e+01
6.961834770772951231e+01
6.881642884264316251e+01
6.810618614932434411e+01
6.747350715652366659e+01
6.690258676833205698e+01
6.639091822918500441e+01
6.595509569724146104e+01
6.556900055948197803e+01
6.522038711096212182e+01
6.491989721392647539e+01
6.466138619403162124e+01
6.444759369458088827e+01
6.427352725564112745e+01
6.412501997731133940e+01
6.398704482968761909e+01
6.385976153405621147e+01
6.374301184306608548e+01
6.363163256088709119e+01
6.352660147421687498e+01
6.343108256595768069e+01
6.334643576647735586e+01
6.326696340193382184e+01
6.319054946473107748e+01
6.311444371179877777e+01
6.303170853723987221e+01
6.294155488153918299e+01
6.285610656590114331e+01
6.277043064548418272e+01
6.268246809603968472e+01
6.259123365047734922e+01
6.249508256920827165e+01
6.239850798406682486e+01
6.230432507564694333e+01
6.221651304967321039e+01
6.212303119135482632e+01
6.202774941930387342e+01
6.193458814230022114e+01
6.184325535710311073e+01
6.174983466295049084e+01
6.165257327711425006e+01
6.155840225668681143e+01
6.146152535973689623e+01
6.137174188451203349e+01
6.128641709796512771e+01
6.120322749691368358e+01
6.111850968992263944e+01
6.103072542439535653e+01
6.094010675455671588e+01
6.085070366817124921e+01
6.076224389112955748e+01
6.067530143167505940e+01
6.058749547583028061e+01
6.049917597312713013e+01
6.040717313039556302e+01
6.031479086929647337e+01
6.022384630978574194e+01
6.013529134496433670e+01
6.005203496323719747e+01
5.997316774205786061e+01
5.990061689652025478e+01
5.982826487704183904e+01
5.976065464785430947e+01
5.968932209249084764e+01
5.961940741763979901e+01
5.955538771032524892e+01
5.949811297205209826e+01
5.944156218809128234e+01
5.938415777624307879e+01
5.933612688535107083e+01
5.928954324456492486e+01
5.924310666754068677e+01
5.919597630837589719e+01
5.915229696434082740e+01
5.910836000705534587e+01
5.906711885284670416e+01
5.902427238920890318e+01
5.898164715056267227e+01
5.893557322355089667e+01
5.888609205615628639e+01
5.883599904068598363e+01
5.877944220807248144e+01
5.871759480387049734e+01
5.865179642508236668e+01
5.858162498132917761e+01
5.850418555819286581e+01
5.841781219334178843e+01
5.832612891951454515e+01
5.822949714213572747e+01
5.812530579454708857e+01
5.801322848814771760e+01
5.789380405768761761e+01
5.776596226922981714e+01
5.762670730332293800e+01
5.748032210560688782e+01
5.732440343060699917e+01
5.716179726235403535e+01
5.699307255235598291e+01
5.681674993829135190e+01
5.663483199696843684e+01
5.644824356623255568e+01
5.625533664977815818e+01
5.605892520619643449e+01
5.585922691197306733e+01
5.565623540731063201e+01
5.544859704362922770e+01
5.523552696253008065e+01
5.501971054741157019e+01
5.479952665236674392e+01
5.457578138374437060e+01
5.434716312763888624e+01
5.411544321726547935e+01
5.387841981539649083e+01
5.363501714108175378e+01
5.338431989450595694e+01
5.313043668343115655e+01
5.287104540620981652e+01
5.260493782943775898e+01
5.233168179796394526e+01
5.205132862367030100e+01
5.176562740676228458e+01
5.147419991615973345e+01
5.117796726009962782e+01
5.087601598925626689e+01
5.057075441728828480e+01
5.026190545618774053e+01
4.995002166830269630e+01
4.963467577147697085e+01
4.931599847227218447e+01
4.899409993633535976e+01
4.866963917182224009e+01
4.834253526495998443e+01
4.801257934814773876e+01
4.768096693310550904e+01
4.734825482425348753e+01
4.701370037161539983e+01
4.667804538957825855e+01
4.634165945377481677e+01
4.600422790818321062e+01
4.566377376596709325e+01
4.532061028854765539e+01
4.497477594727412509e+01
4.462571544653445699e+01
4.427284473355509675e+01
4.391659549497227744e+01
4.355887705062158943e+01
4.320068129894186626e+01
4.284227673880511134e+01
4.248540197532233975e+01
4.212891005759286855e+01
4.177334885646995133e+01
4.141857051416686630e+01
4.106551669864947485e+01
4.071254433924153915e+01
4.036111104928774296e+01
4.001264355195798572e+01
3.966918324610845303e+01
3.933218382797606694e+01
3.900073801988126121e+01
3.867647129373143855e+01
3.836123126641038539e+01
3.805610687389860658e+01
3.776142172008741227e+01
3.747636350247999815e+01
3.720215315030664271e+01
3.693722710402156650e+01
3.668136979469956316e+01
3.643567936168069821e+01
3.619971690190308777e+01
3.597347995952068800e+01
3.575440637473668204e+01
3.554326919124470407e+01
3.534088505753970111e+01
3.514553480042957290e+01
3.495686729137628390e+01
3.477440217565616365e+01
3.459808733241865752e+01
3.442688639335992917e+01
3.426098283689596968e+01
3.410275843222796510e+01
3.395012888941309370e+01
3.380306813694728163e+01
3.366054932270220945e+01
3.352251590448757668e+01
3.338877562589169656e+01
3.325937872444936971e+01
3.313381769336540117e+01
3.301259738039870228e+01
3.289473128116539158e+01
3.278077263219014270e+01
3.266984349810739019e+01
3.256270780833335010e+01
3.245803301972918575e+01
3.235611929973165957e+01
3.225724630485585465e+01
3.216176020121006474e+01
3.207051117947814589e+01
3.198378153408678770e+01
3.190234583592124906e+01
3.182487853777670495e+01
3.175104699483033954e+01
3.168102475553031638e+01
3.161401679798091280e+01
3.155045314357635533e+01
3.149026977173135577e+01
3.143355935107554444e+01
3.137972235386113340e+01
3.132925345235073422e+01
3.128155633824229653e+01
3.123705774573660321e+01
3.119483490802895886e+01
3.115604875636768156e+01
3.111950760556990758e+01
3.108497556323563060e+01
3.105203634687565284e+01
3.102108991699348550e+01
3.099105536377657799e+01
3.096311988771789458e+01
3.093721980459249821e+01
3.091204860647980368e+01
3.088865096197929461e+01
3.086641814679978779e+01
3.084544818517153075e+01
3.082467802093850651e+01
3.080535795414865774e+01
3.078755780931050623e+01
3.077150528504203209e+01
3.075658369500687428e+01
3.074334672225479181e+01
3.073111502425292585e+01
3.071948519010747702e+01
3.070891612509347013e+01
3.069921710922293556e+01
3.069040114535669161e+01
3.068205483579298587e+01
3.067443889433009474e+01
3.066677580182892271e+01
3.065931325320103795e+01
3.065207572029162719e+01
3.064618949667941905e+01
3.064071585264176889e+01
3.063588288188911335e+01
3.062972867383089337e+01
3.062205817943041453e+01
3.061468787144969284e+01
3.060809872631608286e+01
3.060139957996594617e+01
3.059500190352488502e+01
3.058926587454254431e+01
3.058389749426643078e+01
3.057685509307088267e+01
3.056923222496838477e+01
3.056149732547743625e+01
3.055346856042708481e+01
3.054572020975142976e+01
3.053768505365216868e+01
3.052957700044964895e+01
3.052102865447161406e+01
3.051202515046615815e+01
3.050244052970807473e+01
3.049184961177260789e+01
3.048009322800534449e+01
3.046734484796687070e+01
3.045418978618561567e+01
3.043984321242409408e+01
3.042439147711647962e+01
3.040844030542253762e+01
3.039203153337697216e+01
3.037479655714230375e+01
3.035694132873489437e+01
3.033813627166526317e+01
3.031877692595096008e+01
3.029820916497036620e+01
3.027669327918357567e+01
3.025446144496531531e+01
3.023142626455440407e+01
3.020768967394032600e+01
3.018275351675300300e+01
3.015704277317080084e+01
3.013064246365718191e+01
3.010303995647392128e+01
3.007396392420190878e+01
3.004412093212102874e+01
3.001343547515497434e+01
2.998196309592619002e+01
2.994941221824419841e+01
2.991546124201320822e+01
2.987999010833842561e+01
2.984367497314133288e+01
2.980675773287727282e+01
2.976847816337204478e+01
2.972938537745638143e+01
2.968962936961925436e+01
2.964945533272457467e+01
2.960793122208032813e+01
2.956558263447935886e+01
2.952236159477576649e+01
2.947832255600001261e+01
2.943336095344685432e+01
2.938762196133650662e+01
2.934116425783931703e+01
2.929382727468963665e+01
2.924576152558587339e+01
2.919704391592869186e+01
2.914732188242618705e+01
2.909672072352506689e+01
2.904515685815979609e+01
2.899251232485694985e+01
2.893905436389296426e+01
2.888461657743707889e+01
2.882917708963086056e+01
2.877266666314986310e+01
2.871471494548448788e+01
2.865592884874611457e+01
2.859648802927928557e+01
2.853585702570428140e+01
2.847431583683969336e+01
2.841189997524766397e+01
2.834850033909870248e+01
2.828361556817647937e+01
2.821745028292789925e+01
2.815001528402081021e+01
2.808165137529790201e+01
2.801239736197760877e+01
2.794206681606914344e+01
2.787058609194025749e+01
2.779799848044689270e+01
2.772447157044226884e+01
2.764997308343642501e+01
2.757456774704591496e+01
2.749835677150490909e+01
2.742152841150553044e+01
2.734398748386719902e+01
2.726544297993365973e+01
2.718621761788458713e+01
2.710620642714489392e+01
2.702555907153653081e+01
2.694422179594262445e+01
2.686209109803111872e+01
2.677922497811088931e+01
2.669533168340705132e+01
2.661048832873460768e+01
2.652461748240281736e+01
2.643781850054169169e+01
2.635039668566925286e+01
2.626209042366721391e+01
2.617291053909704246e+01
2.608296464138965831e+01
2.599216814315136048e+01
2.590075386297070992e+01
2.580896745375001800e+01
2.571681216949959037e+01
2.562408608752508243e+01
2.553070027449174617e+01
2.543667776774481126e+01
2.534218209953805712e+01
2.524723779361384501e+01
2.515163945861711881e+01
2.505501680837572920e+01
2.495740902235521830e+01
2.485869239867767888e+01
2.475895915518176338e+01
2.465828259029789038e+01
2.455645032180713727e+01
2.445370872244129146e+01
2.434979027178370359e+01
2.424506988521825335e+01
2.413968129725597933e+01
2.403392765401525821e+01
2.392770864664219133e+01
2.382106418012993387e+01
2.371394975079502743e+01
2.360628136977848612e+01
2.349806195313632529e+01
2.338923552446414078e+01
2.327971842813465742e+01
2.316967930052788560e+01
2.305901143762471506e+01
2.294771558268687528e+01
2.283604158749092861e+01
2.272395983336175362e+01
2.261182166503873958e+01
2.249935077116809623e+01
2.238663054726024271e+01
2.227365838951294919e+01
2.216053505623470699e+01
2.204712099373074707e+01
2.193333403051913066e+01
2.181904647206386016e+01
2.170438803697184937e+01
2.158940646364585447e+01
2.147421380899291421e+01
2.135846377818135622e+01
2.124256904356822417e+01
2.112621494589268778e+01
2.100924477222826781e+01
2.089174590825750144e+01
2.077389354865511351e+01
2.065583273676680065e+01
2.053742011027835090e+01
2.041859563945634903e+01
2.029935557786491174e+01
2.017988945902346742e+01
2.006083753999647001e+01
1.994204271498573533e+01
1.982342801792319520e+01
1.970511898641838755e+01
1.958704576451314594e+01
1.946910012313156813e+01
1.935123675170515511e+01
1.923349927087114253e+01
1.911589002206702048e+01
1.899831837981303906e+01
1.888105672672836732e+01
1.876377765796180341e+01
1.864652442474290339e+01
1.852938736137772935e+01
1.841229029239760351e+01
1.829543379797361524e+01
1.817863774869779547e+01
1.806188443892430939e+01
1.794519594126650830e+01
1.782861213562977909e+01
1.771214452711790699e+01
1.759577431236983003e+01
1.747928864743238364e+01
1.736293768185700515e+01
1.724710210223577533e+01
1.713159862695173530e+01
1.701630136268622451e+01
1.690104810789937417e+01
1.678596925480935909e+01
1.667107382168435592e+01
1.655653723564748603e+01
1.644232017496156573e+01
1.632872338106375310e+01
1.621562340476479847e+01
1.610316250363343116e+01
1.599202211748001368e+01
1.588214013127529256e+01
1.577360333931691017e+01
1.566644667971504568e+01
1.556063690296086044e+01
1.545628665005227731e+01
1.535342910930736515e+01
1.525172577086673975e+01
1.515151418802516048e+01
1.505284149538396932e+01
1.495546538492034294e+01
1.485984338503523716e+01
1.476551680577473036e+01
1.467226866751749803e+01
1.458002603180034384e+01
1.448917399692966868e+01
1.439949038468057196e+01
1.431086480888974144e+01
1.422335290840709732e+01
1.413711061040620010e+01
1.405235156292529553e+01
1.396911202740077407e+01
1.388717191237820359e+01
1.380648162733244178e+01
1.372699351118486177e+01
1.364865661784687134e+01
1.357127510760919442e+01
1.349465568413658367e+01
1.341909963810275919e+01
1.334427084583186307e+01
1.327028539525765716e+01
1.319713694939604665e+01
1.312494763488283311e+01
1.305377984642928624e+01
1.298361311731956746e+01
1.291424746831880732e+01
1.284549750415296465e+01
1.277724853591656640e+01
1.270954658046764507e+01
1.264226251673429857e+01
1.257528563354154016e+01
1.250867250645807971e+01
1.244282827371664801e+01
1.237755703021102249e+01
1.231295351301269392e+01
1.224903369345431159e+01
1.218590999527155461e+01
1.212339879082108496e+01
1.206175926170775448e+01
1.200093973160372762e+01
1.194094729309366443e+01
1.188168591100652804e+01
1.182315630201068934e+01
1.176536431895899959e+01
1.170843584153359629e+01
1.165234917583924634e+01
1.159702340542877330e+01
1.154250366318883714e+01
1.148877094048098435e+01
1.143592901627793346e+01
1.138355330238270824e+01
1.133161189077091180e+01
1.128026635500911823e+01
1.122960746856711189e+01
1.117955504121931121e+01
1.113028794296880797e+01
1.108191279036355859e+01
1.103430920789850411e+01
1.098735068784083957e+01
1.094095560697991587e+01
1.089539377254573971e+01
1.085062771820697414e+01
1.080674962830524954e+01
1.076358055680002579e+01
1.072127045764132980e+01
1.067970663306546442e+01
1.063906141440070918e+01
1.059930166300465082e+01
1.056021505898818624e+01
1.052148679117834540e+01
1.048300563085231829e+01
1.044490883076645993e+01
1.040709343191754321e+01
1.036959236227832015e+01
1.033233661356582012e+01
1.029544916702043444e+01
1.025870384722671425e+01
1.022202902487749299e+01
1.018530947592500269e+01
1.014889241964772282e+01
1.011274512989653296e+01
1.007673113490105976e+01
1.004124859887346055e+01
1.000600709364600149e+01
9.970956672583932701e+00
9.936067255730447911e+00
9.901266753812830501e+00
9.866811859016529240e+00
9.832746603521860251e+00
9.799279081619985732e+00
9.766361754711414989e+00
9.733917800985093294e+00
9.701905590739734464e+00
9.670559289683037463e+00
9.639887897964920072e+00
9.609969318303337005e+00
9.580576764712189330e+00
9.551700898070047074e+00
9.523399331245132160e+00
9.495573684136539683e+00
9.468284999584524186e+00
9.441565506750626113e+00
9.415410538242436900e+00
9.389967767346277583e+00
9.365273400967797812e+00
9.341180295932526079e+00
9.317642989739530535e+00
9.294636036259056766e+00
9.272184713333691874e+00
9.250235337433304394e+00
9.228643303320813729e+00
9.207769160250379059e+00
9.187664197680053491e+00
9.168305501114785372e+00
9.149581082050337599e+00
9.131607451328479286e+00
9.114213576109222004e+00
9.098144421585050878e+00
9.083245780031717231e+00
9.069346486321569145e+00
9.056465461433187869e+00
9.044522937436337173e+00
9.033384477035509619e+00
9.023302500827618644e+00
9.015041638493471510e+00
9.008714003645190260e+00
9.004125920304895558e+00
9.001083639448717477e+00
8.999623306549663582e+00
8.999676096065003961e+00
9.001263868648242905e+00
9.004707129639248464e+00
9.009770692824556448e+00
9.015863667238059875e+00
9.022793154556669748e+00
9.030292702498895707e+00
9.038378872685438381e+00
9.047320270736635806e+00
9.057305713720872120e+00
9.068418879160942581e+00
9.080450294743387829e+00
9.093199804583823820e+00
9.106883949377172272e+00
9.121353682707781019e+00
9.136867822794883409e+00
9.152784005629291286e+00
9.168848668623848397e+00
9.185089522584808819e+00
9.201498815866663961e+00
9.218030299148571416e+00
9.234770836982296061e+00
9.251910515211354991e+00
9.269111949923706462e+00
9.286462641344977342e+00
9.303957623791367482e+00
9.321686680586108054e+00
9.339348887866330884e+00
9.357168284712992445e+00
9.375000705636701070e+00
9.392880986638118657e+00
9.410801276749221955e+00
9.428948704086456800e+00
9.447216150227177422e+00
9.465515905647229999e+00
9.483718167462543036e+00
9.501808589031664809e+00
9.519755158510625037e+00
9.537572276037021624e+00
9.555222083546086154e+00
9.572595236347186898e+00
9.589711900546296519e+00
9.606386774131873807e+00
9.622796982243693620e+00
9.639025600509981473e+00
9.655054275033485567e+00
9.670670196030561883e+00
9.685857490117152580e+00
9.700763438946289341e+00
9.715125103704865595e+00
9.728607890244690637e+00
9.741540676873654547e+00
9.754495215816699982e+00
9.767098724961753575e+00
9.779134859104926747e+00
9.790548290485936889e+00
9.801290954558876223e+00
9.811798367187545722e+00
9.821983511936286604e+00
9.831846391831145837e+00
9.841375958062215545e+00
9.850716029875057345e+00
9.859773762333402303e+00
9.868563350978007520e+00
9.877326715880181851e+00
9.886069059805704384e+00
9.894648827088895260e+00
9.903264605062750192e+00
9.911865129345976300e+00
9.920471513258474872e+00
9.929197515837707044e+00
9.937692185243944820e+00
9.946007793127353835e+00
9.954271916601108217e+00
9.962906584920984798e+00
9.972083064906694716e+00
9.982318469985592913e+00
9.993153111674464739e+00
1.000442171993451623e+01
1.001605238636629913e+01
1.002792482279283881e+01
1.003808532045903767e+01
1.004704741079510022e+01
1.005457350485000134e+01
1.006041942502308295e+01
1.006341223775468841e+01
1.006609239920345722e+01
1.006944119452206898e+01
1.007337378041669496e+01
1.007201984960965291e+01
