3.530612398545748647e+02
2.754576578784516414e+02
2.353023306835365531e+02
2.114714903774589061e+02
1.961796597061846228e+02
1.799383725972492982e+02
1.716408044715361427e+02
1.632399427841230874e+02
1.538510592057510848e+02
1.470153462809315670e+02
1.426991746708128233e+02
1.394432489011262817e+02
1.372425155460322230e+02
1.356531542412259910e+02
1.343103685574356518e+02
1.328213345285155356e+02
1.315443525276164110e+02
1.305215559104057945e+02
1.297682585307512113e+02
1.286383236815044029e+02
1.272286380970283233e+02
1.260303295865689392e+02
1.248925803041238396e+02
1.237098202510470628e+02
1.225129499949610903e+02
1.211925181892988377e+02
1.197466626166060735e+02
1.181527897332517227e+02
1.163932293325651699e+02
1.145244403961429356e+02
1.124878110737077321e+02
1.103646117037880572e+02
1.081986490476017195e+02
1.059859617122632329e+02
1.036757477774318801e+02
1.012351445668190308e+02
9.877903330261406722e+01
9.632402658428910058e+01
9.387174688449677262e+01
9.146648878884410294e+01
8.914135871322892513e+01
8.687348249268725908e+01
8.460634711941408170e+01
8.239668846835616023e+01
8.024847144523030806e+01
7.813553777039325610e+01
7.602599802925450945e+01
7.393695612221434033e+01
7.189955309191832100e+01
6.993661467935282872e+01
6.813063710337247869e+01
6.648969205903449620e+01
6.501098235683802784e+01
6.368044015176013772e+01
6.248872033295123174e+01
6.145539369885132430e+01
6.055413364098527040e+01
5.978590305537076688e+01
5.913587046198459518e+01
5.857665766511678385e+01
5.810111233613742598e+01
5.772747016216555238e+01
5.740860002529397832e+01
5.712983260041594491e+01
5.690553283561686015e+01
5.671860243641258847e+01
5.656542241669755811e+01
5.643915053558401240e+01
5.632791530341707897e+01
5.622255829095927737e+01
5.613193814655964786e+01
5.605300827090901095e+01
5.598411950986508145e+01
5.592254133804147642e+01
5.586725944714841319e+01
5.581651549280716296e+01
5.577058903232942555e+01
5.572539833475558879e+01
5.568001244646170278e+01
5.562914695194292847e+01
5.557103754690339059e+01
5.551781953879918063e+01
5.546824686363138568e+01
5.541851522749386305e+01
5.536684684877485552e+01
5.531462289768310825e+01
5.526678948371456812e+01
5.522534547072519473e+01
5.519107534555854500e+01
5.515432759381801731e+01
5.511787356430087215e+01
5.508361591262782042e+01
5.505358362602409983e+01
5.502325582261435244e+01
5.499050599982574994e+01
5.496176219286598297e+01
5.493329568154257458e+01
5.491270398855611745e+01
5.489651729745597919e+01
5.488003341741582375e+01
5.485869416203681936e+01
5.483034704779072399e+01
5.479672446059093005e+01
5.475997565127558175e+01
5.471682955003412019e+01
5.466938628609026551e+01
5.461304820975040286e+01
5.454719302908630851e+01
5.446765738688213077e+01
5.437741092560882095e+01
5.427579962247145318e+01
5.416745200105639668e+01
5.405806466696706991e+01
5.394764404830174698e+01
5.383636324444477594e+01
5.372005086885525316e+01
5.360480275163789798e+01
5.348018782807486815e+01
5.335524191489042778e+01
5.323780213478089252e+01
5.312760741869801251e+01
5.301584932308346509e+01
5.290106202669308288e+01
5.279648171491184172e+01
5.269533914078476045e+01
5.259735789319947941e+01
5.250278531620244138e+01
5.241802561887799072e+01
5.233591392406172105e+01
5.225827339599992882e+01
5.217804995934777423e+01
5.209608480094419747e+01
5.201339804831357583e+01
5.193362593414513384e+01
5.186237039921465453e+01
5.179197913631010408e+01
5.172232398954687937e+01
5.165489467092724851e+01
5.159082167266095098e+01
5.152727654915598521e+01
5.146415761159512670e+01
5.140240427256721745e+01
5.134142027808579201e+01
5.127722597399780824e+01
5.121083442891445259e+01
5.114132552051118097e+01
5.106854565612810148e+01
5.098923158742235984e+01
5.090730459826770726e+01
5.081845721485444045e+01
5.072462607471562990e+01
5.062667056537561194e+01
5.052462692030266567e+01
5.041916478213229169e+01
5.030967007468137808e+01
5.019517233097749198e+01
5.007824781203063935e+01
4.995780942810974778e+01
4.983283581286615771e+01
4.970390091131383770e+01
4.956887090045687216e+01
4.943113949667973372e+01
4.928749812554530507e+01
4.913985772761328974e+01
4.898629842327486017e+01
4.882812616618493706e+01
4.866337699355819524e+01
4.849147053619007153e+01
4.831171573710226141e+01
4.812890829939450299e+01
4.793800542152349209e+01
4.773845383864634329e+01
4.752951120571728438e+01
4.730985842331193680e+01
4.708257593607950753e+01
4.684706126344917720e+01
4.660435419608717211e+01
4.635131862652198720e+01
4.609122506098202621e+01
4.582401624027389886e+01
4.555039785861630719e+01
4.527064118117447578e+01
4.498615290723417814e+01
4.469579315420239851e+01
4.440078767957997741e+01
4.410195577015454660e+01
4.379812011506079017e+01
4.349049855342097715e+01
4.317957892521724972e+01
4.286516415572901195e+01
4.254669236437538160e+01
4.222487562023875540e+01
4.189870644373077369e+01
4.156699791370370178e+01
4.122922273457451325e+01
4.088586134478599377e+01
4.053587181091283043e+01
4.017848605226709680e+01
3.981452566336631804e+01
3.944584827423670959e+01
3.907229690101146957e+01
3.869468365095308116e+01
3.831432152466649654e+01
3.792989041540932504e+01
3.754242259965609918e+01
3.715163057836016947e+01
3.675881183869648794e+01
3.636152825409160272e+01
3.596053972023202761e+01
3.555655352331938701e+01
3.515346171750813653e+01
3.475529436303327202e+01
3.436090697887308920e+01
3.397597409783305267e+01
3.360265460804193793e+01
3.324359805777522325e+01
3.289984463499310863e+01
3.257106647123559640e+01
3.225880952343302255e+01
3.196133538907083249e+01
3.167806820885866159e+01
3.141061973285147246e+01
3.115882369958461950e+01
3.092241030089044784e+01
3.069749999096936222e+01
3.048497070749689541e+01
3.028612022091635581e+01
3.009697956906964933e+01
2.991611996810867780e+01
2.974263750795003958e+01
2.957755992146407564e+01
2.941957155664636403e+01
2.926893783455606268e+01
2.912880223154434134e+01
2.899590547577695077e+01
2.887035686739628204e+01
2.875107091743578991e+01
2.863803338685903555e+01
2.853096685934594134e+01
2.842918561311665115e+01
2.833139788466880660e+01
2.823848197708586483e+01
2.814833957514805718e+01
2.806121252126024501e+01
2.797526192009701873e+01
2.788983922146059768e+01
2.780213968778898703e+01
2.771269239020845987e+01
2.762206455586105136e+01
2.753051551138080555e+01
2.743993047180295619e+01
2.735152293255501732e+01
2.726733882189330771e+01
2.718613435162900416e+01
2.710709901595773275e+01
2.703036115574541398e+01
2.695482209709609478e+01
2.688127918867230193e+01
2.680999607092947556e+01
2.674084590126534522e+01
2.667326410918944291e+01
2.660808700511647373e+01
2.654491474258338357e+01
2.648419371664351729e+01
2.642455698066838465e+01
2.636748681794659177e+01
2.631151680101670465e+01
2.625685626512974835e+01
2.620243909607105337e+01
2.614913535205298700e+01
2.609581728656931787e+01
2.604413243005989287e+01
2.599379398201785563e+01
2.594331449459098948e+01
2.589372871170351331e+01
2.584493396230804763e+01
2.579677211680890636e+01
2.574813962719602145e+01
2.570099063075194223e+01
2.565540656558258803e+01
2.561184281329772716e+01
2.556965130741135894e+01
2.552972185096025726e+01
2.549166571700005335e+01
2.545491834823369359e+01
2.542016773567369015e+01
2.538724575134925487e+01
2.535636950635525366e+01
2.532701621737980702e+01
2.529984675719022036e+01
2.527400816637713632e+01
2.524967709876809607e+01
2.522729066440111012e+01
2.520819884966069324e+01
2.519111379311812726e+01
2.517635947635464788e+01
2.516130637857309793e+01
2.514619463171547764e+01
2.513288494877357238e+01
2.512189081794443624e+01
2.511211195753487146e+01
2.510425383994789428e+01
2.509885077975483014e+01
2.509580807333973951e+01
2.509387326175142618e+01
2.509428304489681949e+01
2.509723606534498330e+01
2.510237195611746586e+01
2.510991592113088799e+01
2.511897370825703391e+01
2.512970643540556992e+01
2.514162096612330544e+01
2.515492189899062225e+01
2.516924600776263787e+01
2.518418913023473138e+01
2.519981060940058271e+01
2.521599005363299284e+01
2.523276590748903558e+01
2.524934796153784688e+01
2.526574905070300758e+01
2.528244356398107584e+01
2.529917274251062764e+01
2.531566652536130135e+01
2.533179351012368130e+01
2.534761778877630078e+01
2.536323277049159586e+01
2.537806857937757599e+01
2.539251121297260383e+01
2.540707239994266686e+01
2.542181580035652289e+01
2.543689144016123294e+01
2.545178949984758177e+01
2.546679498761684712e+01
2.548225143488370747e+01
2.549727555427654480e+01
2.551154195992918972e+01
2.552582058314333935e+01
2.554012426678847802e+01
2.555420304945705468e+01
2.556775917945519794e+01
2.558034701975680036e+01
2.559182974052922432e+01
2.560300466248891382e+01
2.561420141962086561e+01
2.562441794528123040e+01
2.563416188453421185e+01
2.564382978818898806e+01
2.565334064827213822e+01
2.566181244153729679e+01
2.566960028857035070e+01
2.567671254160325134e+01
2.568320549397506269e+01
2.568896429152094640e+01
2.569414950984381107e+01
2.569894637668934578e+01
2.570317155773541273e+01
2.570686133821112307e+01
2.571000131825048030e+01
2.571202250795076338e+01
2.571306472624971917e+01
2.571300358143010811e+01
2.571188431214778802e+01
2.570982803957408436e+01
2.570683864976870936e+01
2.570289551735690736e+01
2.569770214295034094e+01
2.569079362363428487e+01
2.568291746603491532e+01
2.567430363176788788e+01
2.566424100213384207e+01
2.565310375415768718e+01
2.564068242522327878e+01
2.562691858145920420e+01
2.561117116455292120e+01
2.559358541364295192e+01
2.557422629115265877e+01
2.555356883019840453e+01
2.553170598700228666e+01
2.550839698625899032e+01
2.548338741365698468e+01
2.545694034009195050e+01
2.542940396005795023e+01
2.540052963801553076e+01
2.537038705831137264e+01
2.533895346361082801e+01
2.530637702749528017e+01
2.527262672578635616e+01
2.523727947910635550e+01
2.520059559256084825e+01
2.516251133420096053e+01
2.512354579336119542e+01
2.508361873038141709e+01
2.504254291231420382e+01
2.500050931701669299e+01
2.495731871287296144e+01
2.491295816075639280e+01
2.486751186856015394e+01
2.482130174517357091e+01
2.477477039951316939e+01
2.472758745662308755e+01
2.467958065075450946e+01
2.463083830676253427e+01
2.458131989195658207e+01
2.453131008107517985e+01
2.448105619102307173e+01
2.443048122134505107e+01
2.437938291279123249e+01
2.432777231435404985e+01
2.427537039246877626e+01
2.422237189652879863e+01
2.416885986668563646e+01
2.411464750048115846e+01
2.405898599862024057e+01
2.400169477264260109e+01
2.394256257692719814e+01
2.388186999726118387e+01
2.381993987744884578e+01
2.375657286813487445e+01
2.369198028045946458e+01
2.362575552905989085e+01
2.355842931489915060e+01
2.349010713309364817e+01
2.342126350154845937e+01
2.335201266587077740e+01
2.328240256322873947e+01
2.321229600779615865e+01
2.314129076148403641e+01
2.306933825977408503e+01
2.299616625707503559e+01
2.292151348706476099e+01
2.284570014110639136e+01
2.276911326904652100e+01
2.269189252338502172e+01
2.261459333871293964e+01
2.253722971999529179e+01
2.246032393471255517e+01
2.238374930163050180e+01
2.230766686780482644e+01
2.223203490153384720e+01
2.215680153501676486e+01
2.208193258222559052e+01
2.200742769693144751e+01
2.193306248622294774e+01
2.185896620163631354e+01
2.178528467622338738e+01
2.171226432104945303e+01
2.163961275300457388e+01
2.156813295469313729e+01
2.149752156008052140e+01
2.142741972326380306e+01
2.135812345991882566e+01
2.129003342995550341e+01
2.122332707719453992e+01
2.115784064952111976e+01
2.109346833199440496e+01
2.103016680180797593e+01
2.096831398655101353e+01
2.090887166785670814e+01
2.085119069966074079e+01
2.079498793655993083e+01
2.074067542334525527e+01
2.068813697322497802e+01
2.063706260338879162e+01
2.058735014880735292e+01
2.053905835026228033e+01
2.049259867200303020e+01
2.044794826489217598e+01
2.040556910052129425e+01
2.036458330199558731e+01
2.032436977707978798e+01
2.028493887932139117e+01
2.024596346893072507e+01
2.020768447708451276e+01
2.016971424595550033e+01
2.013187422876055166e+01
2.009394945375597885e+01
2.005581390973404510e+01
2.001766599375844535e+01
1.997943094024766353e+01
1.994085537981213818e+01
1.990233619308171953e+01
1.986457665083090163e+01
1.982715092528952994e+01
1.978988336200414366e+01
1.975271160359445943e+01
1.971598046588493247e+01
1.967960343750107555e+01
1.964410000262599709e+01
1.960963780081154439e+01
1.957645380489196896e+01
1.954424075145231043e+01
1.951325965525985140e+01
1.948501026371480549e+01
1.945944089266361132e+01
1.943668104092103022e+01
1.941704935626032480e+01
1.940055356421194332e+01
1.938747820059262139e+01
1.937803450666457650e+01
1.937200399323634770e+01
1.937036227203659067e+01
1.937365729727326880e+01
1.938200186554594850e+01
1.939654509993461318e+01
1.941663611557568814e+01
1.944183793089743162e+01
1.947160247401158273e+01
1.950590743293545515e+01
1.954362003997831110e+01
1.958478764329342425e+01
1.962842341109511324e+01
1.967423726063824674e+01
1.972275266291114093e+01
1.977449317145028829e+01
1.982943519525291975e+01
1.988771089017014759e+01
1.994824523112479042e+01
2.001102510288102820e+01
2.007553850277156116e+01
2.014145245630471592e+01
2.020927699087048524e+01
2.027787348910554499e+01
2.034719930734488358e+01
2.041729521685034499e+01
2.048815694829424316e+01
2.055965340149238330e+01
2.063170577019087659e+01
2.070394266989388754e+01
2.077613246631165467e+01
2.084564964136545839e+01
2.091302704732581219e+01
2.097692008486633952e+01
2.103232173304828834e+01
2.108067287261063427e+01
2.112802755828240109e+01
2.117383659619876468e+01
2.121944130404777695e+01
2.126301440623491956e+01
2.130016350843775896e+01
2.133623224893980819e+01
-0.000000000000000000e+00
-0.000000000000000000e+00
-0.000000000000000000e+00
-0.000000000000000000e+00
-0.000000000000000000e+00
-0.000000000000000000e+00
-0.000000000000000000e+00
-0.000000000000000000e+00
-0.000000000000000000e+00
-0.000000000000000000e+00
-0.000000000000000000e+00
-0.000000000000000000e+00
-0.000000000000000000e+00
-0.000000000000000000e+00
-0.000000000000000000e+00
-0.000000000000000000e+00
-0.000000000000000000e+00
-0.000000000000000000e+00
-0.000000000000000000e+00
-0.000000000000000000e+00
-0.000000000000000000e+00
-0.000000000000000000e+00
-0.000000000000000000e+00
-0.000000000000000000e+00
-0.000000000000000000e+00
-0.000000000000000000e+00
-0.000000000000000000e+00
-0.000000000000000000e+00
-0.000000000000000000e+00
-0.000000000000000000e+00
-0.000000000000000000e+00
-0.000000000000000000e+00
-0.000000000000000000e+00
-0.000000000000000000e+00
-0.000000000000000000e+00
-0.000000000000000000e+00
-0.000000000000000000e+00
-0.000000000000000000e+00
-0.000000000000000000e+00
-0.000000000000000000e+00
-0.000000000000000000e+00
-0.000000000000000000e+00
-0.000000000000000000e+00
-0.000000000000000000e+00
-0.000000000000000000e+00
-0.000000000000000000e+00
-0.000000000000000000e+00
-0.000000000000000000e+00
-0.000000000000000000e+00
-0.000000000000000000e+00
-0.000000000000000000e+00
-0.000000000000000000e+00
-0.000000000000000000e+00
-0.000000000000000000e+00
-0.000000000000000000e+00
-0.000000000000000000e+00
-0.000000000000000000e+00
-0.000000000000000000e+00
-0.000000000000000000e+00
-0.000000000000000000e+00
-0.000000000000000000e+00
-0.000000000000000000e+00
-0.000000000000000000e+00
-0.000000000000000000e+00
-0.000000000000000000e+00
-0.000000000000000000e+00
-0.000000000000000000e+00
-0.000000000000000000e+00
-0.000000000000000000e+00
-0.000000000000000000e+00
-0.000000000000000000e+00
-0.000000000000000000e+00
-0.000000000000000000e+00
-0.000000000000000000e+00
-0.000000000000000000e+00
-0.000000000000000000e+00
-0.000000000000000000e+00
-0.000000000000000000e+00
-0.000000000000000000e+00
-0.000000000000000000e+00
-0.000000000000000000e+00
-0.000000000000000000e+00
-0.000000000000000000e+00
-0.000000000000000000e+00
-0.000000000000000000e+00
-0.000000000000000000e+00
-0.000000000000000000e+00
-0.000000000000000000e+00
-0.000000000000000000e+00
-0.000000000000000000e+00
-0.000000000000000000e+00
-0.000000000000000000e+00
-0.000000000000000000e+00
-0.000000000000000000e+00
-0.000000000000000000e+00
-0.000000000000000000e+00
-0.000000000000000000e+00
-0.000000000000000000e+00
-0.000000000000000000e+00
-0.000000000000000000e+00
-0.000000000000000000e+00
-0.000000000000000000e+00
-0.000000000000000000e+00
-0.000000000000000000e+00
-0.000000000000000000e+00
-0.000000000000000000e+00
-0.000000000000000000e+00
-0.000000000000000000e+00
-0.000000000000000000e+00
-0.000000000000000000e+00
-0.000000000000000000e+00
-0.000000000000000000e+00
-0.000000000000000000e+00
-0.000000000000000000e+00
-0.000000000000000000e+00
-0.000000000000000000e+00
-0.000000000000000000e+00
-0.000000000000000000e+00
-0.000000000000000000e+00
-0.000000000000000000e+00
-0.000000000000000000e+00
-0.000000000000000000e+00
-0.000000000000000000e+00
-0.000000000000000000e+00
-0.000000000000000000e+00
-0.000000000000000000e+00
-0.000000000000000000e+00
-0.000000000000000000e+00
-0.000000000000000000e+00
-0.000000000000000000e+00
-0.000000000000000000e+00
-0.000000000000000000e+00
-0.000000000000000000e+00
-0.000000000000000000e+00
-0.000000000000000000e+00
-0.000000000000000000e+00
-0.000000000000000000e+00
-0.000000000000000000e+00
-0.000000000000000000e+00
-0.000000000000000000e+00
-0.000000000000000000e+00
-0.000000000000000000e+00
-0.000000000000000000e+00
-0.000000000000000000e+00
-0.000000000000000000e+00
-0.000000000000000000e+00
-0.000000000000000000e+00
-0.000000000000000000e+00
-0.000000000000000000e+00
-0.000000000000000000e+00
-0.000000000000000000e+00
-0.000000000000000000e+00
-0.000000000000000000e+00
-0.000000000000000000e+00
-0.000000000000000000e+00
-0.000000000000000000e+00
-0.000000000000000000e+00
-0.000000000000000000e+00
-0.000000000000000000e+00
-0.000000000000000000e+00
-0.000000000000000000e+00
-0.000000000000000000e+00
-0.000000000000000000e+00
-0.000000000000000000e+00
-0.000000000000000000e+00
-0.000000000000000000e+00
-0.000000000000000000e+00
-0.000000000000000000e+00
-0.000000000000000000e+00
-0.000000000000000000e+00
-0.000000000000000000e+00
-0.000000000000000000e+00
-0.000000000000000000e+00
-0.000000000000000000e+00
-0.000000000000000000e+00
-0.000000000000000000e+00
-0.000000000000000000e+00
-0.000000000000000000e+00
-0.000000000000000000e+00
-0.000000000000000000e+00
-0.000000000000000000e+00
