Tau Allanstd
6.810314748540214680e+00	5.339198229111155602e-02
9.080419664720286832e+00	4.549725336427706129e-02
1.135052458090035898e+01	4.127360502709670476e-02
1.362062949708042936e+01	3.944470823594201786e-02
1.589073441326050151e+01	3.880040596580071333e-02
1.816083932944057366e+01	3.884020906876688162e-02
2.043094424562064404e+01	3.952847383955494093e-02
2.270104916180071797e+01	4.065267977268920835e-02
2.497115407798078834e+01	4.197974032471740030e-02
2.724125899416085872e+01	4.344388663006847062e-02
2.951136391034093265e+01	4.506844980544531809e-02
3.178146882652100302e+01	4.680420262018304689e-02
3.405157374270107340e+01	4.858046696240547052e-02
3.632167865888114733e+01	5.040775655957767387e-02
3.859178357506122126e+01	5.228342438902142120e-02
4.086188849124128808e+01	5.418843718810961718e-02
4.313199340742136201e+01	5.612456893140271158e-02
4.540209832360143594e+01	5.806438400663847810e-02
4.767220323978150276e+01	6.000059302941711248e-02
4.994230815596157669e+01	6.193673882250035762e-02
5.221241307214165062e+01	6.387152368711628003e-02
5.448251798832171744e+01	6.578105248966821528e-02
5.675262290450179137e+01	6.766938928681803800e-02
5.902272782068186530e+01	6.953407067969219479e-02
6.129283273686193922e+01	7.135655313602978778e-02
6.356293765304200605e+01	7.313848587302015924e-02
6.583304256922207287e+01	7.488713232628378680e-02
6.810314748540214680e+01	7.657771157814723118e-02
7.037325240158222073e+01	7.821672493465779696e-02
7.264335731776229466e+01	7.981660561328957071e-02
7.491346223394236858e+01	8.136010652367554885e-02
7.718356715012244251e+01	8.284710055379708449e-02
7.945367206630251644e+01	8.428449812821887932e-02
8.172377698248257616e+01	8.565967676687276378e-02
8.399388189866265009e+01	8.696887972298676661e-02
8.626398681484272402e+01	8.822540411149031037e-02
8.853409173102279794e+01	8.941796774645016654e-02
9.080419664720287187e+01	9.054542772089022029e-02
9.307430156338294580e+01	9.161897368800892005e-02
9.534440647956300552e+01	9.263118715142194814e-02
9.761451139574307945e+01	9.357507493723406233e-02
9.988461631192315338e+01	9.446430610539412187e-02
1.021547212281032273e+02	9.529157427260670499e-02
1.044248261442833012e+02	9.605067263877625772e-02
1.066949310604633752e+02	9.675121339836190160e-02
1.089650359766434349e+02	9.738984497624103565e-02
1.112351408928235088e+02	9.796198656841179075e-02
1.135052458090035827e+02	9.847674242937219657e-02
1.157753507251836567e+02	9.893003494839190670e-02
1.180454556413637306e+02	9.931679307238312771e-02
1.203155605575438045e+02	9.964476061372010141e-02
1.225856654737238784e+02	9.991295000566820239e-02
1.248557703899039382e+02	1.001162770968644228e-01
1.271258753060840121e+02	1.002617900584924920e-01
1.293959802222640860e+02	1.003522753311023863e-01
1.316660851384441457e+02	1.003803339689336577e-01
1.339361900546242339e+02	1.003512142742771507e-01
1.362062949708042936e+02	1.002702030583752235e-01
1.384763998869843817e+02	1.001276730934200082e-01
1.407465048031644415e+02	9.992998761639029781e-02
1.430166097193445296e+02	9.968345026172870105e-02
1.452867146355245893e+02	9.937941778123170200e-02
1.475568195517046490e+02	9.901971544512655488e-02
1.498269244678847372e+02	9.861364274301898103e-02
1.520970293840647969e+02	9.815331496250481735e-02
1.543671343002448850e+02	9.764259551954367067e-02
1.566372392164249447e+02	9.708900739925027668e-02
1.589073441326050329e+02	9.648525177135230946e-02
1.611774490487850926e+02	9.583333468829831336e-02
1.634475539649651523e+02	9.514395722579070680e-02
1.657176588811452405e+02	9.440975009822713537e-02
1.679877637973253002e+02	9.363208623740729153e-02
1.702578687135053883e+02	9.282238108145111910e-02
1.725279736296854480e+02	9.197255529179437783e-02
1.747980785458655077e+02	9.108219600934058802e-02
1.770681834620455959e+02	9.016194147971200168e-02
1.793382883782256556e+02	8.920548406645487094e-02
1.816083932944057437e+02	8.821217474082233834e-02
1.838784982105858035e+02	8.719354752738715797e-02
1.861486031267658916e+02	8.614551966424044416e-02
1.884187080429459513e+02	8.506626458299343385e-02
1.906888129591260110e+02	8.396721594950089240e-02
1.929589178753060992e+02	8.284538839936231303e-02
1.952290227914861589e+02	8.169868406358486712e-02
1.974991277076662470e+02	8.053347915793027112e-02
1.997692326238463068e+02	7.935114742410595556e-02
2.020393375400263949e+02	7.814861892366004037e-02
2.043094424562064546e+02	7.693478980337198347e-02
2.065795473723865143e+02	7.571120624046386027e-02
2.088496522885666025e+02	7.447404909443251786e-02
2.111197572047466622e+02	7.322912214002121056e-02
2.133898621209267503e+02	7.197896039732985807e-02
2.156599670371068100e+02	7.071886360117045356e-02
2.179300719532868698e+02	6.945409512466203805e-02
2.202001768694669579e+02	6.818829200444172234e-02
2.224702817856470176e+02	6.691786337870858636e-02
2.247403867018271058e+02	6.564695475965441618e-02
2.270104916180071655e+02	6.438071527178355902e-02
2.292805965341872536e+02	6.311488399552372952e-02
2.315507014503673133e+02	6.185271041045264234e-02
2.338208063665473730e+02	6.059968613578976121e-02
2.360909112827274612e+02	5.935158633610786855e-02
2.383610161989075209e+02	5.811086029872242209e-02
2.406311211150876090e+02	5.688369914491084312e-02
2.429012260312676688e+02	5.566560329417379049e-02
2.451713309474477569e+02	5.445849869746845900e-02
2.474414358636278166e+02	5.326837945299808114e-02
2.497115407798078763e+02	5.209185048257133216e-02
2.519816456959879645e+02	5.092970544817895795e-02
2.542517506121680242e+02	4.978796459062304058e-02
2.565218555283481123e+02	4.866284811303696334e-02
2.587919604445281720e+02	4.755447107131361567e-02
2.610620653607082318e+02	4.646910372894500624e-02
2.633321702768882915e+02	4.540599343876423888e-02
2.656022751930684080e+02	4.436348071201969695e-02
2.678723801092484678e+02	4.334615418480573107e-02
2.701424850254285275e+02	4.235306107386697938e-02
2.724125899416085872e+02	4.138338867296516288e-02
2.746826948577887038e+02	4.044154671240489385e-02
2.769527997739687635e+02	3.952637187311084516e-02
2.792229046901488232e+02	3.863774347312543683e-02
2.814930096063288829e+02	3.777811900212790092e-02
2.837631145225089426e+02	3.694745876801826950e-02
2.860332194386890592e+02	3.614483259301703999e-02
2.883033243548691189e+02	3.537250045020193245e-02
2.905734292710491786e+02	3.463073940738507772e-02
2.928435341872292383e+02	3.391805821399732079e-02
2.951136391034092981e+02	3.323606062990208665e-02
2.973837440195894146e+02	3.258509267614706495e-02
2.996538489357694743e+02	3.196367524960916362e-02
3.019239538519495341e+02	3.137275929889806608e-02
3.041940587681295938e+02	3.081245076783327430e-02
3.064641636843096535e+02	3.028124804449006807e-02
3.087342686004897701e+02	2.977998245871767494e-02
3.110043735166698298e+02	2.930840951840488207e-02
3.132744784328498895e+02	2.886456594150781096e-02
3.155445833490299492e+02	2.844810943371768944e-02
3.178146882652100658e+02	2.805911193215726920e-02
3.200847931813901255e+02	2.769589032237054077e-02
3.223548980975701852e+02	2.735831205802821686e-02
3.246250030137502449e+02	2.704578535768850309e-02
3.268951079299303046e+02	2.675637310937197672e-02
3.291652128461104212e+02	2.648899595060624432e-02
3.314353177622904809e+02	2.624316227480574457e-02
3.337054226784705406e+02	2.601730596211253646e-02
3.359755275946506003e+02	2.581028541021574210e-02
3.382456325108306601e+02	2.562145212264792943e-02
3.405157374270107766e+02	2.544913851188506521e-02
3.427858423431908363e+02	2.529236150493381283e-02
3.450559472593708961e+02	2.515040191981794335e-02
3.473260521755509558e+02	2.502181599599396025e-02
3.495961570917310155e+02	2.490564645599044682e-02
3.518662620079111321e+02	2.480105312320183761e-02
3.541363669240911918e+02	2.470708869757559309e-02
3.564064718402712515e+02	2.462285516770693072e-02
3.586765767564513112e+02	2.454760146180879829e-02
3.609466816726314278e+02	2.448029993558932527e-02
3.632167865888114875e+02	2.442014019316980991e-02
3.654868915049915472e+02	2.436676833521837435e-02
3.677569964211716069e+02	2.431943265613353139e-02
3.700271013373516666e+02	2.427690178621164097e-02
3.722972062535317832e+02	2.423895334140219876e-02
3.745673111697118429e+02	2.420517886412758626e-02
3.768374160858919026e+02	2.417501484591046829e-02
3.791075210020719624e+02	2.414808621310802692e-02
3.813776259182520221e+02	2.412395163708725560e-02
3.836477308344321386e+02	2.410217161067361794e-02
3.859178357506121984e+02	2.408252306183997909e-02
3.881879406667922581e+02	2.406457974306384223e-02
3.904580455829723178e+02	2.404778143101803101e-02
3.927281504991523775e+02	2.403213432664238342e-02
3.949982554153324941e+02	2.401732654149332097e-02
3.972683603315125538e+02	2.400299224585653729e-02
3.995384652476926135e+02	2.398918298195432119e-02
4.018085701638726732e+02	2.397549153855704773e-02
4.040786750800527898e+02	2.396194357229278205e-02
4.063487799962328495e+02	2.394870667116372892e-02
4.086188849124129092e+02	2.393532554608865728e-02
4.108889898285929689e+02	2.392196662093719686e-02
4.131590947447730287e+02	2.390861948730788403e-02
4.154291996609531452e+02	2.389503287199587142e-02
4.176993045771332049e+02	2.388139475662931846e-02
4.199694094933132646e+02	2.386793424997686597e-02
4.222395144094933244e+02	2.385454191689454634e-02
4.245096193256733841e+02	2.384123080719550633e-02
4.267797242418535006e+02	2.382788569471051485e-02
4.290498291580335604e+02	2.381473172525985088e-02
4.313199340742136201e+02	2.380163703411028453e-02
4.335900389903936798e+02	2.378847393537980234e-02
4.358601439065737395e+02	2.377551534835561572e-02
4.381302488227538561e+02	2.376271704111351107e-02
4.404003537389339158e+02	2.375000539003214312e-02
4.426704586551139755e+02	2.373747620477286574e-02
4.449405635712940352e+02	2.372505230640625448e-02
4.472106684874741518e+02	2.371254460293607119e-02
4.494807734036542115e+02	2.370009153600114923e-02
4.517508783198342712e+02	2.368791696462322488e-02
4.540209832360143309e+02	2.367581610469239248e-02
4.562910881521943907e+02	2.366386781673618378e-02
4.585611930683745072e+02	2.365197002767720560e-02
4.608312979845545669e+02	2.363997462490751919e-02
4.631014029007346267e+02	2.362822875315192042e-02
4.653715078169146864e+02	2.361668713448768220e-02
4.676416127330947461e+02	2.360506878402454656e-02
4.699117176492748627e+02	2.359379770078940883e-02
4.721818225654549224e+02	2.358289648939852073e-02
4.744519274816349821e+02	2.357237524357578065e-02
4.767220323978150418e+02	2.356254447940990537e-02
4.789921373139951584e+02	2.355350020008458931e-02
4.812622422301752181e+02	2.354512161418649205e-02
4.835323471463552778e+02	2.353760766402712701e-02
4.858024520625353375e+02	2.353094266287504566e-02
4.880725569787153972e+02	2.352518214189121964e-02
4.903426618948955138e+02	2.352051599414516081e-02
4.926127668110755735e+02	2.351680983125900917e-02
4.948828717272556332e+02	2.351396661896606663e-02
4.971529766434356929e+02	2.351218585885590448e-02
4.994230815596157527e+02	2.351146252491415761e-02
5.016931864757958692e+02	2.351171400457503433e-02
5.039632913919759289e+02	2.351311415594468587e-02
5.062333963081559887e+02	2.351562010311369216e-02
5.085035012243360484e+02	2.351940767250576894e-02
5.107736061405161081e+02	2.352441821240907130e-02
5.130437110566962247e+02	2.353079325543163888e-02
5.153138159728762275e+02	2.353857913091441517e-02
5.175839208890563441e+02	2.354766295644021915e-02
5.198540258052364607e+02	2.355814887816543371e-02
5.221241307214164635e+02	2.357009773979499428e-02
5.243942356375965801e+02	2.358336607414250607e-02
5.266643405537765830e+02	2.359802422406535871e-02
5.289344454699566995e+02	2.361403504106216952e-02
5.312045503861368161e+02	2.363127200281146811e-02
5.334746553023168190e+02	2.364983499131421626e-02
5.357447602184969355e+02	2.366976219287667341e-02
5.380148651346769384e+02	2.369091421791302138e-02
5.402849700508570550e+02	2.371326494118686928e-02
5.425550749670371715e+02	2.373678261454880561e-02
5.448251798832171744e+02	2.376129395034264763e-02
5.470952847993972910e+02	2.378688359676605149e-02
5.493653897155774075e+02	2.381349181410414087e-02
5.516354946317574104e+02	2.384086387665955431e-02
5.539055995479375269e+02	2.386897975610960398e-02
5.561757044641175298e+02	2.389776573852892688e-02
5.584458093802976464e+02	2.392701235262384776e-02
5.607159142964777629e+02	2.395661889413621196e-02
5.629860192126577658e+02	2.398654853062116149e-02
5.652561241288378824e+02	2.401665967327207968e-02
5.675262290450178853e+02	2.404685680762686656e-02
5.697963339611980018e+02	2.407710203448285013e-02
5.720664388773781184e+02	2.410722013350000137e-02
5.743365437935581213e+02	2.413714182373351280e-02
5.766066487097382378e+02	2.416676071903366141e-02
5.788767536259182407e+02	2.419592107578604975e-02
5.811468585420983572e+02	2.422456431434272250e-02
5.834169634582784738e+02	2.425265805929694221e-02
5.856870683744584767e+02	2.428002721827855759e-02
5.879571732906385932e+02	2.430655390038514649e-02
5.902272782068185961e+02	2.433229578528354684e-02
5.924973831229987127e+02	2.435705965308748722e-02
5.947674880391788292e+02	2.438074369382884840e-02
5.970375929553588321e+02	2.440333017465914217e-02
5.993076978715389487e+02	2.442473508160617618e-02
6.015778027877189515e+02	2.444480466136779440e-02
6.038479077038990681e+02	2.446359529260845253e-02
6.061180126200791847e+02	2.448096495714025683e-02
6.083881175362591875e+02	2.449684070723540455e-02
6.106582224524393041e+02	2.451128000552907360e-02
6.129283273686193070e+02	2.452422046592823979e-02
6.151984322847994235e+02	2.453560699672745898e-02
6.174685372009795401e+02	2.454550856350243629e-02
6.197386421171595430e+02	2.455392185312965658e-02
6.220087470333396595e+02	2.456080885748552697e-02
6.242788519495197761e+02	2.456633429215333841e-02
6.265489568656997790e+02	2.457061027648892865e-02
6.288190617818798955e+02	2.457360174329434321e-02
6.310891666980598984e+02	2.457535511897277966e-02
6.333592716142400150e+02	2.457593388874279236e-02
6.356293765304201315e+02	2.457532047805462486e-02
6.378994814466001344e+02	2.457360243095100399e-02
6.401695863627802510e+02	2.457089825252878681e-02
6.424396912789602538e+02	2.456719745307763686e-02
6.447097961951403704e+02	2.456254200607398130e-02
6.469799011113204870e+02	2.455700928750279705e-02
6.492500060275004898e+02	2.455066174316274455e-02
6.515201109436806064e+02	2.454352886554788532e-02
6.537902158598606093e+02	2.453575497429039479e-02
6.560603207760407258e+02	2.452729840330915984e-02
6.583304256922208424e+02	2.451826820273238922e-02
6.606005306084008453e+02	2.450880454689542687e-02
6.628706355245809618e+02	2.449889938576475107e-02
6.651407404407609647e+02	2.448858792837568452e-02
6.674108453569410813e+02	2.447803617203656371e-02
6.696809502731211978e+02	2.446722979908025342e-02
6.719510551893012007e+02	2.445623117133045171e-02
6.742211601054813173e+02	2.444519343321734442e-02
6.764912650216613201e+02	2.443408004801848887e-02
6.787613699378414367e+02	2.442288790838824733e-02
6.810314748540215533e+02	2.441181484372425756e-02
6.833015797702015561e+02	2.440082318869287240e-02
6.855716846863816727e+02	2.438996022621359866e-02
6.878417896025616756e+02	2.437929946636785417e-02
6.901118945187417921e+02	2.436883636611913984e-02
6.923819994349219087e+02	2.435860845424977356e-02
6.946521043511019116e+02	2.434865649056694101e-02
6.969222092672820281e+02	2.433901045308637517e-02
6.991923141834620310e+02	2.432962200473560641e-02
7.014624190996421476e+02	2.432061538798870742e-02
7.037325240158222641e+02	2.431204496599565640e-02
7.060026289320022670e+02	2.430390635643325109e-02
7.082727338481823836e+02	2.429630377817285775e-02
7.105428387643625001e+02	2.428925636000030946e-02
7.128129436805425030e+02	2.428270955428291772e-02
7.150830485967226195e+02	2.427673136236967177e-02
7.173531535129026224e+02	2.427131501626111909e-02
7.196232584290827390e+02	2.426644335335131214e-02
7.218933633452628555e+02	2.426214348751042429e-02
7.241634682614428584e+02	2.425846546421470823e-02
7.264335731776229750e+02	2.425535718688325362e-02
7.287036780938029779e+02	2.425285972368845799e-02
7.309737830099830944e+02	2.425096554857715872e-02
7.332438879261632110e+02	2.424963686325268958e-02
7.355139928423432139e+02	2.424885293674155021e-02
7.377840977585233304e+02	2.424872775230272823e-02
7.400542026747033333e+02	2.424917458646733137e-02
7.423243075908834498e+02	2.425020577663552709e-02
7.445944125070635664e+02	2.425186898248505099e-02
7.468645174232435693e+02	2.425415147299866611e-02
7.491346223394236858e+02	2.425698907263560550e-02
7.514047272556036887e+02	2.426042000132898335e-02
7.536748321717838053e+02	2.426434472548882545e-02
7.559449370879639218e+02	2.426869657791951365e-02
7.582150420041439247e+02	2.427358413694265249e-02
7.604851469203240413e+02	2.427886466750263719e-02
7.627552518365040441e+02	2.428444846261499854e-02
7.650253567526841607e+02	2.429038545483492781e-02
7.672954616688642773e+02	2.429666748464245560e-02
7.695655665850442801e+02	2.430322234700266551e-02
7.718356715012243967e+02	2.431002738978815803e-02
7.741057764174043996e+02	2.431703779425709033e-02
7.763758813335845161e+02	2.432422431700353646e-02
7.786459862497646327e+02	2.433151717091859567e-02
7.809160911659446356e+02	2.433891572457361208e-02
7.831861960821247521e+02	2.434639406895077254e-02
7.854563009983047550e+02	2.435395674498863627e-02
7.877264059144848716e+02	2.436156802328392698e-02
7.899965108306649881e+02	2.436921534911761292e-02
7.922666157468449910e+02	2.437689065045054587e-02
7.945367206630251076e+02	2.438454622871001273e-02
7.968068255792052241e+02	2.439214911395938892e-02
7.990769304953852270e+02	2.439969184233627478e-02
8.013470354115653436e+02	2.440717450910619146e-02
8.036171403277453464e+02	2.441459061194591745e-02
8.058872452439254630e+02	2.442196482511678479e-02
8.081573501601055796e+02	2.442928991392611174e-02
8.104274550762855824e+02	2.443653241301544862e-02
8.126975599924656990e+02	2.444373350580036561e-02
8.149676649086457019e+02	2.445090538602055774e-02
8.172377698248258184e+02	2.445806452051176375e-02
8.195078747410059350e+02	2.446519686352235240e-02
8.217779796571859379e+02	2.447233354111075232e-02
8.240480845733660544e+02	2.447946793442055610e-02
8.263181894895460573e+02	2.448660357146493702e-02
8.285882944057261739e+02	2.449374477868300828e-02
8.308583993219062904e+02	2.450089121091133040e-02
8.331285042380862933e+02	2.450801172496996569e-02
8.353986091542664099e+02	2.451517150801853229e-02
8.376687140704464127e+02	2.452238349440394663e-02
8.399388189866265293e+02	2.452966569332352964e-02
8.422089239028066459e+02	2.453702866544727260e-02
8.444790288189866487e+02	2.454445460705137125e-02
8.467491337351667653e+02	2.455202597134623424e-02
8.490192386513467682e+02	2.455967658861189784e-02
8.512893435675268847e+02	2.456736747519328717e-02
8.535594484837070013e+02	2.457512040537321307e-02
8.558295533998870042e+02	2.458293524826085652e-02
8.580996583160671207e+02	2.459081233257010002e-02
8.603697632322471236e+02	2.459874765375298644e-02
8.626398681484272402e+02	2.460681222362366694e-02
8.649099730646073567e+02	2.461495513281415637e-02
8.671800779807873596e+02	2.462315304460362814e-02
8.694501828969674762e+02	2.463138053625670010e-02
8.717202878131474790e+02	2.463965687720580736e-02
8.739903927293275956e+02	2.464797087512493601e-02
8.762604976455077121e+02	2.465630489618756555e-02
8.785306025616877150e+02	2.466461339031754407e-02
8.808007074778678316e+02	2.467291353914620802e-02
8.830708123940479481e+02	2.468123209274661681e-02
8.853409173102279510e+02	2.468956275670065176e-02
8.876110222264080676e+02	2.469788922776346846e-02
8.898811271425880705e+02	2.470624410014973446e-02
8.921512320587681870e+02	2.471459169050864088e-02
8.944213369749483036e+02	2.472292687489904828e-02
8.966914418911283065e+02	2.473125452019513809e-02
8.989615468073084230e+02	2.473956744378775358e-02
9.012316517234884259e+02	2.474788364467273016e-02
9.035017566396685424e+02	2.475620915264832925e-02
9.057718615558486590e+02	2.476455732041762947e-02
9.080419664720286619e+02	2.477295022888187717e-02
9.103120713882087784e+02	2.478136646611864974e-02
9.125821763043887813e+02	2.478979212221351508e-02
9.148522812205688979e+02	2.479823275155417645e-02
9.171223861367490144e+02	2.480668717889423017e-02
9.193924910529290173e+02	2.481509834957597652e-02
9.216625959691091339e+02	2.482346331697031852e-02
9.239327008852891367e+02	2.483177375389089211e-02
9.262028058014692533e+02	2.484009872859425580e-02
9.284729107176493699e+02	2.484841127280033868e-02
9.307430156338293727e+02	2.485672742464929696e-02
9.330131205500094893e+02	2.486501964650303029e-02
9.352832254661894922e+02	2.487323969045387648e-02
9.375533303823696087e+02	2.488137329976391338e-02
9.398234352985497253e+02	2.488939049141731738e-02
9.420935402147297282e+02	2.489721614437435601e-02
9.443636451309098447e+02	2.490489053361067198e-02
9.466337500470898476e+02	2.491236187953771095e-02
9.489038549632699642e+02	2.491963577183949410e-02
9.511739598794500807e+02	2.492670629547504707e-02
9.534440647956300836e+02	2.493355439512435004e-02
9.557141697118102002e+02	2.494016949864501578e-02
9.579842746279903167e+02	2.494654026790037518e-02
9.602543795441703196e+02	2.495264944430191159e-02
9.625244844603504362e+02	2.495846552248864869e-02
9.647945893765304390e+02	2.496399808394678815e-02
9.670646942927105556e+02	2.496922791902261504e-02
9.693347992088906722e+02	2.497410467542844278e-02
9.716049041250706750e+02	2.497864258439641549e-02
9.738750090412507916e+02	2.498280568106696700e-02
9.761451139574307945e+02	2.498654724939669211e-02
9.784152188736109110e+02	2.498987767903047483e-02
9.806853237897910276e+02	2.499277146323060361e-02
9.829554287059710305e+02	2.499520080855658494e-02
9.852255336221511470e+02	2.499717235089595618e-02
9.874956385383311499e+02	2.499867226862005631e-02
9.897657434545112665e+02	2.499965055722579155e-02
9.920358483706913830e+02	2.500013323726819892e-02
9.943059532868713859e+02	2.500007445547058546e-02
9.965760582030515025e+02	2.499947075394075291e-02
9.988461631192315053e+02	2.499832479453626202e-02
1.001116268035411622e+03	2.499658473385856991e-02
1.003386372951591738e+03	2.499425580143463735e-02
1.005656477867771741e+03	2.499131240340011356e-02
1.007926582783951858e+03	2.498776528061100524e-02
1.010196687700131861e+03	2.498359075841683624e-02
1.012466792616311977e+03	2.497878605255994533e-02
1.014736897532492094e+03	2.497336194247652338e-02
1.017007002448672097e+03	2.496730538077492415e-02
1.019277107364852213e+03	2.496064122695263940e-02
1.021547212281032216e+03	2.495337932712481110e-02
1.023817317197212333e+03	2.494550490038034696e-02
1.026087422113392449e+03	2.493705415083206922e-02
1.028357527029572566e+03	2.492803427669957467e-02
1.030627631945752455e+03	2.491843000775110367e-02
1.032897736861932572e+03	2.490827979192605443e-02
1.035167841778112688e+03	2.489761687201200863e-02
1.037437946694292805e+03	2.488644832599361256e-02
1.039708051610472921e+03	2.487478294113941099e-02
1.041978156526652810e+03	2.486267794173526932e-02
1.044248261442832927e+03	2.485016260681120748e-02
1.046518366359013044e+03	2.483725971518034592e-02
1.048788471275193160e+03	2.482401838596562035e-02
1.051058576191373277e+03	2.481044473113168392e-02
1.053328681107553166e+03	2.479654992907709757e-02
1.055598786023733282e+03	2.478237003831575830e-02
1.057868890939913399e+03	2.476797100638776505e-02
1.060138995856093516e+03	2.475345172860361417e-02
1.062409100772273632e+03	2.473886795502580616e-02
1.064679205688453521e+03	2.472422817968095848e-02
1.066949310604633638e+03	2.470954457881488139e-02
1.069219415520813754e+03	2.469484205668473140e-02
1.071489520436993871e+03	2.468017922287802854e-02
1.073759625353173988e+03	2.466561412435447354e-02
1.076029730269353877e+03	2.465114027422441248e-02
1.078299835185533993e+03	2.463678099256413553e-02
1.080569940101714110e+03	2.462258709203698354e-02
1.082840045017894226e+03	2.460857858976879531e-02
1.085110149934074343e+03	2.459481076546388492e-02
1.087380254850254460e+03	2.458130123000404343e-02
1.089650359766434349e+03	2.456803689262789317e-02
1.091920464682614465e+03	2.455504714721756451e-02
1.094190569598794582e+03	2.454237405089410712e-02
1.096460674514974698e+03	2.453000195070655434e-02
1.098730779431154815e+03	2.451794092107005552e-02
1.101000884347334704e+03	2.450621773956569022e-02
1.103270989263514821e+03	2.449482884670247523e-02
1.105541094179694937e+03	2.448376144869086543e-02
1.107811199095875054e+03	2.447303693025832533e-02
1.110081304012055170e+03	2.446265725340925068e-02
1.112351408928235060e+03	2.445262205785278531e-02
1.114621513844415176e+03	2.444294223017421525e-02
1.116891618760595293e+03	2.443362063115530822e-02
1.119161723676775409e+03	2.442466246803142241e-02
1.121431828592955526e+03	2.441607466355813494e-02
1.123701933509135415e+03	2.440787069097300269e-02
1.125972038425315532e+03	2.440004546339561570e-02
1.128242143341495648e+03	2.439260672246910608e-02
1.130512248257675765e+03	2.438557496652680665e-02
1.132782353173855881e+03	2.437890474446053127e-02
1.135052458090035771e+03	2.437257980551763709e-02
1.137322563006215887e+03	2.436660158412751881e-02
1.139592667922396004e+03	2.436094158740118379e-02
1.141862772838576120e+03	2.435559710058256278e-02
1.144132877754756237e+03	2.435056532632275811e-02
1.146402982670936126e+03	2.434580277695514924e-02
1.148673087587116243e+03	2.434132502466686623e-02
1.150943192503296359e+03	2.433714923594275034e-02
1.153213297419476476e+03	2.433323082258411971e-02
1.155483402335656592e+03	2.432957103894333242e-02
1.157753507251836481e+03	2.432618897628918003e-02
1.160023612168016598e+03	2.432305539754065285e-02
1.162293717084196714e+03	2.432016697559935547e-02
1.164563822000376831e+03	2.431754588416638538e-02
1.166833926916556948e+03	2.431515239707516055e-02
1.169104031832736837e+03	2.431299613532899098e-02
1.171374136748916953e+03	2.431111306588170165e-02
1.173644241665097070e+03	2.430947508018085901e-02
1.175914346581277186e+03	2.430805677704217169e-02
1.178184451497457303e+03	2.430690132022393299e-02
1.180454556413637192e+03	2.430599790476254199e-02
1.182724661329817309e+03	2.430535325779734773e-02
1.184994766245997425e+03	2.430497384578565387e-02
1.187264871162177542e+03	2.430486612750845307e-02
1.189534976078357658e+03	2.430502543539385038e-02
1.191805080994537548e+03	2.430546818572245499e-02
1.194075185910717664e+03	2.430619576327205239e-02
1.196345290826897781e+03	2.430718910159140184e-02
1.198615395743077897e+03	2.430844430372601853e-02
1.200885500659258014e+03	2.430997379414318732e-02
1.203155605575437903e+03	2.431176219871063887e-02
1.205425710491618020e+03	2.431382948577196987e-02
1.207695815407798136e+03	2.431619523146612630e-02
1.209965920323978253e+03	2.431881989642334721e-02
1.212236025240158369e+03	2.432171605170728793e-02
1.214506130156338259e+03	2.432489216129924900e-02
1.216776235072518375e+03	2.432833428518538232e-02
1.219046339988698492e+03	2.433203749255196877e-02
1.221316444904878608e+03	2.433602187614720622e-02
1.223586549821058725e+03	2.434026815275049105e-02
1.225856654737238614e+03	2.434481228600353375e-02
1.228126759653418731e+03	2.434966030229335568e-02
1.230396864569598847e+03	2.435475556586980464e-02
1.232666969485778964e+03	2.436011593166751907e-02
1.234937074401959080e+03	2.436576085686938814e-02
1.237207179318138969e+03	2.437166374603914887e-02
1.239477284234319086e+03	2.437783710381054986e-02
1.241747389150499203e+03	2.438428132907253035e-02
1.244017494066679319e+03	2.439099064375955389e-02
1.246287598982859436e+03	2.439795876475154071e-02
1.248557703899039552e+03	2.440521335130403993e-02
1.250827808815219441e+03	2.441272770087262595e-02
1.253097913731399558e+03	2.442046601080022361e-02
1.255368018647579675e+03	2.442845922369611678e-02
1.257638123563759791e+03	2.443666857174934398e-02
1.259908228479939908e+03	2.444509956242241905e-02
1.262178333396119797e+03	2.445373878645239196e-02
1.264448438312299913e+03	2.446256407001973221e-02
1.266718543228480030e+03	2.447158435198271142e-02
1.268988648144660146e+03	2.448081760498517501e-02
1.271258753060840263e+03	2.449022722126408674e-02
1.273528857977020152e+03	2.449981778914864933e-02
1.275798962893200269e+03	2.450960611236229977e-02
1.278069067809380385e+03	2.451959292042973568e-02
1.280339172725560502e+03	2.452973488058504334e-02
1.282609277641740618e+03	2.454002169772006789e-02
1.284879382557920508e+03	2.455045617718533066e-02
1.287149487474100624e+03	2.456099921658693938e-02
1.289419592390280741e+03	2.457164463510735919e-02
1.291689697306460857e+03	2.458244401580812755e-02
1.293959802222640974e+03	2.459335417931550472e-02
1.296229907138820863e+03	2.460439441524365015e-02
1.298500012055000980e+03	2.461554534727452073e-02
1.300770116971181096e+03	2.462681333049962507e-02
1.303040221887361213e+03	2.463823286631126874e-02
1.305310326803541329e+03	2.464981066317857572e-02
1.307580431719721219e+03	2.466151522220160278e-02
1.309850536635901335e+03	2.467335806820337984e-02
1.312120641552081452e+03	2.468535410101784996e-02
1.314390746468261568e+03	2.469749596250576593e-02
1.316660851384441685e+03	2.470976361364789209e-02
1.318930956300621574e+03	2.472217007504829561e-02
1.321201061216801691e+03	2.473471080101820666e-02
1.323471166132981807e+03	2.474738143101643320e-02
1.325741271049161924e+03	2.476018867135843654e-02
1.328011375965342040e+03	2.477311379456747717e-02
1.330281480881521929e+03	2.478614239452811563e-02
1.332551585797702046e+03	2.479931093283493232e-02
1.334821690713882163e+03	2.481260874040425168e-02
1.337091795630062279e+03	2.482604047510114653e-02
1.339361900546242396e+03	2.483961717461067101e-02
1.341632005462422285e+03	2.485333638951011878e-02
1.343902110378602401e+03	2.486719972245568858e-02
1.346172215294782518e+03	2.488123983003315276e-02
1.348442320210962635e+03	2.489544405287478709e-02
1.350712425127142751e+03	2.490979949539470772e-02
1.352982530043322640e+03	2.492434970834663671e-02
1.355252634959502757e+03	2.493908063135937339e-02
1.357522739875682873e+03	2.495399009623175401e-02
1.359792844791862990e+03	2.496909899855617732e-02
1.362062949708043107e+03	2.498441361216517664e-02
1.364333054624222996e+03	2.499992099105693977e-02
1.366603159540403112e+03	2.501561236269034608e-02
1.368873264456583229e+03	2.503150461507131636e-02
1.371143369372763345e+03	2.504757127432977182e-02
1.373413474288943462e+03	2.506383700364555114e-02
1.375683579205123351e+03	2.508027886192791545e-02
1.377953684121303468e+03	2.509687568426024681e-02
1.380223789037483584e+03	2.511362208038001725e-02
1.382493893953663701e+03	2.513051782327520647e-02
1.384763998869843817e+03	2.514754297150149920e-02
1.387034103786023707e+03	2.516469171469434829e-02
1.389304208702203823e+03	2.518197315209529108e-02
1.391574313618383940e+03	2.519935951116304695e-02
1.393844418534564056e+03	2.521685609957489277e-02
1.396114523450744173e+03	2.523445288648424809e-02
1.398384628366924062e+03	2.525212517009663149e-02
1.400654733283104179e+03	2.526985742986193398e-02
1.402924838199284295e+03	2.528766746841003277e-02
1.405194943115464412e+03	2.530555834032904156e-02
1.407465048031644528e+03	2.532350553882115746e-02
1.409735152947824417e+03	2.534146648839263535e-02
1.412005257864004534e+03	2.535943709081643280e-02
1.414275362780184651e+03	2.537744406404726302e-02
1.416545467696364767e+03	2.539544339258081526e-02
1.418815572612544884e+03	2.541343978033783896e-02
1.421085677528725000e+03	2.543143053063401729e-02
1.423355782444904889e+03	2.544940316516996689e-02
1.425625887361085006e+03	2.546736648788017893e-02
1.427895992277265123e+03	2.548531631464440173e-02
1.430166097193445239e+03	2.550324188421111346e-02
1.432436202109625356e+03	2.552114156816728124e-02
1.434706307025805245e+03	2.553901434864780037e-02
1.436976411941985361e+03	2.555687694318495989e-02
1.439246516858165478e+03	2.557472077783677980e-02
1.441516621774345595e+03	2.559252607828806439e-02
1.443786726690525711e+03	2.561029486795509541e-02
1.446056831606705600e+03	2.562802888829992728e-02
1.448326936522885717e+03	2.564573208858122663e-02
1.450597041439065833e+03	2.566343162003346598e-02
1.452867146355245950e+03	2.568108994617549282e-02
1.455137251271426067e+03	2.569872784699254314e-02
1.457407356187605956e+03	2.571637199071045293e-02
1.459677461103786072e+03	2.573399037683541182e-02
1.461947566019966189e+03	2.575162804329174035e-02
1.464217670936146305e+03	2.576928315640893488e-02
1.466487775852326422e+03	2.578692587365666658e-02
1.468757880768506311e+03	2.580456954383081314e-02
1.471027985684686428e+03	2.582222017347610143e-02
1.473298090600866544e+03	2.583988172236714384e-02
1.475568195517046661e+03	2.585757248452601534e-02
1.477838300433226777e+03	2.587529237476213217e-02
1.480108405349406667e+03	2.589305605678328057e-02
1.482378510265586783e+03	2.591087480142083635e-02
1.484648615181766900e+03	2.592875236270280465e-02
1.486918720097947016e+03	2.594669347094411341e-02
1.489188825014127133e+03	2.596471362439953245e-02
1.491458929930307022e+03	2.598279734557810972e-02
1.493729034846487139e+03	2.600097940752478867e-02
1.495999139762667255e+03	2.601924259190425276e-02
1.498269244678847372e+03	2.603762651237069570e-02
1.500539349595027488e+03	2.605609182453686584e-02
1.502809454511207377e+03	2.607465225717334883e-02
1.505079559427387494e+03	2.609330989279143309e-02
1.507349664343567611e+03	2.611207912018199614e-02
1.509619769259747727e+03	2.613092966459384589e-02
1.511889874175927844e+03	2.614989181404692165e-02
1.514159979092107733e+03	2.616895400511337275e-02
1.516430084008287849e+03	2.618811454953859016e-02
1.518700188924467966e+03	2.620737519103095992e-02
1.520970293840648083e+03	2.622674156304847029e-02
1.523240398756828199e+03	2.624622663556242311e-02
1.525510503673008088e+03	2.626583746229896668e-02
1.527780608589188205e+03	2.628556531103691876e-02
1.530050713505368321e+03	2.630540482725265972e-02
1.532320818421548438e+03	2.632536732749394398e-02
1.534590923337728555e+03	2.634544583620419128e-02
1.536861028253908444e+03	2.636563122117385402e-02
1.539131133170088560e+03	2.638594620001383229e-02
1.541401238086268677e+03	2.640638502762530579e-02
1.543671343002448793e+03	2.642692732972861530e-02
1.545941447918628910e+03	2.644757808493476692e-02
1.548211552834808799e+03	2.646834727707144883e-02
1.550481657750988916e+03	2.648922858615944051e-02
1.552751762667169032e+03	2.651021023514960051e-02
1.555021867583349149e+03	2.653130185810310265e-02
1.557291972499529265e+03	2.655248492836630864e-02
1.559562077415709155e+03	2.657376054224682566e-02
1.561832182331889271e+03	2.659512795203765323e-02
1.564102287248069388e+03	2.661659319547475533e-02
1.566372392164249504e+03	2.663814970763704604e-02
1.568642497080429621e+03	2.665980564316211901e-02
1.570912601996609510e+03	2.668154572338075903e-02
1.573182706912789627e+03	2.670338249771617850e-02
1.575452811828969743e+03	2.672529484855807810e-02
1.577722916745149860e+03	2.674730165366695153e-02
1.579993021661329976e+03	2.676938038624150640e-02
1.582263126577510093e+03	2.679152184849212248e-02
1.584533231493689982e+03	2.681371912495371032e-02
1.586803336409870099e+03	2.683594917873874039e-02
1.589073441326050215e+03	2.685818419319387432e-02
1.591343546242230332e+03	2.688043633286053835e-02
1.593613651158410448e+03	2.690268325939706995e-02
1.595883756074590337e+03	2.692493744792817667e-02
1.598153860990770454e+03	2.694719925682687034e-02
1.600423965906950571e+03	2.696945910633922333e-02
1.602694070823130687e+03	2.699170887931401017e-02
1.604964175739310804e+03	2.701396185451319237e-02
1.607234280655490693e+03	2.703620604809173211e-02
1.609504385571670809e+03	2.705843045915359499e-02
1.611774490487850926e+03	2.708062309080736321e-02
1.614044595404031043e+03	2.710278777566151737e-02
1.616314700320211159e+03	2.712491500218824209e-02
1.618584805236391048e+03	2.714700808754272679e-02
1.620854910152571165e+03	2.716907247539073617e-02
1.623125015068751281e+03	2.719109789964697932e-02
1.625395119984931398e+03	2.721307851029057187e-02
1.627665224901111515e+03	2.723500494582135889e-02
1.629935329817291404e+03	2.725688883175826291e-02
1.632205434733471520e+03	2.727873659202040280e-02
1.634475539649651637e+03	2.730054015439694823e-02
1.636745644565831753e+03	2.732229067224973759e-02
1.639015749482011870e+03	2.734400815202716814e-02
1.641285854398191759e+03	2.736568962401379410e-02
1.643555959314371876e+03	2.738732742358683178e-02
1.645826064230551992e+03	2.740891777657352910e-02
1.648096169146732109e+03	2.743047879426806571e-02
1.650366274062912225e+03	2.745198702509575595e-02
1.652636378979092115e+03	2.747344069087715238e-02
1.654906483895272231e+03	2.749484329205480193e-02
1.657176588811452348e+03	2.751618949915491177e-02
1.659446693727632464e+03	2.753749400747009315e-02
1.661716798643812581e+03	2.755874769398834398e-02
1.663986903559992470e+03	2.757993753143666085e-02
1.666257008476172587e+03	2.760107638764894983e-02
1.668527113392352703e+03	2.762217514824443984e-02
1.670797218308532820e+03	2.764321624568192096e-02
1.673067323224712936e+03	2.766421579983967607e-02
1.675337428140892825e+03	2.768518954977565449e-02
1.677607533057072942e+03	2.770612001590381721e-02
1.679877637973253059e+03	2.772701421602385974e-02
1.682147742889433175e+03	2.774787308744044653e-02
1.684417847805613292e+03	2.776869969712880346e-02
1.686687952721793181e+03	2.778947812448390176e-02
1.688958057637973297e+03	2.781021444576842194e-02
1.691228162554153414e+03	2.783090807011884271e-02
1.693498267470333531e+03	2.785155691985703383e-02
1.695768372386513647e+03	2.787216077510401221e-02
1.698038477302693536e+03	2.789272052237495511e-02
1.700308582218873653e+03	2.791323794239681730e-02
1.702578687135053769e+03	2.793369116741607761e-02
1.704848792051233886e+03	2.795409690875599179e-02
1.707118896967414003e+03	2.797445386374243156e-02
1.709389001883593892e+03	2.799474629271056850e-02
1.711659106799774008e+03	2.801499382557594980e-02
1.713929211715954125e+03	2.803518466809265877e-02
1.716199316632134241e+03	2.805530324279544366e-02
1.718469421548314358e+03	2.807536460861287386e-02
1.720739526464494247e+03	2.809536232086463914e-02
1.723009631380674364e+03	2.811530049509016610e-02
1.725279736296854480e+03	2.813517801557917711e-02
1.727549841213034597e+03	2.815499502713735697e-02
1.729819946129214713e+03	2.817475742815435391e-02
1.732090051045394603e+03	2.819445949616232808e-02
1.734360155961574719e+03	2.821409809775172334e-02
1.736630260877754836e+03	2.823368159906856911e-02
1.738900365793934952e+03	2.825319825426571632e-02
1.741170470710115069e+03	2.827264455674791468e-02
1.743440575626294958e+03	2.829203994002172859e-02
1.745710680542475075e+03	2.831134550492018023e-02
1.747980785458655191e+03	2.833058912842847249e-02
1.750250890374835308e+03	2.834975074283164337e-02
1.752520995291015424e+03	2.836881986918464785e-02
1.754791100207195541e+03	2.838783297336806843e-02
1.757061205123375430e+03	2.840678988253234061e-02
1.759331310039555547e+03	2.842570116500637081e-02
1.761601414955735663e+03	2.844458012123965082e-02
1.763871519871915780e+03	2.846341229706693052e-02
1.766141624788095896e+03	2.848220890228487720e-02
1.768411729704275785e+03	2.850096426266202770e-02
1.770681834620455902e+03	2.851965992851342169e-02
1.772951939536636019e+03	2.853831110636120480e-02
1.775222044452816135e+03	2.855692008810488403e-02
1.777492149368996252e+03	2.857547513608643674e-02
1.779762254285176141e+03	2.859398564042688051e-02
1.782032359201356257e+03	2.861246706556997907e-02
1.784302464117536374e+03	2.863091368795947153e-02
1.786572569033716491e+03	2.864930286292465336e-02
1.788842673949896607e+03	2.866765468044112780e-02
1.791112778866076496e+03	2.868597362016841318e-02
1.793382883782256613e+03	2.870425858879925227e-02
1.795652988698436729e+03	2.872250846827590839e-02
1.797923093614616846e+03	2.874071515698854024e-02
1.800193198530796963e+03	2.875889011932826478e-02
1.802463303446976852e+03	2.877704624869917294e-02
1.804733408363156968e+03	2.879518275395033522e-02
1.807003513279337085e+03	2.881330266974110876e-02
1.809273618195517201e+03	2.883139099546718973e-02
1.811543723111697318e+03	2.884946051236240636e-02
1.813813828027877207e+03	2.886753279109964196e-02
1.816083932944057324e+03	2.888558347265194129e-02
1.818354037860237440e+03	2.890361406577530642e-02
1.820624142776417557e+03	2.892164341543930137e-02
1.822894247692597673e+03	2.893964828066771661e-02
1.825164352608777563e+03	2.895763336316073064e-02
1.827434457524957679e+03	2.897560710018228305e-02
1.829704562441137796e+03	2.899356700123387198e-02
1.831974667357317912e+03	2.901149949093164218e-02
1.834244772273498029e+03	2.902941528751186787e-02
1.836514877189677918e+03	2.904730219133009120e-02
1.838784982105858035e+03	2.906515699184858068e-02
1.841055087022038151e+03	2.908297336823852108e-02
1.843325191938218268e+03	2.910076204959801890e-02
1.845595296854398384e+03	2.911849734181869501e-02
1.847865401770578273e+03	2.913618086690948628e-02
1.850135506686758390e+03	2.915381714931870871e-02
1.852405611602938507e+03	2.917141084837038267e-02
1.854675716519118623e+03	2.918895583205197847e-02
1.856945821435298740e+03	2.920644571831368039e-02
1.859215926351478629e+03	2.922386973273322780e-02
1.861486031267658745e+03	2.924123495326252237e-02
1.863756136183838862e+03	2.925855386057747004e-02
1.866026241100018979e+03	2.927582610420206496e-02
1.868296346016199095e+03	2.929303268858465120e-02
1.870566450932378984e+03	2.931019677863722084e-02
1.872836555848559101e+03	2.932731266541892257e-02
1.875106660764739217e+03	2.934436195930488142e-02
1.877376765680919334e+03	2.936137823703982228e-02
1.879646870597099451e+03	2.937834508697500721e-02
1.881916975513279340e+03	2.939525794305251211e-02
1.884187080429459456e+03	2.941214444601227343e-02
1.886457185345639573e+03	2.942898805125716138e-02
1.888727290261819689e+03	2.944577094555353436e-02
1.890997395177999806e+03	2.946253322360953969e-02
1.893267500094179695e+03	2.947924437504529857e-02
1.895537605010359812e+03	2.949590242147949806e-02
1.897807709926539928e+03	2.951254140757716624e-02
1.900077814842720045e+03	2.952913984859952684e-02
1.902347919758900161e+03	2.954569544743595663e-02
1.904618024675080051e+03	2.956221651318689109e-02
1.906888129591260167e+03	2.957872070331839937e-02
1.909158234507440284e+03	2.959517603805941408e-02
1.911428339423620400e+03	2.961159421339747827e-02
1.913698444339800517e+03	2.962797073769338901e-02
1.915968549255980633e+03	2.964428957968581399e-02
1.918238654172160523e+03	2.966057733221563394e-02
1.920508759088340639e+03	2.967683728788559835e-02
1.922778864004520756e+03	2.969305455821840550e-02
1.925048968920700872e+03	2.970924053475141463e-02
1.927319073836880989e+03	2.972540904255640756e-02
1.929589178753060878e+03	2.974155431367771218e-02
1.931859283669240995e+03	2.975767880265012266e-02
1.934129388585421111e+03	2.977379344098327399e-02
1.936399493501601228e+03	2.978987980537702723e-02
1.938669598417781344e+03	2.980593541444751318e-02
1.940939703333961234e+03	2.982198163558553300e-02
1.943209808250141350e+03	2.983800662927511491e-02
1.945479913166321467e+03	2.985402144704274105e-02
1.947750018082501583e+03	2.987004836301234215e-02
1.950020122998681700e+03	2.988606038731573752e-02
1.952290227914861589e+03	2.990206369206072773e-02
1.954560332831041706e+03	2.991807275621957349e-02
1.956830437747221822e+03	2.993407327766841805e-02
1.959100542663401939e+03	2.995005415109383215e-02
1.961370647579582055e+03	2.996604175005349036e-02
1.963640752495761944e+03	2.998201645566248713e-02
1.965910857411942061e+03	2.999796470881405455e-02
1.968180962328122177e+03	3.001391031868057627e-02
1.970451067244302294e+03	3.002984848126133768e-02
1.972721172160482411e+03	3.004576631623134472e-02
1.974991277076662300e+03	3.006169075553130968e-02
1.977261381992842416e+03	3.007759603296114234e-02
1.979531486909022533e+03	3.009347127891323984e-02
1.981801591825202649e+03	3.010932379071066395e-02
1.984071696741382766e+03	3.012516504918790264e-02
1.986341801657562655e+03	3.014097880862330950e-02
1.988611906573742772e+03	3.015678325858827183e-02
1.990882011489922888e+03	3.017257057593248151e-02
1.993152116406103005e+03	3.018834097126862556e-02
1.995422221322283121e+03	3.020411397707987305e-02
1.997692326238463011e+03	3.021988174949832157e-02
1.999962431154643127e+03	3.023563394373476529e-02
2.002232536070823244e+03	3.025138329192379738e-02
2.004502640987003360e+03	3.026711919446375618e-02
2.006772745903183477e+03	3.028282728873606805e-02
2.009042850819363366e+03	3.029853308577655849e-02
2.011312955735543483e+03	3.031423568786540540e-02
2.013583060651723599e+03	3.032991853281036959e-02
2.015853165567903716e+03	3.034558711238486903e-02
2.018123270484083832e+03	3.036124679938014340e-02
2.020393375400263722e+03	3.037687149415688181e-02
2.022663480316443838e+03	3.039246997791923352e-02
2.024933585232623955e+03	3.040806418750219633e-02
2.027203690148804071e+03	3.042364231208908795e-02
2.029473795064984188e+03	3.043920156649609216e-02
2.031743899981164077e+03	3.045475370839684226e-02
2.034014004897344194e+03	3.047028715786707920e-02
2.036284109813524310e+03	3.048580641618585385e-02
2.038554214729704427e+03	3.050132344319664637e-02
2.040824319645884543e+03	3.051682506819331994e-02
2.043094424562064432e+03	3.053230924131930535e-02
2.045364529478244549e+03	3.054779271774940574e-02
2.047634634394424666e+03	3.056326742501404639e-02
2.049904739310604782e+03	3.057872712784864486e-02
2.052174844226784899e+03	3.059417598154930487e-02
2.054444949142965015e+03	3.060961198368725156e-02
2.056715054059145132e+03	3.062502953903009639e-02
2.058985158975325248e+03	3.064042345726064598e-02
2.061255263891504910e+03	3.065579595125903639e-02
2.063525368807685027e+03	3.067113807267139031e-02
2.065795473723865143e+03	3.068646214581738363e-02
2.068065578640045260e+03	3.070176339025029386e-02
2.070335683556225376e+03	3.071702840326174730e-02
2.072605788472405493e+03	3.073226938124230811e-02
2.074875893388585610e+03	3.074747176885266747e-02
2.077145998304765726e+03	3.076263008380385189e-02
2.079416103220945843e+03	3.077774387304604495e-02
2.081686208137125959e+03	3.079280591266154998e-02
2.083956313053305621e+03	3.080781339766652457e-02
2.086226417969485738e+03	3.082278237166134402e-02
2.088496522885665854e+03	3.083769186798600292e-02
2.090766627801845971e+03	3.085253050941845140e-02
2.093036732718026087e+03	3.086730887210288252e-02
2.095306837634206204e+03	3.088204788585854899e-02
2.097576942550386320e+03	3.089671482764119390e-02
2.099847047466566437e+03	3.091130504286037153e-02
2.102117152382746553e+03	3.092581369377027031e-02
2.104387257298926670e+03	3.094023269214221661e-02
2.106657362215106332e+03	3.095456013556080119e-02
2.108927467131286448e+03	3.096879563328203827e-02
2.111197572047466565e+03	3.098293774068638581e-02
2.113467676963646682e+03	3.099699855403476034e-02
2.115737781879826798e+03	3.101096085055179627e-02
2.118007886796006915e+03	3.102482901028151899e-02
2.120277991712187031e+03	3.103860709154630110e-02
2.122548096628367148e+03	3.105228475832604723e-02
2.124818201544547264e+03	3.106587394762379620e-02
2.127088306460727381e+03	3.107936595824228876e-02
2.129358411376907043e+03	3.109277247213071069e-02
2.131628516293087159e+03	3.110608479709664129e-02
2.133898621209267276e+03	3.111929803343420342e-02
2.136168726125447392e+03	3.113241494896439379e-02
2.138438831041627509e+03	3.114543984317805214e-02
2.140708935957807626e+03	3.115835464702833638e-02
2.142979040873987742e+03	3.117115195358336963e-02
2.145249145790167859e+03	3.118384338694622782e-02
2.147519250706347975e+03	3.119642918583660773e-02
2.149789355622528092e+03	3.120890757772631571e-02
2.152059460538707754e+03	3.122128559002754558e-02
2.154329565454887870e+03	3.123356491890002737e-02
2.156599670371067987e+03	3.124574509268697800e-02
2.158869775287248103e+03	3.125782500880708303e-02
2.161139880203428220e+03	3.126980961235623774e-02
2.163409985119608336e+03	3.128170822238960508e-02
2.165680090035788453e+03	3.129351365265277407e-02
2.167950194951968570e+03	3.130522733658008122e-02
2.170220299868148686e+03	3.131685386556419537e-02
2.172490404784328803e+03	3.132839771799509482e-02
2.174760509700508919e+03	3.133985105932409615e-02
2.177030614616688581e+03	3.135122481982023646e-02
2.179300719532868698e+03	3.136251695200459322e-02
2.181570824449048814e+03	3.137373283212407937e-02
2.183840929365228931e+03	3.138487318728305081e-02
2.186111034281409047e+03	3.139591718135413545e-02
2.188381139197589164e+03	3.140688008601740661e-02
2.190651244113769280e+03	3.141775408463005903e-02
2.192921349029949397e+03	3.142854279893293745e-02
2.195191453946129513e+03	3.143925220183742264e-02
2.197461558862309630e+03	3.144988774637195311e-02
2.199731663778489292e+03	3.146044436038474695e-02
2.202001768694669408e+03	3.147091994275758725e-02
2.204271873610849525e+03	3.148130825786865650e-02
2.206541978527029642e+03	3.149163571449588306e-02
2.208812083443209758e+03	3.150188695827581264e-02
2.211082188359389875e+03	3.151204253965009944e-02
2.213352293275569991e+03	3.152211989214560167e-02
2.215622398191750108e+03	3.153211114812845550e-02
2.217892503107930224e+03	3.154201393179716789e-02
2.220162608024110341e+03	3.155183059315300881e-02
2.222432712940290003e+03	3.156154885561360951e-02
2.224702817856470119e+03	3.157118225912558529e-02
2.226972922772650236e+03	3.158074475466631642e-02
2.229243027688830352e+03	3.159022992809888686e-02
2.231513132605010469e+03	3.159963410661298377e-02
2.233783237521190586e+03	3.160897189335465374e-02
2.236053342437370702e+03	3.161822259518731748e-02
2.238323447353550819e+03	3.162738461852748068e-02
2.240593552269730935e+03	3.163646494390317393e-02
2.242863657185911052e+03	3.164544943782470615e-02
2.245133762102090714e+03	3.165432828337434029e-02
2.247403867018270830e+03	3.166309981566529930e-02
2.249673971934450947e+03	3.167176749355872512e-02
2.251944076850631063e+03	3.168033388558058605e-02
2.254214181766811180e+03	3.168880077175900700e-02
2.256484286682991296e+03	3.169717038304187273e-02
2.258754391599171413e+03	3.170544963356561330e-02
2.261024496515351530e+03	3.171362883986957731e-02
2.263294601431531646e+03	3.172171375849129615e-02
2.265564706347711763e+03	3.172970035904388447e-02
2.267834811263891424e+03	3.173757618189704255e-02
2.270104916180071541e+03	3.174534545518340606e-02
2.272375021096251658e+03	3.175299584170841738e-02
2.274645126012431774e+03	3.176053947718834175e-02
2.276915230928611891e+03	3.176798878832320927e-02
2.279185335844792007e+03	3.177533054033625931e-02
2.281455440760972124e+03	3.178255799678512961e-02
2.283725545677152240e+03	3.178968653109368048e-02
2.285995650593332357e+03	3.179671951410804193e-02
2.288265755509512474e+03	3.180364880240429265e-02
2.290535860425692135e+03	3.181049808984806604e-02
2.292805965341872252e+03	3.181723724255718783e-02
2.295076070258052368e+03	3.182386383352576315e-02
2.297346175174232485e+03	3.183038914727026603e-02
2.299616280090412602e+03	3.183682510264348314e-02
2.301886385006592718e+03	3.184316815206296447e-02
2.304156489922772835e+03	3.184942094292657344e-02
2.306426594838952951e+03	3.185557610936074618e-02
2.308696699755133068e+03	3.186163160745571904e-02
2.310966804671313184e+03	3.186760865455918329e-02
2.313236909587492846e+03	3.187349616870090857e-02
2.315507014503672963e+03	3.187928599518843886e-02
2.317777119419853079e+03	3.188499084216309815e-02
2.320047224336033196e+03	3.189061403376265008e-02
2.322317329252213312e+03	3.189613979780199504e-02
2.324587434168393429e+03	3.190157764362936549e-02
2.326857539084573546e+03	3.190693063919660538e-02
2.329127644000753662e+03	3.191219748619930630e-02
2.331397748916933779e+03	3.191738510327554040e-02
2.333667853833113895e+03	3.192248789247868063e-02
2.335937958749294012e+03	3.192749498429924698e-02
2.338208063665473674e+03	3.193241556009188825e-02
2.340478168581653790e+03	3.193726274249881342e-02
2.342748273497833907e+03	3.194202274337056002e-02
2.345018378414014023e+03	3.194668761386817296e-02
2.347288483330194140e+03	3.195126088899185451e-02
2.349558588246374256e+03	3.195573187064067178e-02
2.351828693162554373e+03	3.196009959162274261e-02
2.354098798078734490e+03	3.196437716938321794e-02
2.356368902994914606e+03	3.196854823093218945e-02
2.358639007911094723e+03	3.197260870930392074e-02
2.360909112827274384e+03	3.197656615504479438e-02
2.363179217743454501e+03	3.198041237649854734e-02
2.365449322659634618e+03	3.198413609649204681e-02
2.367719427575814734e+03	3.198775986272143351e-02
2.369989532491994851e+03	3.199127965837850196e-02
2.372259637408174967e+03	3.199468385411864679e-02
2.374529742324355084e+03	3.199798749945230447e-02
2.376799847240535200e+03	3.200117373463755993e-02
2.379069952156715317e+03	3.200423718301547565e-02
2.381340057072895434e+03	3.200718202277080121e-02
2.383610161989075095e+03	3.201000628952765242e-02
2.385880266905255212e+03	3.201269411448155744e-02
2.388150371821435328e+03	3.201525485062180904e-02
2.390420476737615445e+03	3.201767843347833736e-02
2.392690581653795562e+03	3.201995578055073788e-02
2.394960686569975678e+03	3.202210490178761942e-02
2.397230791486155795e+03	3.202411537878078335e-02
2.399500896402335911e+03	3.202597569405986333e-02
2.401771001318516028e+03	3.202769132255293277e-02
2.404041106234696144e+03	3.202924258651781986e-02
2.406311211150875806e+03	3.203062915499897689e-02
2.408581316067055923e+03	3.203185119843509482e-02
2.410851420983236039e+03	3.203292274374278104e-02
2.413121525899416156e+03	3.203383455917167139e-02
2.415391630815596272e+03	3.203459952518812603e-02
2.417661735731776389e+03	3.203522278984408805e-02
2.419931840647956506e+03	3.203569523639237387e-02
2.422201945564136622e+03	3.203601247944656144e-02
2.424472050480316739e+03	3.203619988227975057e-02
2.426742155396496855e+03	3.203624047257926793e-02
2.429012260312676517e+03	3.203613060571313537e-02
2.431282365228856634e+03	3.203587999716193957e-02
2.433552470145036750e+03	3.203547787257152168e-02
2.435822575061216867e+03	3.203493280852358349e-02
2.438092679977396983e+03	3.203425946788907713e-02
2.440362784893577100e+03	3.203345200327101933e-02
2.442632889809757216e+03	3.203249844242309075e-02
2.444902994725937333e+03	3.203142428286284704e-02
2.447173099642117450e+03	3.203022772360274856e-02
2.449443204558297566e+03	3.202889503772797519e-02
2.451713309474477228e+03	3.202744393598232209e-02
2.453983414390657344e+03	3.202587064526006555e-02
2.456253519306837461e+03	3.202416754237673996e-02
2.458523624223017578e+03	3.202234813060410995e-02
2.460793729139197694e+03	3.202041158927933229e-02
2.463063834055377811e+03	3.201835026613943785e-02
2.465333938971557927e+03	3.201618576897863333e-02
2.467604043887738044e+03	3.201391090311660886e-02
2.469874148803918160e+03	3.201151950071933622e-02
2.472144253720098277e+03	3.200903093450069986e-02
2.474414358636277939e+03	3.200644426409388066e-02
2.476684463552458055e+03	3.200374191902154164e-02
2.478954568468638172e+03	3.200094958581654186e-02
2.481224673384818288e+03	3.199806628798958913e-02
2.483494778300998405e+03	3.199507624871073680e-02
2.485764883217178522e+03	3.199199231643208574e-02
2.488034988133358638e+03	3.198882429141843009e-02
2.490305093049538755e+03	3.198555559650122920e-02
2.492575197965718871e+03	3.198220051611240511e-02
2.494845302881898988e+03	3.197876422843146799e-02
2.497115407798079104e+03	3.197524153386259449e-02
2.499385512714258766e+03	3.197164221589800237e-02
2.501655617630438883e+03	3.196796790194775251e-02
2.503925722546618999e+03	3.196421119481593354e-02
2.506195827462799116e+03	3.196037839867625630e-02
2.508465932378979232e+03	3.195648140887621946e-02
2.510736037295159349e+03	3.195250663472946895e-02
2.513006142211339466e+03	3.194846447133381506e-02
2.515276247127519582e+03	3.194435067290584546e-02
2.517546352043699699e+03	3.194015828705323856e-02
2.519816456959879815e+03	3.193588699714803442e-02
2.522086561876059477e+03	3.193153477662519918e-02
2.524356666792239594e+03	3.192709698964978082e-02
2.526626771708419710e+03	3.192257845064642302e-02
2.528896876624599827e+03	3.191797293517814604e-02
2.531166981540779943e+03	3.191327876565237115e-02
2.533437086456960060e+03	3.190849789958916105e-02
2.535707191373140176e+03	3.190363505794585608e-02
2.537977296289320293e+03	3.189867038091582369e-02
2.540247401205500410e+03	3.189359760509553193e-02
2.542517506121680526e+03	3.188841805449096206e-02
2.544787611037860188e+03	3.188313114120638891e-02
2.547057715954040304e+03	3.187771877588587571e-02
2.549327820870220421e+03	3.187218562400958438e-02
2.551597925786400538e+03	3.186652353941028804e-02
2.553868030702580654e+03	3.186073241674665379e-02
2.556138135618760771e+03	3.185481741102461073e-02
2.558408240534940887e+03	3.184877436139280787e-02
2.560678345451121004e+03	3.184260190847893607e-02
2.562948450367301120e+03	3.183630136458481114e-02
2.565218555283481237e+03	3.182987289112878398e-02
2.567488660199660899e+03	3.182330462181495734e-02
2.569758765115841015e+03	3.181659510699437476e-02
2.572028870032021132e+03	3.180975347845881041e-02
2.574298974948201248e+03	3.180277100839370291e-02
2.576569079864381365e+03	3.179565990955576793e-02
2.578839184780561482e+03	3.178842033380039483e-02
2.581109289696741598e+03	3.178103583153451400e-02
2.583379394612921715e+03	3.177351747519582131e-02
2.585649499529101831e+03	3.176586315174709241e-02
2.587919604445281948e+03	3.175807492381983038e-02
2.590189709361461610e+03	3.175015800407914729e-02
2.592459814277641726e+03	3.174212007982702560e-02
2.594729919193821843e+03	3.173395462429424302e-02
2.597000024110001959e+03	3.172566029455805431e-02
2.599270129026182076e+03	3.171724244914411739e-02
2.601540233942362192e+03	3.170870320365384160e-02
2.603810338858542309e+03	3.170004113605684459e-02
2.606080443774722426e+03	3.169126408350360358e-02
2.608350548690902542e+03	3.168236186344220578e-02
2.610620653607082659e+03	3.167333686393829228e-02
2.612890758523262321e+03	3.166420563578230263e-02
2.615160863439442437e+03	3.165497517694040863e-02
2.617430968355622554e+03	3.164565289524003122e-02
2.619701073271802670e+03	3.163624908947689635e-02
2.621971178187982787e+03	3.162676594415851639e-02
2.624241283104162903e+03	3.161719945350804223e-02
2.626511388020343020e+03	3.160756080631561826e-02
2.628781492936523136e+03	3.159786053520932669e-02
2.631051597852703253e+03	3.158808467347053173e-02
2.633321702768883370e+03	3.157823494417250770e-02
2.635591807685063031e+03	3.156831258418027475e-02
2.637861912601243148e+03	3.155830928038567962e-02
2.640132017517423265e+03	3.154823838374546524e-02
2.642402122433603381e+03	3.153810955969958002e-02
2.644672227349783498e+03	3.152790844287364086e-02
2.646942332265963614e+03	3.151764791016418293e-02
2.649212437182143731e+03	3.150732584303794770e-02
2.651482542098323847e+03	3.149694085469555149e-02
2.653752647014503964e+03	3.148649244848022305e-02
2.656022751930684080e+03	3.147597933496513317e-02
2.658292856846864197e+03	3.146540226746641356e-02
2.660562961763043859e+03	3.145475760615484145e-02
2.662833066679223975e+03	3.144404224933095016e-02
2.665103171595404092e+03	3.143324480513385449e-02
2.667373276511584208e+03	3.142235228004439801e-02
2.669643381427764325e+03	3.141136476757297458e-02
2.671913486343944442e+03	3.140027607634245099e-02
2.674183591260124558e+03	3.138908418964907882e-02
2.676453696176304675e+03	3.137778633323464600e-02
2.678723801092484791e+03	3.136638584775482130e-02
2.680993906008664908e+03	3.135487115834906247e-02
2.683264010924844570e+03	3.134325071094318932e-02
2.685534115841024686e+03	3.133151795368935982e-02
2.687804220757204803e+03	3.131966186894458160e-02
2.690074325673384919e+03	3.130769168023115473e-02
2.692344430589565036e+03	3.129560108573820054e-02
2.694614535505745152e+03	3.128338533287070011e-02
2.696884640421925269e+03	3.127105807391357406e-02
2.699154745338105386e+03	3.125861414092986901e-02
2.701424850254285502e+03	3.124605034552701763e-02
2.703694955170465619e+03	3.123337247826635243e-02
2.705965060086645281e+03	3.122058526067487960e-02
2.708235165002825397e+03	3.120768186019283116e-02
2.710505269919005514e+03	3.119466310163999945e-02
2.712775374835185630e+03	3.118152707056809358e-02
2.715045479751365747e+03	3.116827426141288021e-02
2.717315584667545863e+03	3.115491076788154748e-02
2.719585689583725980e+03	3.114143603181169367e-02
2.721855794499906096e+03	3.112784923994159000e-02
2.724125899416086213e+03	3.111416059682883123e-02
2.726396004332266330e+03	3.110036472810449870e-02
2.728666109248445991e+03	3.108646393364253302e-02
2.730936214164626108e+03	3.107246159885965545e-02
2.733206319080806225e+03	3.105836667422651534e-02
2.735476423996986341e+03	3.104417427534275284e-02
2.737746528913166458e+03	3.102989281626006290e-02
2.740016633829346574e+03	3.101552943958258216e-02
2.742286738745526691e+03	3.100108394189121652e-02
2.744556843661706807e+03	3.098656227946647995e-02
2.746826948577886924e+03	3.097197656894743953e-02
2.749097053494067040e+03	3.095733154279822416e-02
2.751367158410246702e+03	3.094263164093107032e-02
2.753637263326426819e+03	3.092787603242341463e-02
2.755907368242606935e+03	3.091307621052612545e-02
2.758177473158787052e+03	3.089823701738083142e-02
2.760447578074967169e+03	3.088336615188295997e-02
2.762717682991147285e+03	3.086846472092490481e-02
2.764987787907327402e+03	3.085353462770403649e-02
2.767257892823507518e+03	3.083858560213270997e-02
2.769527997739687635e+03	3.082361462036621591e-02
2.771798102655867751e+03	3.080862163891832234e-02
2.774068207572047413e+03	3.079362299845039147e-02
2.776338312488227530e+03	3.077861006159054655e-02
2.778608417404407646e+03	3.076358739611571164e-02
2.780878522320587763e+03	3.074855777294024234e-02
2.783148627236767879e+03	3.073351978967875375e-02
2.785418732152947996e+03	3.071846587481604635e-02
2.787688837069128112e+03	3.070340339172425437e-02
2.789958941985308229e+03	3.068832963453810292e-02
2.792229046901488346e+03	3.067323531356476451e-02
2.794499151817668462e+03	3.065812256161854626e-02
2.796769256733848124e+03	3.064298993326142195e-02
2.799039361650028241e+03	3.062782652156179758e-02
2.801309466566208357e+03	3.061265023389676820e-02
2.803579571482388474e+03	3.059744760291006199e-02
2.805849676398568590e+03	3.058221093492404646e-02
2.808119781314748707e+03	3.056694392880745376e-02
2.810389886230928823e+03	3.055163987924179592e-02
2.812659991147108940e+03	3.053628859118281968e-02
2.814930096063289056e+03	3.052088193063565852e-02
2.817200200979469173e+03	3.050542766305818984e-02
2.819470305895648835e+03	3.048991385011963484e-02
2.821740410811828951e+03	3.047433654704117395e-02
2.824010515728009068e+03	3.045869922414268238e-02
2.826280620644189185e+03	3.044298895720604428e-02
2.828550725560369301e+03	3.042721815433243465e-02
2.830820830476549418e+03	3.041138550808172164e-02
2.833090935392729534e+03	3.039548547371935874e-02
2.835361040308909651e+03	3.037952652402754750e-02
2.837631145225089767e+03	3.036351287044713673e-02
2.839901250141269884e+03	3.034743182334061554e-02
2.842171355057450000e+03	3.033128533589211917e-02
2.844441459973629662e+03	3.031506958103398833e-02
2.846711564889809779e+03	3.029877935232525021e-02
2.848981669805989895e+03	3.028241292365907097e-02
2.851251774722170012e+03	3.026597024201791233e-02
2.853521879638350129e+03	3.024944933406306311e-02
2.855791984554530245e+03	3.023285243726944391e-02
2.858062089470710362e+03	3.021619498329108922e-02
2.860332194386890478e+03	3.019947496756545530e-02
2.862602299303070595e+03	3.018269431094399574e-02
2.864872404219250711e+03	3.016586441691122833e-02
2.867142509135430373e+03	3.014899455683302601e-02
2.869412614051610490e+03	3.013210292533212778e-02
2.871682718967790606e+03	3.011521538576515666e-02
2.873952823883970723e+03	3.009833769851417984e-02
2.876222928800150839e+03	3.008147375072756785e-02
2.878493033716330956e+03	3.006463370889124812e-02
2.880763138632511073e+03	3.004782113563345819e-02
2.883033243548691189e+03	3.003103599575056293e-02
2.885303348464871306e+03	3.001429205278926399e-02
2.887573453381051422e+03	2.999759664600729417e-02
2.889843558297231084e+03	2.998094105426383701e-02
2.892113663213411201e+03	2.996433882476752172e-02
2.894383768129591317e+03	2.994779785159168081e-02
2.896653873045771434e+03	2.993131174546422718e-02
2.898923977961951550e+03	2.991489561698144201e-02
2.901194082878131667e+03	2.989856256649327595e-02
2.903464187794311783e+03	2.988230731389957678e-02
2.905734292710491900e+03	2.986614487623674360e-02
2.908004397626672016e+03	2.985008442558829619e-02
2.910274502542852133e+03	2.983411786533317692e-02
2.912544607459031795e+03	2.981825885177082427e-02
2.914814712375211911e+03	2.980251820882516556e-02
2.917084817291392028e+03	2.978688646165802284e-02
2.919354922207572145e+03	2.977137482126183260e-02
2.921625027123752261e+03	2.975597978438244279e-02
2.923895132039932378e+03	2.974069713927449815e-02
2.926165236956112494e+03	2.972553751767229718e-02
2.928435341872292611e+03	2.971049682557636365e-02
2.930705446788472727e+03	2.969556351957960624e-02
2.932975551704652844e+03	2.968074108428536695e-02
2.935245656620832506e+03	2.966603467178841741e-02
2.937515761537012622e+03	2.965143619709629738e-02
2.939785866453192739e+03	2.963694925190399343e-02
2.942055971369372855e+03	2.962258318482540939e-02
2.944326076285552972e+03	2.960832384305164475e-02
2.946596181201733089e+03	2.959417296218797011e-02
2.948866286117913205e+03	2.958012852548032312e-02
2.951136391034093322e+03	2.956618488225741873e-02
2.953406495950273438e+03	2.955233707954186412e-02
2.955676600866453555e+03	2.953858188657626505e-02
2.957946705782633217e+03	2.952491558318285844e-02
2.960216810698813333e+03	2.951133009478322869e-02
2.962486915614993450e+03	2.949782266370917089e-02
2.964757020531173566e+03	2.948436020614548028e-02
2.967027125447353683e+03	2.947091769725533258e-02
2.969297230363533799e+03	2.945748461339136801e-02
2.971567335279713916e+03	2.944405777023056600e-02
2.973837440195894033e+03	2.943062496200551936e-02
2.976107545112074149e+03	2.941719035479740257e-02
2.978377650028254266e+03	2.940374742365414393e-02
2.980647754944433927e+03	2.939028806948987618e-02
2.982917859860614044e+03	2.937681261051085929e-02
2.985187964776794161e+03	2.936332646288417406e-02
2.987458069692974277e+03	2.934981720168464495e-02
2.989728174609154394e+03	2.933628710121213498e-02
2.991998279525334510e+03	2.932273670827709872e-02
2.994268384441514627e+03	2.930916195274555630e-02
2.996538489357694743e+03	2.929557003571256479e-02
2.998808594273874860e+03	2.928195359243476042e-02
3.001078699190054976e+03	2.926831348480326070e-02
3.003348804106235093e+03	2.925465247011146269e-02
3.005618909022414755e+03	2.924097910778442055e-02
3.007889013938594871e+03	2.922729077608211129e-02
3.010159118854774988e+03	2.921358757447959156e-02
3.012429223770955105e+03	2.919987390493843094e-02
3.014699328687135221e+03	2.918614827663525493e-02
3.016969433603315338e+03	2.917240541285225086e-02
3.019239538519495454e+03	2.915865557718006276e-02
3.021509643435675571e+03	2.914489710397728459e-02
3.023779748351855687e+03	2.913113670767430302e-02
3.026049853268035804e+03	2.911737952711963145e-02
3.028319958184215466e+03	2.910362352813276182e-02
3.030590063100395582e+03	2.908986463476556303e-02
3.032860168016575699e+03	2.907611447207033434e-02
3.035130272932755815e+03	2.906237848114550520e-02
3.037400377848935932e+03	2.904865255928838416e-02
3.039670482765116049e+03	2.903494163831820893e-02
3.041940587681296165e+03	2.902123982967116239e-02
3.044210692597476282e+03	2.900754163009039779e-02
3.046480797513656398e+03	2.899385267176644160e-02
3.048750902429836515e+03	2.898017879913096506e-02
3.051021007346016177e+03	2.896651711174443727e-02
3.053291112262196293e+03	2.895287243976115907e-02
3.055561217178376410e+03	2.893925090651142118e-02
3.057831322094556526e+03	2.892564513814269850e-02
3.060101427010736643e+03	2.891206624426771385e-02
3.062371531926916759e+03	2.889851606873993992e-02
3.064641636843096876e+03	2.888499055845696398e-02
3.066911741759276993e+03	2.887148983496001797e-02
3.069181846675457109e+03	2.885801812217676787e-02
3.071451951591637226e+03	2.884456494519269110e-02
3.073722056507816887e+03	2.883113417548646348e-02
3.075992161423997004e+03	2.881772571002423275e-02
3.078262266340177121e+03	2.880433720875353112e-02
3.080532371256357237e+03	2.879096601131586955e-02
3.082802476172537354e+03	2.877760674644718950e-02
3.085072581088717470e+03	2.876426342834223840e-02
3.087342686004897587e+03	2.875093696158515302e-02
3.089612790921077703e+03	2.873762699749755206e-02
3.091882895837257820e+03	2.872433210490437164e-02
3.094153000753437937e+03	2.871104735522921753e-02
3.096423105669617598e+03	2.869776963628959190e-02
3.098693210585797715e+03	2.868449523795066694e-02
3.100963315501977831e+03	2.867121743157075020e-02
3.103233420418157948e+03	2.865792475626277591e-02
3.105503525334338065e+03	2.864461565776743254e-02
3.107773630250518181e+03	2.863128402792671640e-02
3.110043735166698298e+03	2.861793174661950503e-02
3.112313840082878414e+03	2.860456168056999676e-02
3.114583944999058531e+03	2.859117244301604202e-02
3.116854049915238647e+03	2.857776732122460292e-02
3.119124154831418309e+03	2.856435607646273453e-02
3.121394259747598426e+03	2.855092787940686008e-02
3.123664364663778542e+03	2.853748689753951920e-02
3.125934469579958659e+03	2.852403807500488234e-02
3.128204574496138775e+03	2.851058282520467849e-02
3.130474679412318892e+03	2.849713354038825586e-02
3.132744784328499009e+03	2.848370024048555230e-02
3.135014889244679125e+03	2.847027809725946254e-02
3.137284994160859242e+03	2.845686822387793330e-02
3.139555099077039358e+03	2.844347656715966177e-02
3.141825203993219020e+03	2.843010487236954931e-02
3.144095308909399137e+03	2.841676086732622397e-02
3.146365413825579253e+03	2.840345612331782524e-02
3.148635518741759370e+03	2.839019444105135917e-02
3.150905623657939486e+03	2.837697333337046296e-02
3.153175728574119603e+03	2.836379925926742207e-02
3.155445833490299719e+03	2.835066821359844003e-02
3.157715938406479836e+03	2.833759615605405471e-02
3.159986043322659953e+03	2.832458747939587199e-02
3.162256148238840069e+03	2.831165092473356820e-02
3.164526253155020186e+03	2.829878694839893516e-02
3.166796358071199847e+03	2.828600356746315686e-02
3.169066462987379964e+03	2.827330811648767414e-02
3.171336567903560081e+03	2.826070586767380488e-02
3.173606672819740197e+03	2.824821392080447899e-02
3.175876777735920314e+03	2.823584111740136404e-02
3.178146882652100430e+03	2.822358363770994041e-02
3.180416987568280547e+03	2.821144704968716471e-02
3.182687092484460663e+03	2.819943565813050335e-02
3.184957197400640780e+03	2.818755139322142583e-02
3.187227302316820897e+03	2.817579934104344139e-02
3.189497407233000558e+03	2.816418686493730311e-02
3.191767512149180675e+03	2.815270672664235349e-02
3.194037617065360791e+03	2.814136228532298015e-02
3.196307721981540908e+03	2.813015737096432808e-02
3.198577826897721025e+03	2.811907638892775785e-02
3.200847931813901141e+03	2.810813850844877740e-02
3.203118036730081258e+03	2.809734146441269717e-02
3.205388141646261374e+03	2.808668115661594814e-02
3.207658246562441491e+03	2.807616687562095384e-02
3.209928351478621607e+03	2.806580355038989019e-02
3.212198456394801269e+03	2.805558397328000372e-02
3.214468561310981386e+03	2.804552019072554039e-02
3.216738666227161502e+03	2.803560370978928559e-02
3.219008771143341619e+03	2.802583142344789238e-02
3.221278876059521735e+03	2.801619291282080731e-02
3.223548980975701852e+03	2.800669077327731446e-02
3.225819085891881969e+03	2.799731617402327274e-02
3.228089190808062085e+03	2.798807076112896572e-02
3.230359295724242202e+03	2.797895063109841554e-02
3.232629400640422318e+03	2.796994876188729079e-02
3.234899505556601980e+03	2.796106412993815474e-02
3.237169610472782097e+03	2.795229816092966585e-02
3.239439715388962213e+03	2.794363967237321542e-02
3.241709820305142330e+03	2.793509544261367147e-02
3.243979925221322446e+03	2.792665308618398970e-02
3.246250030137502563e+03	2.791831083981136108e-02
3.248520135053682679e+03	2.791005625616438043e-02
3.250790239969862796e+03	2.790188966801141965e-02
3.253060344886042913e+03	2.789380483959023188e-02
3.255330449802223029e+03	2.788579566696963719e-02
3.257600554718402691e+03	2.787786431629908288e-02
3.259870659634582807e+03	2.787000494021942693e-02
3.262140764550762924e+03	2.786221288607710830e-02
3.264410869466943041e+03	2.785447683145500855e-02
3.266680974383123157e+03	2.784679654155627210e-02
3.268951079299303274e+03	2.783917182185717543e-02
3.271221184215483390e+03	2.783159368763380576e-02
3.273491289131663507e+03	2.782405976484139329e-02
3.275761394047843623e+03	2.781656493789113130e-02
3.278031498964023740e+03	2.780910992705581952e-02
3.280301603880203402e+03	2.780169612785502245e-02
3.282571708796383518e+03	2.779432671104106398e-02
3.284841813712563635e+03	2.778701243894794726e-02
3.287111918628743751e+03	2.777974233348292493e-02
3.289382023544923868e+03	2.777252072884541650e-02
3.291652128461103985e+03	2.776535058170634049e-02
3.293922233377284101e+03	2.775823343566133708e-02
3.296192338293464218e+03	2.775117856127628721e-02
3.298462443209644334e+03	2.774419239014318597e-02
3.300732548125824451e+03	2.773728347266676830e-02
3.303002653042004113e+03	2.773045475654455777e-02
3.305272757958184229e+03	2.772371460786638916e-02
3.307542862874364346e+03	2.771706628165987799e-02
3.309812967790544462e+03	2.771051398698034726e-02
3.312083072706724579e+03	2.770407664436494791e-02
3.314353177622904695e+03	2.769775305453794564e-02
3.316623282539084812e+03	2.769154637470877187e-02
3.318893387455264929e+03	2.768548161920448072e-02
3.321163492371445045e+03	2.767956208977952540e-02
3.323433597287625162e+03	2.767378726017729815e-02
3.325703702203805278e+03	2.766817761425070105e-02
3.327973807119984940e+03	2.766275294740111121e-02
3.330243912036165057e+03	2.765752023005910512e-02
3.332514016952345173e+03	2.765249228665142903e-02
3.334784121868525290e+03	2.764768270426843852e-02
3.337054226784705406e+03	2.764309665151563206e-02
3.339324331700885523e+03	2.763873966988002542e-02
3.341594436617065639e+03	2.763462394582096721e-02
3.343864541533245756e+03	2.763074749222921289e-02
3.346134646449425873e+03	2.762712740134572534e-02
3.348404751365605989e+03	2.762376293014644560e-02
3.350674856281785651e+03	2.762066112849144092e-02
3.352944961197965767e+03	2.761783469148392650e-02
3.355215066114145884e+03	2.761529774260415918e-02
3.357485171030326001e+03	2.761303763328823782e-02
3.359755275946506117e+03	2.761105420440438871e-02
3.362025380862686234e+03	2.760934764551798565e-02
3.364295485778866350e+03	2.760791806178562388e-02
3.366565590695046467e+03	2.760676815880344984e-02
3.368835695611226583e+03	2.760589744300092144e-02
3.371105800527406700e+03	2.760529797611755223e-02
3.373375905443586362e+03	2.760496573347801311e-02
3.375646010359766478e+03	2.760490102696928905e-02
3.377916115275946595e+03	2.760509996517902104e-02
3.380186220192126711e+03	2.760555465293317023e-02
3.382456325108306828e+03	2.760625706237888194e-02
3.384726430024486945e+03	2.760720223688947414e-02
3.386996534940667061e+03	2.760837479283306806e-02
3.389266639856847178e+03	2.760977670519111637e-02
3.391536744773027294e+03	2.761140156985639194e-02
3.393806849689207411e+03	2.761323730743340393e-02
3.396076954605387073e+03	2.761527901728044396e-02
3.398347059521567189e+03	2.761752184900945206e-02
3.400617164437747306e+03	2.761995838931694675e-02
3.402887269353927422e+03	2.762259286812793896e-02
3.405157374270107539e+03	2.762542238857113377e-02
3.407427479186287655e+03	2.762844248539311418e-02
3.409697584102467772e+03	2.763165777356603806e-02
3.411967689018647889e+03	2.763506959315552985e-02
3.414237793934828005e+03	2.763867244545212612e-02
3.416507898851008122e+03	2.764246636694861134e-02
3.418778003767187784e+03	2.764645323972860294e-02
3.421048108683367900e+03	2.765062304385391273e-02
3.423318213599548017e+03	2.765497296298490698e-02
3.425588318515728133e+03	2.765950667054535572e-02
3.427858423431908250e+03	2.766421394420612648e-02
3.430128528348088366e+03	2.766909952332125694e-02
3.432398633264268483e+03	2.767415955398905975e-02
3.434668738180448599e+03	2.767939847012697990e-02
3.436938843096628716e+03	2.768481868471241170e-02
3.439208948012808833e+03	2.769041910484655589e-02
3.441479052928988494e+03	2.769619972213275064e-02
3.443749157845168611e+03	2.770216078989159308e-02
3.446019262761348728e+03	2.770830264144027999e-02
3.448289367677528844e+03	2.771463262657013552e-02
3.450559472593708961e+03	2.772114750523450508e-02
3.452829577509889077e+03	2.772785057227634964e-02
3.455099682426069194e+03	2.773474763768829163e-02
3.457369787342249310e+03	2.774183490039325642e-02
3.459639892258429427e+03	2.774911511717582588e-02
3.461909997174609543e+03	2.775659030440933220e-02
3.464180102090789205e+03	2.776425988342261231e-02
3.466450207006969322e+03	2.777212589709477514e-02
3.468720311923149438e+03	2.778020567227882515e-02
3.470990416839329555e+03	2.778849643332578431e-02
3.473260521755509671e+03	2.779699692670267036e-02
3.475530626671689788e+03	2.780571322178314320e-02
3.477800731587869905e+03	2.781463883764629871e-02
3.480070836504050021e+03	2.782377230841565074e-02
3.482340941420230138e+03	2.783311970548780004e-02
3.484611046336410254e+03	2.784267735137125124e-02
3.486881151252589916e+03	2.785244457612626873e-02
3.489151256168770033e+03	2.786242382130977094e-02
3.491421361084950149e+03	2.787261582855880132e-02
3.493691466001130266e+03	2.788301724993230354e-02
3.495961570917310382e+03	2.789362901532306191e-02
3.498231675833490499e+03	2.790445117133678876e-02
3.500501780749670615e+03	2.791547641843881641e-02
3.502771885665850732e+03	2.792670346562452222e-02
3.505041990582030849e+03	2.793812191729636366e-02
3.507312095498210965e+03	2.794972934309923954e-02
3.509582200414391082e+03	2.796152352113322540e-02
3.511852305330570744e+03	2.797350370889723631e-02
3.514122410246750860e+03	2.798566606006558030e-02
3.516392515162930977e+03	2.799800724538876670e-02
3.518662620079111093e+03	2.801052303913505528e-02
3.520932724995291210e+03	2.802320526167571130e-02
3.523202829911471326e+03	2.803604577644785295e-02
3.525472934827651443e+03	2.804904040583218114e-02
3.527743039743831559e+03	2.806217855637251762e-02
3.530013144660011676e+03	2.807545448386939563e-02
3.532283249576191793e+03	2.808885230676589143e-02
3.534553354492371454e+03	2.810235918754941040e-02
3.536823459408551571e+03	2.811597078265633265e-02
3.539093564324731688e+03	2.812968201893245243e-02
3.541363669240911804e+03	2.814349224206853101e-02
3.543633774157091921e+03	2.815739449136543671e-02
3.545903879073272037e+03	2.817138934652579571e-02
3.548173983989452154e+03	2.818546592915427418e-02
3.550444088905632270e+03	2.819961948309991986e-02
3.552714193821812387e+03	2.821385286246242199e-02
3.554984298737992503e+03	2.822816286214187634e-02
3.557254403654172165e+03	2.824254432432733372e-02
3.559524508570352282e+03	2.825699716722267565e-02
3.561794613486532398e+03	2.827152419379905593e-02
3.564064718402712515e+03	2.828611632885003058e-02
3.566334823318892632e+03	2.830078141676404396e-02
3.568604928235072748e+03	2.831552328186670228e-02
3.570875033151252865e+03	2.833033837821227752e-02
3.573145138067432981e+03	2.834522895168111595e-02
3.575415242983613098e+03	2.836020093282011836e-02
3.577685347899793214e+03	2.837525311995770308e-02
3.579955452815972876e+03	2.839038702433158493e-02
3.582225557732152993e+03	2.840560429223165650e-02
3.584495662648333109e+03	2.842090683344891330e-02
3.586765767564513226e+03	2.843628856657166165e-02
3.589035872480693342e+03	2.845176458831289931e-02
3.591305977396873459e+03	2.846733350184037920e-02
3.593576082313053575e+03	2.848298940841942004e-02
3.595846187229233692e+03	2.849875190380374637e-02
3.598116292145413809e+03	2.851461543995859743e-02
3.600386397061593925e+03	2.853058425991233243e-02
3.602656501977773587e+03	2.854667041294343607e-02
3.604926606893953704e+03	2.856286524107121833e-02
3.607196711810133820e+03	2.857917800268688913e-02
3.609466816726313937e+03	2.859560957349725763e-02
3.611736921642494053e+03	2.861216247891963313e-02
3.614007026558674170e+03	2.862884150108423523e-02
3.616277131474854286e+03	2.864565656602901036e-02
3.618547236391034403e+03	2.866260297672967514e-02
3.620817341307214519e+03	2.867967981743994171e-02
3.623087446223394636e+03	2.869689912410344421e-02
3.625357551139574298e+03	2.871425960751596007e-02
3.627627656055754414e+03	2.873176178256952457e-02
3.629897760971934531e+03	2.874941567679398582e-02
3.632167865888114648e+03	2.876722220200685423e-02
3.634437970804294764e+03	2.878518209531697250e-02
3.636708075720474881e+03	2.880329134445544850e-02
3.638978180636654997e+03	2.882155635675202887e-02
3.641248285552835114e+03	2.883997883869172246e-02
3.643518390469015230e+03	2.885855779912004787e-02
3.645788495385195347e+03	2.887729431134236982e-02
3.648058600301375009e+03	2.889618767857561263e-02
3.650328705217555125e+03	2.891523687199647197e-02
3.652598810133735242e+03	2.893444249648021230e-02
3.654868915049915358e+03	2.895379560169524663e-02
3.657139019966095475e+03	2.897329920028467176e-02
3.659409124882275592e+03	2.899295099191836686e-02
3.661679229798455708e+03	2.901274509523106213e-02
3.663949334714635825e+03	2.903267605102237761e-02
3.666219439630815941e+03	2.905274253149977073e-02
3.668489544546996058e+03	2.907293924621274714e-02
3.670759649463176174e+03	2.909325797131104979e-02
3.673029754379355836e+03	2.911370805365359402e-02
3.675299859295535953e+03	2.913429096642800725e-02
3.677569964211716069e+03	2.915500322077781148e-02
3.679840069127896186e+03	2.917584460797895823e-02
3.682110174044076302e+03	2.919681261913279618e-02
3.684380278960256419e+03	2.921790542230807280e-02
3.686650383876436536e+03	2.923912058175101233e-02
3.688920488792616652e+03	2.926045759077536626e-02
3.691190593708796769e+03	2.928191616758843083e-02
3.693460698624976885e+03	2.930348839863558888e-02
3.695730803541156547e+03	2.932517493601785943e-02
3.698000908457336664e+03	2.934697255590531725e-02
3.700271013373516780e+03	2.936889194738063341e-02
3.702541118289696897e+03	2.939092945545909372e-02
3.704811223205877013e+03	2.941308002316917608e-02
3.707081328122057130e+03	2.943534620649088454e-02
3.709351433038237246e+03	2.945772780174455915e-02
3.711621537954417363e+03	2.948022161359323615e-02
3.713891642870597479e+03	2.950283267268065390e-02
3.716161747786777596e+03	2.952555913528599751e-02
3.718431852702957258e+03	2.954839706249226539e-02
3.720701957619137374e+03	2.957134354313713936e-02
3.722972062535317491e+03	2.959439988177497288e-02
3.725242167451497608e+03	2.961756423354828735e-02
3.727512272367677724e+03	2.964083349680048107e-02
3.729782377283857841e+03	2.966421322095602955e-02
3.732052482200037957e+03	2.968770583632649243e-02
3.734322587116218074e+03	2.971131505579557505e-02
3.736592692032398190e+03	2.973503877973451837e-02
3.738862796948578307e+03	2.975888202558611348e-02
3.741132901864757969e+03	2.978285091560197578e-02
3.743403006780938085e+03	2.980694056369174311e-02
3.745673111697118202e+03	2.983115821568302004e-02
3.747943216613298318e+03	2.985550222781081439e-02
3.750213321529478435e+03	2.987997088052725403e-02
3.752483426445658552e+03	2.990457161238309694e-02
3.754753531361838668e+03	2.992930392689091557e-02
3.757023636278018785e+03	2.995416081781054202e-02
3.759293741194198901e+03	2.997915357635249495e-02
3.761563846110379018e+03	3.000427991814682421e-02
3.763833951026558680e+03	3.002954231588129269e-02
3.766104055942738796e+03	3.005494615784370938e-02
3.768374160858918913e+03	3.008049740692070317e-02
3.770644265775099029e+03	3.010619590635255430e-02
3.772914370691279146e+03	3.013205402216499740e-02
3.775184475607459262e+03	3.015807074199782292e-02
3.777454580523639379e+03	3.018424598870244474e-02
3.779724685439819496e+03	3.021058317252686698e-02
3.781994790355999612e+03	3.023707937024627812e-02
3.784264895272179729e+03	3.026373209660243591e-02
3.786535000188359390e+03	3.029055044952171094e-02
3.788805105104539507e+03	3.031754332510381428e-02
3.791075210020719624e+03	3.034471075444674856e-02
3.793345314936899740e+03	3.037206269477434398e-02
3.795615419853079857e+03	3.039959448337317335e-02
3.797885524769259973e+03	3.042730389135990532e-02
3.800155629685440090e+03	3.045519140514129156e-02
3.802425734601620206e+03	3.048325122520324781e-02
3.804695839517800323e+03	3.051147907200819215e-02
3.806965944433980439e+03	3.053987526787112564e-02
3.809236049350160101e+03	3.056842770994644062e-02
3.811506154266340218e+03	3.059714644063108585e-02
3.813776259182520334e+03	3.062603254443339168e-02
3.816046364098700451e+03	3.065508823547159409e-02
3.818316469014880568e+03	3.068431807753410623e-02
3.820586573931060684e+03	3.071372821684283799e-02
3.822856678847240801e+03	3.074332867933453686e-02
3.825126783763420917e+03	3.077312687837224434e-02
3.827396888679601034e+03	3.080312512582133663e-02
3.829666993595781150e+03	3.083332748874341445e-02
3.831937098511961267e+03	3.086373147705552197e-02
3.834207203428140929e+03	3.089434219960735667e-02
3.836477308344321045e+03	3.092514565854564620e-02
3.838747413260501162e+03	3.095613721328464851e-02
3.841017518176681278e+03	3.098732035771688265e-02
3.843287623092861395e+03	3.101869889152108345e-02
3.845557728009041512e+03	3.105027584941167859e-02
3.847827832925221628e+03	3.108205046211822212e-02
3.850097937841401745e+03	3.111403211109939337e-02
3.852368042757581861e+03	3.114621819158058455e-02
3.854638147673761978e+03	3.117860753821062592e-02
3.856908252589941640e+03	3.121120316610046658e-02
3.859178357506121756e+03	3.124399075320649991e-02
3.861448462422301873e+03	3.127697035720285179e-02
3.863718567338481989e+03	3.131014621587698693e-02
3.865988672254662106e+03	3.134351526630994866e-02
3.868258777170842222e+03	3.137708768215883431e-02
3.870528882087022339e+03	3.141086760772077158e-02
3.872798987003202456e+03	3.144485180398809421e-02
3.875069091919382572e+03	3.147904101969977581e-02
3.877339196835562689e+03	3.151342582663767961e-02
3.879609301751742350e+03	3.154799433302111350e-02
3.881879406667922467e+03	3.158274372239269073e-02
3.884149511584102584e+03	3.161766062192313681e-02
3.886419616500282700e+03	3.165273596927357241e-02
3.888689721416462817e+03	3.168797331079475921e-02
3.890959826332642933e+03	3.172336931763164447e-02
3.893229931248823050e+03	3.175892566807517886e-02
3.895500036165003166e+03	3.179464855671403772e-02
3.897770141081183283e+03	3.183054605806032861e-02
3.900040245997363400e+03	3.186661369277908606e-02
3.902310350913543061e+03	3.190284703546017453e-02
3.904580455829723178e+03	3.193924932523610483e-02
3.906850560745903294e+03	3.197582390455896983e-02
3.909120665662083411e+03	3.201257386727878601e-02
3.911390770578263528e+03	3.204950636975377465e-02
3.913660875494443644e+03	3.208662347940358095e-02
3.915930980410623761e+03	3.212391937094187522e-02
3.918201085326803877e+03	3.216137539842969101e-02
3.920471190242983994e+03	3.219896347943566883e-02
3.922741295159164110e+03	3.223665988324964787e-02
3.925011400075343772e+03	3.227445961200207242e-02
3.927281504991523889e+03	3.231236091513421671e-02
3.929551609907704005e+03	3.235034957703224190e-02
3.931821714823884122e+03	3.238843182512794738e-02
3.934091819740064238e+03	3.242662875750414175e-02
3.936361924656244355e+03	3.246494712713295094e-02
3.938632029572424472e+03	3.250339062701547432e-02
3.940902134488604588e+03	3.254194133028755209e-02
3.943172239404784705e+03	3.258059454019397727e-02
3.945442344320964821e+03	3.261935436497061247e-02
3.947712449237144483e+03	3.265820910715522968e-02
3.949982554153324600e+03	3.269715410688489587e-02
3.952252659069504716e+03	3.273619806211365557e-02
3.954522763985684833e+03	3.277532470761629346e-02
3.956792868901864949e+03	3.281452359654515871e-02
3.959062973818045066e+03	3.285378208455374399e-02
3.961333078734225182e+03	3.289309718740696803e-02
3.963603183650405299e+03	3.293249679073887576e-02
3.965873288566585416e+03	3.297199679180574244e-02
3.968143393482765532e+03	3.301156761061281586e-02
3.970413498398945194e+03	3.305121431163138973e-02
3.972683603315125310e+03	3.309095400168331896e-02
3.974953708231305427e+03	3.313082752004378045e-02
3.977223813147485544e+03	3.317087416611057271e-02
3.979493918063665660e+03	3.321111458850340564e-02
3.981764022979845777e+03	3.325145729100248415e-02
3.984034127896025893e+03	3.329180838285566990e-02
3.986304232812206010e+03	3.333214991478000711e-02
3.988574337728386126e+03	3.337246544801958370e-02
3.990844442644566243e+03	3.341274001923991849e-02
3.993114547560746360e+03	3.345298061399624295e-02
3.995384652476926021e+03	3.349316871843902033e-02
3.997654757393106138e+03	3.353330319546542204e-02
3.999924862309286254e+03	3.357341645833370608e-02
4.002194967225466371e+03	3.361349476054161650e-02
4.004465072141646488e+03	3.365357997127655515e-02
4.006735177057826604e+03	3.369371636820626958e-02
4.009005281974006721e+03	3.373392302480190952e-02
4.011275386890186837e+03	3.377422572714223331e-02
4.013545491806366954e+03	3.381440458451286102e-02
4.015815596722547070e+03	3.385437773581691928e-02
4.018085701638726732e+03	3.389440973562349996e-02
