Tau Allanstd
9.088214932126701839e+00	4.707064540914328993e-02
1.211761990950226853e+01	4.434638433133242935e-02
1.514702488687783521e+01	4.225240225627293483e-02
1.817642986425340368e+01	4.157228270615995896e-02
2.120583484162897037e+01	4.209303818715049578e-02
2.423523981900453705e+01	4.348449398289449402e-02
2.726464479638010374e+01	4.526656448042586794e-02
3.029404977375567043e+01	4.740431717745667572e-02
3.332345475113123712e+01	4.974824591351543340e-02
3.635285972850680736e+01	5.219700254064671419e-02
3.938226470588237049e+01	5.471359774790648250e-02
4.241166968325794073e+01	5.723031853923662288e-02
4.544107466063350387e+01	5.974329772430025248e-02
4.847047963800907411e+01	6.219949337543464324e-02
5.149988461538464435e+01	6.462332111524848877e-02
5.452928959276020748e+01	6.699127493967783897e-02
5.755869457013577772e+01	6.930815606806488283e-02
6.058809954751134086e+01	7.153476836521241444e-02
6.361750452488691110e+01	7.369203872680894774e-02
6.664690950226247423e+01	7.578731608435444744e-02
6.967631447963803737e+01	7.780279696839988157e-02
7.270571945701361471e+01	7.974959029752512474e-02
7.573512443438917785e+01	8.160382790172310274e-02
7.876452941176474098e+01	8.338081925014328988e-02
8.179393438914031833e+01	8.508217938589732188e-02
8.482333936651588147e+01	8.669874419860983117e-02
8.785274434389144460e+01	8.823797057348470307e-02
9.088214932126700774e+01	8.968339035309741414e-02
9.391155429864258508e+01	9.105063597167127598e-02
9.694095927601814822e+01	9.231936705364057749e-02
9.997036425339371135e+01	9.349897822426479765e-02
1.029997692307692887e+02	9.458645286328543067e-02
1.060291742081448518e+02	9.557369330484494219e-02
1.090585791855204150e+02	9.646412505827331452e-02
1.120879841628959781e+02	9.724353512890493434e-02
1.151173891402715554e+02	9.793201732165592033e-02
1.181467941176471186e+02	9.851321887220906848e-02
1.211761990950226817e+02	9.900068867822242602e-02
1.242056040723982591e+02	9.938560429976865673e-02
1.272350090497738222e+02	9.967059345149131833e-02
1.302644140271493995e+02	9.985965349532253954e-02
1.332938190045249485e+02	9.994442769625797029e-02
1.363232239819005258e+02	9.993851025692133960e-02
1.393526289592760747e+02	9.982994954558169209e-02
1.423820339366516521e+02	9.963692354341467661e-02
1.454114389140272294e+02	9.934884872767872632e-02
1.484408438914027784e+02	9.897367377754377749e-02
1.514702488687783557e+02	9.851534080665112769e-02
1.544996538461539330e+02	9.796749589610173614e-02
1.575290588235294820e+02	9.734684369671779691e-02
1.605584638009050593e+02	9.664528571390647305e-02
1.635878687782806367e+02	9.587388723046726124e-02
1.666172737556561856e+02	9.502831505962984482e-02
1.696466787330317629e+02	9.411466846738958392e-02
1.726760837104073403e+02	9.313573607767453022e-02
1.757054886877828892e+02	9.208926514360682436e-02
1.787348936651584665e+02	9.098920307750096859e-02
1.817642986425340155e+02	8.982723561459400596e-02
1.847937036199095928e+02	8.861824242311205913e-02
1.878231085972851702e+02	8.735439403444446305e-02
1.908525135746607191e+02	8.604647601776116428e-02
1.938819185520362964e+02	8.469810255555844380e-02
1.969113235294118738e+02	8.330947780407128855e-02
1.999407285067874227e+02	8.189713985046775946e-02
2.029701334841630000e+02	8.045049630363713955e-02
2.059995384615385774e+02	7.898547976066072618e-02
2.090289434389141263e+02	7.749412666752571177e-02
2.120583484162897037e+02	7.598946000638713560e-02
2.150877533936652526e+02	7.447119124673709512e-02
2.181171583710408299e+02	7.294182132031455656e-02
2.211465633484164073e+02	7.140839072771795748e-02
2.241759683257919562e+02	6.986918485783569222e-02
2.272053733031675335e+02	6.833670211097508940e-02
2.302347782805431109e+02	6.680664744922010234e-02
2.332641832579186598e+02	6.528797644696951452e-02
2.362935882352942372e+02	6.378072753119688743e-02
2.393229932126698145e+02	6.229085575709357447e-02
2.423523981900453634e+02	6.082203948080980999e-02
2.453818031674209408e+02	5.937422761047669167e-02
2.484112081447965181e+02	5.795834916568300826e-02
2.514406131221720671e+02	5.656959452333142069e-02
2.544700180995476444e+02	5.521874626518274293e-02
2.574994230769232217e+02	5.390215332275626742e-02
2.605288280542987991e+02	5.262492895307463447e-02
2.635582330316743196e+02	5.138820937289951402e-02
2.665876380090498969e+02	5.019293432909342767e-02
2.696170429864254743e+02	4.904608145283255449e-02
2.726464479638010516e+02	4.794409061097075486e-02
2.756758529411766290e+02	4.689148952335349396e-02
2.787052579185521495e+02	4.588698630496623049e-02
2.817346628959277268e+02	4.493341103566756561e-02
2.847640678733033042e+02	4.402946193251854740e-02
2.877934728506788815e+02	4.317570741043216115e-02
2.908228778280544589e+02	4.237220259288890234e-02
2.938522828054300362e+02	4.161723978054678724e-02
2.968816877828055567e+02	4.091192201863903116e-02
2.999110927601811341e+02	4.025433228551553166e-02
3.029404977375567114e+02	3.964304973678163535e-02
3.059699027149322887e+02	3.907613107787529655e-02
3.089993076923078661e+02	3.855127593699792660e-02
3.120287126696833866e+02	3.806862597889699301e-02
3.150581176470589639e+02	3.762556518658516369e-02
3.180875226244345413e+02	3.722069851061277773e-02
3.211169276018101186e+02	3.685056645970945927e-02
3.241463325791856960e+02	3.651358088588765871e-02
3.271757375565612733e+02	3.620736388613503276e-02
3.302051425339367938e+02	3.593021245685201065e-02
3.332345475113123712e+02	3.567838412668168646e-02
3.362639524886879485e+02	3.544993730659205811e-02
3.392933574660635259e+02	3.524279515347838315e-02
3.423227624434391032e+02	3.505498067854868893e-02
3.453521674208146806e+02	3.488437163539132024e-02
3.483815723981902011e+02	3.472957164051452411e-02
3.514109773755657784e+02	3.458907925846796405e-02
3.544403823529413557e+02	3.446054970903002224e-02
3.574697873303169331e+02	3.434275756431315330e-02
3.604991923076925104e+02	3.423347231460981133e-02
3.635285972850680309e+02	3.413223890149688633e-02
3.665580022624436083e+02	3.403821565581825054e-02
3.695874072398191856e+02	3.394955653331890172e-02
3.726168122171947630e+02	3.386611264974656588e-02
3.756462171945703403e+02	3.378688689985087645e-02
3.786756221719459177e+02	3.371189117798063795e-02
3.817050271493214382e+02	3.363961094943145741e-02
3.847344321266970155e+02	3.356935797518661307e-02
3.877638371040725929e+02	3.350165988187062821e-02
3.907932420814481702e+02	3.343583332753473358e-02
3.938226470588237476e+02	3.337247884529782882e-02
3.968520520361992681e+02	3.330993020558155326e-02
3.998814570135748454e+02	3.324954098917200923e-02
4.029108619909504228e+02	3.319000626436177659e-02
4.059402669683260001e+02	3.313185041486658294e-02
4.089696719457015774e+02	3.307468313079981598e-02
4.119990769230771548e+02	3.301836228548313962e-02
4.150284819004526753e+02	3.296346345029467495e-02
4.180578868778282526e+02	3.290969367744916996e-02
4.210872918552038300e+02	3.285685978615224268e-02
4.241166968325794073e+02	3.280550902429252291e-02
4.271461018099549847e+02	3.275537154735801149e-02
4.301755067873305052e+02	3.270664281833448456e-02
4.332049117647060825e+02	3.265959015501776475e-02
4.362343167420816599e+02	3.261430956019382293e-02
4.392637217194572372e+02	3.257048262675209943e-02
4.422931266968328146e+02	3.252806110719969751e-02
4.453225316742083919e+02	3.248742883790625702e-02
4.483519366515839124e+02	3.244908031575138851e-02
4.513813416289594898e+02	3.241229996529195606e-02
4.544107466063350671e+02	3.237786508278318182e-02
4.574401515837106444e+02	3.234580330815248206e-02
4.604695565610862218e+02	3.231659898262752295e-02
4.634989615384617991e+02	3.228962520289457849e-02
4.665283665158373196e+02	3.226521760579984660e-02
4.695577714932128970e+02	3.224337114763028284e-02
4.725871764705884743e+02	3.222417295936572806e-02
4.756165814479640517e+02	3.220806924752245975e-02
4.786459864253396290e+02	3.219493469414489578e-02
4.816753914027151495e+02	3.218456230224344544e-02
4.847047963800907269e+02	3.217742388703209028e-02
4.877342013574663042e+02	3.217328576255557709e-02
4.907636063348418816e+02	3.217235654356837005e-02
4.937930113122174589e+02	3.217472665124150588e-02
4.968224162895930363e+02	3.218048167587699709e-02
4.998518212669685568e+02	3.218977634426087309e-02
5.028812262443441341e+02	3.220231375651288336e-02
5.059106312217197114e+02	3.221822753855542454e-02
5.089400361990952888e+02	3.223712341096068856e-02
5.119694411764708661e+02	3.225921100732250663e-02
5.149988461538464435e+02	3.228452667776214591e-02
5.180282511312219640e+02	3.231279837520902032e-02
5.210576561085975982e+02	3.234417372042518862e-02
5.240870610859731187e+02	3.237816363639171857e-02
5.271164660633486392e+02	3.241512590573875086e-02
5.301458710407242734e+02	3.245493605046140956e-02
5.331752760180997939e+02	3.249747790184247948e-02
5.362046809954754281e+02	3.254290961255348891e-02
5.392340859728509486e+02	3.259074372966425798e-02
5.422634909502264691e+02	3.264124575831598568e-02
5.452928959276021033e+02	3.269419126941278120e-02
5.483223009049776238e+02	3.274961508745573291e-02
5.513517058823532579e+02	3.280739681495589005e-02
5.543811108597287785e+02	3.286728553015615117e-02
5.574105158371042990e+02	3.292939826009251558e-02
5.604399208144799331e+02	3.299336167913716894e-02
5.634693257918554536e+02	3.305946116592093503e-02
5.664987307692310878e+02	3.312703290500984554e-02
5.695281357466066083e+02	3.319629177336293896e-02
5.725575407239822425e+02	3.326699049024705451e-02
5.755869457013577630e+02	3.333906802075106007e-02
5.786163506787332835e+02	3.341230237720830415e-02
5.816457556561089177e+02	3.348639662502483211e-02
5.846751606334844382e+02	3.356126531556343634e-02
5.877045656108600724e+02	3.363663031497048095e-02
5.907339705882355929e+02	3.371258309079867843e-02
5.937633755656111134e+02	3.378853914872639169e-02
5.967927805429867476e+02	3.386450289607158270e-02
5.998221855203622681e+02	3.394040805470326105e-02
6.028515904977379023e+02	3.401602893232420766e-02
6.058809954751134228e+02	3.409122550357884113e-02
6.089104004524889433e+02	3.416598617334203059e-02
6.119398054298645775e+02	3.424012816178514940e-02
6.149692104072400980e+02	3.431328328409012640e-02
6.179986153846157322e+02	3.438554116858084930e-02
6.210280203619912527e+02	3.445654521275325760e-02
6.240574253393667732e+02	3.452618207565046754e-02
6.270868303167424074e+02	3.459449647267685835e-02
6.301162352941179279e+02	3.466127802537849467e-02
6.331456402714935621e+02	3.472675035256374970e-02
6.361750452488690826e+02	3.479068029585184046e-02
6.392044502262447168e+02	3.485314394962198137e-02
6.422338552036202373e+02	3.491417853814896693e-02
6.452632601809957578e+02	3.497368238705478999e-02
6.482926651583713920e+02	3.503158151024864803e-02
6.513220701357469125e+02	3.508788553035271235e-02
6.543514751131225466e+02	3.514295247321107263e-02
6.573808800904980671e+02	3.519668624089759834e-02
6.604102850678735876e+02	3.524908964351863849e-02
6.634396900452492218e+02	3.530034000402686861e-02
6.664690950226247423e+02	3.535044897973502187e-02
6.694985000000003765e+02	3.539937019565603249e-02
6.725279049773758970e+02	3.544721063708612674e-02
6.755573099547514175e+02	3.549410327721365388e-02
6.785867149321270517e+02	3.554007711306399891e-02
6.816161199095025722e+02	3.558542188926091393e-02
6.846455248868782064e+02	3.563032886888793660e-02
6.876749298642537269e+02	3.567491432596801154e-02
6.907043348416293611e+02	3.571923169851749791e-02
6.937337398190048816e+02	3.576319980894745315e-02
6.967631447963804021e+02	3.580700523923389250e-02
6.997925497737560363e+02	3.585054117394567003e-02
7.028219547511315568e+02	3.589389267306988124e-02
7.058513597285071910e+02	3.593688880127031415e-02
7.088807647058827115e+02	3.597985263984102011e-02
7.119101696832582320e+02	3.602272151190752392e-02
7.149395746606338662e+02	3.606569355876741712e-02
7.179689796380093867e+02	3.610865901878024947e-02
7.209983846153850209e+02	3.615167307003207958e-02
7.240277895927605414e+02	3.619472761277781753e-02
7.270571945701360619e+02	3.623780417181081404e-02
7.300865995475116961e+02	3.628106420077552297e-02
7.331160045248872166e+02	3.632456100932712068e-02
7.361454095022628508e+02	3.636814403214934377e-02
7.391748144796383713e+02	3.641186571244070525e-02
7.422042194570138918e+02	3.645591405219273523e-02
7.452336244343895260e+02	3.650012516939122459e-02
7.482630294117650465e+02	3.654442728434549592e-02
7.512924343891406807e+02	3.658891642409073386e-02
7.543218393665162012e+02	3.663357113115542352e-02
7.573512443438918353e+02	3.667828112390612155e-02
7.603806493212673558e+02	3.672303472251343265e-02
7.634100542986428763e+02	3.676779604659346362e-02
7.664394592760185105e+02	3.681278007891321952e-02
7.694688642533940310e+02	3.685810595951457408e-02
7.724982692307696652e+02	3.690340475742379112e-02
7.755276742081451857e+02	3.694860823273196648e-02
7.785570791855207062e+02	3.699373094416754520e-02
7.815864841628963404e+02	3.703871781549238074e-02
7.846158891402718609e+02	3.708339227051819093e-02
7.876452941176474951e+02	3.712778474899963710e-02
7.906746990950230156e+02	3.717196384516406604e-02
7.937041040723985361e+02	3.721607693361223684e-02
7.967335090497741703e+02	3.725996581591538986e-02
7.997629140271496908e+02	3.730383807871298640e-02
8.027923190045253250e+02	3.734748794387240944e-02
8.058217239819008455e+02	3.739108834741170645e-02
8.088511289592764797e+02	3.743437676021617311e-02
8.118805339366520002e+02	3.747716603979535377e-02
8.149099389140275207e+02	3.751942164035183824e-02
8.179393438914031549e+02	3.756095034836407637e-02
8.209687488687786754e+02	3.760182044972962961e-02
8.239981538461543096e+02	3.764219666115512647e-02
8.270275588235298301e+02	3.768207635006978057e-02
8.300569638009053506e+02	3.772191162859959285e-02
8.330863687782809848e+02	3.776105263267024587e-02
8.361157737556565053e+02	3.779939110369948119e-02
8.391451787330321395e+02	3.783696037668546341e-02
8.421745837104076600e+02	3.787358239617159839e-02
8.452039886877831805e+02	3.790930816076350240e-02
8.482333936651588147e+02	3.794402451436584833e-02
8.512627986425343352e+02	3.797796232340405059e-02
8.542922036199099693e+02	3.801084182723710875e-02
8.573216085972854899e+02	3.804287072159438093e-02
8.603510135746610104e+02	3.807378348604412155e-02
8.633804185520366445e+02	3.810337953429154823e-02
8.664098235294121650e+02	3.813198261996206262e-02
8.694392285067877992e+02	3.815952528279304562e-02
8.724686334841633197e+02	3.818616448434295624e-02
8.754980384615389539e+02	3.821184695319383012e-02
8.785274434389144744e+02	3.823651283243958976e-02
8.815568484162899949e+02	3.826024947069313342e-02
8.845862533936656291e+02	3.828294365690899231e-02
8.876156583710411496e+02	3.830479227269544679e-02
8.906450633484167838e+02	3.832569721246292804e-02
8.936744683257923043e+02	3.834571112987254088e-02
8.967038733031678248e+02	3.836475565744486282e-02
8.997332782805434590e+02	3.838277189271211559e-02
9.027626832579189795e+02	3.839985016400818824e-02
9.057920882352946137e+02	3.841596189067816164e-02
9.088214932126701342e+02	3.843116725516510651e-02
9.118508981900456547e+02	3.844536681010394391e-02
9.148803031674212889e+02	3.845864531361441879e-02
9.179097081447968094e+02	3.847077443144439335e-02
9.209391131221724436e+02	3.848187164472524624e-02
9.239685180995479641e+02	3.849178349153067891e-02
9.269979230769235983e+02	3.850054538483395350e-02
9.300273280542991188e+02	3.850809340329540420e-02
9.330567330316746393e+02	3.851455677313594256e-02
9.360861380090502735e+02	3.852007689756058173e-02
9.391155429864257940e+02	3.852457504754175366e-02
9.421449479638014282e+02	3.852819384034727318e-02
9.451743529411769487e+02	3.853075703582437006e-02
9.482037579185524692e+02	3.853238792069044183e-02
9.512331628959281034e+02	3.853301947937166211e-02
9.542625678733036239e+02	3.853256446453036388e-02
9.572919728506792580e+02	3.853100613558215620e-02
9.603213778280547785e+02	3.852833896435624295e-02
9.633507828054302990e+02	3.852472975090012741e-02
9.663801877828059332e+02	3.852012917685507937e-02
9.694095927601814537e+02	3.851467729475357288e-02
9.724389977375570879e+02	3.850834175059554554e-02
9.754684027149326084e+02	3.850118692237701479e-02
9.784978076923081289e+02	3.849315453450383867e-02
9.815272126696837631e+02	3.848419605017776302e-02
9.845566176470592836e+02	3.847444444000965719e-02
9.875860226244349178e+02	3.846385942417577392e-02
9.906154276018104383e+02	3.845258403862249902e-02
9.936448325791860725e+02	3.844050813908438113e-02
9.966742375565615930e+02	3.842781578265942050e-02
9.997036425339371135e+02	3.841437691789443415e-02
1.002733047511312748e+03	3.840024734223954073e-02
1.005762452488688268e+03	3.838538027709865325e-02
1.008791857466063902e+03	3.836975200067770098e-02
1.011821262443439423e+03	3.835351197583945076e-02
1.014850667420814943e+03	3.833658606714988176e-02
1.017880072398190578e+03	3.831906216736317289e-02
1.020909477375566098e+03	3.830090952442873065e-02
1.023938882352941732e+03	3.828218805109781520e-02
1.026968287330317253e+03	3.826292567828568775e-02
1.029997692307692887e+03	3.824310562463679314e-02
1.033027097285068294e+03	3.822286560257919658e-02
1.036056502262443928e+03	3.820213008876817418e-02
1.039085907239819562e+03	3.818108346830959010e-02
1.042115312217195196e+03	3.815961897169443257e-02
1.045144717194570603e+03	3.813777216041871337e-02
1.048174122171946237e+03	3.811563991239828864e-02
1.051203527149321872e+03	3.809320181957232682e-02
1.054232932126697278e+03	3.807072607157260119e-02
1.057262337104072913e+03	3.804793552850758293e-02
1.060291742081448547e+03	3.802502641734130384e-02
1.063321147058823954e+03	3.800175418689726026e-02
1.066350552036199588e+03	3.797822221173722396e-02
1.069379957013575222e+03	3.795438582487262874e-02
1.072409361990950856e+03	3.793021839385185556e-02
1.075438766968326263e+03	3.790583383062562373e-02
1.078468171945701897e+03	3.788117333942160603e-02
1.081497576923077531e+03	3.785635484591961392e-02
1.084526981900452938e+03	3.783127208373038980e-02
1.087556386877828572e+03	3.780602141136697736e-02
1.090585791855204207e+03	3.778047251725481087e-02
1.093615196832579841e+03	3.775466965406384240e-02
1.096644601809955248e+03	3.772884808447355548e-02
1.099674006787330882e+03	3.770270581043324437e-02
1.102703411764706516e+03	3.767632499504725008e-02
1.105732816742081923e+03	3.764963197863192834e-02
1.108762221719457557e+03	3.762272079843313050e-02
1.111791626696833191e+03	3.759549291775615698e-02
1.114821031674208598e+03	3.756799682937124463e-02
1.117850436651584232e+03	3.754021784645958371e-02
1.120879841628959866e+03	3.751203382922271845e-02
1.123909246606335500e+03	3.748354100501355424e-02
1.126938651583710907e+03	3.745467200492032939e-02
1.129968056561086541e+03	3.742563811484675429e-02
1.132997461538462176e+03	3.739638128303514331e-02
1.136026866515837582e+03	3.736688726025270274e-02
1.139056271493213217e+03	3.733742011627073920e-02
1.142085676470588851e+03	3.730781423578996558e-02
1.145115081447964485e+03	3.727807445478886761e-02
1.148144486425339892e+03	3.724813805556526081e-02
1.151173891402715526e+03	3.721806304314537184e-02
1.154203296380091160e+03	3.718774519271560164e-02
1.157232701357466567e+03	3.715728490103901993e-02
1.160262106334842201e+03	3.712665440744668255e-02
1.163291511312217835e+03	3.709589733184560228e-02
1.166320916289593242e+03	3.706502757408723647e-02
1.169350321266968876e+03	3.703402400331711614e-02
1.172379726244344511e+03	3.700313819901129148e-02
1.175409131221720145e+03	3.697233744633098701e-02
1.178438536199095552e+03	3.694160709745670373e-02
1.181467941176471186e+03	3.691096788198339196e-02
1.184497346153846820e+03	3.688033951932440796e-02
1.187526751131222227e+03	3.684971199503127293e-02
1.190556156108597861e+03	3.681898651882906104e-02
1.193585561085973495e+03	3.678840803333069398e-02
1.196614966063349129e+03	3.675792131271263252e-02
1.199644371040724536e+03	3.672757092154411984e-02
1.202673776018100170e+03	3.669726383029527778e-02
1.205703180995475805e+03	3.666704747834916706e-02
1.208732585972851211e+03	3.663701175392010401e-02
1.211761990950226846e+03	3.660706831973969261e-02
1.214791395927602480e+03	3.657731513560482511e-02
1.217820800904977887e+03	3.654770662227094929e-02
1.220850205882353521e+03	3.651826276402415916e-02
1.223879610859729155e+03	3.648894799297141417e-02
1.226909015837104789e+03	3.645982726929847956e-02
1.229938420814480196e+03	3.643088616638134186e-02
1.232967825791855830e+03	3.640214867657804582e-02
1.235997230769231464e+03	3.637368552152372286e-02
1.239026635746606871e+03	3.634550783212072561e-02
1.242056040723982505e+03	3.631762636756167423e-02
1.245085445701358140e+03	3.629004159166599602e-02
1.248114850678733546e+03	3.626281604554874860e-02
1.251144255656109181e+03	3.623605466977598832e-02
1.254173660633484815e+03	3.620977814856644189e-02
1.257203065610860449e+03	3.618398960124961927e-02
1.260232470588235856e+03	3.615869136603662437e-02
1.263261875565611490e+03	3.613380115096494899e-02
1.266291280542987124e+03	3.610931830271303655e-02
1.269320685520362531e+03	3.608528995638612957e-02
1.272350090497738165e+03	3.606175946483242134e-02
1.275379495475113799e+03	3.603865720592399485e-02
1.278408900452489434e+03	3.601597357103562824e-02
1.281438305429864840e+03	3.599361415137060372e-02
1.284467710407240475e+03	3.597160531727329469e-02
1.287497115384616109e+03	3.594988637761470374e-02
1.290526520361991516e+03	3.592851299854740027e-02
1.293555925339367150e+03	3.590731789338267449e-02
1.296585330316742784e+03	3.588633843532338524e-02
1.299614735294118191e+03	3.586560837481317376e-02
1.302644140271493825e+03	3.584509088036862828e-02
1.305673545248869459e+03	3.582479260121501641e-02
1.308702950226245093e+03	3.580472399559533891e-02
1.311732355203620500e+03	3.578490652681987766e-02
1.314761760180996134e+03	3.576529230991176006e-02
1.317791165158371768e+03	3.574585968947845832e-02
1.320820570135747175e+03	3.572665210371993305e-02
1.323849975113122809e+03	3.570765756746564074e-02
1.326879380090498444e+03	3.568886682586683984e-02
1.329908785067874078e+03	3.567024637332397163e-02
1.332938190045249485e+03	3.565184890837663073e-02
1.335967595022625119e+03	3.563367538119486394e-02
1.338997000000000753e+03	3.561572129159382843e-02
1.342026404977376160e+03	3.559795441012597594e-02
1.345055809954751794e+03	3.558039843508856853e-02
1.348085214932127428e+03	3.556305558736314737e-02
1.351114619909502835e+03	3.554589578870347155e-02
1.354144024886878469e+03	3.552893910706477615e-02
1.357173429864254103e+03	3.551217560849927873e-02
1.360202834841629738e+03	3.549566901681263514e-02
1.363232239819005144e+03	3.547940192774563795e-02
1.366261644796380779e+03	3.546343484314307126e-02
1.369291049773756413e+03	3.544781424251831209e-02
1.372320454751131820e+03	3.543250216239102190e-02
1.375349859728507454e+03	3.541754066007745533e-02
1.378379264705883088e+03	3.540295268643076088e-02
1.381408669683258722e+03	3.538882032862515625e-02
1.384438074660634129e+03	3.537514097900249649e-02
1.387467479638009763e+03	3.536195967719814315e-02
1.390496884615385397e+03	3.534925188133691831e-02
1.393526289592760804e+03	3.533701604882470704e-02
1.396555694570136438e+03	3.532528130977798803e-02
1.399585099547512073e+03	3.531402927697615407e-02
1.402614504524887479e+03	3.530329538663245365e-02
1.405643909502263114e+03	3.529310438386489696e-02
1.408673314479638748e+03	3.528337600195850104e-02
1.411702719457014382e+03	3.527408811139109285e-02
1.414732124434389789e+03	3.526525056529583591e-02
1.417761529411765423e+03	3.525686813473588588e-02
1.420790934389141057e+03	3.524893757234987685e-02
1.423820339366516464e+03	3.524151494831764125e-02
1.426849744343892098e+03	3.523455431419326295e-02
1.429879149321267732e+03	3.522807317610530953e-02
1.432908554298643367e+03	3.522201744593293077e-02
1.435937959276018773e+03	3.521641319431978445e-02
1.438967364253394408e+03	3.521124497152530036e-02
1.441996769230770042e+03	3.520649129635228247e-02
1.445026174208145449e+03	3.520216834283878410e-02
1.448055579185521083e+03	3.519819082336959892e-02
1.451084984162896717e+03	3.519456353087576511e-02
1.454114389140272124e+03	3.519129648650179409e-02
1.457143794117647758e+03	3.518836095718073931e-02
1.460173199095023392e+03	3.518583707983912595e-02
1.463202604072399026e+03	3.518361437830139909e-02
1.466232009049774433e+03	3.518174877021441882e-02
1.469261414027150067e+03	3.518021614912008460e-02
1.472290819004525702e+03	3.517899267781852274e-02
1.475320223981901108e+03	3.517809341896322578e-02
1.478349628959276743e+03	3.517749770537843129e-02
1.481379033936652377e+03	3.517724736840697336e-02
1.484408438914027784e+03	3.517727603322937796e-02
1.487437843891403418e+03	3.517759830571880186e-02
1.490467248868779052e+03	3.517817687692208206e-02
1.493496653846154686e+03	3.517905055227833755e-02
1.496526058823530093e+03	3.518021430442248854e-02
1.499555463800905727e+03	3.518161456845193824e-02
1.502584868778281361e+03	3.518338355993023275e-02
1.505614273755656768e+03	3.518544594425492000e-02
1.508643678733032402e+03	3.518783484177446380e-02
1.511673083710408036e+03	3.519051702874663456e-02
1.514702488687783671e+03	3.519347604408823438e-02
1.517731893665159077e+03	3.519670599559731466e-02
1.520761298642534712e+03	3.520023020765282451e-02
1.523790703619910346e+03	3.520404048311513712e-02
1.526820108597285753e+03	3.520813052252959319e-02
1.529849513574661387e+03	3.521248236985628083e-02
1.532878918552037021e+03	3.521716450180583519e-02
1.535908323529412428e+03	3.522213098384120028e-02
1.538937728506788062e+03	3.522737195964111001e-02
1.541967133484163696e+03	3.523291001138947193e-02
1.544996538461539330e+03	3.523874144436420219e-02
1.548025943438914737e+03	3.524487282288191192e-02
1.551055348416290371e+03	3.525130662215376215e-02
1.554084753393666006e+03	3.525804338675813526e-02
1.557114158371041412e+03	3.526506627328856308e-02
1.560143563348417047e+03	3.527243413824913965e-02
1.563172968325792681e+03	3.528006196552578577e-02
1.566202373303168315e+03	3.528797944405877296e-02
1.569231778280543722e+03	3.529623575155392545e-02
1.572261183257919356e+03	3.530480448316360848e-02
1.575290588235294990e+03	3.531366845032490875e-02
1.578319993212670397e+03	3.532285002257463252e-02
1.581349398190046031e+03	3.533231865106068598e-02
1.584378803167421665e+03	3.534206116218397559e-02
1.587408208144797072e+03	3.535209961777963789e-02
1.590437613122172706e+03	3.536246876334222383e-02
1.593467018099548341e+03	3.537319422145696751e-02
1.596496423076923975e+03	3.538427425099945067e-02
1.599525828054299382e+03	3.539568825433737215e-02
1.602555233031675016e+03	3.540741273490473351e-02
1.605584638009050650e+03	3.541943053779589290e-02
1.608614042986426057e+03	3.543178319305513579e-02
1.611643447963801691e+03	3.544449081466162499e-02
1.614672852941177325e+03	3.545750597676140120e-02
1.617702257918552959e+03	3.547089192463775270e-02
1.620731662895928366e+03	3.548460033465691832e-02
1.623761067873304000e+03	3.549864702703146163e-02
1.626790472850679635e+03	3.551297363847979310e-02
1.629819877828055041e+03	3.552757401950255162e-02
1.632849282805430676e+03	3.554246843456381616e-02
1.635878687782806310e+03	3.555761749619672230e-02
1.638908092760181717e+03	3.557305362532191262e-02
1.641937497737557351e+03	3.558877413011095336e-02
1.644966902714932985e+03	3.560476339573907106e-02
1.647996307692308619e+03	3.562104866673518333e-02
1.651025712669684026e+03	3.563759418063720125e-02
1.654055117647059660e+03	3.565442379748529761e-02
1.657084522624435294e+03	3.567152134256709045e-02
1.660113927601810701e+03	3.568890367978084371e-02
1.663143332579186335e+03	3.570651070609349303e-02
1.666172737556561970e+03	3.572435703008257357e-02
1.669202142533937376e+03	3.574243836812902170e-02
1.672231547511313011e+03	3.576072300696299389e-02
1.675260952488688645e+03	3.577926030000664476e-02
1.678290357466064279e+03	3.579805167823638112e-02
1.681319762443439686e+03	3.581710691513456668e-02
1.684349167420815320e+03	3.583640253582415225e-02
1.687378572398190954e+03	3.585593907115679213e-02
1.690407977375566361e+03	3.587570742906157767e-02
1.693437382352941995e+03	3.589568692916067505e-02
1.696466787330317629e+03	3.591591416314245111e-02
1.699496192307693264e+03	3.593631506219682747e-02
1.702525597285068670e+03	3.595692038589951706e-02
1.705555002262444305e+03	3.597768816975573797e-02
1.708584407239819939e+03	3.599863004572288749e-02
1.711613812217195346e+03	3.601972280952395883e-02
1.714643217194570980e+03	3.604093338720645162e-02
1.717672622171946614e+03	3.606235459282427364e-02
1.720702027149322021e+03	3.608389158602327146e-02
1.723731432126697655e+03	3.610559921634693553e-02
1.726760837104073289e+03	3.612743016675924734e-02
1.729790242081448923e+03	3.614940483468947335e-02
1.732819647058824330e+03	3.617151570747192957e-02
1.735849052036199964e+03	3.619377619435735355e-02
1.738878457013575598e+03	3.621621493613542964e-02
1.741907861990951005e+03	3.623875589678557385e-02
1.744937266968326639e+03	3.626148883546444213e-02
1.747966671945702274e+03	3.628439201663870989e-02
1.750996076923077908e+03	3.630747171929547823e-02
1.754025481900453315e+03	3.633072508655130900e-02
1.757054886877828949e+03	3.635411372389650564e-02
1.760084291855204583e+03	3.637760855120233949e-02
1.763113696832579990e+03	3.640118857982883177e-02
1.766143101809955624e+03	3.642486829357786948e-02
1.769172506787331258e+03	3.644863417547812567e-02
1.772201911764706665e+03	3.647250378316668762e-02
1.775231316742082299e+03	3.649651947558898296e-02
1.778260721719457933e+03	3.652066094520148298e-02
1.781290126696833568e+03	3.654494993939223779e-02
1.784319531674208974e+03	3.656937440085697433e-02
1.787348936651584609e+03	3.659393882402044162e-02
1.790378341628960243e+03	3.661854911263159179e-02
1.793407746606335650e+03	3.664327421934893136e-02
1.796437151583711284e+03	3.666805889970584098e-02
1.799466556561086918e+03	3.669289982199629846e-02
1.802495961538462552e+03	3.671779962057663410e-02
1.805525366515837959e+03	3.674276734746365070e-02
1.808554771493213593e+03	3.676780099776021798e-02
1.811584176470589227e+03	3.679285445316590047e-02
1.814613581447964634e+03	3.681793801907277952e-02
1.817642986425340268e+03	3.684307423510507079e-02
1.820672391402715903e+03	3.686829894454207029e-02
1.823701796380091309e+03	3.689356382339019358e-02
1.826731201357466944e+03	3.691887670440048563e-02
1.829760606334842578e+03	3.694426590893056667e-02
1.832790011312218212e+03	3.696968403315739615e-02
1.835819416289593619e+03	3.699520570949660359e-02
1.838848821266969253e+03	3.702075605909245504e-02
1.841878226244344887e+03	3.704632039405092447e-02
1.844907631221720294e+03	3.707194081300002608e-02
1.847937036199095928e+03	3.709760960618144199e-02
1.850966441176471562e+03	3.712328665841534842e-02
1.853995846153847197e+03	3.714897579843071118e-02
1.857025251131222603e+03	3.717469670521205555e-02
1.860054656108598238e+03	3.720043323914397349e-02
1.863084061085973872e+03	3.722617546641199260e-02
1.866113466063349279e+03	3.725187954504202703e-02
1.869142871040724913e+03	3.727754360350924584e-02
1.872172276018100547e+03	3.730318013923301923e-02
1.875201680995475954e+03	3.732875258805099655e-02
1.878231085972851588e+03	3.735431182787635890e-02
1.881260490950227222e+03	3.737982769890965673e-02
1.884289895927602856e+03	3.740529072019557755e-02
1.887319300904978263e+03	3.743068468498140372e-02
1.890348705882353897e+03	3.745604343966978805e-02
1.893378110859729532e+03	3.748133621055782516e-02
1.896407515837104938e+03	3.750656721795690013e-02
1.899436920814480573e+03	3.753175093455619199e-02
1.902466325791856207e+03	3.755692367144960325e-02
1.905495730769231614e+03	3.758205986840180285e-02
1.908525135746607248e+03	3.760714829068245030e-02
1.911554540723982882e+03	3.763217111803153492e-02
1.914583945701358516e+03	3.765712641150235213e-02
1.917613350678733923e+03	3.768201078912179758e-02
1.920642755656109557e+03	3.770682020977365184e-02
1.923672160633485191e+03	3.773157295728812172e-02
1.926701565610860598e+03	3.775627848586236845e-02
1.929730970588236232e+03	3.778091203754147670e-02
1.932760375565611866e+03	3.780547924077126004e-02
1.935789780542987501e+03	3.783000837581240727e-02
1.938819185520362907e+03	3.785449928554665555e-02
1.941848590497738542e+03	3.787890360439339493e-02
1.944877995475114176e+03	3.790321641960258531e-02
1.947907400452489583e+03	3.792744656491323085e-02
1.950936805429865217e+03	3.795156822328842050e-02
1.953966210407240851e+03	3.797558511834055184e-02
1.956995615384616258e+03	3.799949615641676215e-02
1.960025020361991892e+03	3.802329908022417798e-02
1.963054425339367526e+03	3.804697747934618346e-02
1.966083830316743160e+03	3.807051186612519372e-02
1.969113235294118567e+03	3.809391873616888718e-02
1.972142640271494201e+03	3.811722656154346162e-02
1.975172045248869836e+03	3.814043466566557905e-02
1.978201450226245242e+03	3.816351159299307544e-02
1.981230855203620877e+03	3.818644261780593241e-02
1.984260260180996511e+03	3.820921474485926284e-02
1.987289665158372145e+03	3.823182786669816757e-02
1.990319070135747552e+03	3.825426230062510535e-02
1.993348475113123186e+03	3.827653182851895042e-02
1.996377880090498820e+03	3.829863005265313897e-02
1.999407285067874227e+03	3.832056104677583619e-02
2.002436690045249861e+03	3.834231251630056125e-02
2.005466095022625495e+03	3.836390829333034130e-02
2.008495500000000902e+03	3.838532100270319880e-02
2.011524904977376536e+03	3.840654048093647410e-02
2.014554309954752171e+03	3.842756029030303805e-02
2.017583714932127805e+03	3.844837490766257054e-02
2.020613119909503212e+03	3.846897854022123669e-02
2.023642524886878846e+03	3.848938195898717746e-02
2.026671929864254480e+03	3.850959476481165961e-02
2.029701334841629887e+03	3.852964165987367989e-02
2.032730739819005521e+03	3.854951719229257612e-02
2.035760144796381155e+03	3.856921217906313093e-02
2.038789549773756789e+03	3.858871961567647557e-02
2.041818954751132196e+03	3.860806401195780030e-02
2.044848359728507830e+03	3.862723109479990202e-02
2.047877764705883465e+03	3.864620379362703612e-02
2.050907169683258871e+03	3.866499680823549945e-02
2.053936574660634506e+03	3.868363663515313189e-02
2.056965979638010140e+03	3.870213574106328575e-02
2.059995384615385774e+03	3.872053564054760838e-02
2.063024789592761408e+03	3.873886296892745801e-02
2.066054194570136588e+03	3.875713150537492269e-02
2.069083599547512222e+03	3.877528814946956670e-02
2.072113004524887856e+03	3.879331489271763134e-02
2.075142409502263490e+03	3.881121742954146692e-02
2.078171814479639124e+03	3.882899953266968907e-02
2.081201219457014759e+03	3.884663162397288677e-02
2.084230624434390393e+03	3.886416189208716926e-02
2.087260029411765572e+03	3.888164726627059420e-02
2.090289434389141206e+03	3.889909750951029560e-02
2.093318839366516841e+03	3.891652266556384215e-02
2.096348244343892475e+03	3.893393230272474553e-02
2.099377649321268109e+03	3.895130851672074651e-02
2.102407054298643743e+03	3.896858013389922076e-02
2.105436459276019377e+03	3.898571671798137239e-02
2.108465864253394557e+03	3.900269553045522530e-02
2.111495269230770191e+03	3.901953761022470407e-02
2.114524674208145825e+03	3.903622983834629384e-02
2.117554079185521459e+03	3.905272819659367373e-02
2.120583484162897093e+03	3.906900728096020931e-02
2.123612889140272728e+03	3.908503692052719275e-02
2.126642294117647907e+03	3.910078984733415114e-02
2.129671699095023541e+03	3.911624928315878685e-02
2.132701104072399175e+03	3.913143428837362325e-02
2.135730509049774810e+03	3.914636871522636508e-02
2.138759914027150444e+03	3.916102301550040271e-02
2.141789319004526078e+03	3.917539585762218335e-02
2.144818723981901712e+03	3.918951819435978479e-02
2.147848128959276892e+03	3.920332658221442612e-02
2.150877533936652526e+03	3.921678415812714091e-02
2.153906938914028160e+03	3.922991246593842546e-02
2.156936343891403794e+03	3.924270631749242344e-02
2.159965748868779428e+03	3.925516405381627993e-02
2.162995153846155063e+03	3.926727112739545472e-02
2.166024558823530697e+03	3.927906539557807913e-02
2.169053963800905876e+03	3.929057565260617169e-02
2.172083368778281510e+03	3.930176185191134458e-02
2.175112773755657145e+03	3.931259091258614002e-02
2.178142178733032779e+03	3.932308402386986562e-02
2.181171583710408413e+03	3.933325628440327570e-02
2.184200988687784047e+03	3.934315038731300840e-02
2.187230393665159681e+03	3.935282988943576699e-02
2.190259798642534861e+03	3.936236069386958580e-02
2.193289203619910495e+03	3.937181976075475320e-02
2.196318608597286129e+03	3.938120578237885860e-02
2.199348013574661763e+03	3.939049786679014314e-02
2.202377418552037398e+03	3.939962767920117404e-02
2.205406823529413032e+03	3.940854989456133578e-02
2.208436228506788666e+03	3.941720110067026966e-02
2.211465633484163845e+03	3.942554709024424786e-02
2.214495038461539480e+03	3.943359911244980615e-02
2.217524443438915114e+03	3.944133173483868604e-02
2.220553848416290748e+03	3.944876500690098348e-02
2.223583253393666382e+03	3.945592422176728842e-02
2.226612658371042016e+03	3.946280506148116402e-02
2.229642063348417196e+03	3.946939645706443178e-02
2.232671468325792830e+03	3.947571910853767130e-02
2.235700873303168464e+03	3.948177323657418164e-02
2.238730278280544098e+03	3.948752296685319185e-02
2.241759683257919733e+03	3.949300937595461025e-02
2.244789088235295367e+03	3.949819624924372913e-02
2.247818493212671001e+03	3.950308625759861580e-02
2.250847898190046180e+03	3.950770242827784245e-02
2.253877303167421815e+03	3.951204654534609673e-02
2.256906708144797449e+03	3.951611162787365544e-02
2.259936113122173083e+03	3.951986080681064301e-02
2.262965518099548717e+03	3.952332953809745142e-02
2.265994923076924351e+03	3.952648057865962988e-02
2.269024328054299986e+03	3.952925749963719787e-02
2.272053733031675165e+03	3.953163084603392163e-02
2.275083138009050799e+03	3.953359015214751027e-02
2.278112542986426433e+03	3.953513641619321728e-02
2.281141947963802068e+03	3.953626864735248353e-02
2.284171352941177702e+03	3.953700055688761511e-02
2.287200757918553336e+03	3.953733591994892244e-02
2.290230162895928970e+03	3.953722548252298907e-02
2.293259567873304150e+03	3.953667578365068630e-02
2.296288972850679784e+03	3.953569476079211303e-02
2.299318377828055418e+03	3.953428847118961587e-02
2.302347782805431052e+03	3.953241101633214738e-02
2.305377187782806686e+03	3.953009528815271123e-02
2.308406592760182320e+03	3.952732280933857201e-02
2.311435997737557500e+03	3.952407800306937530e-02
2.314465402714933134e+03	3.952038510969601431e-02
2.317494807692308768e+03	3.951623417461914978e-02
2.320524212669684402e+03	3.951163960902676769e-02
2.323553617647060037e+03	3.950662868129216354e-02
2.326583022624435671e+03	3.950116762460362946e-02
2.329612427601811305e+03	3.949526599392420845e-02
2.332641832579186485e+03	3.948893743565665831e-02
2.335671237556562119e+03	3.948219526932410239e-02
2.338700642533937753e+03	3.947504825035041964e-02
2.341730047511313387e+03	3.946750399557005101e-02
2.344759452488689021e+03	3.945956427644894959e-02
2.347788857466064655e+03	3.945123393732326289e-02
2.350818262443440290e+03	3.944248891738721258e-02
2.353847667420815469e+03	3.943331958736753795e-02
2.356877072398191103e+03	3.942370695031444106e-02
2.359906477375566737e+03	3.941367074714487856e-02
2.362935882352942372e+03	3.940320413529271176e-02
2.365965287330318006e+03	3.939231028012986358e-02
2.368994692307693640e+03	3.938099425349290972e-02
2.372024097285069274e+03	3.936925624659115552e-02
2.375053502262444454e+03	3.935707788676542224e-02
2.378082907239820088e+03	3.934449872509942353e-02
2.381112312217195722e+03	3.933152313252788468e-02
2.384141717194571356e+03	3.931813860778731601e-02
2.387171122171946990e+03	3.930433436175258255e-02
2.390200527149322625e+03	3.929012089242652633e-02
2.393229932126698259e+03	3.927550553853846604e-02
2.396259337104073438e+03	3.926047278205310048e-02
2.399288742081449072e+03	3.924502220889455884e-02
2.402318147058824707e+03	3.922915393992279509e-02
2.405347552036200341e+03	3.921286420926343302e-02
2.408376957013575975e+03	3.919612843797114221e-02
2.411406361990951609e+03	3.917894691873528845e-02
2.414435766968326789e+03	3.916130899432773704e-02
2.417465171945702423e+03	3.914322176538995168e-02
2.420494576923078057e+03	3.912469996982753662e-02
2.423523981900453691e+03	3.910573899583424246e-02
2.426553386877829325e+03	3.908633708889734659e-02
2.429582791855204960e+03	3.906649198253141914e-02
2.432612196832580594e+03	3.904620126097603505e-02
2.435641601809955773e+03	3.902545730325687745e-02
2.438671006787331407e+03	3.900424889040192411e-02
2.441700411764707042e+03	3.898257286545779576e-02
2.444729816742082676e+03	3.896043260993359986e-02
2.447759221719458310e+03	3.893781703016899187e-02
2.450788626696833944e+03	3.891469835939462968e-02
2.453818031674209578e+03	3.889109841975708914e-02
2.456847436651584758e+03	3.886700681042670052e-02
2.459876841628960392e+03	3.884244390199412256e-02
2.462906246606336026e+03	3.881738708963961004e-02
2.465935651583711660e+03	3.879183789731243531e-02
2.468965056561087295e+03	3.876582116703434361e-02
2.471994461538462929e+03	3.873934705351680940e-02
2.475023866515838563e+03	3.871243484817823294e-02
2.478053271493213742e+03	3.868508447730407973e-02
2.481082676470589377e+03	3.865727499898272829e-02
2.484112081447965011e+03	3.862902692793650922e-02
2.487141486425340645e+03	3.860032272734908315e-02
2.490170891402716279e+03	3.857118460099116797e-02
2.493200296380091913e+03	3.854161179948276117e-02
2.496229701357467093e+03	3.851160883329161899e-02
2.499259106334842727e+03	3.848116748524013642e-02
2.502288511312218361e+03	3.845030201380929963e-02
2.505317916289593995e+03	3.841900070766215980e-02
2.508347321266969630e+03	3.838727144296605331e-02
2.511376726244345264e+03	3.835511868354897491e-02
2.514406131221720898e+03	3.832255715454639666e-02
2.517435536199096077e+03	3.828957127701086011e-02
2.520464941176471712e+03	3.825614035416915332e-02
2.523494346153847346e+03	3.822227052310127327e-02
2.526523751131222980e+03	3.818795537278446561e-02
2.529553156108598614e+03	3.815321251122085616e-02
2.532582561085974248e+03	3.811803623791483464e-02
2.535611966063349882e+03	3.808243818479878362e-02
2.538641371040725062e+03	3.804642944930167192e-02
2.541670776018100696e+03	3.801000893830869254e-02
2.544700180995476330e+03	3.797319168143879070e-02
2.547729585972851964e+03	3.793595221578055510e-02
2.550758990950227599e+03	3.789829594063841983e-02
2.553788395927603233e+03	3.786019060764923838e-02
2.556817800904978867e+03	3.782166045580118846e-02
2.559847205882354046e+03	3.778267974081687269e-02
2.562876610859729681e+03	3.774324536234677230e-02
2.565906015837105315e+03	3.770335127030300520e-02
2.568935420814480949e+03	3.766295120532089230e-02
2.571964825791856583e+03	3.762206056181924274e-02
2.574994230769232217e+03	3.758065927134324191e-02
2.578023635746607852e+03	3.753873480580286609e-02
2.581053040723983031e+03	3.749628599485443220e-02
2.584082445701358665e+03	3.745332221543934414e-02
2.587111850678734299e+03	3.740984257556445591e-02
2.590141255656109934e+03	3.736582037320841654e-02
2.593170660633485568e+03	3.732125200933241599e-02
2.596200065610861202e+03	3.727611705090648486e-02
2.599229470588236381e+03	3.723040841663509404e-02
2.602258875565612016e+03	3.718410863914155956e-02
2.605288280542987650e+03	3.713726109743984566e-02
2.608317685520363284e+03	3.708983207381175845e-02
2.611347090497738918e+03	3.704180517279771767e-02
2.614376495475114552e+03	3.699323613875222377e-02
2.617405900452490187e+03	3.694410741815790100e-02
2.620435305429865366e+03	3.689440956439784397e-02
2.623464710407241000e+03	3.684412809565445340e-02
2.626494115384616634e+03	3.679329903400285762e-02
2.629523520361992269e+03	3.674190029152423626e-02
2.632552925339367903e+03	3.668998553792348488e-02
2.635582330316743537e+03	3.663760753815104715e-02
2.638611735294119171e+03	3.658477894628910793e-02
2.641641140271494351e+03	3.653153645921548842e-02
2.644670545248869985e+03	3.647798786770374557e-02
2.647699950226245619e+03	3.642428428589523925e-02
2.650729355203621253e+03	3.637042462306448037e-02
2.653758760180996887e+03	3.631643826198825697e-02
2.656788165158372522e+03	3.626229470427158597e-02
2.659817570135748156e+03	3.620798542298506173e-02
2.662846975113123335e+03	3.615354591476373919e-02
2.665876380090498969e+03	3.609894205364735931e-02
2.668905785067874604e+03	3.604418342245645224e-02
2.671935190045250238e+03	3.598929603239792857e-02
2.674964595022625872e+03	3.593428686861363519e-02
2.677994000000001506e+03	3.587913863968743983e-02
2.681023404977376686e+03	3.582385350100428245e-02
2.684052809954752320e+03	3.576840183324485334e-02
2.687082214932127954e+03	3.571278505708641582e-02
2.690111619909503588e+03	3.565702428667661544e-02
2.693141024886879222e+03	3.560109556514753221e-02
2.696170429864254857e+03	3.554502468874060073e-02
2.699199834841630491e+03	3.548881464865628887e-02
2.702229239819005670e+03	3.543245888480777567e-02
2.705258644796381304e+03	3.537594711956480037e-02
2.708288049773756939e+03	3.531925921756524922e-02
2.711317454751132573e+03	3.526239290893784517e-02
2.714346859728508207e+03	3.520530414425613458e-02
2.717376264705883841e+03	3.514802317209428373e-02
2.720405669683259475e+03	3.509053701826929383e-02
2.723435074660634655e+03	3.503283645709431848e-02
2.726464479638010289e+03	3.497490604378455936e-02
2.729493884615385923e+03	3.491676190543376024e-02
2.732523289592761557e+03	3.485840807431626193e-02
2.735552694570137191e+03	3.479979267630370354e-02
2.738582099547512826e+03	3.474094250601648254e-02
2.741611504524888460e+03	3.468184199895381348e-02
2.744640909502263639e+03	3.462249972099862988e-02
2.747670314479639273e+03	3.456291687322037010e-02
2.750699719457014908e+03	3.450308864258471581e-02
2.753729124434390542e+03	3.444304779698861840e-02
2.756758529411766176e+03	3.438273588670108516e-02
2.759787934389141810e+03	3.432219006552820334e-02
2.762817339366517444e+03	3.426138844030390818e-02
2.765846744343892624e+03	3.420033213292932722e-02
2.768876149321268258e+03	3.413903546771109021e-02
2.771905554298643892e+03	3.407750611185017542e-02
2.774934959276019526e+03	3.401576332390220808e-02
2.777964364253395161e+03	3.395377549821160940e-02
2.780993769230770795e+03	3.389157890001191775e-02
2.784023174208145974e+03	3.382917024217437646e-02
2.787052579185521608e+03	3.376656031974660521e-02
2.790081984162897243e+03	3.370375915254864713e-02
2.793111389140272877e+03	3.364076557251817479e-02
2.796140794117648511e+03	3.357761068345647276e-02
2.799170199095024145e+03	3.351428530722391774e-02
2.802199604072399779e+03	3.345080149124908531e-02
2.805229009049774959e+03	3.338716662118049877e-02
2.808258414027150593e+03	3.332339189409558311e-02
2.811287819004526227e+03	3.325946649733136501e-02
2.814317223981901861e+03	3.319537130789453755e-02
2.817346628959277496e+03	3.313113709720343081e-02
2.820376033936653130e+03	3.306672579431035874e-02
2.823405438914028764e+03	3.300216671463505891e-02
2.826434843891403943e+03	3.293745725523895135e-02
2.829464248868779578e+03	3.287263205663902566e-02
2.832493653846155212e+03	3.280770151578802502e-02
2.835523058823530846e+03	3.274265307577588213e-02
2.838552463800906480e+03	3.267750153260275819e-02
2.841581868778282114e+03	3.261223602071528643e-02
2.844611273755657749e+03	3.254684988582959987e-02
2.847640678733032928e+03	3.248132271686998696e-02
2.850670083710408562e+03	3.241566751279836844e-02
2.853699488687784196e+03	3.234988724541548732e-02
2.856728893665159831e+03	3.228398808263906183e-02
2.859758298642535465e+03	3.221797320736945885e-02
2.862787703619911099e+03	3.215182727446463246e-02
2.865817108597286733e+03	3.208556728019180265e-02
2.868846513574661913e+03	3.201916440282974452e-02
2.871875918552037547e+03	3.195262178560294430e-02
2.874905323529413181e+03	3.188592225489510906e-02
2.877934728506788815e+03	3.181906270780021639e-02
2.880964133484164449e+03	3.175205363231629191e-02
2.883993538461540084e+03	3.168487952066772334e-02
2.887022943438915263e+03	3.161755970081284173e-02
2.890052348416290897e+03	3.155009113731279541e-02
2.893081753393666531e+03	3.148248764444185055e-02
2.896111158371042166e+03	3.141476485797364132e-02
2.899140563348417800e+03	3.134692808037693040e-02
2.902169968325793434e+03	3.127899026385851100e-02
2.905199373303169068e+03	3.121095659826501195e-02
2.908228778280544248e+03	3.114287472071042631e-02
2.911258183257919882e+03	3.107473802504566451e-02
2.914287588235295516e+03	3.100656015001659882e-02
2.917316993212671150e+03	3.093836219025374035e-02
2.920346398190046784e+03	3.087016968034959549e-02
2.923375803167422418e+03	3.080200583464956163e-02
2.926405208144798053e+03	3.073386939109181218e-02
2.929434613122173232e+03	3.066578658616040190e-02
2.932464018099548866e+03	3.059775445199522034e-02
2.935493423076924500e+03	3.052980024991050131e-02
2.938522828054300135e+03	3.046193630067169783e-02
2.941552233031675769e+03	3.039417737719144613e-02
2.944581638009051403e+03	3.032651403502285847e-02
2.947611042986427037e+03	3.025894550948518558e-02
2.950640447963802217e+03	3.019147575560948704e-02
2.953669852941177851e+03	3.012409398303698624e-02
2.956699257918553485e+03	3.005681782218545123e-02
2.959728662895929119e+03	2.998961055101998993e-02
2.962758067873304753e+03	2.992248362169059109e-02
2.965787472850680388e+03	2.985540359923177789e-02
2.968816877828055567e+03	2.978831838932064283e-02
2.971846282805431201e+03	2.972122814095013235e-02
2.974875687782806835e+03	2.965409720292971549e-02
2.977905092760182470e+03	2.958694499589458946e-02
2.980934497737558104e+03	2.951974935132253147e-02
2.983963902714933738e+03	2.945251228463501014e-02
2.986993307692309372e+03	2.938521870194133953e-02
2.990022712669684552e+03	2.931787213755660676e-02
2.993052117647060186e+03	2.925048599003561220e-02
2.996081522624435820e+03	2.918303963534728263e-02
2.999110927601811454e+03	2.911554697455520993e-02
3.002140332579187088e+03	2.904798203330932749e-02
3.005169737556562723e+03	2.898033417401931627e-02
3.008199142533938357e+03	2.891257182586473920e-02
3.011228547511313536e+03	2.884470728364383132e-02
3.014257952488689170e+03	2.877675177258886760e-02
3.017287357466064805e+03	2.870869559096450238e-02
3.020316762443440439e+03	2.864055660101025302e-02
3.023346167420816073e+03	2.857233530720431139e-02
3.026375572398191707e+03	2.850404979896714597e-02
3.029404977375567341e+03	2.843567244977846659e-02
3.032434382352942521e+03	2.836722253049891659e-02
3.035463787330318155e+03	2.829870330632201780e-02
3.038493192307693789e+03	2.823010382355502917e-02
3.041522597285069423e+03	2.816145469249509495e-02
3.044552002262445058e+03	2.809272466712925062e-02
3.047581407239820692e+03	2.802393312783756432e-02
3.050610812217196326e+03	2.795505083311930830e-02
3.053640217194571505e+03	2.788609602055831457e-02
3.056669622171947140e+03	2.781709734981852034e-02
3.059699027149322774e+03	2.774804684626632281e-02
3.062728432126698408e+03	2.767898144054877288e-02
3.065757837104074042e+03	2.760987955628719029e-02
3.068787242081449676e+03	2.754075854543124730e-02
3.071816647058824856e+03	2.747161366970399254e-02
3.074846052036200490e+03	2.740246124719039958e-02
3.077875457013576124e+03	2.733327711209906224e-02
3.080904861990951758e+03	2.726407013643025040e-02
3.083934266968327393e+03	2.719486679726473843e-02
3.086963671945703027e+03	2.712563161669086231e-02
3.089993076923078661e+03	2.705638367549292184e-02
3.093022481900453840e+03	2.698710118264241453e-02
3.096051886877829475e+03	2.691778630235090036e-02
3.099081291855205109e+03	2.684844777246083239e-02
3.102110696832580743e+03	2.677908558590597760e-02
3.105140101809956377e+03	2.670970249898356116e-02
3.108169506787332011e+03	2.664029944017863583e-02
3.111198911764707645e+03	2.657089921645708688e-02
3.114228316742082825e+03	2.650150617965905606e-02
3.117257721719458459e+03	2.643211790142407577e-02
3.120287126696834093e+03	2.636269989837813563e-02
3.123316531674209727e+03	2.629326679127020477e-02
3.126345936651585362e+03	2.622380442309214452e-02
3.129375341628960996e+03	2.615429281634887651e-02
3.132404746606336630e+03	2.608474238765518677e-02
3.135434151583711810e+03	2.601513656676025799e-02
3.138463556561087444e+03	2.594549545840142343e-02
3.141492961538463078e+03	2.587578782335199848e-02
3.144522366515838712e+03	2.580602298535017089e-02
3.147551771493214346e+03	2.573620065375094995e-02
3.150581176470589980e+03	2.566631537190744439e-02
3.153610581447965160e+03	2.559636150112137853e-02
3.156639986425340794e+03	2.552633839413817954e-02
3.159669391402716428e+03	2.545626589726887948e-02
3.162698796380092062e+03	2.538608332925751387e-02
3.165728201357467697e+03	2.531578275325642099e-02
3.168757606334843331e+03	2.524533988791732506e-02
3.171787011312218965e+03	2.517474160308731668e-02
3.174816416289594144e+03	2.510398776123709194e-02
3.177845821266969779e+03	2.503307423358310316e-02
3.180875226244345413e+03	2.496203067920574337e-02
3.183904631221721047e+03	2.489083028458996191e-02
3.186934036199096681e+03	2.481951114569932657e-02
3.189963441176472315e+03	2.474808367847352100e-02
3.192992846153847950e+03	2.467657840747164433e-02
3.196022251131223129e+03	2.460501574571340860e-02
3.199051656108598763e+03	2.453340647491180845e-02
3.202081061085974397e+03	2.446177493105879119e-02
3.205110466063350032e+03	2.439013993214748585e-02
3.208139871040725666e+03	2.431852179123294641e-02
3.211169276018101300e+03	2.424692470905803407e-02
3.214198680995476934e+03	2.417535719800055841e-02
3.217228085972852114e+03	2.410382988204054500e-02
3.220257490950227748e+03	2.403233946263599180e-02
3.223286895927603382e+03	2.396091049720630237e-02
3.226316300904979016e+03	2.388953828251148132e-02
3.229345705882354650e+03	2.381824015157196078e-02
3.232375110859730285e+03	2.374701036551547101e-02
3.235404515837105919e+03	2.367586540581945176e-02
3.238433920814481098e+03	2.360482102867256932e-02
3.241463325791856732e+03	2.353386825103901542e-02
3.244492730769232367e+03	2.346301754643390081e-02
3.247522135746608001e+03	2.339227461095682095e-02
3.250551540723983635e+03	2.332164663763721529e-02
3.253580945701359269e+03	2.325114466425790699e-02
3.256610350678734449e+03	2.318077729738853010e-02
3.259639755656110083e+03	2.311054422448855297e-02
3.262669160633485717e+03	2.304043832237574752e-02
3.265698565610861351e+03	2.297046115125719531e-02
3.268727970588236985e+03	2.290058088642801110e-02
3.271757375565612620e+03	2.283079996294699876e-02
3.274786780542988254e+03	2.276110325792106426e-02
3.277816185520363433e+03	2.269150825037156288e-02
3.280845590497739067e+03	2.262201421380974700e-02
3.283874995475114702e+03	2.255260540071787195e-02
3.286904400452490336e+03	2.248327269844678858e-02
3.289933805429865970e+03	2.241400001923895408e-02
3.292963210407241604e+03	2.234479580127170240e-02
3.295992615384617238e+03	2.227564443394201496e-02
3.299022020361992418e+03	2.220655156909509195e-02
3.302051425339368052e+03	2.213750442769308810e-02
3.305080830316743686e+03	2.206850976760935112e-02
3.308110235294119320e+03	2.199957202805745415e-02
3.311139640271494955e+03	2.193068513893262420e-02
3.314169045248870589e+03	2.186185907901999279e-02
3.317198450226246223e+03	2.179309274785385525e-02
3.320227855203621402e+03	2.172440256182086443e-02
3.323257260180997037e+03	2.165577952804544071e-02
3.326286665158372671e+03	2.158723749418483759e-02
3.329316070135748305e+03	2.151879748062505981e-02
3.332345475113123939e+03	2.145046842936964779e-02
3.335374880090499573e+03	2.138227138377165812e-02
3.338404285067874753e+03	2.131421059629530490e-02
3.341433690045250387e+03	2.124631134273014324e-02
3.344463095022626021e+03	2.117857623224788863e-02
3.347492500000001655e+03	2.111101619184867217e-02
3.350521904977377289e+03	2.104365008105456292e-02
3.353551309954752924e+03	2.097648284497876867e-02
3.356580714932128558e+03	2.090953126545281454e-02
3.359610119909503737e+03	2.084279605967319371e-02
3.362639524886879371e+03	2.077630318256862285e-02
3.365668929864255006e+03	2.071006343161588270e-02
3.368698334841630640e+03	2.064408740379496468e-02
3.371727739819006274e+03	2.057839368658671494e-02
3.374757144796381908e+03	2.051298880040760414e-02
3.377786549773757542e+03	2.044789372407109992e-02
3.380815954751132722e+03	2.038310952151101835e-02
3.383845359728508356e+03	2.031866432787182361e-02
3.386874764705883990e+03	2.025455688177659266e-02
3.389904169683259624e+03	2.019081594742726249e-02
3.392933574660635259e+03	2.012744983352635075e-02
3.395962979638010893e+03	2.006445921254884981e-02
3.398992384615386527e+03	2.000189041139727175e-02
3.402021789592761706e+03	1.993979463146971012e-02
3.405051194570137341e+03	1.987822572597306922e-02
3.408080599547512975e+03	1.981718650252554600e-02
3.411110004524888609e+03	1.975668375981331701e-02
3.414139409502264243e+03	1.969670303082784318e-02
3.417168814479639877e+03	1.963723842915702025e-02
3.420198219457015512e+03	1.957827986925519612e-02
3.423227624434390691e+03	1.951981753983885598e-02
3.426257029411766325e+03	1.946185196299733342e-02
3.429286434389141959e+03	1.940435208664926733e-02
3.432315839366517594e+03	1.934732134886746682e-02
3.435345244343893228e+03	1.929075579594044174e-02
3.438374649321268862e+03	1.923464725135871217e-02
3.441404054298644041e+03	1.917899467596929919e-02
3.444433459276019676e+03	1.912378945746667086e-02
3.447462864253395310e+03	1.906903524248756282e-02
3.450492269230770944e+03	1.901472548943219931e-02
3.453521674208146578e+03	1.896087270310116771e-02
3.456551079185522212e+03	1.890747831404339732e-02
3.459580484162897847e+03	1.885453701639061910e-02
3.462609889140273026e+03	1.880205986881624755e-02
3.465639294117648660e+03	1.875004697959126859e-02
3.468668699095024294e+03	1.869849842543835558e-02
3.471698104072399929e+03	1.864740505823081831e-02
3.474727509049775563e+03	1.859678202898102511e-02
3.477756914027151197e+03	1.854662621358738744e-02
3.480786319004526831e+03	1.849694878658810979e-02
3.483815723981902011e+03	1.844774991454486285e-02
3.486845128959277645e+03	1.839904265932655256e-02
3.489874533936653279e+03	1.835084426932078946e-02
3.492903938914028913e+03	1.830314537977591888e-02
3.495933343891404547e+03	1.825594423996374990e-02
3.498962748868780182e+03	1.820924547123695114e-02
3.501992153846155816e+03	1.816306002754041957e-02
3.505021558823530995e+03	1.811740365179041745e-02
3.508050963800906629e+03	1.807228405596924756e-02
3.511080368778282264e+03	1.802771571248929991e-02
3.514109773755657898e+03	1.798370468317000634e-02
3.517139178733033532e+03	1.794025307289628599e-02
3.520168583710409166e+03	1.789736408714939081e-02
3.523197988687784800e+03	1.785504143054794657e-02
3.526227393665159980e+03	1.781327165494332732e-02
3.529256798642535614e+03	1.777206537448997384e-02
3.532286203619911248e+03	1.773142885044572473e-02
3.535315608597286882e+03	1.769135423541041280e-02
3.538345013574662516e+03	1.765183977091184381e-02
3.541374418552038151e+03	1.761288425170439570e-02
3.544403823529413330e+03	1.757449194879006152e-02
3.547433228506788964e+03	1.753665161571503484e-02
3.550462633484164598e+03	1.749936539506940711e-02
3.553492038461540233e+03	1.746263494936275279e-02
3.556521443438915867e+03	1.742646218283357140e-02
3.559550848416291501e+03	1.739084313565921261e-02
3.562580253393667135e+03	1.735576896754031234e-02
3.565609658371042315e+03	1.732125073026259329e-02
3.568639063348417949e+03	1.728728740503774480e-02
3.571668468325793583e+03	1.725389262825481260e-02
3.574697873303169217e+03	1.722105479935224018e-02
3.577727278280544851e+03	1.718877840297015902e-02
3.580756683257920486e+03	1.715706003963018283e-02
3.583786088235296120e+03	1.712588529865122222e-02
3.586815493212671299e+03	1.709525308434000496e-02
3.589844898190046933e+03	1.706515035395907501e-02
3.592874303167422568e+03	1.703557454813922276e-02
3.595903708144798202e+03	1.700651583546840956e-02
3.598933113122173836e+03	1.697796452143458812e-02
3.601962518099549470e+03	1.694988932093107262e-02
3.604991923076925104e+03	1.692228371591460515e-02
3.608021328054300284e+03	1.689514823327445056e-02
3.611050733031675918e+03	1.686847668599088246e-02
3.614080138009051552e+03	1.684225708855743853e-02
3.617109542986427186e+03	1.681648129116699447e-02
3.620138947963802821e+03	1.679116073047223767e-02
3.623168352941178455e+03	1.676628886534679494e-02
3.626197757918553634e+03	1.674185121421160535e-02
3.629227162895929268e+03	1.671781320379652977e-02
3.632256567873304903e+03	1.669417092611387085e-02
3.635285972850680537e+03	1.667092887611925506e-02
3.638315377828056171e+03	1.664805858492020285e-02
3.641344782805431805e+03	1.662557704801665218e-02
3.644374187782807439e+03	1.660346965225591859e-02
3.647403592760182619e+03	1.658173102030904150e-02
3.650432997737558253e+03	1.656035006621732822e-02
3.653462402714933887e+03	1.653932380025853813e-02
3.656491807692309521e+03	1.651867375915688080e-02
3.659521212669685156e+03	1.649837010229324857e-02
3.662550617647060790e+03	1.647842055681856405e-02
3.665580022624436424e+03	1.645881568828756053e-02
3.668609427601811603e+03	1.643954833531490953e-02
3.671638832579187238e+03	1.642060097672078459e-02
3.674668237556562872e+03	1.640197037539049135e-02
3.677697642533938506e+03	1.638367381123776931e-02
3.680727047511314140e+03	1.636567531860556868e-02
3.683756452488689774e+03	1.634800008119747378e-02
3.686785857466065409e+03	1.633062407504035779e-02
3.689815262443440588e+03	1.631355239688824649e-02
3.692844667420816222e+03	1.629677815420383161e-02
3.695874072398191856e+03	1.628029767366680550e-02
3.698903477375567491e+03	1.626409309459395450e-02
3.701932882352943125e+03	1.624815386319642535e-02
3.704962287330318759e+03	1.623249208772394037e-02
3.707991692307694393e+03	1.621708407553189638e-02
3.711021097285069573e+03	1.620192264842517868e-02
3.714050502262445207e+03	1.618701107423344693e-02
3.717079907239820841e+03	1.617235694962112016e-02
3.720109312217196475e+03	1.615796720167449879e-02
3.723138717194572109e+03	1.614383261056883886e-02
3.726168122171947743e+03	1.612996784127252933e-02
3.729197527149322923e+03	1.611637138641691322e-02
3.732226932126698557e+03	1.610305137379285448e-02
3.735256337104074191e+03	1.608999238501212375e-02
3.738285742081449825e+03	1.607720330546192483e-02
3.741315147058825460e+03	1.606468362339903352e-02
3.744344552036201094e+03	1.605243330981458161e-02
3.747373957013576728e+03	1.604046309318398270e-02
3.750403361990951908e+03	1.602876738713504209e-02
3.753432766968327542e+03	1.601735374066924969e-02
3.756462171945703176e+03	1.600622171768126267e-02
3.759491576923078810e+03	1.599538618527602749e-02
3.762520981900454444e+03	1.598485374381652946e-02
3.765550386877830078e+03	1.597461293965167506e-02
3.768579791855205713e+03	1.596466986881113145e-02
3.771609196832580892e+03	1.595501957929847461e-02
3.774638601809956526e+03	1.594566247777767440e-02
3.777668006787332160e+03	1.593658599979280374e-02
3.780697411764707795e+03	1.592783155982458940e-02
3.783726816742083429e+03	1.591940713641351243e-02
3.786756221719459063e+03	1.591131162454446912e-02
3.789785626696834697e+03	1.590356602665250751e-02
3.792815031674209877e+03	1.589615223864970436e-02
3.795844436651585511e+03	1.588909592001586796e-02
3.798873841628961145e+03	1.588242081940617265e-02
3.801903246606336779e+03	1.587612346163864291e-02
3.804932651583712413e+03	1.587022199814187851e-02
3.807962056561088048e+03	1.586469939962960318e-02
3.810991461538463227e+03	1.585957989679258329e-02
3.814020866515838861e+03	1.585487045822590174e-02
3.817050271493214495e+03	1.585059496893468159e-02
3.820079676470590130e+03	1.584676116070815946e-02
3.823109081447965764e+03	1.584337359799456446e-02
3.826138486425341398e+03	1.584041479846253625e-02
3.829167891402717032e+03	1.583788815983147580e-02
3.832197296380092212e+03	1.583580147405423341e-02
3.835226701357467846e+03	1.583412790633419512e-02
3.838256106334843480e+03	1.583288467131902660e-02
3.841285511312219114e+03	1.583206427324268181e-02
3.844314916289594748e+03	1.583166368657952516e-02
3.847344321266970383e+03	1.583166912694387515e-02
3.850373726244346017e+03	1.583206657636231085e-02
3.853403131221721196e+03	1.583284454247877587e-02
3.856432536199096830e+03	1.583397086133514833e-02
3.859461941176472465e+03	1.583541382985503149e-02
3.862491346153848099e+03	1.583711897961500095e-02
3.865520751131223733e+03	1.583907219300424371e-02
3.868550156108599367e+03	1.584125061996495207e-02
3.871579561085975001e+03	1.584362107646043044e-02
3.874608966063350181e+03	1.584615929296503273e-02
3.877638371040725815e+03	1.584879861908844792e-02
3.880667776018101449e+03	1.585150126245057911e-02
3.883697180995477083e+03	1.585420448246384340e-02
3.886726585972852718e+03	1.585688018315877315e-02
3.889755990950228352e+03	1.585948998308717509e-02
3.892785395927603986e+03	1.586199209482532652e-02
3.895814800904979165e+03	1.586434392420102771e-02
3.898844205882354800e+03	1.586648910643683602e-02
3.901873610859730434e+03	1.586840602874960843e-02
3.904903015837106068e+03	1.587006576888185666e-02
3.907932420814481702e+03	1.587142126484732130e-02
3.910961825791857336e+03	1.587242625307989582e-02
3.913991230769232516e+03	1.587301947752815801e-02
3.917020635746608150e+03	1.587313435317511470e-02
3.920050040723983784e+03	1.587270617112641891e-02
3.923079445701359418e+03	1.587171008922080503e-02
3.926108850678735052e+03	1.587006237281053667e-02
3.929138255656110687e+03	1.586767297069133914e-02
3.932167660633486321e+03	1.586444724784442928e-02
3.935197065610861500e+03	1.586036296987569302e-02
3.938226470588237135e+03	1.585532340404319229e-02
3.941255875565612769e+03	1.584920953291731049e-02
3.944285280542988403e+03	1.584191125111655482e-02
3.947314685520364037e+03	1.583323595110440810e-02
3.950344090497739671e+03	1.582298163958021850e-02
3.953373495475115305e+03	1.581092897939685715e-02
3.956402900452490485e+03	1.579683486052751301e-02
3.959432305429866119e+03	1.578042162062283371e-02
3.962461710407241753e+03	1.576161905396914961e-02
3.965491115384617387e+03	1.574113043054359978e-02
3.968520520361993022e+03	1.571968574280181719e-02
3.971549925339368656e+03	1.569754783636242643e-02
3.974579330316744290e+03	1.567468488616435493e-02
3.977608735294119469e+03	1.565134939345674825e-02
3.980638140271495104e+03	1.562758851740868316e-02
3.983667545248870738e+03	1.560342005166199912e-02
3.986696950226246372e+03	1.557879784530776662e-02
3.989726355203622006e+03	1.555366512274802479e-02
3.992755760180997640e+03	1.552823113733605223e-02
3.995785165158372820e+03	1.550254845663373918e-02
3.998814570135748454e+03	1.547658886940359892e-02
4.001843975113124088e+03	1.545033448409088676e-02
4.004873380090499722e+03	1.542379722544262068e-02
4.007902785067875357e+03	1.539691719518351473e-02
4.010932190045250991e+03	1.536942107097006779e-02
4.013961595022626625e+03	1.534169936326957966e-02
4.016991000000001804e+03	1.531402176646746473e-02
