Tau Allanstd
1.338234647033347358e+01	6.788221419087402120e-02
1.784312862711129810e+01	6.470460435327735071e-02
2.230391078388912263e+01	6.304020141217389628e-02
2.676469294066694715e+01	6.231664465886336407e-02
3.122547509744477168e+01	6.325750163329110776e-02
3.568625725422259620e+01	6.493941773701661369e-02
4.014703941100042073e+01	6.741426760088690961e-02
4.460782156777824525e+01	7.013975788039053527e-02
4.906860372455606978e+01	7.297181822012616115e-02
5.352938588133389430e+01	7.590536414483059491e-02
5.799016803811171883e+01	7.878326754944393884e-02
6.245095019488954335e+01	8.158621120488500356e-02
6.691173235166736788e+01	8.432170874404652794e-02
7.137251450844519240e+01	8.695118539517888989e-02
7.583329666522301693e+01	8.945058747457190762e-02
8.029407882200084146e+01	9.180542657118545558e-02
8.475486097877866598e+01	9.398737179407330722e-02
8.921564313555649051e+01	9.600394854786270527e-02
9.367642529233431503e+01	9.781182606121183176e-02
9.813720744911213956e+01	9.939367861132343551e-02
1.025979896058899641e+02	1.007856294758073257e-01
1.070587717626677886e+02	1.019460919092791129e-01
1.115195539194456131e+02	1.028902525137964652e-01
1.159803360762234377e+02	1.036377941507576061e-01
1.204411182330012622e+02	1.041729864948600787e-01
1.249019003897790867e+02	1.045166205190603548e-01
1.293626825465569254e+02	1.046563958926373383e-01
1.338234647033347358e+02	1.045871248364937667e-01
1.382842468601125461e+02	1.043286643304801170e-01
1.427450290168903848e+02	1.038776750311504460e-01
1.472058111736682235e+02	1.032285613160211363e-01
1.516665933304460339e+02	1.024209840737627386e-01
1.561273754872238442e+02	1.014263136817156186e-01
1.605881576440016829e+02	1.002578432782850332e-01
1.650489398007795216e+02	9.893285598547474358e-02
1.695097219575573320e+02	9.744434079686697947e-02
1.739705041143351423e+02	9.581020162190216627e-02
1.784312862711129810e+02	9.404075980242254662e-02
1.828920684278908197e+02	9.213988830677509456e-02
1.873528505846686301e+02	9.012445491508362660e-02
1.918136327414464404e+02	8.799560844899473322e-02
1.962744148982242791e+02	8.576612631527870401e-02
2.007351970550021178e+02	8.346035650794753069e-02
2.051959792117799282e+02	8.107594089459664588e-02
2.096567613685577385e+02	7.862616681809983521e-02
2.141175435253355772e+02	7.613428195330543269e-02
2.185783256821134160e+02	7.360607659752246845e-02
2.230391078388912263e+02	7.105811350715930674e-02
2.274998899956690366e+02	6.850693366944460294e-02
2.319606721524468753e+02	6.595414729975573875e-02
2.364214543092247141e+02	6.342285963350578759e-02
2.408822364660025244e+02	6.092206420429136654e-02
2.453430186227803347e+02	5.845874944827968156e-02
2.498038007795581734e+02	5.605621982129296854e-02
2.542645829363360122e+02	5.371499926898864324e-02
2.587253650931138509e+02	5.144594320090566802e-02
2.631861472498916328e+02	4.926481831309705711e-02
2.676469294066694715e+02	4.717117873955939400e-02
2.721077115634473103e+02	4.517575730485348662e-02
2.765684937202250921e+02	4.328438226018831159e-02
2.810292758770029309e+02	4.149922810768345155e-02
2.854900580337807696e+02	3.982558601908899737e-02
2.899508401905586084e+02	3.826403289793906676e-02
2.944116223473364471e+02	3.681641491912487213e-02
2.988724045041142290e+02	3.548789829306493032e-02
3.033331866608920677e+02	3.427172559553161302e-02
3.077939688176699065e+02	3.316549854546040066e-02
3.122547509744476883e+02	3.216935638707132256e-02
3.167155331312255271e+02	3.127439615105754439e-02
3.211763152880033658e+02	3.047652123007376854e-02
3.256370974447812046e+02	2.977019172085330900e-02
3.300978796015590433e+02	2.914446118004717159e-02
3.345586617583368252e+02	2.859403287901873467e-02
3.390194439151146639e+02	2.810990757148087299e-02
3.434802260718925027e+02	2.768387240236352617e-02
3.479410082286702846e+02	2.730970707939637046e-02
3.524017903854481233e+02	2.697893907729937910e-02
3.568625725422259620e+02	2.668416937621712406e-02
3.613233546990038008e+02	2.642187749682827630e-02
3.657841368557816395e+02	2.618439579671683753e-02
3.702449190125594214e+02	2.596861716809715018e-02
3.747057011693372601e+02	2.577286241102607831e-02
3.791664833261150989e+02	2.559266904450280267e-02
3.836272654828928808e+02	2.542614405108057848e-02
3.880880476396707195e+02	2.527297750904169971e-02
3.925488297964485582e+02	2.512860057553149493e-02
3.970096119532263970e+02	2.499351046315537866e-02
4.014703941100042357e+02	2.486734056107381061e-02
4.059311762667820176e+02	2.474867519219276293e-02
4.103919584235598563e+02	2.463818417176804818e-02
4.148527405803376951e+02	2.453401150896685617e-02
4.193135227371154770e+02	2.443683869291752089e-02
4.237743048938933157e+02	2.434653150271947827e-02
4.282350870506711544e+02	2.426214867293324459e-02
4.326958692074489932e+02	2.418400817106827402e-02
4.371566513642268319e+02	2.411213889602148441e-02
4.416174335210046138e+02	2.404470093872310837e-02
4.460782156777824525e+02	2.398212977669814117e-02
4.505389978345602913e+02	2.392356297917267935e-02
4.549997799913380732e+02	2.386809476296617230e-02
4.594605621481159119e+02	2.381613783837843376e-02
4.639213443048937506e+02	2.376694745286145327e-02
4.683821264616715894e+02	2.371969169412999762e-02
4.728429086184494281e+02	2.367585745490938254e-02
4.773036907752272100e+02	2.363441499452089214e-02
4.817644729320050487e+02	2.359663285498173058e-02
4.862252550887828875e+02	2.356255546088680333e-02
4.906860372455606694e+02	2.353250890332188316e-02
4.951468194023385081e+02	2.350726485069982302e-02
4.996076015591163468e+02	2.348679785138528195e-02
5.040683837158941856e+02	2.347190371248333504e-02
5.085291658726720243e+02	2.346261048517748332e-02
5.129899480294498062e+02	2.345925647357141597e-02
5.174507301862277018e+02	2.346204501223274341e-02
5.219115123430054837e+02	2.347149376015518832e-02
5.263722944997832656e+02	2.348812474979370193e-02
5.308330766565611611e+02	2.351169202255159324e-02
5.352938588133389430e+02	2.354255008464343005e-02
5.397546409701167249e+02	2.357996051382641595e-02
5.442154231268946205e+02	2.362434033483022319e-02
5.486762052836724024e+02	2.367532952442922764e-02
5.531369874404501843e+02	2.373193071918412028e-02
5.575977695972280799e+02	2.379383583223297280e-02
5.620585517540058618e+02	2.386087788178395744e-02
5.665193339107837573e+02	2.393170385100416506e-02
5.709801160675615392e+02	2.400580791781183401e-02
5.754408982243393211e+02	2.408243768600022358e-02
5.799016803811172167e+02	2.416063144133899152e-02
5.843624625378949986e+02	2.423970262058674704e-02
5.888232446946728942e+02	2.431872879071998034e-02
5.932840268514506761e+02	2.439705825245525039e-02
5.977448090082284580e+02	2.447411849893896610e-02
6.022055911650063535e+02	2.454896025720618505e-02
6.066663733217841354e+02	2.462098829293930813e-02
6.111271554785619173e+02	2.468975276060475510e-02
6.155879376353398129e+02	2.475461671010006567e-02
6.200487197921175948e+02	2.481497489989483926e-02
6.245095019488953767e+02	2.487073846186428974e-02
6.289702841056732723e+02	2.492150550396757952e-02
6.334310662624510542e+02	2.496723329335349961e-02
6.378918484192289498e+02	2.500766478341266350e-02
6.423526305760067316e+02	2.504343028921897363e-02
6.468134127327845135e+02	2.507477318025711291e-02
6.512741948895624091e+02	2.510152981176547171e-02
6.557349770463401910e+02	2.512422082156548150e-02
6.601957592031180866e+02	2.514350135978388537e-02
6.646565413598958685e+02	2.515956314779936240e-02
6.691173235166736504e+02	2.517353892426393153e-02
6.735781056734515460e+02	2.518559064112273552e-02
6.780388878302293278e+02	2.519631772903485264e-02
6.824996699870071097e+02	2.520659055547151348e-02
6.869604521437850053e+02	2.521639616599861966e-02
6.914212343005627872e+02	2.522614224921188725e-02
6.958820164573405691e+02	2.523666296255834551e-02
7.003427986141184647e+02	2.524788827029613922e-02
7.048035807708962466e+02	2.526015185459414003e-02
7.092643629276741422e+02	2.527391503518786747e-02
7.137251450844519240e+02	2.528925556751107986e-02
7.181859272412297059e+02	2.530668608564991262e-02
7.226467093980076015e+02	2.532652418281145998e-02
7.271074915547853834e+02	2.534869615253601202e-02
7.315682737115632790e+02	2.537349956382379743e-02
7.360290558683410609e+02	2.540055810373720996e-02
7.404898380251188428e+02	2.543006160816128208e-02
7.449506201818967384e+02	2.546174008946896009e-02
7.494114023386745203e+02	2.549558987956346626e-02
7.538721844954523021e+02	2.553165493442108649e-02
7.583329666522301977e+02	2.556975126503555767e-02
7.627937488090079796e+02	2.560975700279501457e-02
7.672545309657857615e+02	2.565161840480704308e-02
7.717153131225636571e+02	2.569511502461957475e-02
7.761760952793414390e+02	2.574009197427635370e-02
7.806368774361193346e+02	2.578685270193091864e-02
7.850976595928971165e+02	2.583471450514541329e-02
7.895584417496748983e+02	2.588369864196104694e-02
7.940192239064527939e+02	2.593389847598897777e-02
7.984800060632305758e+02	2.598463489384417527e-02
8.029407882200084714e+02	2.603586089080634283e-02
8.074015703767862533e+02	2.608757665320651439e-02
8.118623525335640352e+02	2.613980598758009963e-02
8.163231346903419308e+02	2.619280850732805602e-02
8.207839168471197127e+02	2.624632940872212092e-02
8.252446990038974945e+02	2.630007249798576099e-02
8.297054811606753901e+02	2.635422369345607335e-02
8.341662633174531720e+02	2.640833515830180722e-02
8.386270454742309539e+02	2.646262197330604554e-02
8.430878276310088495e+02	2.651701665795050400e-02
8.475486097877866314e+02	2.657127710832112716e-02
8.520093919445645270e+02	2.662563961557831357e-02
8.564701741013423089e+02	2.667998142707795825e-02
8.609309562581200908e+02	2.673443590824919197e-02
8.653917384148979863e+02	2.678914457506894817e-02
8.698525205716757682e+02	2.684405463070057077e-02
8.743133027284536638e+02	2.689894679780801753e-02
8.787740848852314457e+02	2.695385346898001092e-02
8.832348670420092276e+02	2.700887733979214292e-02
8.876956491987871232e+02	2.706436718312672796e-02
8.921564313555649051e+02	2.712037764255973218e-02
8.966172135123426870e+02	2.717681479798951527e-02
9.010779956691205825e+02	2.723384793758284669e-02
9.055387778258983644e+02	2.729120830881240356e-02
9.099995599826761463e+02	2.734891739825377407e-02
9.144603421394540419e+02	2.740679112598670350e-02
9.189211242962318238e+02	2.746478597727624454e-02
9.233819064530097194e+02	2.752288473642153926e-02
9.278426886097875013e+02	2.758104780068344752e-02
9.323034707665652832e+02	2.763913594533196072e-02
9.367642529233431787e+02	2.769724082967219350e-02
9.412250350801209606e+02	2.775520252230912616e-02
9.456858172368988562e+02	2.781284005736344572e-02
9.501465993936766381e+02	2.787038894012197274e-02
9.546073815504544200e+02	2.792764116539991556e-02
9.590681637072323156e+02	2.798451729862247092e-02
9.635289458640100975e+02	2.804119678561329404e-02
9.679897280207878794e+02	2.809755703414163613e-02
9.724505101775657749e+02	2.815381236430387554e-02
9.769112923343435568e+02	2.821009970740777362e-02
9.813720744911213387e+02	2.826628566107268134e-02
9.858328566478992343e+02	2.832268053070234951e-02
9.902936388046770162e+02	2.837941597393140239e-02
9.947544209614549118e+02	2.843648223044790632e-02
9.992152031182326937e+02	2.849425226102081030e-02
1.003675985275010476e+03	2.855271503195951077e-02
1.008136767431788371e+03	2.861195653936881786e-02
1.012597549588566153e+03	2.867207144749762612e-02
1.017058331745344049e+03	2.873298181037850160e-02
1.021519113902121831e+03	2.879478585852304762e-02
1.025979896058899612e+03	2.885738613909118178e-02
1.030440678215677508e+03	2.892077612920915600e-02
1.034901460372455404e+03	2.898486580759814663e-02
1.039362242529233072e+03	2.904966719239499354e-02
1.043823024686010967e+03	2.911501664495037139e-02
1.048283806842788863e+03	2.918095496960948151e-02
1.052744588999566531e+03	2.924738434517969166e-02
1.057205371156344427e+03	2.931423502092805541e-02
1.061666153313122322e+03	2.938134501671009480e-02
1.066126935469899990e+03	2.944853126417706565e-02
1.070587717626677886e+03	2.951573797043854919e-02
1.075048499783455782e+03	2.958303200181707643e-02
1.079509281940233450e+03	2.965029574977645632e-02
1.083970064097011345e+03	2.971746510865370949e-02
1.088430846253789241e+03	2.978449525382373397e-02
1.092891628410566909e+03	2.985120908193989592e-02
1.097352410567344805e+03	2.991765495401954578e-02
1.101813192724122700e+03	2.998389830657769567e-02
1.106273974880900369e+03	3.004974682067371866e-02
1.110734757037678264e+03	3.011525683612894730e-02
1.115195539194456160e+03	3.018037448301626874e-02
1.119656321351234055e+03	3.024499820868753117e-02
1.124117103508011724e+03	3.030931410751623936e-02
1.128577885664789619e+03	3.037327396822320225e-02
1.133038667821567515e+03	3.043699146934795638e-02
1.137499449978345183e+03	3.050045407861715421e-02
1.141960232135123078e+03	3.056366486227416260e-02
1.146421014291900974e+03	3.062677372468413164e-02
1.150881796448678642e+03	3.068981290570309620e-02
1.155342578605456538e+03	3.075278257087669595e-02
1.159803360762234433e+03	3.081579178054124138e-02
1.164264142919012102e+03	3.087888559049260448e-02
1.168724925075789997e+03	3.094210441694883462e-02
1.173185707232567893e+03	3.100559720861710902e-02
1.177646489389345788e+03	3.106956632127101658e-02
1.182107271546123457e+03	3.113403378273768909e-02
1.186568053702901352e+03	3.119911432456851791e-02
1.191028835859679248e+03	3.126469919540142417e-02
1.195489618016456916e+03	3.133091872058793581e-02
1.199950400173234812e+03	3.139779043848012208e-02
1.204411182330012707e+03	3.146530767182460775e-02
1.208871964486790375e+03	3.153353733981811152e-02
1.213332746643568271e+03	3.160245392834121897e-02
1.217793528800346166e+03	3.167203369343678243e-02
1.222254310957123835e+03	3.174229556452156514e-02
1.226715093113901730e+03	3.181326281786304305e-02
1.231175875270679626e+03	3.188480166121718945e-02
1.235636657427457294e+03	3.195696014739532465e-02
1.240097439584235190e+03	3.202972679949415286e-02
1.244558221741013085e+03	3.210311862363161850e-02
1.249019003897790753e+03	3.217715704155033052e-02
1.253479786054568649e+03	3.225175668513917404e-02
1.257940568211346545e+03	3.232682500154825112e-02
1.262401350368124440e+03	3.240238984029460145e-02
1.266862132524902108e+03	3.247840705686636659e-02
1.271322914681680004e+03	3.255499456757389443e-02
1.275783696838457900e+03	3.263215650361218911e-02
1.280244478995235568e+03	3.270977136293891363e-02
1.284705261152013463e+03	3.278779969993208393e-02
1.289166043308791359e+03	3.286611080315519906e-02
1.293626825465569027e+03	3.294483955746242004e-02
1.298087607622346923e+03	3.302401843398147796e-02
1.302548389779124818e+03	3.310354186688105327e-02
1.307009171935902486e+03	3.318335963148442980e-02
1.311469954092680382e+03	3.326349135812708968e-02
1.315930736249458278e+03	3.334384006720315929e-02
1.320391518406236173e+03	3.342447442879325353e-02
1.324852300563013841e+03	3.350531243114229785e-02
1.329313082719791737e+03	3.358639738076041326e-02
1.333773864876569633e+03	3.366776650950512040e-02
1.338234647033347301e+03	3.374931744405137990e-02
1.342695429190125196e+03	3.383116187847368811e-02
1.347156211346903092e+03	3.391327308377993510e-02
1.351616993503680760e+03	3.399557820550708903e-02
1.356077775660458656e+03	3.407815475498326974e-02
1.360538557817236551e+03	3.416101374098707427e-02
1.364999339974014219e+03	3.424404987179437837e-02
1.369460122130792115e+03	3.432736643083666300e-02
1.373920904287570011e+03	3.441096969931670135e-02
1.378381686444347679e+03	3.449484781914665538e-02
1.382842468601125574e+03	3.457907109112498545e-02
1.387303250757903470e+03	3.466349773040958843e-02
1.391764032914681138e+03	3.474822650840879434e-02
1.396224815071459034e+03	3.483328118545581109e-02
1.400685597228236929e+03	3.491859423201123386e-02
1.405146379385014825e+03	3.500424853901519529e-02
1.409607161541792493e+03	3.509016803301553966e-02
1.414067943698570389e+03	3.517634601295322599e-02
1.418528725855348284e+03	3.526277887130696564e-02
1.422989508012125953e+03	3.534939776907520398e-02
1.427450290168903848e+03	3.543619692581555236e-02
1.431911072325681744e+03	3.552322412889817593e-02
1.436371854482459412e+03	3.561038198197020999e-02
1.440832636639237307e+03	3.569776030828349100e-02
1.445293418796015203e+03	3.578533655627742088e-02
1.449754200952792871e+03	3.587299152525445789e-02
1.454214983109570767e+03	3.596080116733778309e-02
1.458675765266348662e+03	3.604871965402293987e-02
1.463136547423126558e+03	3.613672467139535799e-02
1.467597329579904226e+03	3.622483351253302092e-02
1.472058111736682122e+03	3.631304511237800486e-02
1.476518893893460017e+03	3.640127959338959607e-02
1.480979676050237686e+03	3.648961452596648919e-02
1.485440458207015581e+03	3.657798566075120411e-02
1.489901240363793477e+03	3.666643344307476265e-02
1.494362022520571145e+03	3.675500643586931265e-02
1.498822804677349041e+03	3.684366264745127933e-02
1.503283586834126936e+03	3.693247996836033359e-02
1.507744368990904604e+03	3.702139004672461153e-02
1.512205151147682500e+03	3.711040676210247691e-02
1.516665933304460395e+03	3.719959779380777043e-02
1.521126715461238064e+03	3.728896434835561602e-02
1.525587497618015959e+03	3.737845711086541789e-02
1.530048279774793855e+03	3.746824732351692472e-02
1.534509061931571523e+03	3.755835967866810732e-02
1.538969844088349419e+03	3.764878699744876600e-02
1.543430626245127314e+03	3.773958200483406439e-02
1.547891408401905210e+03	3.783069262198565652e-02
1.552352190558682878e+03	3.792216274660032554e-02
1.556812972715460774e+03	3.801399438136456727e-02
1.561273754872238669e+03	3.810615499747196239e-02
1.565734537029016337e+03	3.819865227474144448e-02
1.570195319185794233e+03	3.829153842954369918e-02
1.574656101342572128e+03	3.838475061152379214e-02
1.579116883499349797e+03	3.847837063298666094e-02
1.583577665656127692e+03	3.857235222987469986e-02
1.588038447812905588e+03	3.866665783478016177e-02
1.592499229969683256e+03	3.876129579990256202e-02
1.596960012126461152e+03	3.885616962364715765e-02
1.601420794283239047e+03	3.895131982364765516e-02
1.605881576440016943e+03	3.904671448236170933e-02
1.610342358596794611e+03	3.914237076136987958e-02
1.614803140753572507e+03	3.923827705625842349e-02
1.619263922910350402e+03	3.933441031153882966e-02
1.623724705067128070e+03	3.943068510424260764e-02
1.628185487223905966e+03	3.952721907130185564e-02
1.632646269380683862e+03	3.962395494498190118e-02
1.637107051537461530e+03	3.972082899080954521e-02
1.641567833694239425e+03	3.981789120435352131e-02
1.646028615851017321e+03	3.991511928071237586e-02
1.650489398007794989e+03	4.001251668165612535e-02
1.654950180164572885e+03	4.011012481529002000e-02
1.659410962321350780e+03	4.020786869536085995e-02
1.663871744478128448e+03	4.030569768254180230e-02
1.668332526634906344e+03	4.040363626226214228e-02
1.672793308791684240e+03	4.050158559357154575e-02
1.677254090948461908e+03	4.059958139064515775e-02
1.681714873105239803e+03	4.069767118227764907e-02
1.686175655262017699e+03	4.079575917905969157e-02
1.690636437418795595e+03	4.089390454899659300e-02
1.695097219575573263e+03	4.099209588177511049e-02
1.699558001732351158e+03	4.109034773775228910e-02
1.704018783889129054e+03	4.118869714324147058e-02
1.708479566045906722e+03	4.128711321715155397e-02
1.712940348202684618e+03	4.138562208420073357e-02
1.717401130359462513e+03	4.148423176714437222e-02
1.721861912516240182e+03	4.158288380865921008e-02
1.726322694673018077e+03	4.168163631612408632e-02
1.730783476829795973e+03	4.178051024286354165e-02
1.735244258986573641e+03	4.187943196822653535e-02
1.739705041143351536e+03	4.197850770728589476e-02
1.744165823300129432e+03	4.207772443956767083e-02
1.748626605456907328e+03	4.217711964366185895e-02
1.753087387613684996e+03	4.227671668632980440e-02
1.757548169770462891e+03	4.237647916261110675e-02
1.762008951927240787e+03	4.247647433846644255e-02
1.766469734084018455e+03	4.257684749682911357e-02
1.770930516240796351e+03	4.267748546320936781e-02
1.775391298397574246e+03	4.277847477150524547e-02
1.779852080554351915e+03	4.287981128997556818e-02
1.784312862711129810e+03	4.298142596163172929e-02
1.788773644867907706e+03	4.308336672730290334e-02
1.793234427024685374e+03	4.318563525366656691e-02
1.797695209181463269e+03	4.328821336801452063e-02
1.802155991338241165e+03	4.339113007879363132e-02
1.806616773495018833e+03	4.349434315765449144e-02
1.811077555651796729e+03	4.359786809360527426e-02
1.815538337808574624e+03	4.370169667640676214e-02
1.819999119965352293e+03	4.380576749778744561e-02
1.824459902122130188e+03	4.391015059840566725e-02
1.828920684278908084e+03	4.401475974525100032e-02
1.833381466435685979e+03	4.411952614944574663e-02
1.837842248592463648e+03	4.422450872287953666e-02
1.842303030749241543e+03	4.432962334340696114e-02
1.846763812906019439e+03	4.443486430543146931e-02
1.851224595062797107e+03	4.454025170235533654e-02
1.855685377219575003e+03	4.464567950142942637e-02
1.860146159376352898e+03	4.475113814336895146e-02
1.864606941533130566e+03	4.485662466064773563e-02
1.869067723689908462e+03	4.496205917719985762e-02
1.873528505846686357e+03	4.506750169069229789e-02
1.877989288003464026e+03	4.517290923626093857e-02
1.882450070160241921e+03	4.527822788217362310e-02
1.886910852317019817e+03	4.538347587294845609e-02
1.891371634473797712e+03	4.548864472133763714e-02
1.895832416630575381e+03	4.559367327860888719e-02
1.900293198787353276e+03	4.569858839280548091e-02
1.904753980944131172e+03	4.580335386540960313e-02
1.909214763100908840e+03	4.590801165229653480e-02
1.913675545257686736e+03	4.601256090310033159e-02
1.918136327414464631e+03	4.611701322617341170e-02
1.922597109571242299e+03	4.622143478040464243e-02
1.927057891728020195e+03	4.632579887480484798e-02
1.931518673884798091e+03	4.643007403940861699e-02
1.935979456041575759e+03	4.653431942205902422e-02
1.940440238198353654e+03	4.663849674262222911e-02
1.944901020355131550e+03	4.674260288621689963e-02
1.949361802511909218e+03	4.684663176147590286e-02
1.953822584668687114e+03	4.695059079982465133e-02
1.958283366825465009e+03	4.705447232025338627e-02
1.962744148982242677e+03	4.715822056936225248e-02
1.967204931139020573e+03	4.726182133381078704e-02
1.971665713295798469e+03	4.736527497462212494e-02
1.976126495452576364e+03	4.746854981956839109e-02
1.980587277609354032e+03	4.757157457686609497e-02
1.985048059766131928e+03	4.767436807143802385e-02
1.989508841922909824e+03	4.777693169897300612e-02
1.993969624079687492e+03	4.787925101470066891e-02
1.998430406236465387e+03	4.798130755171617357e-02
2.002891188393243283e+03	4.808311452868320457e-02
2.007351970550020951e+03	4.818465624973054112e-02
2.011812752706798847e+03	4.828591384427825817e-02
2.016273534863576742e+03	4.838689466891413909e-02
2.020734317020354410e+03	4.848760895353886741e-02
2.025195099177132306e+03	4.858803327811075240e-02
2.029655881333910202e+03	4.868816001127897197e-02
2.034116663490688097e+03	4.878802084112540682e-02
2.038577445647465765e+03	4.888765408373781790e-02
2.043038227804243661e+03	4.898703782867908779e-02
2.047499009961021557e+03	4.908618063373733353e-02
2.051959792117799225e+03	4.918516097797185488e-02
2.056420574274577120e+03	4.928399046489564256e-02
2.060881356431355016e+03	4.938270408235826553e-02
2.065342138588132912e+03	4.948132801589351371e-02
2.069802920744910807e+03	4.957987122797218732e-02
2.074263702901688248e+03	4.967835662585417394e-02
2.078724485058466144e+03	4.977670283392728046e-02
2.083185267215244039e+03	4.987495100688443123e-02
2.087646049372021935e+03	4.997311558482065569e-02
2.092106831528799830e+03	5.007110809980640231e-02
2.096567613685577726e+03	5.016892622122316042e-02
2.101028395842355167e+03	5.026658331622462644e-02
2.105489177999133062e+03	5.036403369462284091e-02
2.109949960155910958e+03	5.046128000929182150e-02
2.114410742312688853e+03	5.055831535182782333e-02
2.118871524469466749e+03	5.065510450397488207e-02
2.123332306626244645e+03	5.075159736533021299e-02
2.127793088783022085e+03	5.084771344809181637e-02
2.132253870939799981e+03	5.094341735188756548e-02
2.136714653096577877e+03	5.103873746435993314e-02
2.141175435253355772e+03	5.113358660475961215e-02
2.145636217410133668e+03	5.122795233178976948e-02
2.150096999566911563e+03	5.132184193629780317e-02
2.154557781723689459e+03	5.141517253984954905e-02
2.159018563880466900e+03	5.150794274341877199e-02
2.163479346037244795e+03	5.160013576719656853e-02
2.167940128194022691e+03	5.169178193297610524e-02
2.172400910350800586e+03	5.178282025424336271e-02
2.176861692507578482e+03	5.187325844658831342e-02
2.181322474664356378e+03	5.196310500725898063e-02
2.185783256821133818e+03	5.205247555420208783e-02
2.190244038977911714e+03	5.214136474428431728e-02
2.194704821134689610e+03	5.222986231174173849e-02
2.199165603291467505e+03	5.231797953412242741e-02
2.203626385448245401e+03	5.240568747824038420e-02
2.208087167605023296e+03	5.249297340766886921e-02
2.212547949761800737e+03	5.257987014121032199e-02
2.217008731918578633e+03	5.266642471701309808e-02
2.221469514075356528e+03	5.275270311348195101e-02
2.225930296232134424e+03	5.283871896386931749e-02
2.230391078388912319e+03	5.292457326506432719e-02
2.234851860545690215e+03	5.301027630901480880e-02
2.239312642702468111e+03	5.309579307239987306e-02
2.243773424859245551e+03	5.318110357269668215e-02
2.248234207016023447e+03	5.326630013798616670e-02
2.252694989172801343e+03	5.335136971752686696e-02
2.257155771329579238e+03	5.343635718297486820e-02
2.261616553486357134e+03	5.352121806617859967e-02
2.266077335643135029e+03	5.360591859702722173e-02
2.270538117799912470e+03	5.369036912126013555e-02
2.274998899956690366e+03	5.377449863874485259e-02
2.279459682113468261e+03	5.385831495451890577e-02
2.283920464270246157e+03	5.394180648288287444e-02
2.288381246427024053e+03	5.402490553000763307e-02
2.292842028583801948e+03	5.410766608998117400e-02
2.297302810740579844e+03	5.419014778296522838e-02
2.301763592897357285e+03	5.427225791729686777e-02
2.306224375054135180e+03	5.435403890448950448e-02
2.310685157210913076e+03	5.443547629592769554e-02
2.315145939367690971e+03	5.451657521260553502e-02
2.319606721524468867e+03	5.459737037845315694e-02
2.324067503681246762e+03	5.467787493571850399e-02
2.328528285838024203e+03	5.475815505961629387e-02
2.332989067994802099e+03	5.483819142325126184e-02
2.337449850151579994e+03	5.491797107839364173e-02
2.341910632308357890e+03	5.499746817253353681e-02
2.346371414465135786e+03	5.507673245531384543e-02
2.350832196621913681e+03	5.515571589336654146e-02
2.355292978778691577e+03	5.523445779505770092e-02
2.359753760935469018e+03	5.531301049773611894e-02
2.364214543092246913e+03	5.539139684711753137e-02
2.368675325249024809e+03	5.546964494533167256e-02
2.373136107405802704e+03	5.554777058699361669e-02
2.377596889562580600e+03	5.562576855711892643e-02
2.382057671719358495e+03	5.570362308968800080e-02
2.386518453876135936e+03	5.578130173444924289e-02
2.390979236032913832e+03	5.585881965931289300e-02
2.395440018189691727e+03	5.593610610672962447e-02
2.399900800346469623e+03	5.601312133775786933e-02
2.404361582503247519e+03	5.608979705145230449e-02
2.408822364660025414e+03	5.616613752224463435e-02
2.413283146816802855e+03	5.624200546904151166e-02
2.417743928973580751e+03	5.631740152430209090e-02
2.422204711130358646e+03	5.639228537612807346e-02
2.426665493287136542e+03	5.646663992594109366e-02
2.431126275443914437e+03	5.654040977858916517e-02
2.435587057600692333e+03	5.661349928175175850e-02
2.440047839757470229e+03	5.668590408127372610e-02
2.444508621914247669e+03	5.675759637252966727e-02
2.448969404071025565e+03	5.682855179495711895e-02
2.453430186227803460e+03	5.689870310384260305e-02
2.457890968384581356e+03	5.696802331805940478e-02
2.462351750541359252e+03	5.703650357220432093e-02
2.466812532698137147e+03	5.710415210605058328e-02
2.471273314854914588e+03	5.717097649799116055e-02
2.475734097011692484e+03	5.723691981122526473e-02
2.480194879168470379e+03	5.730201475407303152e-02
2.484655661325248275e+03	5.736627056428995203e-02
2.489116443482026170e+03	5.742974087835468061e-02
2.493577225638804066e+03	5.749248070566603808e-02
2.498038007795581507e+03	5.755445826725011371e-02
2.502498789952359402e+03	5.761576138710833295e-02
2.506959572109137298e+03	5.767642362010521467e-02
2.511420354265915194e+03	5.773648700429847430e-02
2.515881136422693089e+03	5.779597228178964125e-02
2.520341918579470985e+03	5.785491512131080150e-02
2.524802700736248880e+03	5.791331351391300342e-02
2.529263482893026321e+03	5.797123435380265033e-02
2.533724265049804217e+03	5.802869677757403061e-02
2.538185047206582112e+03	5.808572286370509291e-02
2.542645829363360008e+03	5.814237468607685866e-02
2.547106611520137903e+03	5.819866696708338172e-02
2.551567393676915799e+03	5.825458898988197798e-02
2.556028175833693240e+03	5.831018812645667737e-02
2.560488957990471135e+03	5.836540346719043537e-02
2.564949740147249031e+03	5.842026223766478427e-02
2.569410522304026927e+03	5.847481184652957020e-02
2.573871304460804822e+03	5.852905951208636076e-02
2.578332086617582718e+03	5.858301095244423939e-02
2.582792868774360613e+03	5.863662681727168507e-02
2.587253650931138054e+03	5.868999294704716624e-02
2.591714433087915950e+03	5.874314626698431963e-02
2.596175215244693845e+03	5.879597620982748851e-02
2.600635997401471741e+03	5.884849065869861978e-02
2.605096779558249636e+03	5.890072971937804214e-02
2.609557561715027532e+03	5.895258709916754297e-02
2.614018343871804973e+03	5.900406935212870740e-02
2.618479126028582868e+03	5.905513810969788280e-02
2.622939908185360764e+03	5.910575777990258878e-02
2.627400690342138660e+03	5.915591191336751903e-02
2.631861472498916555e+03	5.920559753895815458e-02
2.636322254655694451e+03	5.925475088721822436e-02
2.640783036812472346e+03	5.930341908901948234e-02
2.645243818969249787e+03	5.935155415600540385e-02
2.649704601126027683e+03	5.939920079300699263e-02
2.654165383282805578e+03	5.944636275179703694e-02
2.658626165439583474e+03	5.949299403336592851e-02
2.663086947596361370e+03	5.953910922215636253e-02
2.667547729753139265e+03	5.958471844912698046e-02
2.672008511909916706e+03	5.962982292847177762e-02
2.676469294066694601e+03	5.967441871007843346e-02
2.680930076223472497e+03	5.971848304300081400e-02
2.685390858380250393e+03	5.976197137320197333e-02
2.689851640537028288e+03	5.980488428855542521e-02
2.694312422693806184e+03	5.984716464271162134e-02
2.698773204850583625e+03	5.988878337141230468e-02
2.703233987007361520e+03	5.992975560251970202e-02
2.707694769164139416e+03	5.997001535672718403e-02
2.712155551320917311e+03	6.000962582146360247e-02
2.716616333477695207e+03	6.004862462861178946e-02
2.721077115634473103e+03	6.008692620778927768e-02
2.725537897791250998e+03	6.012457352515023640e-02
2.729998679948028439e+03	6.016158828003070197e-02
2.734459462104806335e+03	6.019802165049260856e-02
2.738920244261584230e+03	6.023385811957146507e-02
2.743381026418362126e+03	6.026912925821698713e-02
2.747841808575140021e+03	6.030384191955694834e-02
2.752302590731917917e+03	6.033806328492929277e-02
2.756763372888695358e+03	6.037182677212817039e-02
2.761224155045473253e+03	6.040520728227750935e-02
2.765684937202251149e+03	6.043831580213200605e-02
2.770145719359029044e+03	6.047117802584529161e-02
2.774606501515806940e+03	6.050387437641403798e-02
2.779067283672584836e+03	6.053645611882234323e-02
2.783528065829362276e+03	6.056899889590764557e-02
2.787988847986140172e+03	6.060154670467100130e-02
2.792449630142918068e+03	6.063413410319213465e-02
2.796910412299695963e+03	6.066678224514518436e-02
2.801371194456473859e+03	6.069955818411833237e-02
2.805831976613251754e+03	6.073238421595424097e-02
2.810292758770029650e+03	6.076529371937667429e-02
2.814753540926807091e+03	6.079833230953021750e-02
2.819214323083584986e+03	6.083143365194404462e-02
2.823675105240362882e+03	6.086463008700682825e-02
2.828135887397140777e+03	6.089788942237699815e-02
2.832596669553918673e+03	6.093120165412949096e-02
2.837057451710696569e+03	6.096455892758432388e-02
2.841518233867474009e+03	6.099795812217247842e-02
2.845979016024251905e+03	6.103138290504814267e-02
2.850439798181029801e+03	6.106483274963285524e-02
2.854900580337807696e+03	6.109827693941131260e-02
2.859361362494585592e+03	6.113171465425507045e-02
2.863822144651363487e+03	6.116507699505507878e-02
2.868282926808141383e+03	6.119824850242242681e-02
2.872743708964918824e+03	6.123106613102079210e-02
2.877204491121696719e+03	6.126339046416879458e-02
2.881665273278474615e+03	6.129519988329339836e-02
2.886126055435252511e+03	6.132639533258286979e-02
2.890586837592030406e+03	6.135696390917243920e-02
2.895047619748808302e+03	6.138690494601001246e-02
2.899508401905585742e+03	6.141622586691628666e-02
2.903969184062363638e+03	6.144493075758575285e-02
2.908429966219141534e+03	6.147303000850599247e-02
2.912890748375919429e+03	6.150059456500187732e-02
2.917351530532697325e+03	6.152758695821347601e-02
2.921812312689475220e+03	6.155402405903123708e-02
2.926273094846253116e+03	6.157996156684214517e-02
2.930733877003030557e+03	6.160545526766515040e-02
2.935194659159808452e+03	6.163051308183865873e-02
2.939655441316586348e+03	6.165521106801665624e-02
2.944116223473364244e+03	6.167957588671050401e-02
2.948577005630142139e+03	6.170367694669681713e-02
2.953037787786920035e+03	6.172755108311449301e-02
2.957498569943697476e+03	6.175125308667300111e-02
2.961959352100475371e+03	6.177480128793130104e-02
2.966420134257253267e+03	6.179828223950833976e-02
2.970880916414031162e+03	6.182169978428219553e-02
2.975341698570809058e+03	6.184507896464579157e-02
2.979802480727586953e+03	6.186841138025691439e-02
2.984263262884364394e+03	6.189167639198817766e-02
2.988724045041142290e+03	6.191484357739544114e-02
2.993184827197920185e+03	6.193783883903559995e-02
2.997645609354698081e+03	6.196063839091305037e-02
3.002106391511475977e+03	6.198321721877994572e-02
3.006567173668253872e+03	6.200551179422358894e-02
3.011027955825031768e+03	6.202759743419997834e-02
3.015488737981809209e+03	6.204945599236418030e-02
3.019949520138587104e+03	6.207109810355929125e-02
3.024410302295365000e+03	6.209255112492356038e-02
3.028871084452142895e+03	6.211387306471920222e-02
3.033331866608920791e+03	6.213508636090652598e-02
3.037792648765698686e+03	6.215626833135020485e-02
3.042253430922476127e+03	6.217736054919666827e-02
3.046714213079254023e+03	6.219840115803224045e-02
3.051174995236031918e+03	6.221935461882131813e-02
3.055635777392809814e+03	6.224012907529948013e-02
3.060096559549587710e+03	6.226078754137764903e-02
3.064557341706365605e+03	6.228134219236648034e-02
3.069018123863143046e+03	6.230180566160441191e-02
3.073478906019920942e+03	6.232216590520264776e-02
3.077939688176698837e+03	6.234234670544635398e-02
3.082400470333476733e+03	6.236229349586387000e-02
3.086861252490254628e+03	6.238192575347839552e-02
3.091322034647032524e+03	6.240114058400434566e-02
3.095782816803810420e+03	6.241992373963809598e-02
3.100243598960587860e+03	6.243814398362222684e-02
3.104704381117365756e+03	6.245571639814501835e-02
3.109165163274143652e+03	6.247270815723682258e-02
3.113625945430921547e+03	6.248911259579322669e-02
3.118086727587699443e+03	6.250493363859958851e-02
3.122547509744477338e+03	6.252016120873285510e-02
3.127008291901254779e+03	6.253470858000376165e-02
3.131469074058032675e+03	6.254860615568755278e-02
3.135929856214810570e+03	6.256184667113040554e-02
3.140390638371588466e+03	6.257439539865639055e-02
3.144851420528366361e+03	6.258621999656331647e-02
3.149312202685144257e+03	6.259726805042239994e-02
3.153772984841922153e+03	6.260758891380573121e-02
3.158233766998699593e+03	6.261722442482371698e-02
3.162694549155477489e+03	6.262611323674567576e-02
3.167155331312255385e+03	6.263421871831184595e-02
3.171616113469033280e+03	6.264154831561856429e-02
3.176076895625811176e+03	6.264818989019432793e-02
3.180537677782589071e+03	6.265415157616062436e-02
3.184998459939366512e+03	6.265951735509270315e-02
3.189459242096144408e+03	6.266437138386354855e-02
3.193920024252922303e+03	6.266879816486617405e-02
3.198380806409700199e+03	6.267286789986037387e-02
3.202841588566478094e+03	6.267668845000258504e-02
3.207302370723255990e+03	6.268041805080265538e-02
3.211763152880033886e+03	6.268409039302749730e-02
3.216223935036811326e+03	6.268783296228710999e-02
3.220684717193589222e+03	6.269174294900893563e-02
3.225145499350367118e+03	6.269595432507057975e-02
3.229606281507145013e+03	6.270057200814349585e-02
3.234067063663922909e+03	6.270559133959176246e-02
3.238527845820700804e+03	6.271108518859767889e-02
3.242988627977478245e+03	6.271709653444795807e-02
3.247449410134256141e+03	6.272366196927910142e-02
3.251910192291034036e+03	6.273084073030593677e-02
3.256370974447811932e+03	6.273873884486050323e-02
3.260831756604589827e+03	6.274737410875023957e-02
3.265292538761367723e+03	6.275681812152440753e-02
3.269753320918145164e+03	6.276704122897548699e-02
3.274214103074923059e+03	6.277793402415400570e-02
3.278674885231700955e+03	6.278942042986448979e-02
3.283135667388478851e+03	6.280131942378698595e-02
3.287596449545256746e+03	6.281350767671249613e-02
3.292057231702034642e+03	6.282578464171845178e-02
3.296518013858812537e+03	6.283799842350074050e-02
3.300978796015589978e+03	6.284998097953518881e-02
3.305439578172367874e+03	6.286151475609748351e-02
3.309900360329145769e+03	6.287242522043834381e-02
3.314361142485923665e+03	6.288248869569648680e-02
3.318821924642701561e+03	6.289153545642775511e-02
3.323282706799479456e+03	6.289929573002019103e-02
3.327743488956256897e+03	6.290557448151706810e-02
3.332204271113034793e+03	6.291020442194160400e-02
3.336665053269812688e+03	6.291309484335241842e-02
3.341125835426590584e+03	6.291427823114954798e-02
3.345586617583368479e+03	6.291381242484457570e-02
3.350047399740146375e+03	6.291161013726881412e-02
3.354508181896923816e+03	6.290758963735913756e-02
3.358968964053701711e+03	6.290153157262967643e-02
3.363429746210479607e+03	6.289331544994444800e-02
3.367890528367257502e+03	6.288301733103518476e-02
3.372351310524035398e+03	6.287071192355520033e-02
3.376812092680813294e+03	6.285644540360382782e-02
3.381272874837591189e+03	6.283999041591252499e-02
3.385733656994368630e+03	6.282122925985347828e-02
3.390194439151146526e+03	6.280012705672297080e-02
3.394655221307924421e+03	6.277653002525965253e-02
3.399116003464702317e+03	6.275012786772449225e-02
3.403576785621480212e+03	6.272220229989346196e-02
3.408037567778258108e+03	6.269390540057864780e-02
3.412498349935035549e+03	6.266554352845582487e-02
3.416959132091813444e+03	6.263730925463832644e-02
3.421419914248591340e+03	6.260936890832542734e-02
3.425880696405369235e+03	6.258155991178245003e-02
3.430341478562147131e+03	6.255297824394738526e-02
3.434802260718925027e+03	6.252411414493672104e-02
