Tau Allanstd
7.078301487862175279e+00	6.218612035012799355e-02
9.437735317149567038e+00	5.589313273537858257e-02
1.179716914643695880e+01	5.107955675787148597e-02
1.415660297572435056e+01	4.790180255237195400e-02
1.651603680501174409e+01	4.572182870545977301e-02
1.887547063429913408e+01	4.446755755707088031e-02
2.123490446358652406e+01	4.417680579835248783e-02
2.359433829287391760e+01	4.470108739416536747e-02
2.595377212216131113e+01	4.571573408964321045e-02
2.831320595144870111e+01	4.713431703586629107e-02
3.067263978073609110e+01	4.886991319824599694e-02
3.303207361002348819e+01	5.073416790587807063e-02
3.539150743931087817e+01	5.269101776776564244e-02
3.775094126859826815e+01	5.472900262053018161e-02
4.011037509788565814e+01	5.678306641174243191e-02
4.246980892717304812e+01	5.882020347516142555e-02
4.482924275646044521e+01	6.085927546534511401e-02
4.718867658574783519e+01	6.286879009241731764e-02
4.954811041503522517e+01	6.484539762843521959e-02
5.190754424432262226e+01	6.678724001955627099e-02
5.426697807361001225e+01	6.867771903598797467e-02
5.662641190289740223e+01	7.052462136584848607e-02
5.898584573218479221e+01	7.233464239014339436e-02
6.134527956147218219e+01	7.409030125795711130e-02
6.370471339075957928e+01	7.580220957804501003e-02
6.606414722004697637e+01	7.747827639587062665e-02
6.842358104933435925e+01	7.910680916071202717e-02
7.078301487862175634e+01	8.068790804380659987e-02
7.314244870790913922e+01	8.222853460806593684e-02
7.550188253719653630e+01	8.371973056365980548e-02
7.786131636648393339e+01	8.516522330454347200e-02
8.022075019577131627e+01	8.656593229368614306e-02
8.258018402505871336e+01	8.791466659176666587e-02
8.493961785434609624e+01	8.921130394478082870e-02
8.729905168363349333e+01	9.046111124762407085e-02
8.965848551292089041e+01	9.165462446814033604e-02
9.201791934220827329e+01	9.279304125853302110e-02
9.437735317149567038e+01	9.387822123869145330e-02
9.673678700078306747e+01	9.490368825224233806e-02
9.909622083007045035e+01	9.587014744800702315e-02
1.014556546593578474e+02	9.677996732268377700e-02
1.038150884886452445e+02	9.762842259574995574e-02
1.061745223179326274e+02	9.841556381670051035e-02
1.085339561472200245e+02	9.914273750991217660e-02
1.108933899765074074e+02	9.979774992347340001e-02
1.132528238057948045e+02	1.003916939515979850e-01
1.156122576350822015e+02	1.009241127988614178e-01
1.179716914643695844e+02	1.013895054393287726e-01
1.203311252936569815e+02	1.017950107043389257e-01
1.226905591229443644e+02	1.021391202909608942e-01
1.250499929522317615e+02	1.024153970163089039e-01
1.274094267815191586e+02	1.026336785270732521e-01
1.297688606108065414e+02	1.027889757657650394e-01
1.321282944400939527e+02	1.028763627060291647e-01
1.344877282693813356e+02	1.029045122564518772e-01
1.368471620986687185e+02	1.028707384500258115e-01
1.392065959279561014e+02	1.027725184499334171e-01
1.415660297572435127e+02	1.026159291758362152e-01
1.439254635865308956e+02	1.024024682501980116e-01
1.462848974158182784e+02	1.021273492982063408e-01
1.486443312451056897e+02	1.018017637054987740e-01
1.510037650743930726e+02	1.014198072771605313e-01
1.533631989036804555e+02	1.009780072808818124e-01
1.557226327329678668e+02	1.004873771249024800e-01
1.580820665622552497e+02	9.994572522684318228e-02
1.604415003915426325e+02	9.934955889025935682e-02
1.628009342208300438e+02	9.870968632051227432e-02
1.651603680501174267e+02	9.802355621676429875e-02
1.675198018794048096e+02	9.729003258876096905e-02
1.698792357086921925e+02	9.651946788573709246e-02
1.722386695379796038e+02	9.570723996467220274e-02
1.745981033672669867e+02	9.485107901534699237e-02
1.769575371965543695e+02	9.396257467911697803e-02
1.793169710258417808e+02	9.303568581701039675e-02
1.816764048551291637e+02	9.207017525618176046e-02
1.840358386844165466e+02	9.107656829291506384e-02
1.863952725137039579e+02	9.004928630120141719e-02
1.887547063429913408e+02	8.898754057714002019e-02
1.911141401722787236e+02	8.790442231380984905e-02
1.934735740015661349e+02	8.679357151790656477e-02
1.958330078308535178e+02	8.565533808840028462e-02
1.981924416601409007e+02	8.450486543432711439e-02
2.005518754894283120e+02	8.333167639751477840e-02
2.029113093187156949e+02	8.213669199590432901e-02
2.052707431480030777e+02	8.093345791479517048e-02
2.076301769772904890e+02	7.971221080102379453e-02
2.099896108065778719e+02	7.847574211405188016e-02
2.123490446358652548e+02	7.723497956571868939e-02
2.147084784651526377e+02	7.598317902957860137e-02
2.170679122944400490e+02	7.472191483650990340e-02
2.194273461237274319e+02	7.346048728501883285e-02
2.217867799530148147e+02	7.219291167497414452e-02
2.241462137823022260e+02	7.092273721204082892e-02
2.265056476115896089e+02	6.965821648207234928e-02
2.288650814408769918e+02	6.839374057640819349e-02
2.312245152701644031e+02	6.713155254291751362e-02
2.335839490994517860e+02	6.587983186003737446e-02
2.359433829287391688e+02	6.463369178247169167e-02
2.383028167580265801e+02	6.339633052404863856e-02
2.406622505873139630e+02	6.217388810473290645e-02
2.430216844166013459e+02	6.096236225755008453e-02
2.453811182458887288e+02	5.976468506876003728e-02
2.477405520751761401e+02	5.858758508350277866e-02
2.500999859044635230e+02	5.742643000962922156e-02
2.524594197337509058e+02	5.628388585980776543e-02
2.548188535630383171e+02	5.516557419203897000e-02
2.571782873923257284e+02	5.406764862667259863e-02
2.595377212216130829e+02	5.299305633303868363e-02
2.618971550509004942e+02	5.194527923450820844e-02
2.642565888801879055e+02	5.092093751577323607e-02
2.666160227094752599e+02	4.992280966788549545e-02
2.689754565387626712e+02	4.895516678002369282e-02
2.713348903680500257e+02	4.801438779086306119e-02
2.736943241973374370e+02	4.710211846134451652e-02
2.760537580266248483e+02	4.622092666633301900e-02
2.784131918559122028e+02	4.536951782364005703e-02
2.807726256851996141e+02	4.454875737508990491e-02
2.831320595144870254e+02	4.376033421076179486e-02
2.854914933437743798e+02	4.300184089101670437e-02
2.878509271730617911e+02	4.227459886573951137e-02
2.902103610023492024e+02	4.157986862617307766e-02
2.925697948316365569e+02	4.091513775821855464e-02
2.949292286609239682e+02	4.028137276139630296e-02
2.972886624902113795e+02	3.967929764926055730e-02
2.996480963194987339e+02	3.910668003909876372e-02
3.020075301487861452e+02	3.856433573204717108e-02
3.043669639780735565e+02	3.805119405246978198e-02
3.067263978073609110e+02	3.756540499019492968e-02
3.090858316366483223e+02	3.710660723851524900e-02
3.114452654659357336e+02	3.667561152732737306e-02
3.138046992952230880e+02	3.627001011648574996e-02
3.161641331245104993e+02	3.589003412182537045e-02
3.185235669537979106e+02	3.553482615998938832e-02
3.208830007830852651e+02	3.520242863487799828e-02
3.232424346123726764e+02	3.489199743394425651e-02
3.256018684416600877e+02	3.460361709287023552e-02
3.279613022709474421e+02	3.433468530614201819e-02
3.303207361002348534e+02	3.408524293975112585e-02
3.326801699295222647e+02	3.385284204649852136e-02
3.350396037588096192e+02	3.363683328032007064e-02
3.373990375880970305e+02	3.343651334661692370e-02
3.397584714173843849e+02	3.325019767518094110e-02
3.421179052466717962e+02	3.307645631797308944e-02
3.444773390759592075e+02	3.291514204384633768e-02
3.468367729052465620e+02	3.276521641507820770e-02
3.491962067345339733e+02	3.262532350206978626e-02
3.515556405638213846e+02	3.249549214328869423e-02
3.539150743931087391e+02	3.237427119581867685e-02
3.562745082223961504e+02	3.226074460579549108e-02
3.586339420516835617e+02	3.215496650550999508e-02
3.609933758809709161e+02	3.205563607327718140e-02
3.633528097102583274e+02	3.196166947259761193e-02
3.657122435395457387e+02	3.187311320493455002e-02
3.680716773688330932e+02	3.178965758004886205e-02
3.704311111981205045e+02	3.171016489833766022e-02
3.727905450274079158e+02	3.163460165875877500e-02
3.751499788566952702e+02	3.156225895719622088e-02
3.775094126859826815e+02	3.149271118741606146e-02
3.798688465152700928e+02	3.142640198597802109e-02
3.822282803445574473e+02	3.136212258093548644e-02
3.845877141738448586e+02	3.129948654241537787e-02
3.869471480031322699e+02	3.123828068210766223e-02
3.893065818324196243e+02	3.117874308756830165e-02
3.916660156617070356e+02	3.112048799357052670e-02
3.940254494909944469e+02	3.106389870997024530e-02
3.963848833202818014e+02	3.100817223527317298e-02
3.987443171495692127e+02	3.095336869925710901e-02
4.011037509788566240e+02	3.089973262585031522e-02
4.034631848081439784e+02	3.084718303606059919e-02
4.058226186374313897e+02	3.079547910109519879e-02
4.081820524667188010e+02	3.074496105791745676e-02
4.105414862960061555e+02	3.069508835996962934e-02
4.129009201252935668e+02	3.064597734142796362e-02
4.152603539545809781e+02	3.059828414387740642e-02
4.176197877838683326e+02	3.055117315151638369e-02
4.199792216131557439e+02	3.050473186676265144e-02
4.223386554424430983e+02	3.045957537090305395e-02
4.246980892717305096e+02	3.041513094965198755e-02
4.270575231010179209e+02	3.037183121228079902e-02
4.294169569303052754e+02	3.032966093142961533e-02
4.317763907595926867e+02	3.028832435509245385e-02
4.341358245888800980e+02	3.024816968857162863e-02
4.364952584181674524e+02	3.020927290248538385e-02
4.388546922474548637e+02	3.017124476883513776e-02
4.412141260767422750e+02	3.013407010325835217e-02
4.435735599060296295e+02	3.009815184424915330e-02
4.459329937353170408e+02	3.006318684395953636e-02
4.482924275646044521e+02	3.002976981652559496e-02
4.506518613938918065e+02	2.999721507047745095e-02
4.530112952231792178e+02	2.996595576334347422e-02
4.553707290524666291e+02	2.993596602127891748e-02
4.577301628817539836e+02	2.990742921320285394e-02
4.600895967110413949e+02	2.988043604495201760e-02
4.624490305403288062e+02	2.985479187909918439e-02
4.648084643696161606e+02	2.983066962647671488e-02
4.671678981989035719e+02	2.980808318016892750e-02
4.695273320281909832e+02	2.978731032024136555e-02
4.718867658574783377e+02	2.976825271976794515e-02
4.742461996867657490e+02	2.975115865230659740e-02
4.766056335160531603e+02	2.973597871673945917e-02
4.789650673453405147e+02	2.972282844013198963e-02
4.813245011746279260e+02	2.971166702858237668e-02
4.836839350039153373e+02	2.970249913083293850e-02
4.860433688332026918e+02	2.969555213130986582e-02
4.884028026624901031e+02	2.969044859205295997e-02
4.907622364917774576e+02	2.968745657076819061e-02
4.931216703210648689e+02	2.968645569654960667e-02
4.954811041503522802e+02	2.968742678089419940e-02
4.978405379796396346e+02	2.969052717066330421e-02
5.001999718089270459e+02	2.969589725532136362e-02
5.025594056382144572e+02	2.970323945590526080e-02
5.049188394675018117e+02	2.971259037899795508e-02
5.072782732967892230e+02	2.972396788615062554e-02
5.096377071260766343e+02	2.973720441397779274e-02
5.119971409553639887e+02	2.975238169604377259e-02
5.143565747846514569e+02	2.976942713729326812e-02
5.167160086139388113e+02	2.978831513805830014e-02
5.190754424432261658e+02	2.980922213391554165e-02
5.214348762725136339e+02	2.983196886530710065e-02
5.237943101018009884e+02	2.985632331475499002e-02
5.261537439310883428e+02	2.988262325773751588e-02
5.285131777603758110e+02	2.991050225331012141e-02
5.308726115896631654e+02	2.993998901655938252e-02
5.332320454189505199e+02	2.997108120851723137e-02
5.355914792482378743e+02	3.000350951023379384e-02
5.379509130775253425e+02	3.003721275748430508e-02
5.403103469068126969e+02	3.007250331807337015e-02
5.426697807361000514e+02	3.010906514946587453e-02
5.450292145653875195e+02	3.014678473038728476e-02
5.473886483946748740e+02	3.018601063811166690e-02
5.497480822239622285e+02	3.022651103681436163e-02
5.521075160532496966e+02	3.026803756621776476e-02
5.544669498825370511e+02	3.031098767349600653e-02
5.568263837118244055e+02	3.035496973377976512e-02
5.591858175411118737e+02	3.039985333224386535e-02
5.615452513703992281e+02	3.044575738147924787e-02
5.639046851996865826e+02	3.049249801691118061e-02
5.662641190289740507e+02	3.053987816699947969e-02
5.686235528582614052e+02	3.058817412114655382e-02
5.709829866875487596e+02	3.063713862838289906e-02
5.733424205168362278e+02	3.068660727589537715e-02
5.757018543461235822e+02	3.073683789767030564e-02
5.780612881754109367e+02	3.078749268449449197e-02
5.804207220046984048e+02	3.083841589182323428e-02
5.827801558339857593e+02	3.088976494658643782e-02
5.851395896632731137e+02	3.094141582195329004e-02
5.874990234925605819e+02	3.099313742339076042e-02
5.898584573218479363e+02	3.104500132195844170e-02
5.922178911511352908e+02	3.109689454066673006e-02
5.945773249804227589e+02	3.114862994357656470e-02
5.969367588097101134e+02	3.120031530609845144e-02
5.992961926389974678e+02	3.125167760397540989e-02
6.016556264682849360e+02	3.130254016575922948e-02
6.040150602975722904e+02	3.135312007714433080e-02
6.063744941268596449e+02	3.140321907439021232e-02
6.087339279561471130e+02	3.145266684332336665e-02
6.110933617854344675e+02	3.150149976762416093e-02
6.134527956147218219e+02	3.154956334925908962e-02
6.158122294440092901e+02	3.159675223210425127e-02
6.181716632732966445e+02	3.164334064141135355e-02
6.205310971025839990e+02	3.168897914536633609e-02
6.228905309318714671e+02	3.173352873064733820e-02
6.252499647611588216e+02	3.177716428890226680e-02
6.276093985904461761e+02	3.181971615421839289e-02
6.299688324197336442e+02	3.186111774402612673e-02
6.323282662490209987e+02	3.190158511971687844e-02
6.346877000783083531e+02	3.194095164967843820e-02
6.370471339075958213e+02	3.197917165160868436e-02
6.394065677368831757e+02	3.201645226834731739e-02
6.417660015661705302e+02	3.205257808477333936e-02
6.441254353954579983e+02	3.208757643685143657e-02
6.464848692247453528e+02	3.212155032322690923e-02
6.488443030540327072e+02	3.215441636713715218e-02
6.512037368833201754e+02	3.218614346177422342e-02
6.535631707126075298e+02	3.221707626472680719e-02
6.559226045418948843e+02	3.224689786244981649e-02
6.582820383711823524e+02	3.227573147190802155e-02
6.606414722004697069e+02	3.230370956575984859e-02
6.630009060297570613e+02	3.233083671970469336e-02
6.653603398590445295e+02	3.235725176257494423e-02
6.677197736883318839e+02	3.238303674517099134e-02
6.700792075176192384e+02	3.240794729440876765e-02
6.724386413469067065e+02	3.243220563892763170e-02
6.747980751761940610e+02	3.245586980255896897e-02
6.771575090054814154e+02	3.247888351059979167e-02
6.795169428347687699e+02	3.250133237347191395e-02
6.818763766640562380e+02	3.252351860994269483e-02
6.842358104933435925e+02	3.254530751430070173e-02
6.865952443226309470e+02	3.256677427069537556e-02
6.889546781519184151e+02	3.258800613176549010e-02
6.913141119812057696e+02	3.260901914473226387e-02
6.936735458104931240e+02	3.262985382879424190e-02
6.960329796397805922e+02	3.265064563033255596e-02
6.983924134690679466e+02	3.267135308988138725e-02
7.007518472983553011e+02	3.269203413449782436e-02
7.031112811276427692e+02	3.271270037451751850e-02
7.054707149569301237e+02	3.273325529803682021e-02
7.078301487862174781e+02	3.275386888438482080e-02
7.101895826155049463e+02	3.277469789724841293e-02
7.125490164447923007e+02	3.279553421097808341e-02
7.149084502740796552e+02	3.281665448827730119e-02
7.172678841033671233e+02	3.283796793011749954e-02
7.196273179326544778e+02	3.285940730732433285e-02
7.219867517619418322e+02	3.288099871848463446e-02
7.243461855912293004e+02	3.290293043672789380e-02
7.267056194205166548e+02	3.292505291050539656e-02
7.290650532498040093e+02	3.294749239108851063e-02
7.314244870790914774e+02	3.297038237488453261e-02
7.337839209083788319e+02	3.299345461040763955e-02
7.361433547376661863e+02	3.301688703554196691e-02
7.385027885669536545e+02	3.304071783262358536e-02
7.408622223962410089e+02	3.306476875964621531e-02
7.432216562255283634e+02	3.308918454601206260e-02
7.455810900548158315e+02	3.311400434191211911e-02
7.479405238841031860e+02	3.313895702501262058e-02
7.502999577133905404e+02	3.316430210202977319e-02
7.526593915426780086e+02	3.319006314480170416e-02
7.550188253719653630e+02	3.321603466961007417e-02
7.573782592012527175e+02	3.324243082952361983e-02
7.597376930305401856e+02	3.326908031045862357e-02
7.620971268598275401e+02	3.329593164250860965e-02
7.644565606891148946e+02	3.332319842896872691e-02
7.668159945184023627e+02	3.335078966492717456e-02
7.691754283476897172e+02	3.337848565654338157e-02
7.715348621769770716e+02	3.340641497254846076e-02
7.738942960062645398e+02	3.343459229727977627e-02
7.762537298355518942e+02	3.346294322389044978e-02
7.786131636648392487e+02	3.349154287800933799e-02
7.809725974941267168e+02	3.352037440125656825e-02
7.833320313234140713e+02	3.354917932531505109e-02
7.856914651527014257e+02	3.357819301973993115e-02
7.880508989819888939e+02	3.360731008239758316e-02
7.904103328112762483e+02	3.363653509894135724e-02
7.927697666405636028e+02	3.366603556773585526e-02
7.951292004698510709e+02	3.369561325384119732e-02
7.974886342991384254e+02	3.372530448647884788e-02
7.998480681284257798e+02	3.375519980967583294e-02
8.022075019577132480e+02	3.378517600753962180e-02
8.045669357870006024e+02	3.381524262639136469e-02
8.069263696162879569e+02	3.384556136146902455e-02
8.092858034455754250e+02	3.387589113810479668e-02
8.116452372748627795e+02	3.390623703110018372e-02
8.140046711041501339e+02	3.393675702127400134e-02
8.163641049334376021e+02	3.396719252970944319e-02
8.187235387627249565e+02	3.399751945118165142e-02
8.210829725920123110e+02	3.402787214685840111e-02
8.234424064212997791e+02	3.405824408861375663e-02
8.258018402505871336e+02	3.408860549296539172e-02
8.281612740798744881e+02	3.411899117400942621e-02
8.305207079091619562e+02	3.414935076225446980e-02
8.328801417384493107e+02	3.417966223205434056e-02
8.352395755677366651e+02	3.420996303781429632e-02
8.375990093970240196e+02	3.424004556979268893e-02
8.399584432263114877e+02	3.426995285422966553e-02
8.423178770555988422e+02	3.429974697109861026e-02
8.446773108848861966e+02	3.432926342841000067e-02
8.470367447141736648e+02	3.435847437605153015e-02
8.493961785434610192e+02	3.438751914991812486e-02
8.517556123727483737e+02	3.441628430736209943e-02
8.541150462020358418e+02	3.444472838782824259e-02
8.564744800313231963e+02	3.447299863414460958e-02
8.588339138606105507e+02	3.450090032154885800e-02
8.611933476898980189e+02	3.452832012236001225e-02
8.635527815191853733e+02	3.455540281714825079e-02
8.659122153484727278e+02	3.458205679451447495e-02
8.682716491777601959e+02	3.460837314413548610e-02
8.706310830070475504e+02	3.463439483741459490e-02
8.729905168363349048e+02	3.466013387501314102e-02
8.753499506656223730e+02	3.468552645414325897e-02
8.777093844949097274e+02	3.471060662997697832e-02
8.800688183241970819e+02	3.473526767810132532e-02
8.824282521534845500e+02	3.475954267136342063e-02
8.847876859827719045e+02	3.478352065279536470e-02
8.871471198120592589e+02	3.480712745535687047e-02
8.895065536413467271e+02	3.483037447208863630e-02
8.918659874706340815e+02	3.485333955253528543e-02
8.942254212999214360e+02	3.487585317592761108e-02
8.965848551292089041e+02	3.489800575123922638e-02
8.989442889584962586e+02	3.491977751662038443e-02
9.013037227877836131e+02	3.494120682928888305e-02
9.036631566170710812e+02	3.496222345589023589e-02
9.060225904463584357e+02	3.498293723415895479e-02
9.083820242756457901e+02	3.500323256081549345e-02
9.107414581049332583e+02	3.502312616027414283e-02
9.131008919342206127e+02	3.504266224919608957e-02
9.154603257635079672e+02	3.506180924323485520e-02
9.178197595927954353e+02	3.508054151566333129e-02
9.201791934220827898e+02	3.509888353416911605e-02
9.225386272513701442e+02	3.511673999927098638e-02
9.248980610806576124e+02	3.513401285781560246e-02
9.272574949099449668e+02	3.515085214351249682e-02
9.296169287392323213e+02	3.516712616177478795e-02
9.319763625685197894e+02	3.518290620563317012e-02
9.343357963978071439e+02	3.519822969971769799e-02
9.366952302270944983e+02	3.521306507495781252e-02
9.390546640563819665e+02	3.522747462508333399e-02
9.414140978856693209e+02	3.524146568118154826e-02
9.437735317149566754e+02	3.525495459158865114e-02
9.461329655442441435e+02	3.526802882625010988e-02
9.484923993735314980e+02	3.528074747441042186e-02
9.508518332028188524e+02	3.529299374216002261e-02
9.532112670321063206e+02	3.530474128085004520e-02
9.555707008613936750e+02	3.531603643668294878e-02
9.579301346906810295e+02	3.532679812010598719e-02
9.602895685199684976e+02	3.533707493055824461e-02
9.626490023492558521e+02	3.534692340974900093e-02
9.650084361785432066e+02	3.535627461176270997e-02
9.673678700078306747e+02	3.536522916789625048e-02
9.697273038371180292e+02	3.537380679958101320e-02
9.720867376664053836e+02	3.538193728333498267e-02
9.744461714956928517e+02	3.538969546476199157e-02
9.768056053249802062e+02	3.539709507639447750e-02
9.791650391542675607e+02	3.540409415081149230e-02
9.815244729835549151e+02	3.541072261887745487e-02
9.838839068128423833e+02	3.541698645868647521e-02
9.862433406421297377e+02	3.542284026967740251e-02
9.886027744714170922e+02	3.542842983315799832e-02
9.909622083007045603e+02	3.543371137265446252e-02
9.933216421299919148e+02	3.543864783893248965e-02
9.956810759592792692e+02	3.544324398071257293e-02
9.980405097885667374e+02	3.544757511934605587e-02
1.000399943617854092e+03	3.545157681548940370e-02
1.002759377447141446e+03	3.545530772660080571e-02
1.005118811276428914e+03	3.545876295354125768e-02
1.007478245105716269e+03	3.546186337119233006e-02
1.009837678935003623e+03	3.546473565061299127e-02
1.012197112764291091e+03	3.546738520848299187e-02
1.014556546593578446e+03	3.546976926483049603e-02
1.016915980422865800e+03	3.547196226072817787e-02
1.019275414252153269e+03	3.547394071044095154e-02
1.021634848081440623e+03	3.547568266208523530e-02
1.023994281910727977e+03	3.547724958992641564e-02
1.026353715740015332e+03	3.547866810127534715e-02
1.028713149569302914e+03	3.547986132940918885e-02
1.031072583398590268e+03	3.548096452988313415e-02
1.033432017227877623e+03	3.548195178667711003e-02
1.035791451057164977e+03	3.548278599026443575e-02
1.038150884886452332e+03	3.548360571719600537e-02
1.040510318715739686e+03	3.548430598589687873e-02
1.042869752545027268e+03	3.548487348060489627e-02
1.045229186374314622e+03	3.548539848665335089e-02
1.047588620203601977e+03	3.548587680404820949e-02
1.049948054032889331e+03	3.548626669653504040e-02
1.052307487862176686e+03	3.548666173817031227e-02
1.054666921691464040e+03	3.548700106248998259e-02
1.057026355520751622e+03	3.548735272445194960e-02
1.059385789350038976e+03	3.548772418912953669e-02
1.061745223179326331e+03	3.548805122788691035e-02
1.064104657008613685e+03	3.548831889080231866e-02
1.066464090837901040e+03	3.548859388612928684e-02
1.068823524667188394e+03	3.548881702653467612e-02
1.071182958496475749e+03	3.548896805309386532e-02
1.073542392325763331e+03	3.548914066314408366e-02
1.075901826155050685e+03	3.548924192142231121e-02
1.078261259984338039e+03	3.548927473056052301e-02
1.080620693813625394e+03	3.548934957982412264e-02
1.082980127642912748e+03	3.548931497723306627e-02
1.085339561472200103e+03	3.548915923149535689e-02
1.087698995301487685e+03	3.548898737489740440e-02
1.090058429130775039e+03	3.548869846945808260e-02
1.092417862960062394e+03	3.548828336065425193e-02
1.094777296789349748e+03	3.548782476333320335e-02
1.097136730618637102e+03	3.548734797780630362e-02
1.099496164447924457e+03	3.548674673485897879e-02
1.101855598277212039e+03	3.548612941655670400e-02
1.104215032106499393e+03	3.548535042270204581e-02
1.106574465935786748e+03	3.548446253053706007e-02
1.108933899765074102e+03	3.548351677330435078e-02
1.111293333594361457e+03	3.548241649472051035e-02
1.113652767423648811e+03	3.548116984675165481e-02
1.116012201252936393e+03	3.547986467833807306e-02
1.118371635082223747e+03	3.547837105268449032e-02
1.120731068911511102e+03	3.547670261585005036e-02
1.123090502740798456e+03	3.547490282003239181e-02
1.125449936570085811e+03	3.547291673617738311e-02
1.127809370399373165e+03	3.547075836671796656e-02
1.130168804228660747e+03	3.546853084598131089e-02
1.132528238057948101e+03	3.546617008828487072e-02
1.134887671887235456e+03	3.546368582845561140e-02
1.137247105716522810e+03	3.546116047947176636e-02
1.139606539545810165e+03	3.545861320289104418e-02
1.141965973375097519e+03	3.545599713924529189e-02
1.144325407204385101e+03	3.545332685115450827e-02
1.146684841033672456e+03	3.545052143091563523e-02
1.149044274862959810e+03	3.544765966269460000e-02
1.151403708692247164e+03	3.544474182543926738e-02
1.153763142521534519e+03	3.544165594530639118e-02
1.156122576350821873e+03	3.543844890107965967e-02
1.158482010180109455e+03	3.543518994512097342e-02
1.160841444009396810e+03	3.543180651709960244e-02
1.163200877838684164e+03	3.542833092480434515e-02
1.165560311667971519e+03	3.542483192083038107e-02
1.167919745497258873e+03	3.542122270273836276e-02
1.170279179326546227e+03	3.541758391951953244e-02
1.172638613155833809e+03	3.541396203978246920e-02
1.174998046985121164e+03	3.541030801050439741e-02
1.177357480814408518e+03	3.540664001342547218e-02
1.179716914643695873e+03	3.540299827615554784e-02
1.182076348472983227e+03	3.539932291077797083e-02
1.184435782302270582e+03	3.539562508796908341e-02
1.186795216131558163e+03	3.539190634971089988e-02
1.189154649960845518e+03	3.538807607180358833e-02
1.191514083790132872e+03	3.538425733155239894e-02
1.193873517619420227e+03	3.538045426162589324e-02
1.196232951448707581e+03	3.537659249192789263e-02
1.198592385277994936e+03	3.537273775777448337e-02
1.200951819107282518e+03	3.536890455135689032e-02
1.203311252936569872e+03	3.536505216871261431e-02
1.205670686765857226e+03	3.536123116454744503e-02
1.208030120595144581e+03	3.535742999347522841e-02
1.210389554424431935e+03	3.535361613953205695e-02
1.212748988253719290e+03	3.534984830348790463e-02
1.215108422083006644e+03	3.534615163007882865e-02
1.217467855912294226e+03	3.534247590563317082e-02
1.219827289741581581e+03	3.533885777673814038e-02
1.222186723570868935e+03	3.533527264075968927e-02
1.224546157400156289e+03	3.533173101759345958e-02
1.226905591229443644e+03	3.532829625600737711e-02
1.229265025058730998e+03	3.532493998260249901e-02
1.231624458888018580e+03	3.532163572797567680e-02
1.233983892717305935e+03	3.531849021158106616e-02
1.236343326546593289e+03	3.531546655382212380e-02
1.238702760375880644e+03	3.531255927249364601e-02
1.241062194205167998e+03	3.530985113703979938e-02
1.243421628034455352e+03	3.530729249010246262e-02
1.245781061863742934e+03	3.530486453289705812e-02
1.248140495693030289e+03	3.530267319928385300e-02
1.250499929522317643e+03	3.530071213749138431e-02
1.252859363351604998e+03	3.529894558682764721e-02
1.255218797180892352e+03	3.529742769783957013e-02
1.257578231010179707e+03	3.529612957427495645e-02
1.259937664839467288e+03	3.529502377999519519e-02
1.262297098668754643e+03	3.529414180461792894e-02
1.264656532498041997e+03	3.529346081356846132e-02
1.267015966327329352e+03	3.529295903144872432e-02
1.269375400156616706e+03	3.529273132664679374e-02
1.271734833985904061e+03	3.529273606035974314e-02
1.274094267815191643e+03	3.529293940142562425e-02
1.276453701644478997e+03	3.529338942953458985e-02
1.278813135473766351e+03	3.529402098284644546e-02
1.281172569303053706e+03	3.529481346938299208e-02
1.283532003132341060e+03	3.529583507208612636e-02
1.285891436961628415e+03	3.529698946225806599e-02
1.288250870790915997e+03	3.529827843890950834e-02
1.290610304620203351e+03	3.529975208044210111e-02
1.292969738449490706e+03	3.530132424167110872e-02
1.295329172278778060e+03	3.530296988785072698e-02
1.297688606108065414e+03	3.530482689491674930e-02
1.300048039937352769e+03	3.530677600204812361e-02
1.302407473766640351e+03	3.530882803725429037e-02
1.304766907595927705e+03	3.531103744175070197e-02
1.307126341425215060e+03	3.531337612880060262e-02
1.309485775254502414e+03	3.531582376194535716e-02
1.311845209083789769e+03	3.531842450938883771e-02
1.314204642913077123e+03	3.532111605866870147e-02
1.316564076742364705e+03	3.532390012385689532e-02
1.318923510571652059e+03	3.532677182988322451e-02
1.321282944400939414e+03	3.532969959278806082e-02
1.323642378230226768e+03	3.533266705135592461e-02
1.326001812059514123e+03	3.533570848318386831e-02
1.328361245888801477e+03	3.533879847092720461e-02
1.330720679718089059e+03	3.534194629769567969e-02
1.333080113547376413e+03	3.534517848919400268e-02
1.335439547376663768e+03	3.534847014921714548e-02
1.337798981205951122e+03	3.535181012647742316e-02
1.340158415035238477e+03	3.535526933598611560e-02
1.342517848864525831e+03	3.535880017607752335e-02
1.344877282693813413e+03	3.536237601638725359e-02
1.347236716523100768e+03	3.536605835559657879e-02
1.349596150352388122e+03	3.536979379059512762e-02
1.351955584181675476e+03	3.537357283796794399e-02
1.354315018010962831e+03	3.537750349382162013e-02
1.356674451840250185e+03	3.538148522023719378e-02
1.359033885669537540e+03	3.538550575401559761e-02
1.361393319498825122e+03	3.538964958546515771e-02
1.363752753328112476e+03	3.539386441366972058e-02
1.366112187157399831e+03	3.539816862485730548e-02
1.368471620986687185e+03	3.540259832717908978e-02
1.370831054815974539e+03	3.540711837869919831e-02
1.373190488645261894e+03	3.541174880170011585e-02
1.375549922474549476e+03	3.541653622340724950e-02
1.377909356303836830e+03	3.542145825216874017e-02
1.380268790133124185e+03	3.542652562760054830e-02
1.382628223962411539e+03	3.543177444680346150e-02
1.384987657791698894e+03	3.543718865651119404e-02
1.387347091620986248e+03	3.544281440557362634e-02
1.389706525450273830e+03	3.544864217404582185e-02
1.392065959279561184e+03	3.545463418329310862e-02
1.394425393108848539e+03	3.546082441877190100e-02
1.396784826938135893e+03	3.546720857493086687e-02
1.399144260767423248e+03	3.547377837398511813e-02
1.401503694596710602e+03	3.548052072020128206e-02
1.403863128425998184e+03	3.548750776052452677e-02
1.406222562255285538e+03	3.549472549111513248e-02
1.408581996084572893e+03	3.550212577299228373e-02
1.410941429913860247e+03	3.550970283029706437e-02
1.413300863743147602e+03	3.551742899868998160e-02
1.415660297572434956e+03	3.552534378818184013e-02
1.418019731401722538e+03	3.553344530521122813e-02
1.420379165231009893e+03	3.554167257826443271e-02
1.422738599060297247e+03	3.555011527248357062e-02
1.425098032889584601e+03	3.555875703957177975e-02
1.427457466718871956e+03	3.556755395679402076e-02
1.429816900548159310e+03	3.557650176613656734e-02
1.432176334377446892e+03	3.558563013454781043e-02
1.434535768206734247e+03	3.559491478286083699e-02
1.436895202036021601e+03	3.560438767456979015e-02
1.439254635865308956e+03	3.561400688369398965e-02
1.441614069694596310e+03	3.562375480331955030e-02
1.443973503523883664e+03	3.563366014007897375e-02
1.446332937353171246e+03	3.564369833425110046e-02
1.448692371182458601e+03	3.565384265776643663e-02
1.451051805011745955e+03	3.566409446796256488e-02
1.453411238841033310e+03	3.567448567858732406e-02
1.455770672670320664e+03	3.568492751725967083e-02
1.458130106499608019e+03	3.569549338423892715e-02
1.460489540328895600e+03	3.570616084254848999e-02
1.462848974158182955e+03	3.571693993532156636e-02
1.465208407987470309e+03	3.572783870431215508e-02
1.467567841816757664e+03	3.573885616438651769e-02
1.469927275646045018e+03	3.574995499814004329e-02
1.472286709475332373e+03	3.576119353787220179e-02
1.474646143304619955e+03	3.577254003762993240e-02
1.477005577133907309e+03	3.578396410266043021e-02
1.479365010963194663e+03	3.579553750735503526e-02
1.481724444792482018e+03	3.580722666078278021e-02
1.484083878621769372e+03	3.581902082272797605e-02
1.486443312451056727e+03	3.583093654833851421e-02
1.488802746280344309e+03	3.584293234186681359e-02
1.491162180109631663e+03	3.585502186752511505e-02
1.493521613938919018e+03	3.586723480263624003e-02
1.495881047768206372e+03	3.587956251689524562e-02
1.498240481597493726e+03	3.589191743678218915e-02
1.500599915426781081e+03	3.590440393133720320e-02
1.502959349256068663e+03	3.591706388543361439e-02
1.505318783085356017e+03	3.592983262837935732e-02
1.507678216914643372e+03	3.594274505123690178e-02
1.510037650743930726e+03	3.595580879454213230e-02
1.512397084573218081e+03	3.596895419935584176e-02
1.514756518402505435e+03	3.598223098523571639e-02
1.517115952231792789e+03	3.599564089571893888e-02
1.519475386061080371e+03	3.600914297537659292e-02
1.521834819890367726e+03	3.602278335545248955e-02
1.524194253719655080e+03	3.603654104058511692e-02
1.526553687548942435e+03	3.605041130381433923e-02
1.528913121378229789e+03	3.606442596664412303e-02
1.531272555207517144e+03	3.607857898966153332e-02
1.533631989036804725e+03	3.609284147075424859e-02
1.535991422866092080e+03	3.610722960444952279e-02
1.538350856695379434e+03	3.612174184996807397e-02
1.540710290524666789e+03	3.613639733880975868e-02
1.543069724353954143e+03	3.615118944071167573e-02
1.545429158183241498e+03	3.616609246534543270e-02
1.547788592012529080e+03	3.618112859856625202e-02
1.550148025841816434e+03	3.619630720263812551e-02
1.552507459671103788e+03	3.621161469504343561e-02
1.554866893500391143e+03	3.622703914360232008e-02
1.557226327329678497e+03	3.624261648253505191e-02
1.559585761158965852e+03	3.625833219499843829e-02
1.561945194988253434e+03	3.627418835904238498e-02
1.564304628817540788e+03	3.629019282351123726e-02
1.566664062646828143e+03	3.630633282809406920e-02
1.569023496476115497e+03	3.632259795431605487e-02
1.571382930305402851e+03	3.633899710320510901e-02
1.573742364134690206e+03	3.635550792132576786e-02
1.576101797963977788e+03	3.637212467852263958e-02
1.578461231793265142e+03	3.638889328822666330e-02
1.580820665622552497e+03	3.640577053557250004e-02
1.583180099451839851e+03	3.642274461355390208e-02
1.585539533281127206e+03	3.643986326062010478e-02
1.587898967110414560e+03	3.645708376767597958e-02
1.590258400939702142e+03	3.647441859787332180e-02
1.592617834768989496e+03	3.649189048649553041e-02
1.594977268598276851e+03	3.650948017854364902e-02
1.597336702427564205e+03	3.652722294124098601e-02
1.599696136256851560e+03	3.654509176465492448e-02
1.602055570086138914e+03	3.656305429643386812e-02
1.604415003915426496e+03	3.658115001714638131e-02
1.606774437744713850e+03	3.659936518998629235e-02
1.609133871574001205e+03	3.661769282174727469e-02
1.611493305403288559e+03	3.663613388462674120e-02
1.613852739232575914e+03	3.665469257770071626e-02
1.616212173061863268e+03	3.667334451352236013e-02
1.618571606891150850e+03	3.669213448108303577e-02
1.620931040720438205e+03	3.671103987169270499e-02
1.623290474549725559e+03	3.673002849426325322e-02
1.625649908379012913e+03	3.674911285181337722e-02
1.628009342208300268e+03	3.676829307401107555e-02
1.630368776037587622e+03	3.678754852310007345e-02
1.632728209866875204e+03	3.680690880738389514e-02
1.635087643696162559e+03	3.682636892555546382e-02
1.637447077525449913e+03	3.684592431193229461e-02
1.639806511354737268e+03	3.686559640830806839e-02
1.642165945184024622e+03	3.688537884683186496e-02
1.644525379013311976e+03	3.690525696955251206e-02
1.646884812842599558e+03	3.692524086988998450e-02
1.649244246671886913e+03	3.694532845161562634e-02
1.651603680501174267e+03	3.696547836907026346e-02
1.653963114330461622e+03	3.698573680284442111e-02
1.656322548159748976e+03	3.700608257859081679e-02
1.658681981989036331e+03	3.702651135579523856e-02
1.661041415818323912e+03	3.704705777211876605e-02
1.663400849647611267e+03	3.706770962030121047e-02
1.665760283476898621e+03	3.708843261262337321e-02
1.668119717306185976e+03	3.710927292105878350e-02
1.670479151135473330e+03	3.713021316232670288e-02
1.672838584964760685e+03	3.715124483227102287e-02
1.675198018794048039e+03	3.717238158572191975e-02
1.677557452623335621e+03	3.719363221103388212e-02
1.679916886452622975e+03	3.721497267676812659e-02
1.682276320281910330e+03	3.723643842793386560e-02
1.684635754111197684e+03	3.725800999786895579e-02
1.686995187940485039e+03	3.727968639214564867e-02
1.689354621769772393e+03	3.730150367298520203e-02
1.691714055599059975e+03	3.732341117504994060e-02
1.694073489428347330e+03	3.734541991128119409e-02
1.696432923257634684e+03	3.736756459834829347e-02
1.698792357086922038e+03	3.738981968430937775e-02
1.701151790916209393e+03	3.741218136178561110e-02
1.703511224745496747e+03	3.743464734375171604e-02
1.705870658574784329e+03	3.745722322740820814e-02
1.708230092404071684e+03	3.747988013279641983e-02
1.710589526233359038e+03	3.750264507603250780e-02
1.712948960062646393e+03	3.752549414414686757e-02
1.715308393891933747e+03	3.754841189444451527e-02
1.717667827721221101e+03	3.757143499631518391e-02
1.720027261550508683e+03	3.759453037578028289e-02
1.722386695379796038e+03	3.761768870950539523e-02
1.724746129209083392e+03	3.764092436894234117e-02
1.727105563038370747e+03	3.766423572282014132e-02
1.729464996867658101e+03	3.768760282030923781e-02
1.731824430696945456e+03	3.771105152756689533e-02
1.734183864526233037e+03	3.773457052141344220e-02
1.736543298355520392e+03	3.775817051441915373e-02
1.738902732184807746e+03	3.778186172711950341e-02
1.741262166014095101e+03	3.780562626696869905e-02
1.743621599843382455e+03	3.782948412061113569e-02
1.745981033672669810e+03	3.785344966721273380e-02
1.748340467501957392e+03	3.787752819367962848e-02
1.750699901331244746e+03	3.790169680091723392e-02
1.753059335160532100e+03	3.792596159374187620e-02
1.755418768989819455e+03	3.795034737939791125e-02
1.757778202819106809e+03	3.797476214592353932e-02
1.760137636648394164e+03	3.799926366115281839e-02
1.762497070477681746e+03	3.802380466206622955e-02
1.764856504306969100e+03	3.804838373207275470e-02
1.767215938136256455e+03	3.807300897268877521e-02
1.769575371965543809e+03	3.809768836110731527e-02
1.771934805794831163e+03	3.812239674646163146e-02
1.774294239624118518e+03	3.814722165218712574e-02
1.776653673453406100e+03	3.817211240301683628e-02
1.779013107282693454e+03	3.819704552577685847e-02
1.781372541111980809e+03	3.822205613501301891e-02
1.783731974941268163e+03	3.824711097506856838e-02
1.786091408770555518e+03	3.827220153156022514e-02
1.788450842599842872e+03	3.829734418208667612e-02
1.790810276429130454e+03	3.832248885668072813e-02
1.793169710258417808e+03	3.834764624889712425e-02
1.795529144087705163e+03	3.837285044288753222e-02
1.797888577916992517e+03	3.839805921861098870e-02
1.800248011746279872e+03	3.842326770371686656e-02
1.802607445575567226e+03	3.844850914858876506e-02
1.804966879404854808e+03	3.847376838374358399e-02
1.807326313234142162e+03	3.849905165069681529e-02
1.809685747063429517e+03	3.852437433833118263e-02
1.812045180892716871e+03	3.854970263331515545e-02
1.814404614722004226e+03	3.857505002409695322e-02
1.816764048551291580e+03	3.860043327526289231e-02
1.819123482380578935e+03	3.862584826160795487e-02
1.821482916209866517e+03	3.865129446029513804e-02
1.823842350039153871e+03	3.867676790031594758e-02
1.826201783868441225e+03	3.870222960665480050e-02
1.828561217697728580e+03	3.872772395924413413e-02
1.830920651527015934e+03	3.875326413156392896e-02
1.833280085356303289e+03	3.877883826861747152e-02
1.835639519185590871e+03	3.880444769759962970e-02
1.837998953014878225e+03	3.883009085699683921e-02
1.840358386844165580e+03	3.885574116041836529e-02
1.842717820673452934e+03	3.888141106663704077e-02
1.845077254502740288e+03	3.890711647480227242e-02
1.847436688332027643e+03	3.893285379386111911e-02
1.849796122161315225e+03	3.895859572542869492e-02
1.852155555990602579e+03	3.898436852045001483e-02
1.854514989819889934e+03	3.901015081002529028e-02
1.856874423649177288e+03	3.903593548498474758e-02
1.859233857478464643e+03	3.906171644467405085e-02
1.861593291307751997e+03	3.908750202919891031e-02
1.863952725137039579e+03	3.911330247501015184e-02
1.866312158966326933e+03	3.913911670765726075e-02
1.868671592795614288e+03	3.916493237124231419e-02
1.871031026624901642e+03	3.919074173154091928e-02
1.873390460454188997e+03	3.921654243660057521e-02
1.875749894283476351e+03	3.924231116233981714e-02
1.878109328112763933e+03	3.926807101852432258e-02
1.880468761942051287e+03	3.929380664997292327e-02
1.882828195771338642e+03	3.931951550371127341e-02
1.885187629600625996e+03	3.934518270925341926e-02
1.887547063429913351e+03	3.937082802596904296e-02
1.889906497259200705e+03	3.939642058842426214e-02
1.892265931088488287e+03	3.942198530096419767e-02
1.894625364917775642e+03	3.944752341459075579e-02
1.896984798747062996e+03	3.947300155900938801e-02
1.899344232576350350e+03	3.949845432724590627e-02
1.901703666405637705e+03	3.952386500304840705e-02
1.904063100234925059e+03	3.954922104696270008e-02
1.906422534064212641e+03	3.957453644909814106e-02
1.908781967893499996e+03	3.959980115548526053e-02
1.911141401722787350e+03	3.962498892140044193e-02
1.913500835552074705e+03	3.965012717065238834e-02
1.915860269381362059e+03	3.967519998328036812e-02
1.918219703210649413e+03	3.970018700775138076e-02
1.920579137039936995e+03	3.972511027705306896e-02
1.922938570869224350e+03	3.974996514477068671e-02
1.925298004698511704e+03	3.977478186265203525e-02
1.927657438527799059e+03	3.979954243609616638e-02
1.930016872357086413e+03	3.982425454653210767e-02
1.932376306186373768e+03	3.984887993360041597e-02
1.934735740015661349e+03	3.987346144494516298e-02
1.937095173844948704e+03	3.989799910623552381e-02
1.939454607674236058e+03	3.992243974984521770e-02
1.941814041503523413e+03	3.994682305526192634e-02
1.944173475332810767e+03	3.997113023748247868e-02
1.946532909162098122e+03	3.999535398383043810e-02
1.948892342991385703e+03	4.001950800874617270e-02
1.951251776820673058e+03	4.004358096262066596e-02
1.953611210649960412e+03	4.006756296998030542e-02
1.955970644479247767e+03	4.009144479434115921e-02
1.958330078308535121e+03	4.011524977400563602e-02
1.960689512137822476e+03	4.013895979618865156e-02
1.963048945967109830e+03	4.016259229199677788e-02
1.965408379796397412e+03	4.018613098051219967e-02
1.967767813625684767e+03	4.020957437271477364e-02
1.970127247454972121e+03	4.023293569779260587e-02
1.972486681284259475e+03	4.025622838735322395e-02
1.974846115113546830e+03	4.027944222368681076e-02
1.977205548942834184e+03	4.030259645655296513e-02
1.979564982772121766e+03	4.032567567469236280e-02
1.981924416601409121e+03	4.034866305909451389e-02
1.984283850430696475e+03	4.037157791512976240e-02
1.986643284259983830e+03	4.039441593321588253e-02
1.989002718089271184e+03	4.041714153195542780e-02
1.991362151918558538e+03	4.043980371513207495e-02
1.993721585747846120e+03	4.046237553159934275e-02
1.996081019577133475e+03	4.048484562101603568e-02
1.998440453406420829e+03	4.050723594988173831e-02
2.000799887235708184e+03	4.052952694544663392e-02
2.003159321064995538e+03	4.055173293895384529e-02
2.005518754894282893e+03	4.057387461177375254e-02
2.007878188723570474e+03	4.059593028459815983e-02
2.010237622552857829e+03	4.061786863670911740e-02
2.012597056382145183e+03	4.063972168668408130e-02
2.014956490211432538e+03	4.066147625314848330e-02
2.017315924040719892e+03	4.068310794945841774e-02
2.019675357870007247e+03	4.070464395387453360e-02
2.022034791699294829e+03	4.072606791761366335e-02
2.024394225528582183e+03	4.074738500593899637e-02
2.026753659357869537e+03	4.076860072187855205e-02
2.029113093187156892e+03	4.078970949318683897e-02
2.031472527016444246e+03	4.081071352555997594e-02
2.033831960845731601e+03	4.083162565753657020e-02
2.036191394675019183e+03	4.085242584334386473e-02
2.038550828504306537e+03	4.087311394926942260e-02
2.040910262333593892e+03	4.089369613294831923e-02
2.043269696162881246e+03	4.091415431488766574e-02
2.045629129992168600e+03	4.093450473007478885e-02
2.047988563821455955e+03	4.095474098520845985e-02
2.050347997650743309e+03	4.097483537629689060e-02
2.052707431480030664e+03	4.099482221988488828e-02
2.055066865309318018e+03	4.101470138939497523e-02
2.057426299138605827e+03	4.103446249521319755e-02
2.059785732967893182e+03	4.105411436101034234e-02
2.062145166797180536e+03	4.107366032090178920e-02
2.064504600626467891e+03	4.109308325977503035e-02
2.066864034455755245e+03	4.111238438902414111e-02
2.069223468285042600e+03	4.113153550732320113e-02
2.071582902114329954e+03	4.115052704622781943e-02
2.073942335943617309e+03	4.116936004203763932e-02
2.076301769772904663e+03	4.118803296622462751e-02
2.078661203602192018e+03	4.120652754203864288e-02
2.081020637431479372e+03	4.122485795076195197e-02
2.083380071260766726e+03	4.124303550049850803e-02
2.085739505090054536e+03	4.126104320673896347e-02
2.088098938919341890e+03	4.127890469840973103e-02
2.090458372748629245e+03	4.129661160249707696e-02
2.092817806577916599e+03	4.131414041884792776e-02
2.095177240407203954e+03	4.133151970173449402e-02
2.097536674236491308e+03	4.134875146930614559e-02
2.099896108065778662e+03	4.136580730289002306e-02
2.102255541895066017e+03	4.138270636186737461e-02
2.104614975724353371e+03	4.139942486163217250e-02
2.106974409553640726e+03	4.141595454048752067e-02
2.109333843382928080e+03	4.143232689383721801e-02
2.111693277212215435e+03	4.144854441116541111e-02
2.114052711041503244e+03	4.146459382550918976e-02
2.116412144870790598e+03	4.148048347355756671e-02
2.118771578700077953e+03	4.149619376605334642e-02
2.121131012529365307e+03	4.151169803022823623e-02
2.123490446358652662e+03	4.152701073626412914e-02
2.125849880187940016e+03	4.154212586425038573e-02
2.128209314017227371e+03	4.155702356081934085e-02
2.130568747846514725e+03	4.157174360771244415e-02
2.132928181675802080e+03	4.158626642183238520e-02
2.135287615505089434e+03	4.160059640618805205e-02
2.137647049334376788e+03	4.161474496539746548e-02
2.140006483163664143e+03	4.162869815593708833e-02
2.142365916992951497e+03	4.164245377997341513e-02
2.144725350822239307e+03	4.165602353313004741e-02
2.147084784651526661e+03	4.166937290665044535e-02
2.149444218480814015e+03	4.168248662457869208e-02
2.151803652310101370e+03	4.169538827347312598e-02
2.154163086139388724e+03	4.170806559629110927e-02
2.156522519968676079e+03	4.172051818107645749e-02
2.158881953797963433e+03	4.173274976486952836e-02
2.161241387627250788e+03	4.174475482438761570e-02
2.163600821456538142e+03	4.175653812396047659e-02
2.165960255285825497e+03	4.176811426311417136e-02
2.168319689115112851e+03	4.177949341978298009e-02
2.170679122944400206e+03	4.179064683559646082e-02
2.173038556773688015e+03	4.180158674645512162e-02
2.175397990602975369e+03	4.181230877788993244e-02
2.177757424432262724e+03	4.182281191338515364e-02
2.180116858261550078e+03	4.183310565909714729e-02
2.182476292090837433e+03	4.184320090417482929e-02
2.184835725920124787e+03	4.185311091113402132e-02
2.187195159749412142e+03	4.186288273276862759e-02
2.189554593578699496e+03	4.187252038829740453e-02
2.191914027407986850e+03	4.188202481817044492e-02
2.194273461237274205e+03	4.189144807776710305e-02
2.196632895066561559e+03	4.190074633121593228e-02
2.198992328895848914e+03	4.190990572026091765e-02
2.201351762725136723e+03	4.191893796289963836e-02
2.203711196554424077e+03	4.192779746357017806e-02
2.206070630383711432e+03	4.193647080533122878e-02
2.208430064212998786e+03	4.194495804728214094e-02
2.210789498042286141e+03	4.195322725969741900e-02
2.213148931871573495e+03	4.196128773229392678e-02
2.215508365700860850e+03	4.196915058969105661e-02
2.217867799530148204e+03	4.197678259669805623e-02
2.220227233359435559e+03	4.198419578360575860e-02
2.222586667188722913e+03	4.199141410270496033e-02
2.224946101018010268e+03	4.199840995259902093e-02
2.227305534847297622e+03	4.200520041707474228e-02
2.229664968676585431e+03	4.201179073273186848e-02
2.232024402505872786e+03	4.201817162847761022e-02
2.234383836335160140e+03	4.202432578431189447e-02
2.236743270164447495e+03	4.203027519114593824e-02
2.239102703993734849e+03	4.203600279605199802e-02
2.241462137823022204e+03	4.204152079754934490e-02
2.243821571652309558e+03	4.204684315414870116e-02
2.246181005481596912e+03	4.205194316235032204e-02
2.248540439310884267e+03	4.205683569234336394e-02
2.250899873140171621e+03	4.206151642602044133e-02
2.253259306969458976e+03	4.206599339720992065e-02
2.255618740798746330e+03	4.207027358428041403e-02
2.257978174628034139e+03	4.207434462401563047e-02
2.260337608457321494e+03	4.207818888571528831e-02
2.262697042286608848e+03	4.208181154752494574e-02
2.265056476115896203e+03	4.208520994058910503e-02
2.267415909945183557e+03	4.208835368706433100e-02
2.269775343774470912e+03	4.209124434951062865e-02
2.272134777603758266e+03	4.209388309288361607e-02
2.274494211433045621e+03	4.209626483663602564e-02
2.276853645262332975e+03	4.209839819212925216e-02
2.279213079091620330e+03	4.210026913915963787e-02
2.281572512920907684e+03	4.210188818483488749e-02
2.283931946750195038e+03	4.210326058383749570e-02
2.286291380579482393e+03	4.210437329624395347e-02
2.288650814408770202e+03	4.210521935374034186e-02
2.291010248238057557e+03	4.210578788544055984e-02
2.293369682067344911e+03	4.210608895750445752e-02
2.295729115896632266e+03	4.210611115925590869e-02
2.298088549725919620e+03	4.210585811775918036e-02
2.300447983555206974e+03	4.210531941627811137e-02
2.302807417384494329e+03	4.210448916045308326e-02
2.305166851213781683e+03	4.210338129844048288e-02
2.307526285043069038e+03	4.210200021270845555e-02
2.309885718872356392e+03	4.210033700214001889e-02
2.312245152701643747e+03	4.209838527689620941e-02
2.314604586530931101e+03	4.209615330353853185e-02
2.316964020360218910e+03	4.209362910188200330e-02
2.319323454189506265e+03	4.209084145295675927e-02
2.321682888018793619e+03	4.208778992828803023e-02
2.324042321848080974e+03	4.208446139191408808e-02
2.326401755677368328e+03	4.208086180599234644e-02
2.328761189506655683e+03	4.207698207423563735e-02
2.331120623335943037e+03	4.207281449451312494e-02
2.333480057165230392e+03	4.206837679839500049e-02
2.335839490994517746e+03	4.206367737166426257e-02
2.338198924823805100e+03	4.205869337149190090e-02
2.340558358653092455e+03	4.205343287580594336e-02
2.342917792482379809e+03	4.204791242297226811e-02
2.345277226311667619e+03	4.204212276134843690e-02
2.347636660140954973e+03	4.203607145190008110e-02
2.349996093970242327e+03	4.202974029977881582e-02
2.352355527799529682e+03	4.202311699547892077e-02
2.354714961628817036e+03	4.201621083227100734e-02
2.357074395458104391e+03	4.200902836213702557e-02
2.359433829287391745e+03	4.200154595033640109e-02
2.361793263116679100e+03	4.199379032880097562e-02
2.364152696945966454e+03	4.198576603642006910e-02
2.366512130775253809e+03	4.197744607651911208e-02
2.368871564604541163e+03	4.196885638943953500e-02
2.371230998433828518e+03	4.195998511208887116e-02
2.373590432263116327e+03	4.195081341723584656e-02
2.375949866092403681e+03	4.194137404735734376e-02
2.378309299921691036e+03	4.193166279656416334e-02
2.380668733750978390e+03	4.192167013173162676e-02
2.383028167580265745e+03	4.191141313195110435e-02
2.385387601409553099e+03	4.190087637165796491e-02
2.387747035238840454e+03	4.189006228910120005e-02
2.390106469068127808e+03	4.187898399364194807e-02
2.392465902897415162e+03	4.186762911611602994e-02
2.394825336726702517e+03	4.185598880476466832e-02
2.397184770555989871e+03	4.184408302679372416e-02
2.399544204385277226e+03	4.183191222064058107e-02
2.401903638214565035e+03	4.181946531939718242e-02
2.404263072043852389e+03	4.180675295653161344e-02
2.406622505873139744e+03	4.179376240596903436e-02
2.408981939702427098e+03	4.178047420077242446e-02
2.411341373531714453e+03	4.176690874106602641e-02
2.413700807361001807e+03	4.175305462622821984e-02
2.416060241190289162e+03	4.173889811555756002e-02
2.418419675019576516e+03	4.172447347650699856e-02
2.420779108848863871e+03	4.170976826964524486e-02
2.423138542678151225e+03	4.169478126744798063e-02
2.425497976507438580e+03	4.167952912157314033e-02
2.427857410336725934e+03	4.166399457213976892e-02
2.430216844166013288e+03	4.164817376549096589e-02
2.432576277995301098e+03	4.163208821019787065e-02
2.434935711824588452e+03	4.161572585784775735e-02
2.437295145653875807e+03	4.159906934314232252e-02
2.439654579483163161e+03	4.158214843823622442e-02
2.442014013312450516e+03	4.156492953037756177e-02
2.444373447141737870e+03	4.154742371638981552e-02
2.446732880971025224e+03	4.152964304449652255e-02
2.449092314800312579e+03	4.151155378218494840e-02
2.451451748629599933e+03	4.149315722572866072e-02
2.453811182458887288e+03	4.147446582120182385e-02
2.456170616288174642e+03	4.145547335713195558e-02
2.458530050117461997e+03	4.143618135064209423e-02
2.460889483946749806e+03	4.141659588235567513e-02
2.463248917776037160e+03	4.139671233647170684e-02
2.465608351605324515e+03	4.137652724494946671e-02
2.467967785434611869e+03	4.135605896107553275e-02
2.470327219263899224e+03	4.133529059768471098e-02
2.472686653093186578e+03	4.131423117969097031e-02
2.475046086922473933e+03	4.129288560037441130e-02
2.477405520751761287e+03	4.127124722223328435e-02
2.479764954581048642e+03	4.124931570454159341e-02
2.482124388410335996e+03	4.122710426990999766e-02
2.484483822239623350e+03	4.120460026861740011e-02
2.486843256068910705e+03	4.118181380012066878e-02
2.489202689898198514e+03	4.115874487171913843e-02
2.491562123727485869e+03	4.113539467676458061e-02
2.493921557556773223e+03	4.111177360085427335e-02
2.496280991386060577e+03	4.108787343616682880e-02
2.498640425215347932e+03	4.106367787065862140e-02
2.500999859044635286e+03	4.103920096000057693e-02
2.503359292873922641e+03	4.101444376540496622e-02
2.505718726703209995e+03	4.098938777176491105e-02
2.508078160532497350e+03	4.096405381156465603e-02
2.510437594361784704e+03	4.093844308630400358e-02
2.512797028191072059e+03	4.091253194444715441e-02
2.515156462020359413e+03	4.088634818282668032e-02
2.517515895849647222e+03	4.085987610160523448e-02
2.519875329678934577e+03	4.083310192700178448e-02
2.522234763508221931e+03	4.080603825479884456e-02
2.524594197337509286e+03	4.077867717541699272e-02
2.526953631166796640e+03	4.075100220677801283e-02
2.529313064996083995e+03	4.072304283394687779e-02
2.531672498825371349e+03	4.069478545507118628e-02
2.534031932654658704e+03	4.066622063897359918e-02
2.536391366483946058e+03	4.063738320567103490e-02
2.538750800313233412e+03	4.060825563706002561e-02
2.541110234142520767e+03	4.057883011379856408e-02
2.543469667971808121e+03	4.054913216645456703e-02
2.545829101801095931e+03	4.051915479162563477e-02
2.548188535630383285e+03	4.048887939154905552e-02
2.550547969459670639e+03	4.045832420701865606e-02
2.552907403288957994e+03	4.042745835563639478e-02
2.555266837118245348e+03	4.039627762258247989e-02
2.557626270947532703e+03	4.036481095344828657e-02
2.559985704776820057e+03	4.033304240468045532e-02
2.562345138606107412e+03	4.030095035775626416e-02
2.564704572435394766e+03	4.026856622192479668e-02
2.567064006264682121e+03	4.023586546914173501e-02
2.569423440093969475e+03	4.020283328889126540e-02
2.571782873923256830e+03	4.016947909332427291e-02
2.574142307752544184e+03	4.013579466637896137e-02
2.576501741581831993e+03	4.010176915266596559e-02
2.578861175411119348e+03	4.006741356754817823e-02
2.581220609240406702e+03	4.003271697368734894e-02
2.583580043069694057e+03	3.999767312078229831e-02
2.585939476898981411e+03	3.996230903767870879e-02
2.588298910728268766e+03	3.992661904963363401e-02
2.590658344557556120e+03	3.989058903950978840e-02
2.593017778386843474e+03	3.985422707001682469e-02
2.595377212216130829e+03	3.981751628109566482e-02
2.597736646045418183e+03	3.978044056301920095e-02
2.600096079874705538e+03	3.974302306933505391e-02
2.602455513703992892e+03	3.970524479126464473e-02
2.604814947533280701e+03	3.966711473492558204e-02
2.607174381362568056e+03	3.962863733572094538e-02
2.609533815191855410e+03	3.958980296787462799e-02
2.611893249021142765e+03	3.955060802490305283e-02
2.614252682850430119e+03	3.951107561706940219e-02
2.616612116679717474e+03	3.947119463692245339e-02
2.618971550509004828e+03	3.943095610462873934e-02
2.621330984338292183e+03	3.939038043941293921e-02
2.623690418167579537e+03	3.934945215394586304e-02
2.626049851996866892e+03	3.930817872233332427e-02
2.628409285826154246e+03	3.926656912208496830e-02
2.630768719655441600e+03	3.922462068000896057e-02
2.633128153484729410e+03	3.918234990857434596e-02
2.635487587314016764e+03	3.913979722014995083e-02
2.637847021143304119e+03	3.909693933907065766e-02
2.640206454972591473e+03	3.905377950994314007e-02
2.642565888801878828e+03	3.901036791019720645e-02
2.644925322631166182e+03	3.896674607689781106e-02
2.647284756460453536e+03	3.892295229193362682e-02
2.649644190289740891e+03	3.887898918395717857e-02
2.652003624119028245e+03	3.883485610925297565e-02
2.654363057948315600e+03	3.879055023305409688e-02
2.656722491777602954e+03	3.874607163289925382e-02
2.659081925606890309e+03	3.870142680526575396e-02
2.661441359436178118e+03	3.865661992845799422e-02
2.663800793265465472e+03	3.861163502839178030e-02
2.666160227094752827e+03	3.856648394422054760e-02
2.668519660924040181e+03	3.852117592848951222e-02
2.670879094753327536e+03	3.847571381802624563e-02
2.673238528582614890e+03	3.843009905489357808e-02
2.675597962411902245e+03	3.838432637153902510e-02
2.677957396241189599e+03	3.833839288214619528e-02
2.680316830070476954e+03	3.829229690152750193e-02
2.682676263899764308e+03	3.824603641413679839e-02
2.685035697729051662e+03	3.819959300334910962e-02
2.687395131558339017e+03	3.815298142569289314e-02
2.689754565387626826e+03	3.810621052207471826e-02
2.692113999216914181e+03	3.805927304398268318e-02
2.694473433046201535e+03	3.801217596546487693e-02
2.696832866875488889e+03	3.796491754566827526e-02
2.699192300704776244e+03	3.791749882780742764e-02
2.701551734534063598e+03	3.786990948678781166e-02
2.703911168363350953e+03	3.782215892740628527e-02
2.706270602192638307e+03	3.777422022817903541e-02
2.708630036021925662e+03	3.772609496450342326e-02
2.710989469851213016e+03	3.767779021355178309e-02
2.713348903680500371e+03	3.762929670022011758e-02
2.715708337509787725e+03	3.758061375231502160e-02
2.718067771339075080e+03	3.753174552765428662e-02
2.720427205168362889e+03	3.748269799734986474e-02
2.722786638997650243e+03	3.743344929842662427e-02
2.725146072826937598e+03	3.738399007849382144e-02
2.727505506656224952e+03	3.733432182546574801e-02
2.729864940485512307e+03	3.728443608739911985e-02
2.732224374314799661e+03	3.723433709024664973e-02
2.734583808144087016e+03	3.718400520655108787e-02
2.736943241973374370e+03	3.713343261862238343e-02
2.739302675802661724e+03	3.708263963408172520e-02
2.741662109631949079e+03	3.703160536950592108e-02
2.744021543461236433e+03	3.698033282532736665e-02
2.746380977290523788e+03	3.692882214472921476e-02
2.748740411119811597e+03	3.687707608918801283e-02
2.751099844949098951e+03	3.682509273932346033e-02
2.753459278778386306e+03	3.677288082662540092e-02
2.755818712607673660e+03	3.672042895786022110e-02
2.758178146436961015e+03	3.666772499654039064e-02
2.760537580266248369e+03	3.661479278500274354e-02
2.762897014095535724e+03	3.656162033917879917e-02
2.765256447924823078e+03	3.650820662039910153e-02
2.767615881754110433e+03	3.645457099718968363e-02
2.769975315583397787e+03	3.640069642482007817e-02
2.772334749412685142e+03	3.634658489188533764e-02
2.774694183241972496e+03	3.629225208192785740e-02
2.777053617071260305e+03	3.623768820691496834e-02
2.779413050900547660e+03	3.618288739510636121e-02
2.781772484729835014e+03	3.612788078512262774e-02
2.784131918559122369e+03	3.607265569923145954e-02
2.786491352388409723e+03	3.601721540455355558e-02
2.788850786217697078e+03	3.596157748298488277e-02
2.791210220046984432e+03	3.590573182363019505e-02
2.793569653876271786e+03	3.584968127153304734e-02
2.795929087705559141e+03	3.579344128329164931e-02
2.798288521534846495e+03	3.573700226387228895e-02
2.800647955364133850e+03	3.568035546706290612e-02
2.803007389193421204e+03	3.562351933934922860e-02
2.805366823022709013e+03	3.556650112812079906e-02
2.807726256851996368e+03	3.550929758397775027e-02
2.810085690681283722e+03	3.545191864627211115e-02
2.812445124510571077e+03	3.539435030745789745e-02
2.814804558339858431e+03	3.533658869005733283e-02
2.817163992169145786e+03	3.527864255993783116e-02
2.819523425998433140e+03	3.522050228966294716e-02
2.821882859827720495e+03	3.516216423475856945e-02
2.824242293657007849e+03	3.510365116755260334e-02
2.826601727486295204e+03	3.504495380797976317e-02
2.828961161315582558e+03	3.498607928568315401e-02
2.831320595144869912e+03	3.492704978853021502e-02
2.833680028974157722e+03	3.486784401767027697e-02
2.836039462803445076e+03	3.480845458682587518e-02
2.838398896632732431e+03	3.474890210347746783e-02
2.840758330462019785e+03	3.468917786988909291e-02
2.843117764291307140e+03	3.462927777570945498e-02
2.845477198120594494e+03	3.456920727414405231e-02
2.847836631949881848e+03	3.450896344201584420e-02
2.850196065779169203e+03	3.444854236185632135e-02
2.852555499608456557e+03	3.438795844436985660e-02
2.854914933437743912e+03	3.432720802342168614e-02
2.857274367267031266e+03	3.426628860599716109e-02
2.859633801096318621e+03	3.420520562195935449e-02
2.861993234925606430e+03	3.414394990137430141e-02
2.864352668754893784e+03	3.408252072830989660e-02
2.866712102584181139e+03	3.402092662946267637e-02
2.869071536413468493e+03	3.395914862094730202e-02
2.871430970242755848e+03	3.389718829579189269e-02
2.873790404072043202e+03	3.383505012523988636e-02
2.876149837901330557e+03	3.377272099746538025e-02
2.878509271730617911e+03	3.371020314414940183e-02
2.880868705559905266e+03	3.364750131338981043e-02
2.883228139389192620e+03	3.358461323323901071e-02
2.885587573218479974e+03	3.352153868687138966e-02
2.887947007047767329e+03	3.345828477396026873e-02
2.890306440877054683e+03	3.339485222490761601e-02
2.892665874706342493e+03	3.333124819976143044e-02
2.895025308535629847e+03	3.326748031226445940e-02
2.897384742364917201e+03	3.320355065901721414e-02
2.899744176194204556e+03	3.313945709531197770e-02
2.902103610023491910e+03	3.307521934379361456e-02
2.904463043852779265e+03	3.301083888012622952e-02
2.906822477682066619e+03	3.294633487972252472e-02
2.909181911511353974e+03	3.288171740976263829e-02
2.911541345340641328e+03	3.281698426013341524e-02
2.913900779169928683e+03	3.275215635423953109e-02
2.916260212999216037e+03	3.268723413122624766e-02
2.918619646828503392e+03	3.262222368335749439e-02
2.920979080657791201e+03	3.255713865777912913e-02
2.923338514487078555e+03	3.249199091018643848e-02
2.925697948316365910e+03	3.242677015735122292e-02
2.928057382145653264e+03	3.236149488058468610e-02
2.930416815974940619e+03	3.229616818957598695e-02
2.932776249804227973e+03	3.223078877302931744e-02
2.935135683633515328e+03	3.216537954192023874e-02
2.937495117462802682e+03	3.209994802149912507e-02
2.939854551292090036e+03	3.203448965679659560e-02
2.942213985121377391e+03	3.196901700846967176e-02
2.944573418950664745e+03	3.190352336599410615e-02
2.946932852779952100e+03	3.183800260357261269e-02
2.949292286609239909e+03	3.177246584750492014e-02
2.951651720438527263e+03	3.170691272296240898e-02
2.954011154267814618e+03	3.164133666399613493e-02
2.956370588097101972e+03	3.157575368428826301e-02
2.958730021926389327e+03	3.151015429485866381e-02
2.961089455755676681e+03	3.144452748047454893e-02
2.963448889584964036e+03	3.137889098553560407e-02
2.965808323414251390e+03	3.131321712725912421e-02
2.968167757243538745e+03	3.124748218755947146e-02
2.970527191072826099e+03	3.118170067013703584e-02
2.972886624902113454e+03	3.111585808961946087e-02
2.975246058731400808e+03	3.104994364613466659e-02
2.977605492560688617e+03	3.098396164091874599e-02
2.979964926389975972e+03	3.091790190324606932e-02
2.982324360219263326e+03	3.085174883638697185e-02
2.984683794048550681e+03	3.078551167785445464e-02
2.987043227877838035e+03	3.071917725308266622e-02
2.989402661707125390e+03	3.065274241648424311e-02
2.991762095536412744e+03	3.058621679075895078e-02
2.994121529365700098e+03	3.051959359155986817e-02
2.996480963194987453e+03	3.045286803917974031e-02
2.998840397024274807e+03	3.038604436386462340e-02
3.001199830853562162e+03	3.031911142030556741e-02
3.003559264682849516e+03	3.025205666411250049e-02
3.005918698512137325e+03	3.018488038853071528e-02
3.008278132341424680e+03	3.011756387920778641e-02
3.010637566170712034e+03	3.005010992421125113e-02
3.012996999999999389e+03	2.998252713084113147e-02
3.015356433829286743e+03	2.991481051380751044e-02
3.017715867658574098e+03	2.984695294233138604e-02
3.020075301487861452e+03	2.977897179759244825e-02
3.022434735317148807e+03	2.971085662142802439e-02
3.024794169146436161e+03	2.964260297197164953e-02
3.027153602975723516e+03	2.957422672642475228e-02
3.029513036805010870e+03	2.950571751984122290e-02
3.031872470634298224e+03	2.943708122114187947e-02
3.034231904463585579e+03	2.936832512693920288e-02
3.036591338292873388e+03	2.929944677085182664e-02
3.038950772122160743e+03	2.923044227207154122e-02
3.041310205951448097e+03	2.916132003572847672e-02
3.043669639780735451e+03	2.909207162083165404e-02
3.046029073610022806e+03	2.902269424933768757e-02
3.048388507439310160e+03	2.895319868475111635e-02
3.050747941268597515e+03	2.888356948726062204e-02
3.053107375097884869e+03	2.881381646234626101e-02
3.055466808927172224e+03	2.874396705990363982e-02
3.057826242756459578e+03	2.867400811915529063e-02
3.060185676585746933e+03	2.860394289325915440e-02
3.062545110415034287e+03	2.853380040135980455e-02
3.064904544244322096e+03	2.846356611785720928e-02
3.067263978073609451e+03	2.839324676073756021e-02
3.069623411902896805e+03	2.832285849543139319e-02
3.071982845732184160e+03	2.825239921218049635e-02
3.074342279561471514e+03	2.818187301768849268e-02
3.076701713390758869e+03	2.811128801799848281e-02
3.079061147220046223e+03	2.804063091448057848e-02
3.081420581049333578e+03	2.796992556906556515e-02
3.083780014878620932e+03	2.789917049273407668e-02
3.086139448707908286e+03	2.782835373485342129e-02
3.088498882537195641e+03	2.775748222811645974e-02
3.090858316366482995e+03	2.768655201648652364e-02
3.093217750195770805e+03	2.761555821227999058e-02
3.095577184025058159e+03	2.754450717618949981e-02
3.097936617854345513e+03	2.747340724682012514e-02
3.100296051683632868e+03	2.740225786993942883e-02
3.102655485512920222e+03	2.733105991570287940e-02
3.105014919342207577e+03	2.725982094666013281e-02
3.107374353171494931e+03	2.718853568095484438e-02
3.109733787000782286e+03	2.711721396765012435e-02
3.112093220830069640e+03	2.704585861763360993e-02
3.114452654659356995e+03	2.697446665396212306e-02
3.116812088488644349e+03	2.690303258394061148e-02
3.119171522317931704e+03	2.683154610656058106e-02
3.121530956147219513e+03	2.676000744188414965e-02
3.123890389976506867e+03	2.668841543227700591e-02
3.126249823805794222e+03	2.661675525812449289e-02
3.128609257635081576e+03	2.654501724674730029e-02
3.130968691464368931e+03	2.647320164824808544e-02
3.133328125293656285e+03	2.640131168540870918e-02
3.135687559122943640e+03	2.632933862828461605e-02
3.138046992952230994e+03	2.625728117215677879e-02
3.140406426781518348e+03	2.618513837383958445e-02
3.142765860610805703e+03	2.611289801866229637e-02
3.145125294440093057e+03	2.604056632850853051e-02
3.147484728269380412e+03	2.596814193925142678e-02
3.149844162098668221e+03	2.589562674199056419e-02
3.152203595927955575e+03	2.582301546777527809e-02
3.154563029757242930e+03	2.575030204218161853e-02
3.156922463586530284e+03	2.567748534066187707e-02
3.159281897415817639e+03	2.560456588244027290e-02
3.161641331245104993e+03	2.553151676501726197e-02
3.164000765074392348e+03	2.545832335622869383e-02
3.166360198903679702e+03	2.538499167181794067e-02
3.168719632732967057e+03	2.531150726220632308e-02
3.171079066562254411e+03	2.523786935169127291e-02
3.173438500391541766e+03	2.516408900466304485e-02
3.175797934220829120e+03	2.509015377335430466e-02
3.178157368050116474e+03	2.501606563563793517e-02
3.180516801879404284e+03	2.494183682068239205e-02
3.182876235708691638e+03	2.486745977392340948e-02
3.185235669537978993e+03	2.479294307845878939e-02
3.187595103367266347e+03	2.471829765692493824e-02
3.189954537196553702e+03	2.464352497094126140e-02
3.192313971025841056e+03	2.456864579645669233e-02
3.194673404855128410e+03	2.449367684777643828e-02
3.197032838684415765e+03	2.441861717775248297e-02
3.199392272513703119e+03	2.434347621547030410e-02
3.201751706342990474e+03	2.426826996414371135e-02
3.204111140172277828e+03	2.419301627817942862e-02
3.206470574001565183e+03	2.411771630333532299e-02
3.208830007830852992e+03	2.404237911163812844e-02
3.211189441660140346e+03	2.396700518417772818e-02
3.213548875489427701e+03	2.389159819842349292e-02
3.215908309318715055e+03	2.381616020833269773e-02
3.218267743148002410e+03	2.374069039350773860e-02
3.220627176977289764e+03	2.366519610817609254e-02
3.222986610806577119e+03	2.358968833364103596e-02
3.225346044635864473e+03	2.351416159320962596e-02
3.227705478465151828e+03	2.343862286117026281e-02
3.230064912294439182e+03	2.336308383919708312e-02
3.232424346123726536e+03	2.328753760868201156e-02
3.234783779953013891e+03	2.321199167551891637e-02
3.237143213782301700e+03	2.313645046847118483e-02
3.239502647611589055e+03	2.306091313726936834e-02
3.241862081440876409e+03	2.298536977057371797e-02
3.244221515270163763e+03	2.290983756847699698e-02
3.246580949099451118e+03	2.283431618726741025e-02
3.248940382928738472e+03	2.275879679882655132e-02
3.251299816758025827e+03	2.268329947311053044e-02
3.253659250587313181e+03	2.260782554265243494e-02
3.256018684416600536e+03	2.253237423505571879e-02
3.258378118245887890e+03	2.245695708052533601e-02
3.260737552075175245e+03	2.238156097429474384e-02
3.263096985904462599e+03	2.230618329462274660e-02
3.265456419733750408e+03	2.223082267578773558e-02
3.267815853563037763e+03	2.215546613853534158e-02
3.270175287392325117e+03	2.208010720738903115e-02
3.272534721221612472e+03	2.200475588449891939e-02
3.274894155050899826e+03	2.192939708844870300e-02
3.277253588880187181e+03	2.185402736424013267e-02
3.279613022709474535e+03	2.177865549840116502e-02
3.281972456538761890e+03	2.170326282607688492e-02
3.284331890368049244e+03	2.162784173475876953e-02
3.286691324197336598e+03	2.155239742348067158e-02
3.289050758026623953e+03	2.147692117575270704e-02
3.291410191855911307e+03	2.140140358141569971e-02
3.293769625685199117e+03	2.132584678756816593e-02
3.296129059514486471e+03	2.125024158118913459e-02
3.298488493343773825e+03	2.117458577437825867e-02
3.300847927173061180e+03	2.109887195182872863e-02
3.303207361002348534e+03	2.102309020731047209e-02
3.305566794831635889e+03	2.094724427235483688e-02
3.307926228660923243e+03	2.087133640917262362e-02
3.310285662490210598e+03	2.079536172255917401e-02
3.312645096319497952e+03	2.071932148805221210e-02
3.315004530148785307e+03	2.064322231763478926e-02
3.317363963978072661e+03	2.056705446325970965e-02
3.319723397807360016e+03	2.049083301121558051e-02
3.322082831636647825e+03	2.041455582209144790e-02
3.324442265465935179e+03	2.033822434855980452e-02
3.326801699295222534e+03	2.026184817229646426e-02
3.329161133124509888e+03	2.018544509261495021e-02
3.331520566953797243e+03	2.010901685094612645e-02
3.333880000783084597e+03	2.003257398442966769e-02
3.336239434612371952e+03	1.995612404567867135e-02
3.338598868441659306e+03	1.987967615560008727e-02
3.340958302270946660e+03	1.980324972890907739e-02
3.343317736100234015e+03	1.972684468422121126e-02
3.345677169929521369e+03	1.965046594562981294e-02
3.348036603758808724e+03	1.957413142212433010e-02
3.350396037588096078e+03	1.949784639003159653e-02
3.352755471417383887e+03	1.942161126428342682e-02
3.355114905246671242e+03	1.934544268205711653e-02
3.357474339075958596e+03	1.926934449654122208e-02
3.359833772905245951e+03	1.919332121773101307e-02
3.362193206734533305e+03	1.911738774412337361e-02
3.364552640563820660e+03	1.904155513825350754e-02
3.366912074393108014e+03	1.896582661714334844e-02
3.369271508222395369e+03	1.889021987909744738e-02
3.371630942051682723e+03	1.881474515774866907e-02
3.373990375880970078e+03	1.873940523514812731e-02
3.376349809710257432e+03	1.866421688923936700e-02
3.378709243539544786e+03	1.858917960321022217e-02
3.381068677368832596e+03	1.851429788422480002e-02
3.383428111198119950e+03	1.843959464542019658e-02
3.385787545027407305e+03	1.836507424091085236e-02
3.388146978856694659e+03	1.829074562273059340e-02
3.390506412685982013e+03	1.821662449899663638e-02
3.392865846515269368e+03	1.814271011184511243e-02
3.395225280344556722e+03	1.806900451968240784e-02
3.397584714173844077e+03	1.799553514831096421e-02
3.399944148003131431e+03	1.792232449719346685e-02
3.402303581832418786e+03	1.784939946913792486e-02
3.404663015661706140e+03	1.777678500155801394e-02
3.407022449490993495e+03	1.770448312481923137e-02
3.409381883320281304e+03	1.763249781483113010e-02
3.411741317149568658e+03	1.756083968406851881e-02
3.414100750978856013e+03	1.748949991589813027e-02
3.416460184808143367e+03	1.741847105974740628e-02
3.418819618637430722e+03	1.734775558538806037e-02
3.421179052466718076e+03	1.727734776675900544e-02
3.423538486296005431e+03	1.720723801974080244e-02
3.425897920125292785e+03	1.713741545966873669e-02
3.428257353954580140e+03	1.706786781049943885e-02
3.430616787783867494e+03	1.699859500896076445e-02
3.432976221613154848e+03	1.692959559198622954e-02
3.435335655442442203e+03	1.686086347400840915e-02
3.437695089271730012e+03	1.679239085517982705e-02
3.440054523101017367e+03	1.672417963829411422e-02
3.442413956930304721e+03	1.665622725932562609e-02
3.444773390759592075e+03	1.658853557420584754e-02
3.447132824588879430e+03	1.652111671086135131e-02
3.449492258418166784e+03	1.645396697552403004e-02
3.451851692247454139e+03	1.638708825830825430e-02
3.454211126076741493e+03	1.632048619961652680e-02
3.456570559906028848e+03	1.625415585969024537e-02
3.458929993735316202e+03	1.618809891744203353e-02
3.461289427564603557e+03	1.612232607265024972e-02
3.463648861393890911e+03	1.605683290848481520e-02
3.466008295223178720e+03	1.599161959409639566e-02
3.468367729052466075e+03	1.592669456342471132e-02
3.470727162881753429e+03	1.586205264636023765e-02
3.473086596711040784e+03	1.579769932625801204e-02
3.475446030540328138e+03	1.573364154938032208e-02
3.477805464369615493e+03	1.566987761360852383e-02
3.480164898198902847e+03	1.560641627420370110e-02
3.482524332028190202e+03	1.554327050182226569e-02
3.484883765857477556e+03	1.548044481893037262e-02
3.487243199686764910e+03	1.541795202303488689e-02
3.489602633516052265e+03	1.535580932062916883e-02
3.491962067345339619e+03	1.529401215359766503e-02
3.494321501174626974e+03	1.523256808698962572e-02
3.496680935003914783e+03	1.517148194506373268e-02
3.499040368833202137e+03	1.511075372362780805e-02
3.501399802662489492e+03	1.505039875948323454e-02
3.503759236491776846e+03	1.499043115270225039e-02
3.506118670321064201e+03	1.493085324530495257e-02
3.508478104150351555e+03	1.487168030203660750e-02
3.510837537979638910e+03	1.481291658883241574e-02
3.513196971808926264e+03	1.475456572078172844e-02
3.515556405638213619e+03	1.469664064642508226e-02
3.517915839467500973e+03	1.463914149948707458e-02
3.520275273296788328e+03	1.458207172659748210e-02
3.522634707126075682e+03	1.452543963843039992e-02
3.524994140955363491e+03	1.446924493626894175e-02
3.527353574784650846e+03	1.441348727231745938e-02
3.529713008613938200e+03	1.435817134213786088e-02
3.532072442443225555e+03	1.430329666716296383e-02
3.534431876272512909e+03	1.424884521117374646e-02
3.536791310101800264e+03	1.419482118748152492e-02
3.539150743931087618e+03	1.414121985798896114e-02
3.541510177760374972e+03	1.408804107211755405e-02
3.543869611589662327e+03	1.403529080574220100e-02
3.546229045418949681e+03	1.398295746387959518e-02
3.548588479248237036e+03	1.393103597894518667e-02
3.550947913077524390e+03	1.387952918130943951e-02
3.553307346906812199e+03	1.382843842998708085e-02
3.555666780736099554e+03	1.377775946567904447e-02
3.558026214565386908e+03	1.372749640712915033e-02
3.560385648394674263e+03	1.367764232747658258e-02
3.562745082223961617e+03	1.362819544216672084e-02
3.565104516053248972e+03	1.357915520592186710e-02
3.567463949882536326e+03	1.353052208932736117e-02
3.569823383711823681e+03	1.348229770911925189e-02
3.572182817541111035e+03	1.343448886870426094e-02
3.574542251370398390e+03	1.338708435409129149e-02
3.576901685199685744e+03	1.334008625325181635e-02
3.579261119028973098e+03	1.329349554229026543e-02
3.581620552858260908e+03	1.324730433244080199e-02
3.583979986687548262e+03	1.320150776866686748e-02
3.586339420516835617e+03	1.315610059283830666e-02
3.588698854346122971e+03	1.311107817909192182e-02
3.591058288175410325e+03	1.306643866233135609e-02
3.593417722004697680e+03	1.302218510475401138e-02
3.595777155833985034e+03	1.297830222971349187e-02
3.598136589663272389e+03	1.293477992163762948e-02
3.600496023492559743e+03	1.289161491625872083e-02
3.602855457321847098e+03	1.284880086041556395e-02
3.605214891151134452e+03	1.280633711505499255e-02
3.607574324980421807e+03	1.276422088631914281e-02
3.609933758809709616e+03	1.272244901588613641e-02
3.612293192638996970e+03	1.268102825686342333e-02
3.614652626468284325e+03	1.263995674705000773e-02
3.617012060297571679e+03	1.259923756127740747e-02
3.619371494126859034e+03	1.255887297709641810e-02
3.621730927956146388e+03	1.251886824255449976e-02
3.624090361785433743e+03	1.247921317917193018e-02
3.626449795614721097e+03	1.243989039294544560e-02
3.628809229444008452e+03	1.240090343802660589e-02
3.631168663273295806e+03	1.236224770066653850e-02
3.633528097102583160e+03	1.232393085514680436e-02
3.635887530931870515e+03	1.228595076443781374e-02
3.638246964761157869e+03	1.224831790545134400e-02
3.640606398590445679e+03	1.221104483480213963e-02
3.642965832419733033e+03	1.217412300253353091e-02
3.645325266249020387e+03	1.213754540579584269e-02
3.647684700078307742e+03	1.210131405509291130e-02
3.650044133907595096e+03	1.206542237430212848e-02
3.652403567736882451e+03	1.202987681134947383e-02
3.654763001566169805e+03	1.199469039860321003e-02
3.657122435395457160e+03	1.195985654057931183e-02
3.659481869224744514e+03	1.192537131746815304e-02
3.661841303054031869e+03	1.189123661859988086e-02
3.664200736883319223e+03	1.185746121506260457e-02
3.666560170712606578e+03	1.182403789254450090e-02
3.668919604541894387e+03	1.179096494630900611e-02
3.671279038371181741e+03	1.175824290321144001e-02
3.673638472200469096e+03	1.172587221790181988e-02
3.675997906029756450e+03	1.169385351768651056e-02
3.678357339859043805e+03	1.166217661751976949e-02
3.680716773688331159e+03	1.163085110925781047e-02
3.683076207517618514e+03	1.159988232423250255e-02
3.685435641346905868e+03	1.156926602866233805e-02
3.687795075176193222e+03	1.153899700231962762e-02
3.690154509005480577e+03	1.150908317705237084e-02
3.692513942834767931e+03	1.147951015061458337e-02
3.694873376664055286e+03	1.145027792386110570e-02
3.697232810493343095e+03	1.142137322752076467e-02
3.699592244322630449e+03	1.139278950043574011e-02
3.701951678151917804e+03	1.136452335519405610e-02
3.704311111981205158e+03	1.133656105986554155e-02
3.706670545810492513e+03	1.130890028492495189e-02
3.709029979639779867e+03	1.128153145958526310e-02
3.711389413469067222e+03	1.125444526273806575e-02
3.713748847298354576e+03	1.122764239485090840e-02
3.716108281127641931e+03	1.120111835960931404e-02
3.718467714956929285e+03	1.117487513929836529e-02
3.720827148786216640e+03	1.114891807754877541e-02
3.723186582615503994e+03	1.112324637379942700e-02
3.725546016444791803e+03	1.109785584933499492e-02
3.727905450274079158e+03	1.107275681677724957e-02
3.730264884103366512e+03	1.104794532006983174e-02
3.732624317932653867e+03	1.102341487179266284e-02
3.734983751761941221e+03	1.099916983203056212e-02
3.737343185591228576e+03	1.097520747616817331e-02
3.739702619420515930e+03	1.095153250601748132e-02
3.742062053249803284e+03	1.092815158300226158e-02
3.744421487079090639e+03	1.090507221441055531e-02
3.746780920908377993e+03	1.088229275835445042e-02
3.749140354737665348e+03	1.085981600164680899e-02
3.751499788566952702e+03	1.083764526089299463e-02
3.753859222396240511e+03	1.081579096649696453e-02
3.756218656225527866e+03	1.079425336690943878e-02
3.758578090054815220e+03	1.077303191396236301e-02
3.760937523884102575e+03	1.075213542570809325e-02
3.763296957713389929e+03	1.073156356703065632e-02
3.765656391542677284e+03	1.071131285766510101e-02
3.768015825371964638e+03	1.069138492731809900e-02
3.770375259201251993e+03	1.067177779078921050e-02
3.772734693030539347e+03	1.065249122128006029e-02
3.775094126859826702e+03	1.063352409695074788e-02
3.777453560689114056e+03	1.061489122924664207e-02
3.779812994518401410e+03	1.059661650685143376e-02
3.782172428347688765e+03	1.057871696632445464e-02
3.784531862176976574e+03	1.056119745330577793e-02
3.786891296006263929e+03	1.054406243225923696e-02
3.789250729835551283e+03	1.052732067472778206e-02
3.791610163664838637e+03	1.051097068488364948e-02
3.793969597494125992e+03	1.049501603498321362e-02
3.796329031323413346e+03	1.047946577345804965e-02
3.798688465152700701e+03	1.046433227170940998e-02
3.801047898981988055e+03	1.044960730939052153e-02
3.803407332811275410e+03	1.043530894416666924e-02
3.805766766640562764e+03	1.042143825738737171e-02
3.808126200469850119e+03	1.040800363103543819e-02
3.810485634299137473e+03	1.039501369644983859e-02
3.812845068128425282e+03	1.038246581459806132e-02
3.815204501957712637e+03	1.037037027188488468e-02
3.817563935786999991e+03	1.035873634635594079e-02
3.819923369616287346e+03	1.034755961858560037e-02
3.822282803445574700e+03	1.033684882904750343e-02
3.824642237274862055e+03	1.032660593547259781e-02
3.827001671104149409e+03	1.031682138470768617e-02
3.829361104933436764e+03	1.030750340603032653e-02
3.831720538762724118e+03	1.029865703656722593e-02
3.834079972592011472e+03	1.029027790508299511e-02
3.836439406421298827e+03	1.028237585762571682e-02
3.838798840250586181e+03	1.027495017462818835e-02
3.841158274079873991e+03	1.026799042246702431e-02
3.843517707909161345e+03	1.026149941114313895e-02
3.845877141738448699e+03	1.025547584489105470e-02
3.848236575567736054e+03	1.024990922109187894e-02
3.850596009397023408e+03	1.024479612521549468e-02
3.852955443226310763e+03	1.024013334854582437e-02
3.855314877055598117e+03	1.023590585821520377e-02
3.857674310884885472e+03	1.023209630970325391e-02
3.860033744714172826e+03	1.022869220380346646e-02
3.862393178543460181e+03	1.022568195380187464e-02
3.864752612372747535e+03	1.022305937306699011e-02
3.867112046202034890e+03	1.022081937375905226e-02
3.869471480031322699e+03	1.021895481041749931e-02
3.871830913860610053e+03	1.021744490208845862e-02
3.874190347689897408e+03	1.021628264901745450e-02
3.876549781519184762e+03	1.021541824947568358e-02
3.878909215348472117e+03	1.021482720458631414e-02
3.881268649177759471e+03	1.021448422334478821e-02
3.883628083007046826e+03	1.021437334044888838e-02
3.885987516836334180e+03	1.021448100030194518e-02
3.888346950665621534e+03	1.021480618740408346e-02
3.890706384494908889e+03	1.021533003384805793e-02
3.893065818324196243e+03	1.021603660881711083e-02
3.895425252153483598e+03	1.021690796280136024e-02
3.897784685982771407e+03	1.021791832384288598e-02
3.900144119812058761e+03	1.021905655962366578e-02
3.902503553641346116e+03	1.022030473036619931e-02
3.904862987470633470e+03	1.022164413274626905e-02
3.907222421299920825e+03	1.022305529669742877e-02
3.909581855129208179e+03	1.022451368289263758e-02
3.911941288958495534e+03	1.022598952100347951e-02
3.914300722787782888e+03	1.022746983498037249e-02
3.916660156617070243e+03	1.022892379753981111e-02
3.919019590446357597e+03	1.023031770628693785e-02
3.921379024275644952e+03	1.023163504088413049e-02
3.923738458104932306e+03	1.023285299836052160e-02
3.926097891934219660e+03	1.023393495719968418e-02
3.928457325763507470e+03	1.023484998567850482e-02
3.930816759592794824e+03	1.023555265389850845e-02
3.933176193422082179e+03	1.023603427566695083e-02
3.935535627251369533e+03	1.023627526436212201e-02
3.937895061080656887e+03	1.023622209153238725e-02
3.940254494909944242e+03	1.023582987266958601e-02
3.942613928739231596e+03	1.023504099961958236e-02
3.944973362568518951e+03	1.023379635319141522e-02
3.947332796397806305e+03	1.023204033641533610e-02
3.949692230227093660e+03	1.022969817196036323e-02
3.952051664056381014e+03	1.022668836402530236e-02
3.954411097885668369e+03	1.022291986397537260e-02
3.956770531714956178e+03	1.021829753454408032e-02
3.959129965544243532e+03	1.021273369054200367e-02
3.961489399373530887e+03	1.020627552328110151e-02
3.963848833202818241e+03	1.019915143032613589e-02
3.966208267032105596e+03	1.019161338625116688e-02
3.968567700861392950e+03	1.018386507536207103e-02
3.970927134690680305e+03	1.017592277626929581e-02
3.973286568519967659e+03	1.016778671885500661e-02
3.975646002349255014e+03	1.015951016225540883e-02
3.978005436178542368e+03	1.015111910313386788e-02
3.980364870007829722e+03	1.014263089971443980e-02
3.982724303837117077e+03	1.013405574108707310e-02
3.985083737666404886e+03	1.012534597420056311e-02
3.987443171495692241e+03	1.011650916838019963e-02
3.989802605324979595e+03	1.010752513768033850e-02
3.992162039154266949e+03	1.009844664299009917e-02
3.994521472983554304e+03	1.008927955641735277e-02
3.996880906812841658e+03	1.007999478433760192e-02
3.999240340642129013e+03	1.007059158161792249e-02
4.001599774471416367e+03	1.006103368428565986e-02
4.003959208300703722e+03	1.005134271031681015e-02
4.006318642129991076e+03	1.004151066218164808e-02
4.008678075959278431e+03	1.003150274665215100e-02
4.011037509788565785e+03	1.002144911774813414e-02
4.013396943617853594e+03	1.001148812155238689e-02
4.015756377447140949e+03	1.000157628426779147e-02
4.018115811276428303e+03	nan
