Tau Allanstd
6.797179661016945929e+00	6.216418012034929247e-02
9.062906214689261830e+00	5.354800990644392744e-02
1.132863276836157773e+01	4.936366264445209151e-02
1.359435932203389186e+01	4.685961338664414860e-02
1.586008587570620776e+01	4.642807013663862586e-02
1.812581242937852366e+01	4.644739186230845834e-02
2.039153898305083956e+01	4.635066944129811323e-02
2.265726553672315546e+01	4.682326959159044399e-02
2.492299209039547137e+01	4.752532016722720021e-02
2.718871864406778371e+01	4.841045891451478678e-02
2.945444519774009962e+01	4.944824413514895683e-02
3.172017175141241552e+01	5.057160154610083197e-02
3.398589830508473142e+01	5.179110280038318886e-02
3.625162485875704732e+01	5.304090505359575214e-02
3.851735141242936322e+01	5.439618915618461836e-02
4.078307796610167912e+01	5.584336685085017349e-02
4.304880451977399503e+01	5.741964633205437485e-02
4.531453107344631093e+01	5.904798648751476142e-02
4.758025762711862683e+01	6.070074377918039527e-02
4.984598418079094273e+01	6.241967336041499143e-02
5.211171073446325863e+01	6.413980042537682780e-02
5.437743728813556743e+01	6.584787777063101644e-02
5.664316384180788333e+01	6.754257645405360722e-02
5.890889039548019923e+01	6.922449796311984371e-02
6.117461694915251513e+01	7.088212649361476381e-02
6.344034350282483103e+01	7.250436812801562547e-02
6.570607005649715404e+01	7.410336680914746121e-02
6.797179661016946284e+01	7.565951564118876538e-02
7.023752316384178584e+01	7.717164901657405651e-02
7.250324971751409464e+01	7.863375388527525656e-02
7.476897627118640344e+01	8.004396504373470500e-02
7.703470282485872644e+01	8.140068801967415002e-02
7.930042937853103524e+01	8.271449983943007789e-02
8.156615593220335825e+01	8.397298200920153000e-02
8.383188248587566704e+01	8.517176412368239469e-02
8.609760903954799005e+01	8.632544600137506685e-02
8.836333559322029885e+01	8.742489478429106564e-02
9.062906214689262185e+01	8.847029629212389834e-02
9.289478870056493065e+01	8.945795959192748281e-02
9.516051525423725366e+01	9.038970492568600135e-02
9.742624180790956245e+01	9.126435379974892625e-02
9.969196836158188546e+01	9.209373360020545185e-02
1.019576949152541943e+02	9.286650489068395964e-02
1.042234214689265173e+02	9.358099907290857999e-02
1.064891480225988261e+02	9.424714772369550964e-02
1.087548745762711349e+02	9.485665198397946751e-02
1.110206011299434579e+02	9.540494271221787448e-02
1.132863276836157667e+02	9.589063376350805135e-02
1.155520542372880897e+02	9.631989285891216779e-02
1.178177807909603985e+02	9.669098590424514417e-02
1.200835073446327215e+02	9.700362852186725227e-02
1.223492338983050303e+02	9.726455010525913991e-02
1.246149604519773533e+02	9.746613795937628111e-02
1.268806870056496621e+02	9.761540311692855354e-02
1.291464135593219851e+02	9.771257041515124531e-02
1.314121401129943081e+02	9.775182067303443689e-02
1.336778666666666027e+02	9.773544235808157010e-02
1.359435932203389257e+02	9.767043473293240963e-02
1.382093197740112487e+02	9.754968306414230073e-02
1.404750463276835717e+02	9.737555706415744472e-02
1.427407728813558663e+02	9.715821047309577962e-02
1.450064994350281893e+02	9.688564133710583781e-02
1.472722259887005123e+02	9.656215852590113724e-02
1.495379525423728069e+02	9.619318955433908691e-02
1.518036790960451299e+02	9.577338533495841078e-02
1.540694056497174529e+02	9.530374796851497077e-02
1.563351322033897759e+02	9.479303092961258170e-02
1.586008587570620705e+02	9.423566766960297936e-02
1.608665853107343935e+02	9.363035605125953620e-02
1.631323118644067165e+02	9.298901070561138571e-02
1.653980384180790395e+02	9.230737569130614828e-02
1.676637649717513341e+02	9.158233271016301413e-02
1.699294915254236571e+02	9.082299380764918828e-02
1.721952180790959801e+02	9.002701485314493213e-02
1.744609446327683031e+02	8.919290134828326833e-02
1.767266711864405977e+02	8.832810633481899543e-02
1.789923977401129207e+02	8.742906520737085685e-02
1.812581242937852437e+02	8.649512160376177095e-02
1.835238508474575383e+02	8.553411369663481423e-02
1.857895774011298613e+02	8.454718393975109436e-02
1.880553039548021843e+02	8.352962826776044736e-02
1.903210305084745073e+02	8.249039660256747564e-02
1.925867570621468019e+02	8.143071589882017181e-02
1.948524836158191249e+02	8.034644414776595522e-02
1.971182101694914479e+02	7.924319940580507038e-02
1.993839367231637709e+02	7.812402474939768304e-02
2.016496632768360655e+02	7.698644239938154388e-02
2.039153898305083885e+02	7.583470811698699021e-02
2.061811163841807115e+02	7.467432433727576313e-02
2.084468429378530345e+02	7.350189761048486758e-02
2.107125694915253291e+02	7.231885967872217491e-02
2.129782960451976521e+02	7.113048873952110274e-02
2.152440225988699751e+02	6.993328130923179287e-02
2.175097491525422697e+02	6.872858580388752081e-02
2.197754757062145927e+02	6.752326307980807685e-02
2.220412022598869157e+02	6.631308094523562235e-02
2.243069288135592387e+02	6.510081113561483335e-02
2.265726553672315333e+02	6.389258591069030269e-02
2.288383819209038563e+02	6.268487327594432501e-02
2.311041084745761793e+02	6.147816230028527867e-02
2.333698350282485023e+02	6.028075564886525850e-02
2.356355615819207969e+02	5.908821862591356194e-02
2.379012881355931199e+02	5.790228817175173404e-02
2.401670146892654429e+02	5.672861044938738717e-02
2.424327412429377659e+02	5.556438929975940355e-02
2.446984677966100605e+02	5.440922801755320587e-02
2.469641943502823835e+02	5.326882092172356004e-02
2.492299209039547065e+02	5.214168665263915065e-02
2.514956474576270296e+02	5.102724105586593784e-02
2.537613740112993241e+02	4.993110969096385687e-02
2.560271005649716471e+02	4.885129938697065077e-02
2.582928271186439702e+02	4.778705472260250803e-02
2.605585536723162932e+02	4.674271135529686760e-02
2.628242802259886162e+02	4.571829851594894772e-02
2.650900067796608823e+02	4.471449818854333208e-02
2.673557333333332053e+02	4.373303046129762423e-02
2.696214598870055283e+02	4.277426658429189787e-02
2.718871864406778514e+02	4.183725534765302123e-02
2.741529129943501744e+02	4.092483776525609324e-02
2.764186395480224974e+02	4.003828055399652475e-02
2.786843661016948204e+02	3.917586739037351440e-02
2.809500926553671434e+02	3.834003866145338502e-02
2.832158192090394095e+02	3.753166160449837585e-02
2.854815457627117326e+02	3.674924058812611277e-02
2.877472723163840556e+02	3.599447207159381379e-02
2.900129988700563786e+02	3.526875407257831774e-02
2.922787254237287016e+02	3.457017749317394667e-02
2.945444519774010246e+02	3.389959281058380763e-02
2.968101785310733476e+02	3.325827991963183766e-02
2.990759050847456137e+02	3.264494015753025696e-02
3.013416316384179368e+02	3.205957224757907675e-02
3.036073581920902598e+02	3.150332018926052524e-02
3.058730847457625828e+02	3.097452677550045080e-02
3.081388112994349058e+02	3.047358679666211170e-02
3.104045378531072288e+02	3.000078945886061610e-02
3.126702644067795518e+02	2.955379446589342929e-02
3.149359909604518748e+02	2.913241952219076600e-02
3.172017175141241410e+02	2.873727218091624847e-02
3.194674440677964640e+02	2.836638187595285146e-02
3.217331706214687870e+02	2.801882930786822948e-02
3.239988971751411100e+02	2.769550479627847298e-02
3.262646237288134330e+02	2.739398853633944267e-02
3.285303502824857560e+02	2.711318020043035695e-02
3.307960768361580790e+02	2.685270626645977834e-02
3.330618033898303452e+02	2.661093300580531437e-02
3.353275299435026682e+02	2.638681720609811071e-02
3.375932564971749912e+02	2.617972644658793369e-02
3.398589830508473142e+02	2.598861248379667754e-02
3.421247096045196372e+02	2.581244538123994570e-02
3.443904361581919602e+02	2.565044489688996995e-02
3.466561627118642832e+02	2.550142368642946758e-02
3.489218892655366062e+02	2.536433145853604632e-02
3.511876158192088724e+02	2.523864775071847991e-02
3.534533423728811954e+02	2.512343736357506088e-02
3.557190689265535184e+02	2.501775387590602154e-02
3.579847954802258414e+02	2.492085682662594989e-02
3.602505220338981644e+02	2.483156640111933502e-02
3.625162485875704874e+02	2.474944970046570256e-02
3.647819751412428104e+02	2.467398030796799299e-02
3.670477016949150766e+02	2.460428993517634402e-02
3.693134282485873996e+02	2.453944281456772389e-02
3.715791548022597226e+02	2.447922623529933533e-02
3.738448813559320456e+02	2.442296396219003143e-02
3.761106079096043686e+02	2.437053964094610878e-02
3.783763344632766916e+02	2.432114183900945317e-02
3.806420610169490146e+02	2.427430854371735724e-02
3.829077875706213376e+02	2.422984050589962329e-02
3.851735141242936038e+02	2.418760560921501615e-02
3.874392406779659268e+02	2.414716759741658558e-02
3.897049672316382498e+02	2.410771769468309650e-02
3.919706937853105728e+02	2.406920197642742343e-02
3.942364203389828958e+02	2.403134249326861760e-02
3.965021468926552188e+02	2.399371678634277735e-02
3.987678734463275418e+02	2.395638293174266395e-02
4.010335999999998080e+02	2.391923066023444316e-02
4.032993265536721310e+02	2.388169641451397956e-02
4.055650531073444540e+02	2.384400517070661349e-02
4.078307796610167770e+02	2.380631274706269604e-02
4.100965062146891000e+02	2.376800515136354500e-02
4.123622327683614230e+02	2.372951328576571040e-02
4.146279593220337460e+02	2.369082260749452024e-02
4.168936858757060691e+02	2.365180474447434872e-02
4.191594124293783352e+02	2.361256283435406514e-02
4.214251389830506582e+02	2.357321474915625992e-02
4.236908655367229812e+02	2.353326176966148015e-02
4.259565920903953042e+02	2.349283054884429220e-02
4.282223186440676272e+02	2.345244658913019087e-02
4.304880451977399503e+02	2.341182809308189894e-02
4.327537717514122733e+02	2.337096438853589545e-02
4.350194983050845394e+02	2.332984721087498145e-02
4.372852248587568624e+02	2.328841087306535163e-02
4.395509514124291854e+02	2.324658611261421273e-02
4.418166779661015084e+02	2.320464706509593397e-02
4.440824045197738315e+02	2.316253958830623641e-02
4.463481310734461545e+02	2.311995371608549163e-02
4.486138576271184775e+02	2.307724266443736058e-02
4.508795841807908005e+02	2.303424136347074005e-02
4.531453107344630666e+02	2.299087915182436090e-02
4.554110372881353896e+02	2.294732548131997452e-02
4.576767638418077127e+02	2.290344883056165057e-02
4.599424903954800357e+02	2.285919077590435611e-02
4.622082169491523587e+02	2.281491741014703839e-02
4.644739435028246817e+02	2.277063802132649889e-02
4.667396700564970047e+02	2.272580079026532626e-02
4.690053966101693277e+02	2.268099897854521443e-02
4.712711231638415939e+02	2.263645641792121771e-02
4.735368497175139169e+02	2.259180166208313301e-02
4.758025762711862399e+02	2.254739432160392937e-02
4.780683028248585629e+02	2.250331959653625868e-02
4.803340293785308859e+02	2.245923607957444473e-02
4.825997559322032089e+02	2.241543974442796253e-02
4.848654824858755319e+02	2.237207646459445087e-02
4.871312090395477981e+02	2.232884482818311978e-02
4.893969355932201211e+02	2.228607630751750987e-02
4.916626621468924441e+02	2.224388058671320292e-02
4.939283887005647671e+02	2.220215552807643794e-02
4.961941152542370901e+02	2.216106010109151689e-02
4.984598418079094131e+02	2.212077041021349652e-02
5.007255683615817361e+02	2.208108592356865935e-02
5.029912949152540591e+02	2.204204397846195110e-02
5.052570214689263253e+02	2.200394383728567979e-02
5.075227480225986483e+02	2.196647622390899418e-02
5.097884745762709713e+02	2.192963506156106121e-02
5.120542011299432943e+02	2.189369969079071887e-02
5.143199276836155605e+02	2.185853577356813154e-02
5.165856542372879403e+02	2.182425235010324038e-02
5.188513807909602065e+02	2.179096375225196211e-02
5.211171073446325863e+02	2.175856644794805714e-02
5.233828338983048525e+02	2.172701728127173632e-02
5.256485604519772323e+02	2.169652554779533116e-02
5.279142870056494985e+02	2.166691049246538547e-02
5.301800135593217647e+02	2.163805160986243328e-02
5.324457401129941445e+02	2.161007961005018130e-02
5.347114666666664107e+02	2.158306891566600869e-02
5.369771932203387905e+02	2.155681505834861761e-02
5.392429197740110567e+02	2.153138220305499118e-02
5.415086463276834365e+02	2.150686570766261255e-02
5.437743728813557027e+02	2.148303450329443545e-02
5.460400994350279689e+02	2.145994320901873503e-02
5.483058259887003487e+02	2.143769737533848460e-02
5.505715525423726149e+02	2.141584804811976286e-02
5.528372790960449947e+02	2.139442727881325779e-02
5.551030056497172609e+02	2.137351885848329247e-02
5.573687322033896407e+02	2.135286138330519390e-02
5.596344587570619069e+02	2.133238106015649185e-02
5.619001853107342868e+02	2.131204457055609069e-02
5.641659118644065529e+02	2.129171022255191628e-02
5.664316384180788191e+02	2.127131705926859490e-02
5.686973649717511989e+02	2.125089559427007294e-02
5.709630915254234651e+02	2.123050418081119661e-02
5.732288180790958450e+02	2.121021940822371762e-02
5.754945446327681111e+02	2.119015126827912890e-02
5.777602711864404910e+02	2.117010834426330534e-02
5.800259977401127571e+02	2.114987933317562241e-02
5.822917242937850233e+02	2.112957595072412556e-02
5.845574508474574031e+02	2.110904303152221634e-02
5.868231774011296693e+02	2.108803579489077970e-02
5.890889039548020492e+02	2.106665309158671159e-02
5.913546305084743153e+02	2.104484460952411179e-02
5.936203570621466952e+02	2.102241458607846322e-02
5.958860836158189613e+02	2.099942302308381581e-02
5.981518101694912275e+02	2.097578547101723589e-02
6.004175367231636073e+02	2.095137321049387463e-02
6.026832632768358735e+02	2.092628738394720911e-02
6.049489898305082534e+02	2.090044967710094626e-02
6.072147163841805195e+02	2.087389099309854001e-02
6.094804429378528994e+02	2.084671448026784862e-02
6.117461694915251655e+02	2.081898968729380475e-02
6.140118960451975454e+02	2.079053161237634853e-02
6.162776225988698116e+02	2.076142659793556861e-02
6.185433491525420777e+02	2.073198496889825174e-02
6.208090757062144576e+02	2.070211686715398361e-02
6.230748022598867237e+02	2.067184740839958512e-02
6.253405288135591036e+02	2.064133331718767325e-02
6.276062553672313697e+02	2.061041781163572631e-02
6.298719819209037496e+02	2.057915076222586320e-02
6.321377084745760158e+02	2.054762915485604247e-02
6.344034350282482819e+02	2.051576041196861988e-02
6.366691615819206618e+02	2.048350784872782909e-02
6.389348881355929279e+02	2.045108336861529985e-02
6.412006146892653078e+02	2.041836056107725755e-02
6.434663412429375740e+02	2.038525432639926721e-02
6.457320677966099538e+02	2.035195748050349501e-02
6.479977943502822200e+02	2.031838351482154539e-02
6.502635209039544861e+02	2.028444266417131492e-02
6.525292474576268660e+02	2.025034115139072444e-02
6.547949740112991321e+02	2.021606149297064739e-02
6.570607005649715120e+02	2.018154884750488626e-02
6.593264271186437782e+02	2.014699637533885063e-02
6.615921536723161580e+02	2.011240593031577567e-02
6.638578802259884242e+02	2.007766553450291216e-02
6.661236067796606903e+02	2.004291555034931963e-02
6.683893333333330702e+02	2.000816153701357944e-02
6.706550598870053363e+02	1.997337122862091405e-02
6.729207864406777162e+02	1.993867960395235769e-02
6.751865129943499824e+02	1.990417108285505096e-02
6.774522395480223622e+02	1.986976897243383083e-02
6.797179661016946284e+02	1.983560518782622600e-02
6.819836926553670082e+02	1.980175857245943666e-02
6.842494192090392744e+02	1.976813576744156087e-02
6.865151457627115406e+02	1.973480413514425158e-02
6.887808723163839204e+02	1.970187762544603829e-02
6.910465988700561866e+02	1.966921821601663040e-02
6.933123254237285664e+02	1.963694058494220435e-02
6.955780519774008326e+02	1.960522451780176423e-02
6.978437785310732124e+02	1.957399233185646778e-02
7.001095050847454786e+02	1.954318550226694789e-02
7.023752316384177448e+02	1.951306665960403017e-02
7.046409581920901246e+02	1.948358407865385250e-02
7.069066847457623908e+02	1.945474802364225569e-02
7.091724112994347706e+02	1.942672559711272617e-02
7.114381378531070368e+02	1.939945648565751662e-02
7.137038644067794166e+02	1.937290440150314999e-02
7.159695909604516828e+02	1.934725856783222134e-02
7.182353175141239490e+02	1.932248241260628094e-02
7.205010440677963288e+02	1.929854817397375077e-02
7.227667706214685950e+02	1.927562771532907379e-02
7.250324971751409748e+02	1.925371306036193636e-02
7.272982237288132410e+02	1.923276622043101555e-02
7.295639502824856208e+02	1.921293210710954893e-02
7.318296768361578870e+02	1.919419276718324976e-02
7.340954033898301532e+02	1.917644260996383826e-02
7.363611299435025330e+02	1.915983533593238961e-02
7.386268564971747992e+02	1.914439545484272753e-02
7.408925830508471790e+02	1.912999609256033767e-02
7.431583096045194452e+02	1.911677038861086392e-02
7.454240361581918251e+02	1.910474094865051084e-02
7.476897627118640912e+02	1.909382296005936175e-02
7.499554892655364711e+02	1.908405499757430748e-02
7.522212158192087372e+02	1.907548066651638258e-02
7.544869423728810034e+02	1.906802856605114768e-02
7.567526689265533832e+02	1.906166307471964319e-02
7.590183954802256494e+02	1.905643790500966342e-02
7.612841220338980293e+02	1.905225396721133349e-02
7.635498485875702954e+02	1.904908202635164846e-02
7.658155751412426753e+02	1.904696457417963742e-02
7.680813016949149414e+02	1.904577875969238124e-02
7.703470282485872076e+02	1.904549707168794528e-02
7.726127548022595874e+02	1.904622307887398128e-02
7.748784813559318536e+02	1.904783980172763264e-02
7.771442079096042335e+02	1.905024225768477478e-02
7.794099344632764996e+02	1.905350533879676331e-02
7.816756610169488795e+02	1.905756407770150054e-02
7.839413875706211456e+02	1.906241886314000850e-02
7.862071141242934118e+02	1.906807626395099972e-02
7.884728406779657917e+02	1.907451793851753022e-02
7.907385672316380578e+02	1.908165386677573502e-02
7.930042937853104377e+02	1.908951858722144831e-02
7.952700203389827038e+02	1.909802356026190154e-02
7.975357468926550837e+02	1.910710604749800423e-02
7.998014734463273498e+02	1.911686088210982903e-02
8.020671999999996160e+02	1.912729238343954460e-02
8.043329265536719959e+02	1.913822273681305489e-02
8.065986531073442620e+02	1.914973770816491214e-02
8.088643796610166419e+02	1.916183370680074258e-02
8.111301062146889080e+02	1.917443893934527716e-02
8.133958327683612879e+02	1.918756277987742828e-02
8.156615593220335541e+02	1.920125817070080995e-02
8.179272858757059339e+02	1.921546519446460169e-02
8.201930124293782001e+02	1.923022545101545425e-02
8.224587389830504662e+02	1.924550795710019621e-02
8.247244655367228461e+02	1.926123779091666599e-02
8.269901920903951122e+02	1.927745566353562812e-02
8.292559186440674921e+02	1.929415880450027071e-02
8.315216451977397583e+02	1.931128639300721053e-02
8.337873717514121381e+02	1.932882542127333653e-02
8.360530983050844043e+02	1.934682417672183713e-02
8.383188248587566704e+02	1.936525775691946144e-02
8.405845514124290503e+02	1.938410985860118674e-02
8.428502779661013165e+02	1.940347794233253029e-02
8.451160045197736963e+02	1.942321973522230516e-02
8.473817310734459625e+02	1.944333703572044547e-02
8.496474576271183423e+02	1.946380836322776989e-02
8.519131841807906085e+02	1.948460691975667167e-02
8.541789107344628746e+02	1.950570607767620687e-02
8.564446372881352545e+02	1.952715113173801587e-02
8.587103638418075207e+02	1.954883839753509059e-02
8.609760903954799005e+02	1.957077344230892524e-02
8.632418169491521667e+02	1.959299244045076618e-02
8.655075435028245465e+02	1.961542816817903045e-02
8.677732700564968127e+02	1.963805984367034824e-02
8.700389966101690788e+02	1.966090521176497991e-02
8.723047231638414587e+02	1.968393907410868199e-02
8.745704497175137249e+02	1.970715063755925159e-02
8.768361762711861047e+02	1.973057022911491043e-02
8.791019028248583709e+02	1.975414504504190150e-02
8.813676293785307507e+02	1.977783194649640822e-02
8.836333559322030169e+02	1.980168664244170290e-02
8.858990824858753967e+02	1.982568196452445461e-02
8.881648090395476629e+02	1.984973804316915100e-02
8.904305355932199291e+02	1.987388927565878621e-02
8.926962621468923089e+02	1.989815852851613276e-02
8.949619887005645751e+02	1.992250096926510144e-02
8.972277152542369549e+02	1.994698337713526545e-02
8.994934418079092211e+02	1.997161251691557948e-02
9.017591683615816009e+02	1.999635144152012850e-02
9.040248949152538671e+02	2.002119818036929288e-02
9.062906214689261333e+02	2.004618456181708058e-02
9.085563480225985131e+02	2.007121875889020940e-02
9.108220745762707793e+02	2.009637692545793511e-02
9.130878011299431591e+02	2.012163835112719748e-02
9.153535276836154253e+02	2.014694948603003646e-02
9.176192542372878052e+02	2.017235478583328384e-02
9.198849807909600713e+02	2.019780110652722935e-02
9.221507073446323375e+02	2.022325435658254775e-02
9.244164338983047173e+02	2.024869603340145180e-02
9.266821604519769835e+02	2.027410590756962075e-02
9.289478870056493633e+02	2.029936202972730183e-02
9.312136135593216295e+02	2.032452855028087785e-02
9.334793401129940094e+02	2.034964705550714251e-02
9.357450666666662755e+02	2.037464959688931737e-02
9.380107932203386554e+02	2.039959179814591558e-02
9.402765197740109215e+02	2.042449571144981657e-02
9.425422463276831877e+02	2.044931279735902677e-02
9.448079728813555676e+02	2.047402431608526252e-02
9.470736994350278337e+02	2.049864572939045018e-02
9.493394259887002136e+02	2.052313578043346923e-02
9.516051525423724797e+02	2.054749038596742280e-02
9.538708790960448596e+02	2.057170143970081522e-02
9.561366056497171257e+02	2.059578146780377192e-02
9.584023322033893919e+02	2.061972457504493775e-02
9.606680587570617718e+02	2.064350870415727901e-02
9.629337853107340379e+02	2.066716883800899865e-02
9.651995118644064178e+02	2.069067021811171747e-02
9.674652384180786839e+02	2.071404731218143280e-02
9.697309649717510638e+02	2.073722252232282695e-02
9.719966915254233299e+02	2.076022833995354658e-02
9.742624180790955961e+02	2.078309117837206718e-02
9.765281446327679760e+02	2.080577021913207827e-02
9.787938711864402421e+02	2.082825800742364730e-02
9.810595977401126220e+02	2.085054025843245673e-02
9.833253242937848881e+02	2.087262816529302303e-02
9.855910508474572680e+02	2.089446173863368852e-02
9.878567774011295342e+02	2.091605114363954618e-02
9.901225039548018003e+02	2.093740288597367369e-02
9.923882305084741802e+02	2.095847832188975704e-02
9.946539570621464463e+02	2.097928651513284934e-02
9.969196836158188262e+02	2.099984547892135012e-02
9.991854101694910923e+02	2.102009098482743657e-02
1.001451136723163472e+03	2.104004747678691473e-02
1.003716863276835738e+03	2.105967282101671792e-02
1.005982589830508118e+03	2.107894971857940739e-02
1.008248316384180384e+03	2.109792514240096603e-02
1.010514042937852651e+03	2.111658704624651273e-02
1.012779769491525030e+03	2.113489779223875001e-02
1.015045496045197297e+03	2.115288188739089179e-02
1.017311222598869676e+03	2.117057213132788468e-02
1.019576949152541943e+03	2.118795958954543257e-02
1.021842675706214322e+03	2.120507069508745929e-02
1.024108402259886589e+03	2.122186668984582525e-02
1.026374128813558855e+03	2.123836538278782438e-02
1.028639855367231121e+03	2.125455341583790819e-02
1.030905581920903614e+03	2.127043032613035525e-02
1.033171308474575881e+03	2.128603059434375569e-02
1.035437035028248147e+03	2.130133591805389789e-02
1.037702761581920413e+03	2.131634263672916446e-02
1.039968488135592906e+03	2.133105279160191214e-02
1.042234214689265173e+03	2.134547889840358176e-02
1.044499941242937439e+03	2.135965377396797926e-02
1.046765667796609705e+03	2.137359356506264227e-02
1.049031394350281971e+03	2.138731546368096911e-02
1.051297120903954465e+03	2.140089176714659799e-02
1.053562847457626731e+03	2.141431704510370071e-02
1.055828574011298997e+03	2.142760400314542429e-02
1.058094300564971263e+03	2.144076000561837350e-02
1.060360027118643529e+03	2.145376967661658668e-02
1.062625753672316023e+03	2.146664264898893310e-02
1.064891480225988289e+03	2.147940800630700545e-02
1.067157206779660555e+03	2.149207731921495834e-02
1.069422933333332821e+03	2.150464963732831233e-02
1.071688659887005315e+03	2.151719512755061528e-02
1.073954386440677581e+03	2.152972153894928964e-02
1.076220112994349847e+03	2.154222127296719080e-02
1.078485839548022113e+03	2.155470518204351954e-02
1.080751566101694380e+03	2.156717990224887860e-02
1.083017292655366873e+03	2.157965201524537913e-02
1.085283019209039139e+03	2.159214255948771824e-02
1.087548745762711405e+03	2.160465769702008335e-02
1.089814472316383672e+03	2.161717153867390162e-02
1.092080198870055938e+03	2.162970730919714507e-02
1.094345925423728431e+03	2.164226413757053269e-02
1.096611651977400697e+03	2.165483667028612891e-02
1.098877378531072964e+03	2.166743116534215752e-02
1.101143105084745230e+03	2.168005360143409818e-02
1.103408831638417723e+03	2.169270328646970974e-02
1.105674558192089989e+03	2.170536259722100417e-02
1.107940284745762256e+03	2.171807583188860996e-02
1.110206011299434522e+03	2.173086107508016146e-02
1.112471737853106788e+03	2.174367408692032960e-02
1.114737464406779281e+03	2.175652595154963995e-02
1.117003190960451548e+03	2.176942552528764174e-02
1.119268917514123814e+03	2.178238969142352877e-02
1.121534644067796080e+03	2.179542251808070513e-02
1.123800370621468574e+03	2.180856942147087196e-02
1.126066097175140840e+03	2.182183720406330463e-02
1.128331823728813106e+03	2.183525439775213170e-02
1.130597550282485372e+03	2.184882280916774014e-02
1.132863276836157638e+03	2.186248665754277412e-02
1.135129003389830132e+03	2.187624658685300219e-02
1.137394729943502398e+03	2.189010186784255685e-02
1.139660456497174664e+03	2.190400266350678304e-02
1.141926183050846930e+03	2.191796989139605314e-02
1.144191909604519196e+03	2.193198574428835770e-02
1.146457636158191690e+03	2.194603226890450703e-02
1.148723362711863956e+03	2.196013835441452608e-02
1.150989089265536222e+03	2.197431411634757220e-02
1.153254815819208488e+03	2.198854822553509766e-02
1.155520542372880982e+03	2.200282167133542008e-02
1.157786268926553248e+03	2.201715169398486133e-02
1.160051995480225514e+03	2.203153040445034877e-02
1.162317722033897780e+03	2.204596665027139593e-02
1.164583448587570047e+03	2.206047360003763128e-02
1.166849175141242540e+03	2.207504921530642136e-02
1.169114901694914806e+03	2.208969634078720989e-02
1.171380628248587072e+03	2.210446478198341627e-02
1.173646354802259339e+03	2.211932955639462142e-02
1.175912081355931832e+03	2.213427517374901704e-02
1.178177807909604098e+03	2.214933524516820088e-02
1.180443534463276364e+03	2.216450700705389562e-02
1.182709261016948631e+03	2.217976618996735788e-02
1.184974987570620897e+03	2.219515779202464734e-02
1.187240714124293390e+03	2.221069331914628242e-02
1.189506440677965657e+03	2.222632142699209126e-02
1.191772167231637923e+03	2.224210362191358231e-02
1.194037893785310189e+03	2.225802887151756213e-02
1.196303620338982455e+03	2.227407587332166580e-02
1.198569346892654949e+03	2.229024657974819704e-02
1.200835073446327215e+03	2.230656889923385983e-02
1.203100799999999481e+03	2.232301568325162702e-02
1.205366526553671747e+03	2.233963603808285930e-02
1.207632253107344241e+03	2.235642558685070960e-02
1.209897979661016507e+03	2.237334476148646403e-02
1.212163706214688773e+03	2.239039472099457057e-02
1.214429432768361039e+03	2.240760687503075277e-02
1.216695159322033305e+03	2.242493448414711876e-02
1.218960885875705799e+03	2.244240014744202857e-02
1.221226612429378065e+03	2.246000525818849305e-02
1.223492338983050331e+03	2.247772918171421150e-02
1.225758065536722597e+03	2.249560387892947377e-02
1.228023792090395091e+03	2.251362717324613752e-02
1.230289518644067357e+03	2.253176700829531351e-02
1.232555245197739623e+03	2.255003431033406058e-02
1.234820971751411889e+03	2.256842897007049417e-02
1.237086698305084155e+03	2.258693548090561984e-02
1.239352424858756649e+03	2.260554465436565366e-02
1.241618151412428915e+03	2.262423371137574704e-02
1.243883877966101181e+03	2.264301715528963324e-02
1.246149604519773447e+03	2.266187777606367554e-02
1.248415331073445714e+03	2.268085301872925508e-02
1.250681057627118207e+03	2.269994557926760873e-02
1.252946784180790473e+03	2.271909040476954161e-02
1.255212510734462739e+03	2.273833276564838843e-02
1.257478237288135006e+03	2.275765903266836060e-02
1.259743963841807499e+03	2.277703367798238412e-02
1.262009690395479765e+03	2.279644824085241134e-02
1.264275416949152032e+03	2.281589116828636882e-02
1.266541143502824298e+03	2.283535948248403835e-02
1.268806870056496564e+03	2.285490376822406008e-02
1.271072596610169057e+03	2.287449426173029238e-02
1.273338323163841324e+03	2.289411658221492465e-02
1.275604049717513590e+03	2.291380939609728717e-02
1.277869776271185856e+03	2.293355654457442105e-02
1.280135502824858122e+03	2.295331451817562290e-02
1.282401229378530616e+03	2.297309171649138809e-02
1.284666955932202882e+03	2.299289759893734242e-02
1.286932682485875148e+03	2.301264567994991406e-02
1.289198409039547414e+03	2.303239619833630583e-02
1.291464135593219908e+03	2.305218688932609769e-02
1.293729862146892174e+03	2.307195191819313637e-02
1.295995588700564440e+03	2.309172342160860023e-02
1.298261315254236706e+03	2.311148659347102979e-02
1.300527041807908972e+03	2.313124120775305118e-02
1.302792768361581466e+03	2.315098032435751463e-02
1.305058494915253732e+03	2.317082807094404673e-02
1.307324221468925998e+03	2.319068151827073654e-02
1.309589948022598264e+03	2.321054015789002917e-02
1.311855674576270758e+03	2.323043678161617817e-02
1.314121401129943024e+03	2.325035512979061955e-02
1.316387127683615290e+03	2.327027591040209745e-02
1.318652854237287556e+03	2.329021321169214703e-02
1.320918580790959822e+03	2.331014276696210738e-02
1.323184307344632316e+03	2.333007434809277608e-02
1.325450033898304582e+03	2.335002763915606724e-02
1.327715760451976848e+03	2.336996319271599301e-02
1.329981487005649115e+03	2.338987502172212851e-02
1.332247213559321381e+03	2.340984297235703532e-02
1.334512940112993874e+03	2.342982246707802849e-02
1.336778666666666140e+03	2.344980395808197657e-02
1.339044393220338407e+03	2.346983622396216218e-02
1.341310119774010673e+03	2.348990423974990985e-02
1.343575846327683166e+03	2.350994985139389856e-02
1.345841572881355432e+03	2.353003941216813555e-02
1.348107299435027699e+03	2.355021166728565873e-02
1.350373025988699965e+03	2.357041729442572661e-02
1.352638752542372231e+03	2.359069631896064390e-02
1.354904479096044724e+03	2.361104816311779264e-02
1.357170205649716991e+03	2.363143784273417231e-02
1.359435932203389257e+03	2.365192537913439821e-02
1.361701658757061523e+03	2.367249616666498510e-02
1.363967385310734016e+03	2.369311594363818219e-02
1.366233111864406283e+03	2.371380155125902764e-02
1.368498838418078549e+03	2.373456892051967540e-02
1.370764564971750815e+03	2.375537526410963565e-02
1.373030291525423081e+03	2.377621221386256450e-02
1.375296018079095575e+03	2.379712639944866689e-02
1.377561744632767841e+03	2.381804493959510660e-02
1.379827471186440107e+03	2.383894796377817107e-02
1.382093197740112373e+03	2.385987492497741724e-02
1.384358924293784639e+03	2.388077660219531384e-02
1.386624650847457133e+03	2.390167370567505487e-02
1.388890377401129399e+03	2.392255284352891656e-02
1.391156103954801665e+03	2.394341983183742237e-02
1.393421830508473931e+03	2.396427900536981376e-02
1.395687557062146425e+03	2.398513040686992698e-02
1.397953283615818691e+03	2.400594246043860971e-02
1.400219010169490957e+03	2.402669351244408544e-02
1.402484736723163223e+03	2.404743480737960015e-02
1.404750463276835490e+03	2.406810331710630343e-02
1.407016189830507983e+03	2.408873099747587884e-02
1.409281916384180249e+03	2.410929304888653063e-02
1.411547642937852515e+03	2.412975816858204878e-02
1.413813369491524782e+03	2.415015645723348967e-02
1.416079096045197048e+03	2.417050148095673326e-02
1.418344822598869541e+03	2.419074937706934547e-02
1.420610549152541807e+03	2.421091299039168643e-02
1.422876275706214074e+03	2.423099350952507766e-02
1.425142002259886340e+03	2.425099968713215204e-02
1.427407728813558833e+03	2.427091720208792575e-02
1.429673455367231099e+03	2.429076795020698037e-02
1.431939181920903366e+03	2.431052672126584463e-02
1.434204908474575632e+03	2.433021757725364886e-02
1.436470635028247898e+03	2.434983874135790427e-02
1.438736361581920391e+03	2.436939713290462231e-02
1.441002088135592658e+03	2.438889262800161134e-02
1.443267814689264924e+03	2.440832330187734517e-02
1.445533541242937190e+03	2.442767472435261253e-02
1.447799267796609684e+03	2.444695546983286991e-02
1.450064994350281950e+03	2.446618584636607585e-02
1.452330720903954216e+03	2.448537120354192867e-02
1.454596447457626482e+03	2.450447504822624370e-02
1.456862174011298748e+03	2.452353919306684421e-02
1.459127900564971242e+03	2.454256977754352628e-02
1.461393627118643508e+03	2.456157099825204138e-02
1.463659353672315774e+03	2.458053716134196362e-02
1.465925080225988040e+03	2.459946502901290757e-02
1.468190806779660306e+03	2.461834671575905548e-02
1.470456533333332800e+03	2.463719503744914857e-02
1.472722259887005066e+03	2.465604564592301443e-02
1.474987986440677332e+03	2.467487604499209522e-02
1.477253712994349598e+03	2.469370937338437322e-02
1.479519439548022092e+03	2.471255173242008912e-02
1.481785166101694358e+03	2.473140127017297782e-02
1.484050892655366624e+03	2.475027314061959902e-02
1.486316619209038890e+03	2.476918145814887770e-02
1.488582345762711157e+03	2.478809520175699957e-02
1.490848072316383650e+03	2.480703717286232568e-02
1.493113798870055916e+03	2.482603014004583844e-02
1.495379525423728182e+03	2.484504095982692853e-02
1.497645251977400449e+03	2.486409979323223399e-02
1.499910978531072942e+03	2.488321256521781530e-02
1.502176705084745208e+03	2.490234822412903948e-02
1.504442431638417474e+03	2.492152314888319842e-02
1.506708158192089741e+03	2.494073960384759689e-02
1.508973884745762007e+03	2.495996834199817188e-02
1.511239611299434500e+03	2.497921404316244542e-02
1.513505337853106766e+03	2.499850360066088739e-02
1.515771064406779033e+03	2.501782004903269768e-02
1.518036790960451299e+03	2.503715071992150890e-02
1.520302517514123565e+03	2.505651010239823631e-02
1.522568244067796059e+03	2.507590301152970089e-02
1.524833970621468325e+03	2.509533726466093087e-02
1.527099697175140591e+03	2.511481456072259602e-02
1.529365423728812857e+03	2.513432687152556549e-02
1.531631150282485351e+03	2.515387569108461230e-02
1.533896876836157617e+03	2.517343630385180178e-02
1.536162603389829883e+03	2.519303668714829511e-02
1.538428329943502149e+03	2.521267013918483679e-02
1.540694056497174415e+03	2.523235033290441992e-02
1.542959783050846909e+03	2.525205284412795903e-02
1.545225509604519175e+03	2.527176817956453686e-02
1.547491236158191441e+03	2.529150608733482172e-02
1.549756962711863707e+03	2.531125927885941040e-02
1.552022689265536201e+03	2.533101348377429091e-02
1.554288415819208467e+03	2.535080469080800217e-02
1.556554142372880733e+03	2.537060167280450612e-02
1.558819868926552999e+03	2.539038742358502854e-02
1.561085595480225265e+03	2.541017881827865518e-02
1.563351322033897759e+03	2.542997894734665837e-02
1.565617048587570025e+03	2.544977209084812314e-02
1.567882775141242291e+03	2.546957079199629534e-02
1.570148501694914557e+03	2.548939301985577235e-02
1.572414228248586824e+03	2.550921087666766993e-02
1.574679954802259317e+03	2.552900891695062541e-02
1.576945681355931583e+03	2.554877607727763442e-02
1.579211407909603849e+03	2.556850542466943682e-02
1.581477134463276116e+03	2.558819666336815610e-02
1.583742861016948609e+03	2.560783462955043902e-02
1.586008587570620875e+03	2.562741857642963569e-02
1.588274314124293142e+03	2.564695988446562269e-02
1.590540040677965408e+03	2.566647045491865856e-02
1.592805767231637674e+03	2.568595851780736128e-02
1.595071493785310167e+03	2.570541140629481816e-02
1.597337220338982434e+03	2.572486061642672087e-02
1.599602946892654700e+03	2.574428242825606283e-02
1.601868673446326966e+03	2.576365954781012491e-02
1.604134399999999232e+03	2.578299122506494401e-02
1.606400126553671726e+03	2.580228973058599704e-02
1.608665853107343992e+03	2.582154177021655714e-02
1.610931579661016258e+03	2.584075826923117394e-02
1.613197306214688524e+03	2.585993215606131879e-02
1.615463032768361018e+03	2.587905202267070520e-02
1.617728759322033284e+03	2.589812942729030967e-02
1.619994485875705550e+03	2.591715363843847056e-02
1.622260212429377816e+03	2.593612744703681361e-02
1.624525938983050082e+03	2.595507847967863657e-02
1.626791665536722576e+03	2.597396704570306691e-02
1.629057392090394842e+03	2.599279028824458271e-02
1.631323118644067108e+03	2.601157293447975416e-02
1.633588845197739374e+03	2.603031115754846081e-02
1.635854571751411868e+03	2.604898534854965808e-02
1.638120298305084134e+03	2.606762654776875049e-02
1.640386024858756400e+03	2.608623289313238142e-02
1.642651751412428666e+03	2.610479463509036632e-02
1.644917477966100932e+03	2.612331090170987025e-02
1.647183204519773426e+03	2.614178092404893447e-02
1.649448931073445692e+03	2.616021749123767157e-02
1.651714657627117958e+03	2.617859486715217246e-02
1.653980384180790224e+03	2.619693183366630582e-02
1.656246110734462491e+03	2.621521428193643311e-02
1.658511837288134984e+03	2.623344582493836175e-02
1.660777563841807250e+03	2.625163759646184300e-02
1.663043290395479517e+03	2.626978448668931820e-02
1.665309016949151783e+03	2.628788323302157920e-02
1.667574743502824276e+03	2.630594171184054766e-02
1.669840470056496542e+03	2.632396996774370376e-02
1.672106196610168809e+03	2.634195096783328513e-02
1.674371923163841075e+03	2.635991261989582835e-02
1.676637649717513341e+03	2.637784685848407890e-02
1.678903376271185834e+03	2.639573682785789285e-02
1.681169102824858101e+03	2.641358553461941455e-02
1.683434829378530367e+03	2.643141248146232622e-02
1.685700555932202633e+03	2.644919403267423710e-02
1.687966282485875126e+03	2.646692509706311328e-02
1.690232009039547393e+03	2.648463168318816383e-02
1.692497735593219659e+03	2.650227126203398911e-02
1.694763462146891925e+03	2.651987347955260532e-02
1.697029188700564191e+03	2.653743364407662106e-02
1.699294915254236685e+03	2.655492995627465810e-02
1.701560641807908951e+03	2.657238200417321242e-02
1.703826368361581217e+03	2.658978306509816175e-02
1.706092094915253483e+03	2.660713221035707760e-02
1.708357821468925749e+03	2.662442539591807975e-02
1.710623548022598243e+03	2.664168095158879479e-02
1.712889274576270509e+03	2.665889219815773675e-02
1.715155001129942775e+03	2.667605498704966882e-02
1.717420727683615041e+03	2.669316323869390037e-02
1.719686454237287535e+03	2.671020469069357653e-02
1.721952180790959801e+03	2.672718303400496709e-02
1.724217907344632067e+03	2.674413543503598167e-02
1.726483633898304333e+03	2.676103692130253273e-02
1.728749360451976600e+03	2.677788797918264144e-02
1.731015087005649093e+03	2.679470185540506338e-02
1.733280813559321359e+03	2.681145347850877672e-02
1.735546540112993625e+03	2.682815709499985352e-02
1.737812266666665892e+03	2.684482980162881949e-02
1.740077993220338158e+03	2.686144719128915129e-02
1.742343719774010651e+03	2.687800597069256101e-02
1.744609446327682917e+03	2.689450479860917495e-02
1.746875172881355184e+03	2.691094989701884460e-02
1.749140899435027450e+03	2.692734946592479500e-02
1.751406625988699943e+03	2.694367031024734113e-02
1.753672352542372209e+03	2.695995420908675264e-02
1.755938079096044476e+03	2.697621486563639773e-02
1.758203805649716742e+03	2.699245150974716526e-02
1.760469532203389008e+03	2.700866036837818590e-02
1.762735258757061501e+03	2.702481975140150205e-02
1.765000985310733768e+03	2.704093950167375457e-02
1.767266711864406034e+03	2.705704403889208284e-02
1.769532438418078300e+03	2.707308895271878790e-02
1.771798164971750793e+03	2.708908097470333690e-02
1.774063891525423060e+03	2.710503812657880096e-02
1.776329618079095326e+03	2.712093232239951718e-02
1.778595344632767592e+03	2.713676864502858124e-02
1.780861071186439858e+03	2.715257656481347495e-02
1.783126797740112352e+03	2.716834774673954761e-02
1.785392524293784618e+03	2.718408656626330328e-02
1.787658250847456884e+03	2.719979642991462304e-02
1.789923977401129150e+03	2.721547383761309391e-02
1.792189703954801416e+03	2.723111862094267782e-02
1.794455430508473910e+03	2.724676246631073037e-02
1.796721157062146176e+03	2.726237207111832303e-02
1.798986883615818442e+03	2.727793927231629556e-02
1.801252610169490708e+03	2.729350448184455699e-02
1.803518336723163202e+03	2.730906625626828427e-02
1.805784063276835468e+03	2.732460913855891405e-02
1.808049789830507734e+03	2.734014282936596957e-02
1.810315516384180000e+03	2.735564756008460746e-02
1.812581242937852267e+03	2.737113755498027726e-02
1.814846969491524760e+03	2.738664377239838701e-02
1.817112696045197026e+03	2.740212655205421025e-02
1.819378422598869292e+03	2.741758924512733425e-02
1.821644149152541559e+03	2.743304429351435536e-02
1.823909875706214052e+03	2.744847949721796604e-02
1.826175602259886318e+03	2.746388908260012987e-02
1.828441328813558584e+03	2.747928912574982424e-02
1.830707055367230851e+03	2.749466545212125509e-02
1.832972781920903117e+03	2.751000302886961318e-02
1.835238508474575610e+03	2.752532377546161937e-02
1.837504235028247876e+03	2.754062529228743297e-02
1.839769961581920143e+03	2.755588718422726652e-02
1.842035688135592409e+03	2.757112256446643539e-02
1.844301414689264675e+03	2.758633850716350408e-02
1.846567141242937168e+03	2.760149271894937750e-02
1.848832867796609435e+03	2.761661951710414620e-02
1.851098594350281701e+03	2.763171782835341719e-02
1.853364320903953967e+03	2.764677368456128909e-02
1.855630047457626461e+03	2.766179823836587351e-02
1.857895774011298727e+03	2.767678081043648680e-02
1.860161500564970993e+03	2.769170322531839049e-02
1.862427227118643259e+03	2.770659321164772523e-02
1.864692953672315525e+03	2.772145672029136323e-02
1.866958680225988019e+03	2.773627358038646684e-02
1.869224406779660285e+03	2.775103504915854905e-02
1.871490133333332551e+03	2.776577452864328541e-02
1.873755859887004817e+03	2.778047097209581165e-02
1.876021586440677311e+03	2.779511297892765451e-02
1.878287312994349577e+03	2.780973356182547818e-02
1.880553039548021843e+03	2.782430606078448512e-02
1.882818766101694109e+03	2.783883905888759683e-02
1.885084492655366375e+03	2.785336768906354274e-02
1.887350219209038869e+03	2.786785344732265954e-02
1.889615945762711135e+03	2.788229743608493585e-02
1.891881672316383401e+03	2.789672804140330351e-02
1.894147398870055667e+03	2.791112606918785474e-02
1.896413125423727934e+03	2.792549686434325426e-02
1.898678851977400427e+03	2.793985833718676953e-02
1.900944578531072693e+03	2.795419625670078623e-02
1.903210305084744959e+03	2.796850457740681500e-02
1.905476031638417226e+03	2.798278919796239397e-02
1.907741758192089719e+03	2.799706301244156773e-02
1.910007484745761985e+03	2.801130821817394631e-02
1.912273211299434251e+03	2.802552925884652449e-02
1.914538937853106518e+03	2.803972006134539119e-02
1.916804664406778784e+03	2.805387219683486838e-02
1.919070390960451277e+03	2.806802147941995368e-02
1.921336117514123544e+03	2.808216598564207064e-02
1.923601844067795810e+03	2.809627578816267443e-02
1.925867570621468076e+03	2.811035718828786695e-02
1.928133297175140342e+03	2.812444238424044105e-02
1.930399023728812836e+03	2.813850675818977548e-02
1.932664750282485102e+03	2.815257102363975805e-02
1.934930476836157368e+03	2.816663197034281058e-02
1.937196203389829634e+03	2.818067844711788852e-02
1.939461929943502128e+03	2.819471327458752605e-02
1.941727656497174394e+03	2.820873195923523716e-02
1.943993383050846660e+03	2.822273172903385502e-02
1.946259109604518926e+03	2.823675060376372101e-02
1.948524836158191192e+03	2.825077486668948687e-02
1.950790562711863686e+03	2.826478436439986905e-02
1.953056289265535952e+03	2.827879561874221959e-02
1.955322015819208218e+03	2.829281915519347990e-02
1.957587742372880484e+03	2.830681026667508648e-02
1.959853468926552978e+03	2.832078351668571026e-02
1.962119195480225244e+03	2.833474380215178501e-02
1.964384922033897510e+03	2.834869019210747854e-02
1.966650648587569776e+03	2.836261547447135531e-02
1.968916375141242042e+03	2.837652438645808448e-02
1.971182101694914536e+03	2.839041017490669463e-02
1.973447828248586802e+03	2.840427837174165290e-02
1.975713554802259068e+03	2.841813560163762575e-02
1.977979281355931334e+03	2.843195724482846035e-02
1.980245007909603601e+03	2.844574577567525117e-02
1.982510734463276094e+03	2.845951516211083637e-02
1.984776461016948360e+03	2.847324951669134852e-02
1.987042187570620627e+03	2.848694975793458067e-02
1.989307914124292893e+03	2.850063237190494231e-02
1.991573640677965386e+03	2.851427444013265172e-02
1.993839367231637652e+03	2.852788440748853932e-02
1.996105093785309919e+03	2.854148292704361892e-02
1.998370820338982185e+03	2.855505457711967829e-02
2.000636546892654451e+03	2.856858266413809383e-02
2.002902273446326944e+03	2.858209396074973263e-02
2.005167999999999211e+03	2.859557231898535168e-02
2.007433726553671477e+03	2.860900958862060139e-02
2.009699453107343743e+03	2.862241865093559726e-02
2.011965179661016236e+03	2.863579898346627767e-02
2.014230906214688503e+03	2.864913982509798007e-02
2.016496632768360769e+03	2.866245002493852945e-02
2.018762359322033035e+03	2.867572793414845805e-02
2.021028085875705301e+03	2.868896170876939627e-02
2.023293812429377795e+03	2.870215773480857060e-02
2.025559538983050061e+03	2.871532199841174762e-02
2.027825265536722327e+03	2.872844988658426746e-02
2.030090992090394593e+03	2.874155744898037115e-02
2.032356718644066859e+03	2.875463736357350766e-02
2.034622445197739353e+03	2.876768277815062308e-02
2.036888171751411619e+03	2.878070700271151069e-02
2.039153898305083885e+03	2.879370721675376249e-02
2.041419624858756151e+03	2.880667129895338532e-02
2.043685351412428645e+03	2.881961860158353123e-02
2.045951077966100911e+03	2.883255014690795648e-02
2.048216804519773177e+03	2.884545284620233102e-02
2.050482531073445443e+03	2.885832820717197655e-02
2.052748257627117709e+03	2.887117842438257156e-02
2.055013984180789976e+03	2.888399884043866064e-02
2.057279710734462242e+03	2.889679505169250040e-02
2.059545437288134963e+03	2.890955931390046599e-02
2.061811163841807229e+03	2.892229368995120897e-02
2.064076890395479495e+03	2.893499412082931738e-02
2.066342616949151761e+03	2.894766620268195145e-02
2.068608343502824027e+03	2.896030833176565372e-02
2.070874070056496294e+03	2.897291514555624253e-02
2.073139796610168560e+03	2.898548729868746787e-02
2.075405523163840826e+03	2.899801432670567891e-02
2.077671249717513092e+03	2.901049597284698772e-02
2.079936976271185813e+03	2.902293357900547627e-02
2.082202702824858079e+03	2.903532635976201551e-02
2.084468429378530345e+03	2.904766647418182204e-02
2.086734155932202611e+03	2.905996120017010145e-02
2.088999882485874878e+03	2.907220946543646184e-02
2.091265609039547144e+03	2.908439548791232065e-02
2.093531335593219410e+03	2.909653407357688099e-02
2.095797062146891676e+03	2.910862310620351140e-02
2.098062788700563942e+03	2.912064296583342926e-02
2.100328515254236208e+03	2.913259621699270524e-02
2.102594241807908929e+03	2.914448876198521415e-02
2.104859968361581195e+03	2.915630250914714658e-02
2.107125694915253462e+03	2.916803044848514589e-02
2.109391421468925728e+03	2.917967898098237922e-02
2.111657148022597994e+03	2.919124712786966974e-02
2.113922874576270260e+03	2.920272135933942026e-02
2.116188601129942526e+03	2.921410787697654651e-02
2.118454327683614792e+03	2.922539982299225680e-02
2.120720054237287059e+03	2.923659064856966999e-02
2.122985780790959780e+03	2.924768573815314521e-02
2.125251507344632046e+03	2.925868292283117719e-02
2.127517233898304312e+03	2.926958972199683942e-02
2.129782960451976578e+03	2.928040585313033961e-02
2.132048687005648844e+03	2.929111615681586830e-02
2.134314413559321110e+03	2.930171797496573458e-02
2.136580140112993377e+03	2.931221770545704153e-02
2.138845866666665643e+03	2.932261037328502337e-02
2.141111593220337909e+03	2.933288155463862484e-02
2.143377319774010630e+03	2.934302780016529236e-02
2.145643046327682896e+03	2.935306262107463884e-02
2.147908772881355162e+03	2.936297652487584314e-02
2.150174499435027428e+03	2.937277805144513504e-02
2.152440225988699694e+03	2.938246773302448378e-02
2.154705952542371961e+03	2.939203872238640644e-02
2.156971679096044227e+03	2.940149940378496835e-02
2.159237405649716493e+03	2.941085998755797043e-02
2.161503132203388759e+03	2.942011600148634887e-02
2.163768858757061480e+03	2.942926431687609493e-02
2.166034585310733746e+03	2.943830713536989274e-02
2.168300311864406012e+03	2.944724066252315392e-02
2.170566038418078278e+03	2.945607821004637625e-02
2.172831764971750545e+03	2.946482772747161666e-02
2.175097491525422811e+03	2.947346549564008530e-02
2.177363218079095077e+03	2.948200671620055183e-02
2.179628944632767343e+03	2.949045929196040736e-02
2.181894671186439609e+03	2.949881835038037359e-02
2.184160397740111875e+03	2.950706390354282740e-02
2.186426124293784596e+03	2.951521846473713004e-02
2.188691850847456863e+03	2.952326943924892325e-02
2.190957577401129129e+03	2.953119681796413307e-02
2.193223303954801395e+03	2.953904469672272853e-02
2.195489030508473661e+03	2.954679214010889204e-02
2.197754757062145927e+03	2.955444888341104970e-02
2.200020483615818193e+03	2.956202418061036619e-02
2.202286210169490460e+03	2.956951611766208202e-02
2.204551936723162726e+03	2.957692198768952993e-02
2.206817663276835447e+03	2.958424649246425148e-02
2.209083389830507713e+03	2.959148405651895741e-02
2.211349116384179979e+03	2.959862575756238082e-02
2.213614842937852245e+03	2.960568156870044959e-02
2.215880569491524511e+03	2.961263039773490147e-02
2.218146296045196777e+03	2.961948782519047488e-02
2.220412022598869044e+03	2.962625339983786590e-02
2.222677749152541310e+03	2.963291591790633700e-02
2.224943475706213576e+03	2.963948925308665730e-02
2.227209202259886297e+03	2.964598585644680206e-02
2.229474928813558563e+03	2.965241559320462225e-02
2.231740655367230829e+03	2.965875748696971889e-02
2.234006381920903095e+03	2.966501841695715763e-02
2.236272108474575361e+03	2.967120796243209041e-02
2.238537835028247628e+03	2.967731009059913772e-02
2.240803561581919894e+03	2.968332197016939830e-02
2.243069288135592160e+03	2.968925007794478640e-02
2.245335014689264426e+03	2.969507633104449817e-02
2.247600741242937147e+03	2.970078886698641896e-02
2.249866467796609413e+03	2.970641106155386471e-02
2.252132194350281679e+03	2.971193177675698557e-02
2.254397920903953946e+03	2.971734264233050898e-02
2.256663647457626212e+03	2.972268033520661379e-02
2.258929374011298478e+03	2.972792556901836941e-02
2.261195100564970744e+03	2.973307018542671598e-02
2.263460827118643010e+03	2.973813486235173456e-02
2.265726553672315276e+03	2.974310530046698001e-02
2.267992280225987997e+03	2.974796445487571522e-02
2.270258006779660263e+03	2.975273501380227073e-02
2.272523733333332530e+03	2.975739941112699044e-02
2.274789459887004796e+03	2.976195122237008245e-02
2.277055186440677062e+03	2.976642646242967302e-02
2.279320912994349328e+03	2.977079748671661308e-02
2.281586639548021594e+03	2.977506566485711714e-02
2.283852366101693860e+03	2.977924012695872674e-02
2.286118092655366127e+03	2.978331963946253408e-02
2.288383819209038393e+03	2.978730166421081696e-02
2.290649545762711114e+03	2.979120516834992891e-02
2.292915272316383380e+03	2.979500676773224818e-02
2.295180998870055646e+03	2.979870643896397400e-02
2.297446725423727912e+03	2.980231176755750166e-02
2.299712451977400178e+03	2.980583084190723681e-02
2.301978178531072444e+03	2.980926147764418124e-02
2.304243905084744711e+03	2.981261473377982973e-02
2.306509631638416977e+03	2.981588373791363086e-02
2.308775358192089243e+03	2.981905213586509215e-02
2.311041084745761964e+03	2.982213808301397914e-02
2.313306811299434230e+03	2.982515230625527175e-02
2.315572537853106496e+03	2.982807414063420870e-02
2.317838264406778762e+03	2.983090551169247789e-02
2.320103990960451029e+03	2.983366698948458628e-02
2.322369717514123295e+03	2.983632799217747836e-02
2.324635444067795561e+03	2.983889432932750746e-02
2.326901170621467827e+03	2.984138021717961178e-02
2.329166897175140093e+03	2.984377517698420454e-02
2.331432623728812814e+03	2.984608141361975303e-02
2.333698350282485080e+03	2.984831837458084419e-02
2.335964076836157346e+03	2.985045437321365985e-02
2.338229803389829613e+03	2.985250422086134850e-02
2.340495529943501879e+03	2.985447519774521788e-02
2.342761256497174145e+03	2.985635408572004032e-02
2.345026983050846411e+03	2.985814959505394411e-02
2.347292709604518677e+03	2.985986066191594415e-02
2.349558436158190943e+03	2.986146011157234104e-02
2.351824162711863664e+03	2.986296095008190640e-02
2.354089889265535930e+03	2.986436975719307385e-02
2.356355615819208197e+03	2.986565754826705707e-02
2.358621342372880463e+03	2.986683042685701894e-02
2.360887068926552729e+03	2.986790152380284016e-02
2.363152795480224995e+03	2.986885307601355038e-02
2.365418522033897261e+03	2.986967423438852132e-02
2.367684248587569527e+03	2.987038405693415513e-02
2.369949975141241794e+03	2.987098359441537829e-02
2.372215701694914060e+03	2.987146577524011845e-02
2.374481428248586781e+03	2.987183519772462076e-02
2.376747154802259047e+03	2.987208751193213760e-02
2.379012881355931313e+03	2.987220500779183552e-02
2.381278607909603579e+03	2.987220091535591066e-02
2.383544334463275845e+03	2.987206942373152319e-02
2.385810061016948112e+03	2.987179332725437356e-02
2.388075787570620378e+03	2.987136786538398259e-02
2.390341514124292644e+03	2.987079721516745431e-02
2.392607240677964910e+03	2.987007483069733724e-02
2.394872967231637631e+03	2.986920684327435543e-02
2.397138693785309897e+03	2.986820106679263093e-02
2.399404420338982163e+03	2.986703563890230617e-02
2.401670146892654429e+03	2.986569796206137509e-02
2.403935873446326696e+03	2.986419684230008642e-02
2.406201599999998962e+03	2.986251551155643183e-02
2.408467326553671228e+03	2.986065643974805672e-02
2.410733053107343494e+03	2.985862723300941948e-02
2.412998779661015760e+03	2.985641953992947129e-02
2.415264506214688481e+03	2.985404603296357498e-02
2.417530232768360747e+03	2.985151947106583908e-02
2.419795959322033013e+03	2.984882153399514779e-02
2.422061685875705280e+03	2.984594766599850055e-02
2.424327412429377546e+03	2.984293091010861015e-02
2.426593138983049812e+03	2.983974644757974096e-02
2.428858865536722078e+03	2.983639392409249969e-02
2.431124592090394344e+03	2.983288636590602366e-02
2.433390318644066610e+03	2.982921185118152935e-02
2.435656045197739331e+03	2.982537916409460851e-02
2.437921771751411598e+03	2.982140426540032946e-02
2.440187498305083864e+03	2.981727247462795036e-02
2.442453224858756130e+03	2.981298891935545495e-02
2.444718951412428396e+03	2.980857529903887040e-02
2.446984677966100662e+03	2.980402326182466852e-02
2.449250404519772928e+03	2.979931945402362198e-02
2.451516131073445194e+03	2.979448346117283611e-02
2.453781857627117461e+03	2.978951530736121192e-02
2.456047584180790182e+03	2.978440321126881937e-02
2.458313310734462448e+03	2.977915542177951222e-02
2.460579037288134714e+03	2.977378517335457428e-02
2.462844763841806980e+03	2.976827928638225290e-02
2.465110490395479246e+03	2.976266188859686898e-02
2.467376216949151512e+03	2.975692515115613279e-02
2.469641943502823779e+03	2.975105854055858784e-02
2.471907670056496045e+03	2.974507899922105431e-02
2.474173396610168311e+03	2.973899679258291268e-02
2.476439123163840577e+03	2.973278632396772828e-02
2.478704849717513298e+03	2.972646701565937605e-02
2.480970576271185564e+03	2.972004903509933849e-02
2.483236302824857830e+03	2.971351470932711777e-02
2.485502029378530096e+03	2.970687786913410802e-02
2.487767755932202363e+03	2.970014389225981988e-02
2.490033482485874629e+03	2.969329908702891818e-02
2.492299209039546895e+03	2.968635727603985766e-02
2.494564935593219161e+03	2.967932758542021418e-02
2.496830662146891427e+03	2.967219219801044486e-02
2.499096388700564148e+03	2.966496654897842269e-02
2.501362115254236414e+03	2.965765771386466923e-02
2.503627841807908680e+03	2.965025408757465328e-02
2.505893568361580947e+03	2.964275679528462562e-02
2.508159294915253213e+03	2.963519186531417271e-02
2.510425021468925479e+03	2.962753639236511208e-02
2.512690748022597745e+03	2.961979535646809200e-02
2.514956474576270011e+03	2.961198160250934006e-02
2.517222201129942277e+03	2.960408080933374722e-02
2.519487927683614998e+03	2.959609066777743602e-02
2.521753654237287265e+03	2.958802221373486863e-02
2.524019380790959531e+03	2.957985942147569811e-02
2.526285107344631797e+03	2.957160235152238997e-02
2.528550833898304063e+03	2.956325982845737013e-02
2.530816560451976329e+03	2.955481910042203481e-02
2.533082287005648595e+03	2.954628474544332070e-02
2.535348013559320862e+03	2.953766568189215500e-02
2.537613740112993128e+03	2.952894316739385766e-02
2.539879466666665849e+03	2.952010772967382166e-02
2.542145193220338115e+03	2.951116253221765587e-02
2.544410919774010381e+03	2.950211037143069329e-02
2.546676646327682647e+03	2.949293614555981505e-02
2.548942372881354913e+03	2.948363253837682149e-02
2.551208099435027179e+03	2.947421599666922437e-02
2.553473825988699446e+03	2.946466495717159698e-02
2.555739552542371712e+03	2.945498139019627620e-02
2.558005279096043978e+03	2.944516767151920955e-02
2.560271005649716244e+03	2.943521141145797812e-02
2.562536732203388965e+03	2.942512001973559069e-02
2.564802458757061231e+03	2.941489564724933045e-02
2.567068185310733497e+03	2.940452382071949769e-02
2.569333911864405763e+03	2.939400275664506498e-02
2.571599638418078030e+03	2.938333793653469597e-02
2.573865364971750296e+03	2.937252472378343651e-02
2.576131091525422562e+03	2.936156597036248400e-02
2.578396818079094828e+03	2.935047470164950378e-02
2.580662544632767094e+03	2.933923050725942630e-02
2.582928271186439815e+03	2.932783325378631248e-02
2.585193997740112081e+03	2.931629749732927656e-02
2.587459724293784348e+03	2.930461438377589961e-02
2.589725450847456614e+03	2.929278872747659648e-02
2.591991177401128880e+03	2.928083747612916093e-02
2.594256903954801146e+03	2.926875103350365381e-02
2.596522630508473412e+03	2.925652578799866829e-02
2.598788357062145678e+03	2.924416807511916530e-02
2.601054083615817945e+03	2.923167505062352137e-02
2.603319810169490665e+03	2.921904546353097654e-02
2.605585536723162932e+03	2.920628694751660828e-02
2.607851263276835198e+03	2.919339579120084835e-02
2.610116989830507464e+03	2.918036306620243672e-02
2.612382716384179730e+03	2.916720667293040345e-02
2.614648442937851996e+03	2.915393627271872443e-02
2.616914169491524262e+03	2.914055777268520844e-02
2.619179896045196529e+03	2.912707996247192871e-02
2.621445622598868795e+03	2.911351605322586023e-02
2.623711349152541516e+03	2.909986189150136696e-02
2.625977075706213782e+03	2.908613424509015610e-02
2.628242802259886048e+03	2.907232696448478620e-02
2.630508528813558314e+03	2.905843726869853511e-02
2.632774255367230580e+03	2.904446834476740943e-02
2.635039981920902846e+03	2.903043053484665945e-02
2.637305708474575113e+03	2.901631341064472153e-02
2.639571435028247379e+03	2.900211497334634694e-02
2.641837161581919645e+03	2.898785814848579834e-02
2.644102888135592366e+03	2.897353431552098305e-02
2.646368614689264632e+03	2.895913811081283346e-02
2.648634341242936898e+03	2.894469406198633271e-02
2.650900067796609164e+03	2.893018325910858349e-02
2.653165794350281431e+03	2.891560822166347466e-02
2.655431520903953697e+03	2.890097658315853371e-02
2.657697247457625963e+03	2.888627906292230707e-02
2.659962974011298229e+03	2.887151399191204351e-02
2.662228700564970495e+03	2.885669226455647024e-02
2.664494427118642761e+03	2.884179235894803253e-02
2.666760153672315482e+03	2.882681079171450431e-02
2.669025880225987748e+03	2.881173833907135079e-02
2.671291606779660015e+03	2.879656292243029658e-02
2.673557333333332281e+03	2.878128547464780390e-02
2.675823059887004547e+03	2.876591228616418375e-02
2.678088786440676813e+03	2.875043625157465421e-02
2.680354512994349079e+03	2.873484631335570388e-02
2.682620239548021345e+03	2.871914687428171395e-02
2.684885966101693612e+03	2.870333260486397989e-02
2.687151692655366332e+03	2.868738872845159188e-02
2.689417419209038599e+03	2.867133594225690363e-02
2.691683145762710865e+03	2.865515639389259669e-02
2.693948872316383131e+03	2.863884167437663955e-02
2.696214598870055397e+03	2.862240790817966937e-02
2.698480325423727663e+03	2.860585315874152046e-02
2.700746051977399929e+03	2.858916989344002443e-02
2.703011778531072196e+03	2.857235821944156470e-02
2.705277505084744462e+03	2.855544164913837585e-02
2.707543231638417183e+03	2.853839886659285605e-02
2.709808958192089449e+03	2.852122903602641313e-02
2.712074684745761715e+03	2.850394964177532797e-02
2.714340411299433981e+03	2.848654047853103194e-02
2.716606137853106247e+03	2.846900681101299443e-02
2.718871864406778514e+03	2.845136120335381436e-02
2.721137590960450780e+03	2.843361073242506656e-02
2.723403317514123046e+03	2.841574937619360461e-02
2.725669044067795312e+03	2.839778936856942118e-02
2.727934770621468033e+03	2.837972064434676062e-02
2.730200497175140299e+03	2.836154083604602166e-02
2.732466223728812565e+03	2.834327893559306089e-02
2.734731950282484831e+03	2.832492029014100840e-02
2.736997676836157098e+03	2.830646192806441502e-02
2.739263403389829364e+03	2.828792453192600573e-02
2.741529129943501630e+03	2.826930123568540537e-02
2.743794856497173896e+03	2.825059946366928823e-02
2.746060583050846162e+03	2.823183536943255773e-02
2.748326309604518428e+03	2.821300133425587442e-02
2.750592036158191149e+03	2.819410457381706439e-02
2.752857762711863415e+03	2.817514771824897526e-02
2.755123489265535682e+03	2.815613827179131237e-02
2.757389215819207948e+03	2.813708308552886200e-02
2.759654942372880214e+03	2.811799159831162784e-02
2.761920668926552480e+03	2.809885766232619528e-02
2.764186395480224746e+03	2.807968495404999931e-02
2.766452122033897012e+03	2.806049324821437499e-02
2.768717848587569279e+03	2.804128334042236409e-02
2.770983575141242000e+03	2.802204574420599087e-02
2.773249301694914266e+03	2.800279192911851039e-02
2.775515028248586532e+03	2.798352867293677979e-02
2.777780754802258798e+03	2.796424587933169642e-02
2.780046481355931064e+03	2.794494821555652125e-02
2.782312207909603330e+03	2.792563742486121187e-02
2.784577934463275596e+03	2.790630104882413365e-02
2.786843661016947863e+03	2.788694699224572235e-02
2.789109387570620129e+03	2.786757869871695631e-02
2.791375114124292850e+03	2.784818085219549835e-02
2.793640840677965116e+03	2.782874951028932453e-02
2.795906567231637382e+03	2.780929450087720259e-02
2.798172293785309648e+03	2.778980958116361588e-02
2.800438020338981914e+03	2.777029353983357859e-02
2.802703746892654181e+03	2.775075258582449661e-02
2.804969473446326447e+03	2.773117519454951566e-02
2.807235199999998713e+03	2.771155391789014572e-02
2.809500926553670979e+03	2.769189630035712515e-02
2.811766653107343700e+03	2.767219109985854034e-02
2.814032379661015966e+03	2.765242264475816295e-02
2.816298106214688232e+03	2.763260721574644502e-02
2.818563832768360498e+03	2.761273040329210657e-02
2.820829559322032765e+03	2.759278480404723718e-02
2.823095285875705031e+03	2.757277615612876293e-02
2.825361012429377297e+03	2.755269977426818076e-02
2.827626738983049563e+03	2.753254796136870436e-02
2.829892465536721829e+03	2.751233357298284166e-02
2.832158192090394095e+03	2.749204441246625580e-02
2.834423918644066816e+03	2.747168206904166549e-02
2.836689645197739083e+03	2.745125573320743306e-02
2.838955371751411349e+03	2.743075962153102357e-02
2.841221098305083615e+03	2.741018079520215339e-02
2.843486824858755881e+03	2.738952861096512897e-02
2.845752551412428147e+03	2.736879864899715784e-02
2.848018277966100413e+03	2.734798181186743823e-02
2.850284004519772679e+03	2.732708615730023924e-02
2.852549731073444946e+03	2.730610640721992458e-02
2.854815457627117667e+03	2.728503780226317066e-02
2.857081184180789933e+03	2.726389452513088008e-02
2.859346910734462199e+03	2.724268603702354255e-02
2.861612637288134465e+03	2.722140683762714480e-02
2.863878363841806731e+03	2.720006193182829615e-02
2.866144090395478997e+03	2.717866797178000726e-02
2.868409816949151264e+03	2.715723259376898180e-02
2.870675543502823530e+03	2.713577921269424292e-02
2.872941270056495796e+03	2.711432696106478440e-02
2.875206996610168517e+03	2.709286966363650198e-02
2.877472723163840783e+03	2.707141561645916988e-02
2.879738449717513049e+03	2.704997714098709635e-02
2.882004176271185315e+03	2.702854903628171962e-02
2.884269902824857581e+03	2.700714105356770423e-02
2.886535629378529848e+03	2.698576661376040145e-02
2.888801355932202114e+03	2.696442043160665256e-02
2.891067082485874380e+03	2.694310611799025437e-02
2.893332809039546646e+03	2.692184138232664795e-02
2.895598535593219367e+03	2.690061876227757900e-02
2.897864262146891633e+03	2.687944512929376847e-02
2.900129988700563899e+03	2.685833627557712017e-02
2.902395715254236165e+03	2.683729419989774531e-02
2.904661441807908432e+03	2.681632722573774885e-02
2.906927168361580698e+03	2.679544948177897332e-02
2.909192894915252964e+03	2.677465606288155150e-02
2.911458621468925230e+03	2.675395401304731316e-02
2.913724348022597496e+03	2.673335702635190950e-02
2.915990074576270217e+03	2.671286570512595993e-02
2.918255801129942483e+03	2.669247350909041347e-02
2.920521527683614750e+03	2.667219296585324889e-02
2.922787254237287016e+03	2.665202067730714289e-02
2.925052980790959282e+03	2.663195450464799635e-02
2.927318707344631548e+03	2.661200090022757328e-02
2.929584433898303814e+03	2.659215749560560685e-02
2.931850160451976080e+03	2.657241370924228255e-02
2.934115887005648347e+03	2.655277597888599378e-02
2.936381613559320613e+03	2.653324675200666866e-02
2.938647340112993334e+03	2.651381816813231165e-02
2.940913066666665600e+03	2.649449644852436281e-02
2.943178793220337866e+03	2.647528235550328235e-02
2.945444519774010132e+03	2.645616952826378501e-02
2.947710246327682398e+03	2.643716128161557183e-02
2.949975972881354664e+03	2.641825056643058028e-02
2.952241699435026931e+03	2.639942706153438831e-02
2.954507425988699197e+03	2.638069471967903132e-02
2.956773152542371463e+03	2.636204237137170989e-02
2.959038879096044184e+03	2.634347019991403402e-02
2.961304605649716450e+03	2.632497429340737924e-02
2.963570332203388716e+03	2.630654121364611742e-02
2.965836058757060982e+03	2.628813306250749049e-02
2.968101785310733248e+03	2.626973404377239141e-02
2.970367511864405515e+03	2.625134525714936662e-02
2.972633238418077781e+03	2.623295791234721286e-02
2.974898964971750047e+03	2.621456340210092176e-02
2.977164691525422313e+03	2.619616432885206805e-02
2.979430418079095034e+03	2.617775011602955365e-02
2.981696144632767300e+03	2.615932217315516603e-02
2.983961871186439566e+03	2.614088736216117412e-02
2.986227597740111833e+03	2.612243756999062597e-02
2.988493324293784099e+03	2.610396921619446628e-02
2.990759050847456365e+03	2.608548588978200702e-02
2.993024777401128631e+03	2.606697913782893630e-02
2.995290503954800897e+03	2.604845364469278793e-02
2.997556230508473163e+03	2.602991823295978252e-02
2.999821957062145884e+03	2.601136225767472498e-02
3.002087683615818150e+03	2.599278344517163067e-02
3.004353410169490417e+03	2.597419811692125782e-02
3.006619136723162683e+03	2.595560795113122099e-02
3.008884863276834949e+03	2.593700622081069815e-02
3.011150589830507215e+03	2.591840226998182520e-02
3.013416316384179481e+03	2.589979847295847959e-02
3.015682042937851747e+03	2.588118813680289135e-02
3.017947769491524014e+03	2.586257796645696772e-02
3.020213496045196280e+03	2.584397511926662949e-02
3.022479222598869001e+03	2.582537438679195080e-02
3.024744949152541267e+03	2.580678653869399389e-02
3.027010675706213533e+03	2.578821430785679242e-02
3.029276402259885799e+03	2.576965592260633750e-02
3.031542128813558065e+03	2.575111390751064558e-02
3.033807855367230331e+03	2.573259346981173618e-02
3.036073581920902598e+03	2.571409278733603060e-02
3.038339308474574864e+03	2.569561868215575542e-02
3.040605035028247130e+03	2.567716875483920524e-02
3.042870761581919851e+03	2.565873492406493817e-02
3.045136488135592117e+03	2.564031305312533884e-02
3.047402214689264383e+03	2.562191756509715410e-02
3.049667941242936649e+03	2.560354409940540296e-02
3.051933667796608916e+03	2.558518838331778900e-02
3.054199394350281182e+03	2.556687661872362669e-02
3.056465120903953448e+03	2.554859420196417888e-02
3.058730847457625714e+03	2.553033965410165390e-02
3.060996574011297980e+03	2.551212982024568185e-02
3.063262300564970701e+03	2.549395820131945128e-02
3.065528027118642967e+03	2.547581768542517971e-02
3.067793753672315233e+03	2.545772104867043140e-02
3.070059480225987500e+03	2.543965859192178977e-02
3.072325206779659766e+03	2.542162333078547623e-02
3.074590933333332032e+03	2.540362280460423464e-02
3.076856659887004298e+03	2.538565647383835694e-02
3.079122386440676564e+03	2.536771700674838800e-02
3.081388112994348830e+03	2.534980945081060852e-02
3.083653839548021551e+03	2.533192494385890295e-02
3.085919566101693817e+03	2.531406750453021881e-02
3.088185292655366084e+03	2.529623430002040513e-02
3.090451019209038350e+03	2.527843281733692035e-02
3.092716745762710616e+03	2.526065287200170498e-02
3.094982472316382882e+03	2.524288773150775225e-02
3.097248198870055148e+03	2.522513414045847446e-02
3.099513925423727414e+03	2.520738250454617607e-02
3.101779651977399681e+03	2.518961947277294222e-02
3.104045378531072402e+03	2.517184169429075719e-02
3.106311105084744668e+03	2.515404120038885680e-02
3.108576831638416934e+03	2.513621332162756933e-02
3.110842558192089200e+03	2.511837202041721645e-02
3.113108284745761466e+03	2.510051489260614957e-02
3.115374011299433732e+03	2.508263826770886634e-02
3.117639737853105999e+03	2.506474882984015967e-02
3.119905464406778265e+03	2.504685672048993783e-02
3.122171190960450531e+03	2.502894618774641894e-02
3.124436917514122797e+03	2.501103322488679517e-02
3.126702644067795518e+03	2.499311732442133921e-02
3.128968370621467784e+03	2.497519660697965910e-02
3.131234097175140050e+03	2.495729449553062140e-02
3.133499823728812316e+03	2.493941686456447454e-02
3.135765550282484583e+03	2.492155824397717170e-02
3.138031276836156849e+03	2.490372805401592365e-02
3.140297003389829115e+03	2.488593098575634169e-02
3.142562729943501381e+03	2.486816318933751657e-02
3.144828456497173647e+03	2.485043294523528457e-02
3.147094183050846368e+03	2.483275281285107772e-02
3.149359909604518634e+03	2.481512662710719935e-02
3.151625636158190900e+03	2.479755069635047188e-02
3.153891362711863167e+03	2.478003135490023864e-02
3.156157089265535433e+03	2.476256242927779919e-02
3.158422815819207699e+03	2.474517124670531226e-02
3.160688542372879965e+03	2.472785643316614823e-02
3.162954268926552231e+03	2.471062007925919901e-02
3.165219995480224497e+03	2.469347769816382029e-02
3.167485722033897218e+03	2.467643832168954152e-02
3.169751448587569485e+03	2.465950607035513609e-02
3.172017175141241751e+03	2.464269192131792949e-02
3.174282901694914017e+03	2.462600661242394032e-02
3.176548628248586283e+03	2.460945495073471254e-02
3.178814354802258549e+03	2.459303527431871625e-02
3.181080081355930815e+03	2.457675917456932091e-02
3.183345807909603081e+03	2.456062493803675903e-02
3.185611534463275348e+03	2.454462982404784915e-02
3.187877261016948069e+03	2.452879305886414632e-02
3.190142987570620335e+03	2.451310707052868285e-02
3.192408714124292601e+03	2.449756489338961174e-02
3.194674440677964867e+03	2.448217987838318538e-02
3.196940167231637133e+03	2.446694377272350118e-02
3.199205893785309399e+03	2.445184781288549380e-02
3.201471620338981666e+03	2.443691480611612232e-02
3.203737346892653932e+03	2.442213710769128993e-02
3.206003073446326198e+03	2.440751063757916339e-02
3.208268799999998464e+03	2.439304517613902212e-02
3.210534526553671185e+03	2.437873941214818013e-02
3.212800253107343451e+03	2.436458359779239066e-02
3.215065979661015717e+03	2.435058756337003805e-02
3.217331706214687983e+03	2.433674524790972044e-02
3.219597432768360250e+03	2.432305109441112653e-02
3.221863159322032516e+03	2.430949919719009242e-02
3.224128885875704782e+03	2.429609063490099918e-02
3.226394612429377048e+03	2.428281117614180737e-02
3.228660338983049314e+03	2.426966372908014036e-02
3.230926065536722035e+03	2.425664493955783860e-02
3.233191792090394301e+03	2.424374767461217120e-02
3.235457518644066568e+03	2.423097091925132882e-02
3.237723245197738834e+03	2.421831797746976447e-02
3.239988971751411100e+03	2.420578001289366843e-02
3.242254698305083366e+03	2.419336028011106338e-02
3.244520424858755632e+03	2.418105390735104943e-02
3.246786151412427898e+03	2.416884874164518943e-02
3.249051877966100164e+03	2.415674497959928793e-02
3.251317604519772885e+03	2.414474063804998225e-02
3.253583331073445152e+03	2.413282188302271619e-02
3.255849057627117418e+03	2.412099382403483372e-02
3.258114784180789684e+03	2.410924798912040395e-02
3.260380510734461950e+03	2.409757894280275398e-02
3.262646237288134216e+03	2.408598239608603434e-02
3.264911963841806482e+03	2.407445799074482348e-02
3.267177690395478749e+03	2.406299759771085567e-02
3.269443416949151015e+03	2.405159859237401831e-02
3.271709143502823736e+03	2.404026281567648790e-02
3.273974870056496002e+03	2.402897989655134250e-02
3.276240596610168268e+03	2.401774307015061560e-02
3.278506323163840534e+03	2.400655975484677560e-02
3.280772049717512800e+03	2.399542662404837226e-02
3.283037776271185066e+03	2.398435158976622295e-02
3.285303502824857333e+03	2.397334361367184363e-02
3.287569229378529599e+03	2.396239087271388388e-02
3.289834955932201865e+03	2.395149375082331403e-02
3.292100682485874586e+03	2.394065714189037852e-02
3.294366409039546852e+03	2.392988420626675564e-02
3.296632135593219118e+03	2.391917489522876750e-02
3.298897862146891384e+03	2.390853992848371648e-02
3.301163588700563650e+03	2.389798336502351600e-02
3.303429315254235917e+03	2.388750838844653362e-02
3.305695041807908183e+03	2.387711776329918059e-02
3.307960768361580449e+03	2.386681790919534252e-02
3.310226494915252715e+03	2.385661467065792324e-02
3.312492221468924981e+03	2.384652103464986184e-02
3.314757948022597702e+03	2.383653409383717711e-02
3.317023674576269968e+03	2.382666449992828020e-02
3.319289401129942235e+03	2.381692037362986500e-02
3.321555127683614501e+03	2.380730746368701911e-02
3.323820854237286767e+03	2.379782981661856742e-02
3.326086580790959033e+03	2.378849714765214618e-02
3.328352307344631299e+03	2.377933047770016198e-02
3.330618033898303565e+03	2.377033147154283127e-02
3.332883760451975832e+03	2.376150933892120024e-02
3.335149487005648552e+03	2.375287419505702283e-02
3.337415213559320819e+03	2.374443606055944705e-02
3.339680940112993085e+03	2.373619298139080860e-02
3.341946666666665351e+03	2.372815652266053316e-02
3.344212393220337617e+03	2.372033219549572747e-02
3.346478119774009883e+03	2.371272942235182549e-02
3.348743846327682149e+03	2.370535339319342419e-02
3.351009572881354416e+03	2.369821122787150666e-02
3.353275299435026682e+03	2.369131749084019481e-02
3.355541025988699403e+03	2.368467654431145181e-02
3.357806752542371669e+03	2.367827900444078454e-02
3.360072479096043935e+03	2.367212400935315639e-02
3.362338205649716201e+03	2.366621642103287557e-02
3.364603932203388467e+03	2.366055700888701832e-02
3.366869658757060733e+03	2.365514831059441214e-02
3.369135385310733000e+03	2.364998889225837161e-02
3.371401111864405266e+03	2.364507885758124553e-02
3.373666838418077532e+03	2.364040932160807462e-02
3.375932564971750253e+03	2.363598225907732886e-02
3.378198291525422519e+03	2.363179778722560020e-02
3.380464018079094785e+03	2.362785077431380637e-02
3.382729744632767051e+03	2.362414016221896923e-02
3.384995471186439318e+03	2.362066138097329918e-02
3.387261197740111584e+03	2.361740218435566876e-02
3.389526924293783850e+03	2.361436654960252443e-02
3.391792650847456116e+03	2.361153401499759691e-02
3.394058377401128382e+03	2.360890027573301839e-02
3.396324103954800648e+03	2.360645917329893748e-02
3.398589830508473369e+03	2.360420561169845194e-02
3.400855557062145635e+03	2.360210906640325401e-02
3.403121283615817902e+03	2.360017319588435247e-02
3.405387010169490168e+03	2.359840549799407591e-02
3.407652736723162434e+03	2.359680754177062578e-02
3.409918463276834700e+03	2.359537865158930700e-02
3.412184189830506966e+03	2.359412205437286247e-02
3.414449916384179232e+03	2.359303447078477459e-02
3.416715642937851499e+03	2.359211509981333152e-02
3.418981369491524219e+03	2.359136703006930666e-02
3.421247096045196486e+03	2.359078420582471497e-02
3.423512822598868752e+03	2.359036155396558240e-02
3.425778549152541018e+03	2.359010147740712646e-02
3.428044275706213284e+03	2.358999706627285670e-02
3.430310002259885550e+03	2.359004952355880230e-02
3.432575728813557816e+03	2.359025940904953614e-02
3.434841455367230083e+03	2.359062689188037854e-02
3.437107181920902349e+03	2.359115164201079987e-02
3.439372908474575070e+03	2.359183608607298699e-02
3.441638635028247336e+03	2.359267553471173715e-02
3.443904361581919602e+03	2.359366561838770540e-02
3.446170088135591868e+03	2.359480687400521831e-02
3.448435814689264134e+03	2.359610230338698988e-02
3.450701541242936401e+03	2.359755238974354033e-02
3.452967267796608667e+03	2.359916047261248137e-02
3.455232994350280933e+03	2.360092819524080288e-02
3.457498720903953199e+03	2.360285037151612850e-02
3.459764447457625920e+03	2.360492764989440689e-02
3.462030174011298186e+03	2.360715569659774249e-02
3.464295900564970452e+03	2.360953773935451500e-02
3.466561627118642718e+03	2.361207653655536878e-02
3.468827353672314985e+03	2.361477907765718517e-02
3.471093080225987251e+03	2.361764232036606820e-02
3.473358806779659517e+03	2.362067099530101161e-02
3.475624533333331783e+03	2.362386443398970318e-02
3.477890259887004049e+03	2.362721786117289932e-02
3.480155986440676315e+03	2.363072795555237748e-02
3.482421712994349036e+03	2.363440256257468702e-02
3.484687439548021302e+03	2.363823661248570449e-02
3.486953166101693569e+03	2.364222634960523248e-02
3.489218892655365835e+03	2.364637537794012090e-02
3.491484619209038101e+03	2.365068013634957084e-02
3.493750345762710367e+03	2.365513990383032866e-02
3.496016072316382633e+03	2.365975247468286163e-02
3.498281798870054899e+03	2.366451916457277052e-02
3.500547525423727166e+03	2.366943241248428698e-02
3.502813251977399887e+03	2.367449192326582380e-02
3.505078978531072153e+03	2.367968572325251236e-02
3.507344705084744419e+03	2.368500226837220654e-02
3.509610431638416685e+03	2.369044543276817641e-02
3.511876158192088951e+03	2.369601255452901886e-02
3.514141884745761217e+03	2.370169310820518377e-02
3.516407611299433484e+03	2.370749586640542861e-02
3.518673337853105750e+03	2.371341468911470837e-02
3.520939064406778016e+03	2.371943459356949668e-02
3.523204790960450737e+03	2.372555048635803174e-02
3.525470517514123003e+03	2.373175911769269397e-02
3.527736244067795269e+03	2.373804737386618277e-02
3.530001970621467535e+03	2.374441052761129198e-02
3.532267697175139801e+03	2.375084576105371617e-02
3.534533423728812068e+03	2.375733804503513819e-02
3.536799150282484334e+03	2.376388852538204033e-02
3.539064876836156600e+03	2.377049357080672845e-02
3.541330603389828866e+03	2.377714885325258459e-02
3.543596329943501587e+03	2.378384900642047106e-02
3.545862056497173853e+03	2.379059164044969657e-02
3.548127783050846119e+03	2.379736972135012424e-02
3.550393509604518385e+03	2.380418198295844445e-02
3.552659236158190652e+03	2.381102710374477516e-02
3.554924962711862918e+03	2.381790002539279499e-02
3.557190689265535184e+03	2.382479721981355103e-02
3.559456415819207450e+03	2.383171335716359127e-02
3.561722142372879716e+03	2.383864480632640059e-02
3.563987868926552437e+03	2.384559125849303532e-02
3.566253595480224703e+03	2.385255428268528294e-02
3.568519322033896970e+03	2.385953014876835906e-02
3.570785048587569236e+03	2.386652131414208899e-02
3.573050775141241502e+03	2.387353017002803030e-02
3.575316501694913768e+03	2.388055762182796429e-02
3.577582228248586034e+03	2.388760107879876401e-02
3.579847954802258300e+03	2.389466359348332847e-02
3.582113681355930566e+03	2.390174708827237648e-02
3.584379407909602833e+03	2.390884201255820060e-02
3.586645134463275554e+03	2.391595974245325912e-02
3.588910861016947820e+03	2.392310126061103839e-02
3.591176587570620086e+03	2.393026209954851602e-02
3.593442314124292352e+03	2.393744780296524002e-02
3.595708040677964618e+03	2.394467082620549761e-02
3.597973767231636884e+03	2.395192478620044099e-02
3.600239493785309151e+03	2.395922731266990346e-02
3.602505220338981417e+03	2.396658721541158887e-02
3.604770946892653683e+03	2.397399231836124661e-02
3.607036673446326404e+03	2.398145440583814361e-02
3.609302399999998670e+03	2.398897932655308721e-02
3.611568126553670936e+03	2.399656672483829051e-02
3.613833853107343202e+03	2.400422815265940146e-02
3.616099579661015468e+03	2.401197026880499616e-02
3.618365306214687735e+03	2.401978846617129626e-02
3.620631032768360001e+03	2.402769175923108111e-02
3.622896759322032267e+03	2.403567829116915258e-02
3.625162485875704533e+03	2.404374645372050340e-02
3.627428212429377254e+03	2.405190688777570848e-02
3.629693938983049520e+03	2.406016533438009447e-02
3.631959665536721786e+03	2.406851739370589188e-02
3.634225392090394053e+03	2.407697728351739994e-02
3.636491118644066319e+03	2.408555848719242526e-02
3.638756845197738585e+03	2.409425448967363395e-02
3.641022571751410851e+03	2.410307414324751665e-02
3.643288298305083117e+03	2.411201761404873842e-02
3.645554024858755383e+03	2.412108605409008649e-02
3.647819751412428104e+03	2.413027758800337375e-02
3.650085477966100370e+03	2.413959616221355090e-02
3.652351204519772637e+03	2.414903918799708032e-02
3.654616931073444903e+03	2.415860568605066039e-02
3.656882657627117169e+03	2.416829553189165508e-02
3.659148384180789435e+03	2.417811511985605913e-02
3.661414110734461701e+03	2.418805260258666961e-02
3.663679837288133967e+03	2.419810332284317092e-02
3.665945563841806234e+03	2.420827656897289390e-02
3.668211290395478500e+03	2.421856676353394827e-02
3.670477016949151221e+03	2.422897033580600351e-02
3.672742743502823487e+03	2.423948798961325646e-02
3.675008470056495753e+03	2.425011817177314538e-02
3.677274196610168019e+03	2.426086159168444265e-02
3.679539923163840285e+03	2.427171919027775598e-02
3.681805649717512551e+03	2.428268570864335410e-02
3.684071376271184818e+03	2.429376545058431827e-02
3.686337102824857084e+03	2.430495982258645826e-02
3.688602829378529350e+03	2.431627265690514475e-02
3.690868555932202071e+03	2.432770632094387667e-02
3.693134282485874337e+03	2.433925710936260187e-02
3.695400009039546603e+03	2.435091420390505385e-02
3.697665735593218869e+03	2.436267532655969972e-02
3.699931462146891135e+03	2.437454319659141180e-02
3.702197188700563402e+03	2.438651551266260431e-02
3.704462915254235668e+03	2.439859111036994307e-02
3.706728641807907934e+03	2.441077500092347918e-02
3.708994368361580200e+03	2.442306136113621060e-02
3.711260094915252921e+03	2.443545284672642495e-02
3.713525821468925187e+03	2.444794679789618480e-02
3.715791548022597453e+03	2.446054277667619389e-02
3.718057274576269720e+03	2.447324150673007084e-02
3.720323001129941986e+03	2.448603576670040430e-02
3.722588727683614252e+03	2.449892608410513678e-02
3.724854454237286518e+03	2.451190697907311769e-02
3.727120180790958784e+03	2.452498078808623694e-02
3.729385907344631050e+03	2.453814886554334454e-02
3.731651633898303771e+03	2.455140940353526743e-02
3.733917360451976037e+03	2.456476838788340666e-02
3.736183087005648304e+03	2.457822309927613219e-02
3.738448813559320570e+03	2.459177616227383942e-02
3.740714540112992836e+03	2.460542520390677362e-02
3.742980266666665102e+03	2.461917211886264709e-02
3.745245993220337368e+03	2.463301743022098395e-02
3.747511719774009634e+03	2.464695763807283821e-02
3.749777446327681901e+03	2.466099466022484213e-02
3.752043172881354621e+03	2.467513183018952422e-02
3.754308899435026888e+03	2.468936138789692633e-02
3.756574625988699154e+03	2.470368772522144735e-02
3.758840352542371420e+03	2.471810237968422377e-02
3.761106079096043686e+03	2.473260593776657745e-02
3.763371805649715952e+03	2.474719657439508960e-02
3.765637532203388218e+03	2.476187517900679466e-02
3.767903258757060485e+03	2.477664358767533992e-02
3.770168985310732751e+03	2.479149825405613933e-02
3.772434711864405017e+03	2.480644029916013321e-02
3.774700438418077738e+03	2.482147327683642199e-02
3.776966164971750004e+03	2.483659732047375016e-02
3.779231891525422270e+03	2.485180778795025719e-02
3.781497618079094536e+03	2.486710512727114894e-02
3.783763344632766803e+03	2.488248201108202509e-02
3.786029071186439069e+03	2.489794148892541040e-02
3.788294797740111335e+03	2.491348614071328335e-02
3.790560524293783601e+03	2.492911947639178671e-02
3.792826250847455867e+03	2.494483920286804518e-02
3.795091977401128588e+03	2.496064987768294510e-02
3.797357703954800854e+03	2.497654808524025355e-02
3.799623430508473120e+03	2.499252984588285972e-02
3.801889157062145387e+03	2.500858194927714495e-02
3.804154883615817653e+03	2.502469925287181471e-02
3.806420610169489919e+03	2.504088375016012141e-02
3.808686336723162185e+03	2.505713752569873123e-02
3.810952063276834451e+03	2.507346877159037993e-02
3.813217789830506717e+03	2.508986960026420021e-02
3.815483516384179438e+03	2.510633210364422371e-02
3.817749242937851704e+03	2.512285774437624311e-02
3.820014969491523971e+03	2.513944625595579754e-02
3.822280696045196237e+03	2.515611400920986229e-02
3.824546422598868503e+03	2.517286122550122657e-02
3.826812149152540769e+03	2.518967141964446529e-02
3.829077875706213035e+03	2.520654718557415602e-02
3.831343602259885301e+03	2.522348435753918316e-02
3.833609328813557568e+03	2.524049042320353209e-02
3.835875055367230289e+03	2.525757671022978157e-02
3.838140781920902555e+03	2.527474994007330653e-02
3.840406508474574821e+03	2.529200764313674007e-02
3.842672235028247087e+03	2.530935588608512754e-02
3.844937961581919353e+03	2.532679982246465247e-02
3.847203688135591619e+03	2.534434180358859437e-02
3.849469414689263886e+03	2.536198258917296902e-02
3.851735141242936152e+03	2.537972237793760522e-02
3.854000867796608418e+03	2.539756690281095783e-02
3.856266594350280684e+03	2.541551902480335828e-02
3.858532320903953405e+03	2.543357653929641249e-02
3.860798047457625671e+03	2.545173475299372309e-02
3.863063774011297937e+03	2.546999494619937854e-02
3.865329500564970203e+03	2.548834899793931547e-02
3.867595227118642470e+03	2.550679714065300085e-02
3.869860953672314736e+03	2.552533881372601871e-02
3.872126680225987002e+03	2.554396564733795241e-02
3.874392406779659268e+03	2.556268414830041233e-02
3.876658133333331534e+03	2.558149336682786004e-02
3.878923859887004255e+03	2.560038770201283551e-02
3.881189586440676521e+03	2.561936360488744485e-02
3.883455312994348787e+03	2.563842247999255364e-02
3.885721039548021054e+03	2.565755800304110254e-02
3.887986766101693320e+03	2.567676979440492585e-02
3.890252492655365586e+03	2.569606558512415109e-02
3.892518219209037852e+03	2.571544776689406800e-02
3.894783945762710118e+03	2.573491846155709709e-02
3.897049672316382384e+03	2.575448779001194427e-02
3.899315398870055105e+03	2.577415835261287827e-02
3.901581125423727372e+03	2.579393388602158055e-02
3.903846851977399638e+03	2.581381827628588532e-02
3.906112578531071904e+03	2.583380717014205352e-02
3.908378305084744170e+03	2.585389604468751878e-02
3.910644031638416436e+03	2.587409060012598599e-02
3.912909758192088702e+03	2.589437422609429038e-02
3.915175484745760969e+03	2.591473675457445919e-02
3.917441211299433235e+03	2.593517100364334943e-02
3.919706937853105956e+03	2.595562755014415787e-02
3.921972664406778222e+03	2.597609609012430446e-02
3.924238390960450488e+03	2.599660407503824253e-02
3.926504117514122754e+03	2.601713791942296405e-02
3.928769844067795020e+03	2.603769031926780539e-02
3.931035570621467286e+03	2.605824579461028107e-02
3.933301297175139553e+03	2.607879534444986977e-02
3.935567023728811819e+03	2.609933973886192915e-02
3.937832750282484085e+03	2.611987775261108771e-02
3.940098476836156806e+03	2.614039409900994343e-02
3.942364203389829072e+03	2.616087554244950902e-02
3.944629929943501338e+03	2.618130912805242960e-02
3.946895656497173604e+03	2.620169198423653867e-02
3.949161383050845870e+03	2.622202275321278836e-02
3.951427109604518137e+03	2.624235304763928439e-02
3.953692836158190403e+03	2.626269891568677045e-02
3.955958562711862669e+03	2.628304826170716271e-02
3.958224289265534935e+03	2.630339299201121112e-02
3.960490015819207201e+03	2.632371916262391670e-02
3.962755742372879922e+03	2.634402935641045468e-02
3.965021468926552188e+03	2.636433127612240745e-02
3.967287195480224455e+03	2.638462605212895523e-02
3.969552922033896721e+03	2.640488808068757604e-02
3.971818648587568987e+03	2.642511133579505608e-02
3.974084375141241253e+03	2.644531712295042011e-02
3.976350101694913519e+03	2.646551769205476856e-02
3.978615828248585785e+03	2.648571141892735320e-02
3.980881554802258051e+03	2.650587002881003851e-02
3.983147281355930772e+03	2.652597383312510840e-02
3.985413007909603039e+03	2.654596379403144357e-02
3.987678734463275305e+03	2.656581520399519530e-02
3.989944461016947571e+03	2.658547605305462691e-02
3.992210187570619837e+03	2.660498180895499304e-02
3.994475914124292103e+03	2.662432872306552678e-02
3.996741640677964369e+03	2.664351477011638047e-02
3.999007367231636636e+03	2.666254645910473911e-02
4.001273093785308902e+03	2.668142335704427534e-02
4.003538820338981623e+03	2.670016814869417832e-02
4.005804546892653889e+03	2.671877403822052466e-02
4.008070273446326155e+03	2.673710207446349657e-02
4.010335999999998421e+03	2.675542904546710996e-02
