1.642747026532478255e-02
2.190329368709970775e-02
2.737911710887463296e-02
3.285494053064956510e-02
3.833076395242449030e-02
4.380658737419941551e-02
4.928241079597434071e-02
5.475823421774926592e-02
6.023405763952419806e-02
6.570988106129913020e-02
7.118570448307405540e-02
7.666152790484898061e-02
8.213735132662390581e-02
8.761317474839883102e-02
9.308899817017375622e-02
9.856482159194868142e-02
1.040406450137236066e-01
1.095164684354985318e-01
1.149922918572734709e-01
1.204681152790483961e-01
1.259439387008233213e-01
1.314197621225982604e-01
1.368955855443731717e-01
1.423714089661481108e-01
1.478472323879230221e-01
1.533230558096979612e-01
1.587988792314728725e-01
1.642747026532478116e-01
1.697505260750227229e-01
1.752263494967976620e-01
1.807021729185726011e-01
1.861779963403475124e-01
1.916538197621224515e-01
1.971296431838973628e-01
2.026054666056723019e-01
2.080812900274472133e-01
2.135571134492221523e-01
2.190329368709970637e-01
2.245087602927720027e-01
2.299845837145469418e-01
2.354604071363218531e-01
2.409362305580967922e-01
2.464120539798717036e-01
2.518878774016466426e-01
2.573637008234215817e-01
2.628395242451965208e-01
2.683153476669714044e-01
2.737911710887463435e-01
2.792669945105212825e-01
2.847428179322962216e-01
2.902186413540711052e-01
2.956944647758460443e-01
3.011702881976209834e-01
3.066461116193959224e-01
3.121219350411708615e-01
3.175977584629457451e-01
3.230735818847206842e-01
3.285494053064956232e-01
3.340252287282705623e-01
3.395010521500454459e-01
3.449768755718203850e-01
3.504526989935953241e-01
3.559285224153702631e-01
3.614043458371452022e-01
3.668801692589200858e-01
3.723559926806950249e-01
3.778318161024699640e-01
3.833076395242449030e-01
3.887834629460197866e-01
3.942592863677947257e-01
3.997351097895696648e-01
4.052109332113446039e-01
4.106867566331195429e-01
4.161625800548944265e-01
4.216384034766693656e-01
4.271142268984443047e-01
4.325900503202192438e-01
4.380658737419941273e-01
4.435416971637690664e-01
4.490175205855440055e-01
4.544933440073189446e-01
4.599691674290938836e-01
4.654449908508687672e-01
4.709208142726437063e-01
4.763966376944186454e-01
4.818724611161935845e-01
4.873482845379685235e-01
4.928241079597434071e-01
4.982999313815183462e-01
5.037757548032932853e-01
5.092515782250681688e-01
5.147274016468431634e-01
5.202032250686180470e-01
5.256790484903930416e-01
5.311548719121679252e-01
5.366306953339428087e-01
5.421065187557178033e-01
5.475823421774926869e-01
5.530581655992675705e-01
5.585339890210425651e-01
5.640098124428174486e-01
5.694856358645924432e-01
5.749614592863673268e-01
5.804372827081422104e-01
5.859131061299172050e-01
5.913889295516920885e-01
5.968647529734670831e-01
6.023405763952419667e-01
6.078163998170168503e-01
6.132922232387918449e-01
6.187680466605667284e-01
6.242438700823417230e-01
6.297196935041166066e-01
6.351955169258914902e-01
6.406713403476664848e-01
6.461471637694413683e-01
6.516229871912162519e-01
6.570988106129912465e-01
6.625746340347661301e-01
6.680504574565411247e-01
6.735262808783160082e-01
6.790021043000908918e-01
6.844779277218658864e-01
6.899537511436407700e-01
6.954295745654157646e-01
7.009053979871906481e-01
7.063812214089655317e-01
7.118570448307405263e-01
7.173328682525154099e-01
7.228086916742904044e-01
7.282845150960652880e-01
7.337603385178401716e-01
7.392361619396151662e-01
7.447119853613900498e-01
7.501878087831650443e-01
7.556636322049399279e-01
7.611394556267148115e-01
7.666152790484898061e-01
7.720911024702646897e-01
7.775669258920395732e-01
7.830427493138145678e-01
7.885185727355894514e-01
7.939943961573644460e-01
7.994702195791393295e-01
8.049460430009142131e-01
8.104218664226892077e-01
8.158976898444640913e-01
8.213735132662390859e-01
8.268493366880139694e-01
8.323251601097888530e-01
8.378009835315638476e-01
8.432768069533387312e-01
8.487526303751137258e-01
8.542284537968886093e-01
8.597042772186634929e-01
8.651801006404384875e-01
8.706559240622133711e-01
8.761317474839882546e-01
8.816075709057632492e-01
8.870833943275381328e-01
8.925592177493131274e-01
8.980350411710880110e-01
9.035108645928628945e-01
9.089866880146378891e-01
9.144625114364127727e-01
9.199383348581877673e-01
9.254141582799626509e-01
9.308899817017375344e-01
9.363658051235125290e-01
9.418416285452874126e-01
9.473174519670624072e-01
9.527932753888372908e-01
9.582690988106121743e-01
9.637449222323871689e-01
9.692207456541620525e-01
9.746965690759370471e-01
9.801723924977119307e-01
9.856482159194868142e-01
9.911240393412618088e-01
9.965998627630366924e-01
1.002075686184811687e+00
1.007551509606586571e+00
1.013027333028361454e+00
1.018503156450136338e+00
1.023978979871911443e+00
1.029454803293686327e+00
1.034930626715461210e+00
1.040406450137236094e+00
1.045882273559010978e+00
1.051358096980786083e+00
1.056833920402560967e+00
1.062309743824335850e+00
1.067785567246110734e+00
1.073261390667885617e+00
1.078737214089660501e+00
1.084213037511435607e+00
1.089688860933210490e+00
1.095164684354985374e+00
1.100640507776760257e+00
1.106116331198535141e+00
1.111592154620310247e+00
1.117067978042085130e+00
1.122543801463860014e+00
1.128019624885634897e+00
1.133495448307409781e+00
1.138971271729184886e+00
1.144447095150959770e+00
1.149922918572734654e+00
1.155398741994509537e+00
1.160874565416284421e+00
1.166350388838059526e+00
1.171826212259834410e+00
1.177302035681609294e+00
1.182777859103384177e+00
1.188253682525159061e+00
1.193729505946934166e+00
1.199205329368709050e+00
1.204681152790483933e+00
1.210156976212258817e+00
1.215632799634033701e+00
1.221108623055808806e+00
1.226584446477583690e+00
1.232060269899358573e+00
1.237536093321133457e+00
1.243011916742908340e+00
1.248487740164683446e+00
1.253963563586458330e+00
1.259439387008233213e+00
1.264915210430008097e+00
1.270391033851782980e+00
1.275866857273558086e+00
1.281342680695332970e+00
1.286818504117107853e+00
1.292294327538882737e+00
1.297770150960657620e+00
1.303245974382432504e+00
1.308721797804207609e+00
1.314197621225982493e+00
1.319673444647757377e+00
1.325149268069532260e+00
1.330625091491307144e+00
1.336100914913082249e+00
1.341576738334857133e+00
1.347052561756632016e+00
1.352528385178406900e+00
1.358004208600181784e+00
1.363480032021956889e+00
1.368955855443731773e+00
1.374431678865506656e+00
1.379907502287281540e+00
1.385383325709056423e+00
1.390859149130831529e+00
1.396334972552606413e+00
1.401810795974381296e+00
1.407286619396156180e+00
1.412762442817931063e+00
1.418238266239706169e+00
1.423714089661481053e+00
1.429189913083255936e+00
1.434665736505030820e+00
1.440141559926805703e+00
1.445617383348580809e+00
1.451093206770355692e+00
1.456569030192130576e+00
1.462044853613905460e+00
1.467520677035680343e+00
1.472996500457455449e+00
1.478472323879230332e+00
1.483948147301005216e+00
1.489423970722780100e+00
1.494899794144554983e+00
1.500375617566330089e+00
1.505851440988104972e+00
1.511327264409879856e+00
1.516803087831654739e+00
1.522278911253429623e+00
1.527754734675204507e+00
1.533230558096979612e+00
1.538706381518754496e+00
1.544182204940529379e+00
1.549658028362304263e+00
1.555133851784079146e+00
1.560609675205854252e+00
1.566085498627629136e+00
1.571561322049404019e+00
1.577037145471178903e+00
1.582512968892953786e+00
1.587988792314728892e+00
1.593464615736503776e+00
1.598940439158278659e+00
1.604416262580053543e+00
1.609892086001828426e+00
1.615367909423603532e+00
1.620843732845378415e+00
1.626319556267153299e+00
1.631795379688928183e+00
1.637271203110703066e+00
1.642747026532478172e+00
1.648222849954253055e+00
1.653698673376027939e+00
1.659174496797802822e+00
1.664650320219577706e+00
1.670126143641352812e+00
1.675601967063127695e+00
1.681077790484902579e+00
1.686553613906677462e+00
1.692029437328452346e+00
1.697505260750227452e+00
1.702981084172002335e+00
1.708456907593777219e+00
1.713932731015552102e+00
1.719408554437326986e+00
1.724884377859102091e+00
1.730360201280876975e+00
1.735836024702651859e+00
1.741311848124426742e+00
1.746787671546201626e+00
1.752263494967976509e+00
1.757739318389751615e+00
1.763215141811526498e+00
1.768690965233301382e+00
1.774166788655076266e+00
1.779642612076851149e+00
1.785118435498626255e+00
1.790594258920401138e+00
1.796070082342176022e+00
1.801545905763950906e+00
1.807021729185725789e+00
1.812497552607500895e+00
1.817973376029275778e+00
1.823449199451050662e+00
1.828925022872825545e+00
1.834400846294600429e+00
1.839876669716375535e+00
1.845352493138150418e+00
1.850828316559925302e+00
1.856304139981700185e+00
1.861779963403475069e+00
1.867255786825250174e+00
1.872731610247025058e+00
1.878207433668799942e+00
1.883683257090574825e+00
1.889159080512349709e+00
1.894634903934124814e+00
1.900110727355899698e+00
1.905586550777674582e+00
1.911062374199449465e+00
1.916538197621224349e+00
1.922014021042999454e+00
1.927489844464774338e+00
1.932965667886549221e+00
1.938441491308324105e+00
1.943917314730098989e+00
1.949393138151874094e+00
1.954868961573648978e+00
1.960344784995423861e+00
1.965820608417198745e+00
1.971296431838973628e+00
1.976772255260748734e+00
1.982248078682523618e+00
1.987723902104298501e+00
1.993199725526073385e+00
1.998675548947848268e+00
2.004151372369623374e+00
2.009627195791398258e+00
2.015103019213173141e+00
2.020578842634948025e+00
2.026054666056722908e+00
2.031530489478497792e+00
2.037006312900272675e+00
2.042482136322047559e+00
2.047957959743822887e+00
2.053433783165597770e+00
2.058909606587372654e+00
2.064385430009147537e+00
2.069861253430922421e+00
2.075337076852697304e+00
2.080812900274472188e+00
2.086288723696247072e+00
2.091764547118021955e+00
2.097240370539796839e+00
2.102716193961572166e+00
2.108192017383347050e+00
2.113667840805121934e+00
2.119143664226896817e+00
2.124619487648671701e+00
2.130095311070446584e+00
2.135571134492221468e+00
2.141046957913996351e+00
2.146522781335771235e+00
2.151998604757546119e+00
2.157474428179321002e+00
2.162950251601096330e+00
2.168426075022871213e+00
2.173901898444646097e+00
2.179377721866420980e+00
2.184853545288195864e+00
2.190329368709970748e+00
2.195805192131745631e+00
2.201281015553520515e+00
2.206756838975295398e+00
2.212232662397070282e+00
2.217708485818845610e+00
2.223184309240620493e+00
2.228660132662395377e+00
2.234135956084170260e+00
2.239611779505945144e+00
2.245087602927720027e+00
2.250563426349494911e+00
2.256039249771269795e+00
2.261515073193044678e+00
2.266990896614819562e+00
2.272466720036594889e+00
2.277942543458369773e+00
2.283418366880144657e+00
2.288894190301919540e+00
2.294370013723694424e+00
2.299845837145469307e+00
2.305321660567244191e+00
2.310797483989019074e+00
2.316273307410793958e+00
2.321749130832568841e+00
2.327224954254344169e+00
2.332700777676119053e+00
2.338176601097893936e+00
2.343652424519668820e+00
2.349128247941443703e+00
2.354604071363218587e+00
2.360079894784993471e+00
2.365555718206768354e+00
2.371031541628543238e+00
2.376507365050318121e+00
2.381983188472093005e+00
2.387459011893868333e+00
2.392934835315643216e+00
2.398410658737418100e+00
2.403886482159192983e+00
2.409362305580967867e+00
2.414838129002742750e+00
2.420313952424517634e+00
2.425789775846292518e+00
2.431265599268067401e+00
2.436741422689842285e+00
2.442217246111617612e+00
2.447693069533392496e+00
2.453168892955167379e+00
2.458644716376942263e+00
2.464120539798717147e+00
2.469596363220492030e+00
2.475072186642266914e+00
2.480548010064041797e+00
2.486023833485816681e+00
2.491499656907591564e+00
2.496975480329366892e+00
2.502451303751141776e+00
2.507927127172916659e+00
2.513402950594691543e+00
2.518878774016466426e+00
2.524354597438241310e+00
2.529830420860016194e+00
2.535306244281791077e+00
2.540782067703565961e+00
2.546257891125340844e+00
2.551733714547116172e+00
2.557209537968891055e+00
2.562685361390665939e+00
2.568161184812440823e+00
2.573637008234215706e+00
2.579112831655990590e+00
2.584588655077765473e+00
2.590064478499540357e+00
2.595540301921315240e+00
2.601016125343090124e+00
2.606491948764865008e+00
2.611967772186640335e+00
2.617443595608415219e+00
2.622919419030190102e+00
2.628395242451964986e+00
2.633871065873739870e+00
2.639346889295514753e+00
2.644822712717289637e+00
2.650298536139064520e+00
2.655774359560839404e+00
2.661250182982614287e+00
2.666726006404389615e+00
2.672201829826164499e+00
2.677677653247939382e+00
2.683153476669714266e+00
2.688629300091489149e+00
2.694105123513264033e+00
2.699580946935038916e+00
2.705056770356813800e+00
2.710532593778588684e+00
2.716008417200363567e+00
2.721484240622138895e+00
2.726960064043913778e+00
2.732435887465688662e+00
2.737911710887463546e+00
2.743387534309238429e+00
2.748863357731013313e+00
2.754339181152788196e+00
2.759815004574563080e+00
2.765290827996337963e+00
2.770766651418112847e+00
2.776242474839888175e+00
2.781718298261663058e+00
2.787194121683437942e+00
2.792669945105212825e+00
2.798145768526987709e+00
2.803621591948762592e+00
2.809097415370537476e+00
2.814573238792312360e+00
2.820049062214087243e+00
2.825524885635862127e+00
2.831000709057637010e+00
2.836476532479412338e+00
2.841952355901187222e+00
2.847428179322962105e+00
2.852904002744736989e+00
2.858379826166511872e+00
2.863855649588286756e+00
2.869331473010061639e+00
2.874807296431836523e+00
2.880283119853611407e+00
2.885758943275386290e+00
2.891234766697161618e+00
2.896710590118936501e+00
2.902186413540711385e+00
2.907662236962486269e+00
2.913138060384261152e+00
2.918613883806036036e+00
2.924089707227810919e+00
2.929565530649585803e+00
2.935041354071360686e+00
2.940517177493135570e+00
2.945993000914910898e+00
2.951468824336685781e+00
2.956944647758460665e+00
2.962420471180235548e+00
2.967896294602010432e+00
2.973372118023785315e+00
2.978847941445560199e+00
2.984323764867335083e+00
2.989799588289109966e+00
2.995275411710884850e+00
3.000751235132660177e+00
3.006227058554435061e+00
3.011702881976209945e+00
3.017178705397984828e+00
3.022654528819759712e+00
3.028130352241534595e+00
3.033606175663309479e+00
3.039081999085084362e+00
3.044557822506859246e+00
3.050033645928634130e+00
3.055509469350409013e+00
3.060985292772184341e+00
3.066461116193959224e+00
3.071936939615734108e+00
3.077412763037508991e+00
3.082888586459283875e+00
3.088364409881058759e+00
3.093840233302833642e+00
3.099316056724608526e+00
3.104791880146383409e+00
3.110267703568158293e+00
3.115743526989933621e+00
3.121219350411708504e+00
3.126695173833483388e+00
3.132170997255258271e+00
3.137646820677033155e+00
3.143122644098808038e+00
3.148598467520582922e+00
3.154074290942357806e+00
3.159550114364132689e+00
3.165025937785907573e+00
3.170501761207682900e+00
3.175977584629457784e+00
3.181453408051232667e+00
3.186929231473007551e+00
3.192405054894782435e+00
3.197880878316557318e+00
3.203356701738332202e+00
3.208832525160107085e+00
3.214308348581881969e+00
3.219784172003656852e+00
3.225259995425432180e+00
3.230735818847207064e+00
3.236211642268981947e+00
3.241687465690756831e+00
3.247163289112531714e+00
3.252639112534306598e+00
3.258114935956081482e+00
3.263590759377856365e+00
3.269066582799631249e+00
3.274542406221406132e+00
3.280018229643181016e+00
3.285494053064956343e+00
3.290969876486731227e+00
3.296445699908506111e+00
3.301921523330280994e+00
3.307397346752055878e+00
3.312873170173830761e+00
3.318348993595605645e+00
3.323824817017380528e+00
3.329300640439155412e+00
3.334776463860930296e+00
3.340252287282705623e+00
3.345728110704480507e+00
3.351203934126255390e+00
3.356679757548030274e+00
3.362155580969805158e+00
3.367631404391580041e+00
3.373107227813354925e+00
3.378583051235129808e+00
3.384058874656904692e+00
3.389534698078679575e+00
3.395010521500454903e+00
3.400486344922229787e+00
3.405962168344004670e+00
3.411437991765779554e+00
3.416913815187554437e+00
3.422389638609329321e+00
3.427865462031104204e+00
3.433341285452879088e+00
3.438817108874653972e+00
3.444292932296428855e+00
3.449768755718204183e+00
3.455244579139979066e+00
3.460720402561753950e+00
3.466196225983528834e+00
3.471672049405303717e+00
3.477147872827078601e+00
3.482623696248853484e+00
3.488099519670628368e+00
3.493575343092403251e+00
3.499051166514178135e+00
3.504526989935953019e+00
3.510002813357728346e+00
3.515478636779503230e+00
3.520954460201278113e+00
3.526430283623052997e+00
3.531906107044827881e+00
3.537381930466602764e+00
3.542857753888377648e+00
3.548333577310152531e+00
3.553809400731927415e+00
3.559285224153702298e+00
3.564761047575477626e+00
3.570236870997252510e+00
3.575712694419027393e+00
3.581188517840802277e+00
3.586664341262577160e+00
3.592140164684352044e+00
3.597615988106126927e+00
3.603091811527901811e+00
3.608567634949676695e+00
3.614043458371451578e+00
3.619519281793226906e+00
3.624995105215001789e+00
3.630470928636776673e+00
3.635946752058551557e+00
3.641422575480326440e+00
3.646898398902101324e+00
3.652374222323876207e+00
3.657850045745651091e+00
3.663325869167425974e+00
3.668801692589200858e+00
3.674277516010976186e+00
3.679753339432751069e+00
3.685229162854525953e+00
3.690704986276300836e+00
3.696180809698075720e+00
3.701656633119850603e+00
3.707132456541625487e+00
3.712608279963400371e+00
3.718084103385175254e+00
3.723559926806950138e+00
3.729035750228725465e+00
3.734511573650500349e+00
3.739987397072275233e+00
3.745463220494050116e+00
3.750939043915825000e+00
3.756414867337599883e+00
3.761890690759374767e+00
3.767366514181149650e+00
3.772842337602924534e+00
3.778318161024699418e+00
3.783793984446474301e+00
3.789269807868249629e+00
3.794745631290024512e+00
3.800221454711799396e+00
3.805697278133574279e+00
3.811173101555349163e+00
3.816648924977124047e+00
3.822124748398898930e+00
3.827600571820673814e+00
3.833076395242448697e+00
3.838552218664223581e+00
3.844028042085998909e+00
3.849503865507773792e+00
3.854979688929548676e+00
3.860455512351323559e+00
3.865931335773098443e+00
3.871407159194873326e+00
3.876882982616648210e+00
3.882358806038423094e+00
3.887834629460197977e+00
3.893310452881972861e+00
3.898786276303748188e+00
3.904262099725523072e+00
3.909737923147297955e+00
3.915213746569072839e+00
3.920689569990847723e+00
3.926165393412622606e+00
3.931641216834397490e+00
3.937117040256172373e+00
3.942592863677947257e+00
3.948068687099722140e+00
3.953544510521497468e+00
3.959020333943272352e+00
3.964496157365047235e+00
3.969971980786822119e+00
3.975447804208597002e+00
3.980923627630371886e+00
3.986399451052146770e+00
3.991875274473921653e+00
3.997351097895696537e+00
4.002826921317471864e+00
4.008302744739246748e+00
4.013778568161021632e+00
4.019254391582796515e+00
4.024730215004571399e+00
4.030206038426346282e+00
4.035681861848121166e+00
4.041157685269896049e+00
4.046633508691670933e+00
4.052109332113445817e+00
4.057585155535220700e+00
4.063060978956995584e+00
4.068536802378770467e+00
4.074012625800545351e+00
4.079488449222320234e+00
4.084964272644095118e+00
4.090440096065870001e+00
4.095915919487645773e+00
4.101391742909420657e+00
4.106867566331195540e+00
4.112343389752970424e+00
4.117819213174745308e+00
4.123295036596520191e+00
4.128770860018295075e+00
4.134246683440069958e+00
4.139722506861844842e+00
4.145198330283619725e+00
4.150674153705394609e+00
4.156149977127169493e+00
4.161625800548944376e+00
4.167101623970719260e+00
4.172577447392494143e+00
4.178053270814269027e+00
4.183529094236043910e+00
4.189004917657818794e+00
4.194480741079593678e+00
4.199956564501368561e+00
4.205432387923144333e+00
4.210908211344919216e+00
4.216384034766694100e+00
4.221859858188468984e+00
4.227335681610243867e+00
4.232811505032018751e+00
4.238287328453793634e+00
4.243763151875568518e+00
4.249238975297343401e+00
4.254714798719118285e+00
4.260190622140893169e+00
4.265666445562668052e+00
4.271142268984442936e+00
4.276618092406217819e+00
4.282093915827992703e+00
4.287569739249767586e+00
4.293045562671542470e+00
4.298521386093317354e+00
4.303997209515092237e+00
4.309473032936867121e+00
4.314948856358642004e+00
4.320424679780417776e+00
4.325900503202192660e+00
4.331376326623967543e+00
4.336852150045742427e+00
4.342327973467517310e+00
4.347803796889292194e+00
4.353279620311067077e+00
4.358755443732841961e+00
4.364231267154616845e+00
4.369707090576391728e+00
4.375182913998166612e+00
4.380658737419941495e+00
4.386134560841716379e+00
4.391610384263491262e+00
4.397086207685266146e+00
4.402562031107041030e+00
4.408037854528815913e+00
4.413513677950590797e+00
4.418989501372365680e+00
4.424465324794140564e+00
4.429941148215916336e+00
4.435416971637691219e+00
4.440892795059466103e+00
4.446368618481240986e+00
4.451844441903015870e+00
4.457320265324790753e+00
4.462796088746565637e+00
4.468271912168340521e+00
4.473747735590115404e+00
4.479223559011890288e+00
4.484699382433665171e+00
4.490175205855440055e+00
4.495651029277214938e+00
4.501126852698989822e+00
4.506602676120764706e+00
4.512078499542539589e+00
4.517554322964314473e+00
4.523030146386089356e+00
4.528505969807864240e+00
4.533981793229639123e+00
4.539457616651414007e+00
4.544933440073189779e+00
4.550409263494964662e+00
4.555885086916739546e+00
4.561360910338514429e+00
4.566836733760289313e+00
4.572312557182064197e+00
4.577788380603839080e+00
4.583264204025613964e+00
4.588740027447388847e+00
4.594215850869163731e+00
4.599691674290938614e+00
4.605167497712713498e+00
4.610643321134488382e+00
4.616119144556263265e+00
4.621594967978038149e+00
4.627070791399813032e+00
4.632546614821587916e+00
4.638022438243362799e+00
4.643498261665137683e+00
4.648974085086912567e+00
4.654449908508688338e+00
4.659925731930463222e+00
4.665401555352238105e+00
4.670877378774012989e+00
4.676353202195787873e+00
4.681829025617562756e+00
4.687304849039337640e+00
4.692780672461112523e+00
4.698256495882887407e+00
4.703732319304662290e+00
4.709208142726437174e+00
4.714683966148212058e+00
4.720159789569986941e+00
4.725635612991761825e+00
4.731111436413536708e+00
4.736587259835311592e+00
4.742063083257086475e+00
4.747538906678861359e+00
4.753014730100636243e+00
4.758490553522411126e+00
4.763966376944186010e+00
4.769442200365961781e+00
4.774918023787736665e+00
4.780393847209511549e+00
4.785869670631286432e+00
4.791345494053061316e+00
4.796821317474836199e+00
4.802297140896611083e+00
4.807772964318385966e+00
4.813248787740160850e+00
4.818724611161935734e+00
4.824200434583710617e+00
4.829676258005485501e+00
4.835152081427260384e+00
4.840627904849035268e+00
4.846103728270810151e+00
4.851579551692585035e+00
4.857055375114359919e+00
4.862531198536134802e+00
4.868007021957909686e+00
4.873482845379684569e+00
4.878958668801460341e+00
4.884434492223235225e+00
4.889910315645010108e+00
4.895386139066784992e+00
4.900861962488559875e+00
4.906337785910334759e+00
4.911813609332109642e+00
4.917289432753884526e+00
4.922765256175659410e+00
4.928241079597434293e+00
4.933716903019209177e+00
4.939192726440984060e+00
4.944668549862758944e+00
4.950144373284533827e+00
4.955620196706308711e+00
4.961096020128083595e+00
4.966571843549858478e+00
4.972047666971633362e+00
4.977523490393408245e+00
4.982999313815183129e+00
4.988475137236958012e+00
4.993950960658733784e+00
4.999426784080508668e+00
5.004902607502283551e+00
5.010378430924058435e+00
5.015854254345833318e+00
5.021330077767608202e+00
5.026805901189383086e+00
5.032281724611157969e+00
5.037757548032932853e+00
5.043233371454707736e+00
5.048709194876482620e+00
5.054185018298257503e+00
5.059660841720032387e+00
5.065136665141807271e+00
5.070612488563582154e+00
5.076088311985357038e+00
5.081564135407131921e+00
5.087039958828906805e+00
5.092515782250681688e+00
5.097991605672456572e+00
5.103467429094232344e+00
5.108943252516007227e+00
5.114419075937782111e+00
5.119894899359556995e+00
5.125370722781331878e+00
5.130846546203106762e+00
5.136322369624881645e+00
5.141798193046656529e+00
5.147274016468431412e+00
5.152749839890206296e+00
5.158225663311981180e+00
5.163701486733756063e+00
5.169177310155530947e+00
5.174653133577305830e+00
5.180128956999080714e+00
5.185604780420855597e+00
5.191080603842630481e+00
5.196556427264405364e+00
5.202032250686180248e+00
5.207508074107955132e+00
5.212983897529730015e+00
5.218459720951505787e+00
5.223935544373280671e+00
5.229411367795055554e+00
5.234887191216830438e+00
5.240363014638605321e+00
5.245838838060380205e+00
5.251314661482155088e+00
5.256790484903929972e+00
5.262266308325704856e+00
5.267742131747479739e+00
5.273217955169254623e+00
5.278693778591029506e+00
5.284169602012804390e+00
5.289645425434579273e+00
5.295121248856354157e+00
5.300597072278129041e+00
5.306072895699903924e+00
5.311548719121678808e+00
5.317024542543453691e+00
5.322500365965228575e+00
5.327976189387004347e+00
5.333452012808779230e+00
5.338927836230554114e+00
5.344403659652328997e+00
5.349879483074103881e+00
5.355355306495878764e+00
5.360831129917653648e+00
5.366306953339428532e+00
5.371782776761203415e+00
5.377258600182978299e+00
5.382734423604753182e+00
5.388210247026528066e+00
5.393686070448302949e+00
5.399161893870077833e+00
5.404637717291852717e+00
5.410113540713627600e+00
5.415589364135402484e+00
5.421065187557177367e+00
5.426541010978952251e+00
5.432016834400727134e+00
5.437492657822502018e+00
5.442968481244277790e+00
5.448444304666052673e+00
5.453920128087827557e+00
5.459395951509602440e+00
5.464871774931377324e+00
5.470347598353152208e+00
5.475823421774927091e+00
5.481299245196701975e+00
5.486775068618476858e+00
5.492250892040251742e+00
5.497726715462026625e+00
5.503202538883801509e+00
5.508678362305576393e+00
5.514154185727351276e+00
5.519630009149126160e+00
5.525105832570901043e+00
5.530581655992675927e+00
5.536057479414450810e+00
5.541533302836225694e+00
5.547009126258000578e+00
5.552484949679776349e+00
5.557960773101551233e+00
5.563436596523326116e+00
5.568912419945101000e+00
5.574388243366875884e+00
5.579864066788650767e+00
5.585339890210425651e+00
5.590815713632200534e+00
5.596291537053975418e+00
5.601767360475750301e+00
5.607243183897525185e+00
5.612719007319300069e+00
5.618194830741074952e+00
5.623670654162849836e+00
5.629146477584624719e+00
5.634622301006399603e+00
5.640098124428174486e+00
5.645573947849949370e+00
5.651049771271724254e+00
5.656525594693499137e+00
5.662001418115274021e+00
5.667477241537049792e+00
5.672953064958824676e+00
5.678428888380599560e+00
5.683904711802374443e+00
5.689380535224149327e+00
5.694856358645924210e+00
5.700332182067699094e+00
5.705808005489473977e+00
5.711283828911248861e+00
5.716759652333023745e+00
5.722235475754798628e+00
5.727711299176573512e+00
5.733187122598348395e+00
5.738662946020123279e+00
5.744138769441898162e+00
5.749614592863673046e+00
5.755090416285447930e+00
5.760566239707222813e+00
5.766042063128997697e+00
5.771517886550772580e+00
5.776993709972548352e+00
5.782469533394323236e+00
5.787945356816098119e+00
5.793421180237873003e+00
5.798897003659647886e+00
5.804372827081422770e+00
5.809848650503197653e+00
5.815324473924972537e+00
5.820800297346747421e+00
5.826276120768522304e+00
5.831751944190297188e+00
5.837227767612072071e+00
5.842703591033846955e+00
5.848179414455621838e+00
5.853655237877396722e+00
5.859131061299171606e+00
5.864606884720946489e+00
5.870082708142721373e+00
5.875558531564496256e+00
5.881034354986271140e+00
5.886510178408046023e+00
5.891986001829821795e+00
5.897461825251596679e+00
5.902937648673371562e+00
5.908413472095146446e+00
5.913889295516921329e+00
5.919365118938696213e+00
5.924840942360471097e+00
5.930316765782245980e+00
5.935792589204020864e+00
5.941268412625795747e+00
5.946744236047570631e+00
5.952220059469345514e+00
5.957695882891120398e+00
5.963171706312895282e+00
5.968647529734670165e+00
5.974123353156445049e+00
5.979599176578219932e+00
5.985074999999994816e+00
5.990550823421769699e+00
5.996026646843544583e+00
6.001502470265320355e+00
6.006978293687095238e+00
6.012454117108870122e+00
6.017929940530645005e+00
6.023405763952419889e+00
6.028881587374194773e+00
6.034357410795969656e+00
6.039833234217744540e+00
6.045309057639519423e+00
6.050784881061294307e+00
6.056260704483069190e+00
6.061736527904844074e+00
6.067212351326618958e+00
6.072688174748393841e+00
6.078163998170168725e+00
6.083639821591943608e+00
6.089115645013718492e+00
6.094591468435493375e+00
6.100067291857268259e+00
6.105543115279043143e+00
6.111018938700818026e+00
6.116494762122593798e+00
6.121970585544368681e+00
6.127446408966143565e+00
6.132922232387918449e+00
6.138398055809693332e+00
6.143873879231468216e+00
6.149349702653243099e+00
6.154825526075017983e+00
6.160301349496792866e+00
6.165777172918567750e+00
6.171252996340342634e+00
6.176728819762117517e+00
6.182204643183892401e+00
6.187680466605667284e+00
6.193156290027442168e+00
6.198632113449217051e+00
6.204107936870991935e+00
6.209583760292766819e+00
6.215059583714541702e+00
6.220535407136316586e+00
6.226011230558092358e+00
6.231487053979867241e+00
6.236962877401642125e+00
6.242438700823417008e+00
6.247914524245191892e+00
6.253390347666966775e+00
6.258866171088741659e+00
6.264341994510516543e+00
6.269817817932291426e+00
6.275293641354066310e+00
6.280769464775841193e+00
6.286245288197616077e+00
6.291721111619390960e+00
6.297196935041165844e+00
6.302672758462940727e+00
6.308148581884715611e+00
6.313624405306490495e+00
6.319100228728265378e+00
6.324576052150040262e+00
6.330051875571815145e+00
6.335527698993590029e+00
6.341003522415365801e+00
6.346479345837140684e+00
6.351955169258915568e+00
6.357430992680690451e+00
6.362906816102465335e+00
6.368382639524240219e+00
6.373858462946015102e+00
6.379334286367789986e+00
6.384810109789564869e+00
6.390285933211339753e+00
6.395761756633114636e+00
6.401237580054889520e+00
6.406713403476664404e+00
6.412189226898439287e+00
6.417665050320214171e+00
6.423140873741989054e+00
6.428616697163763938e+00
6.434092520585538821e+00
6.439568344007313705e+00
6.445044167429088589e+00
6.450519990850864360e+00
6.455995814272639244e+00
6.461471637694414127e+00
6.466947461116189011e+00
6.472423284537963895e+00
6.477899107959738778e+00
6.483374931381513662e+00
6.488850754803288545e+00
6.494326578225063429e+00
6.499802401646838312e+00
6.505278225068613196e+00
6.510754048490388080e+00
6.516229871912162963e+00
6.521705695333937847e+00
6.527181518755712730e+00
6.532657342177487614e+00
6.538133165599262497e+00
6.543608989021037381e+00
6.549084812442812265e+00
6.554560635864587148e+00
6.560036459286362032e+00
6.565512282708137803e+00
6.570988106129912687e+00
6.576463929551687571e+00
6.581939752973462454e+00
6.587415576395237338e+00
6.592891399817012221e+00
6.598367223238787105e+00
6.603843046660561988e+00
6.609318870082336872e+00
6.614794693504111756e+00
6.620270516925886639e+00
6.625746340347661523e+00
6.631222163769436406e+00
6.636697987191211290e+00
6.642173810612986173e+00
6.647649634034761057e+00
6.653125457456535941e+00
6.658601280878310824e+00
6.664077104300085708e+00
6.669552927721860591e+00
6.675028751143636363e+00
6.680504574565411247e+00
6.685980397987186130e+00
6.691456221408961014e+00
6.696932044830735897e+00
6.702407868252510781e+00
6.707883691674285664e+00
6.713359515096060548e+00
6.718835338517835432e+00
6.724311161939610315e+00
6.729786985361385199e+00
6.735262808783160082e+00
6.740738632204934966e+00
6.746214455626709849e+00
6.751690279048484733e+00
6.757166102470259617e+00
6.762641925892034500e+00
6.768117749313809384e+00
6.773593572735584267e+00
6.779069396157359151e+00
6.784545219579134034e+00
6.790021043000909806e+00
6.795496866422684690e+00
6.800972689844459573e+00
6.806448513266234457e+00
6.811924336688009340e+00
6.817400160109784224e+00
6.822875983531559108e+00
6.828351806953333991e+00
6.833827630375108875e+00
6.839303453796883758e+00
6.844779277218658642e+00
6.850255100640433525e+00
6.855730924062208409e+00
6.861206747483983293e+00
6.866682570905758176e+00
6.872158394327533060e+00
6.877634217749307943e+00
6.883110041171082827e+00
6.888585864592857710e+00
6.894061688014632594e+00
6.899537511436408366e+00
6.905013334858183249e+00
6.910489158279958133e+00
6.915964981701733016e+00
6.921440805123507900e+00
6.926916628545282784e+00
6.932392451967057667e+00
6.937868275388832551e+00
6.943344098810607434e+00
6.948819922232382318e+00
6.954295745654157201e+00
6.959771569075932085e+00
6.965247392497706969e+00
6.970723215919481852e+00
6.976199039341256736e+00
6.981674862763031619e+00
6.987150686184806503e+00
6.992626509606581386e+00
6.998102333028356270e+00
7.003578156450131154e+00
7.009053979871906037e+00
7.014529803293681809e+00
7.020005626715456692e+00
7.025481450137231576e+00
7.030957273559006460e+00
7.036433096980781343e+00
7.041908920402556227e+00
7.047384743824331110e+00
7.052860567246105994e+00
7.058336390667880877e+00
7.063812214089655761e+00
7.069288037511430645e+00
7.074763860933205528e+00
7.080239684354980412e+00
7.085715507776755295e+00
7.091191331198530179e+00
7.096667154620305062e+00
7.102142978042079946e+00
7.107618801463854830e+00
7.113094624885629713e+00
7.118570448307404597e+00
7.124046271729180368e+00
7.129522095150955252e+00
7.134997918572730136e+00
7.140473741994505019e+00
7.145949565416279903e+00
7.151425388838054786e+00
7.156901212259829670e+00
7.162377035681604553e+00
7.167852859103379437e+00
7.173328682525154321e+00
7.178804505946929204e+00
7.184280329368704088e+00
7.189756152790478971e+00
7.195231976212253855e+00
7.200707799634028738e+00
7.206183623055803622e+00
7.211659446477578506e+00
7.217135269899353389e+00
7.222611093321128273e+00
7.228086916742903156e+00
7.233562740164678928e+00
7.239038563586453812e+00
7.244514387008228695e+00
7.249990210430003579e+00
7.255466033851778462e+00
7.260941857273553346e+00
7.266417680695328229e+00
7.271893504117103113e+00
7.277369327538877997e+00
7.282845150960652880e+00
7.288320974382427764e+00
7.293796797804202647e+00
7.299272621225977531e+00
7.304748444647752414e+00
7.310224268069527298e+00
7.315700091491302182e+00
7.321175914913077065e+00
7.326651738334851949e+00
7.332127561756626832e+00
7.337603385178401716e+00
7.343079208600176599e+00
7.348555032021952371e+00
7.354030855443727255e+00
7.359506678865502138e+00
7.364982502287277022e+00
7.370458325709051906e+00
7.375934149130826789e+00
7.381409972552601673e+00
7.386885795974376556e+00
7.392361619396151440e+00
7.397837442817926323e+00
7.403313266239701207e+00
7.408789089661476090e+00
7.414264913083250974e+00
7.419740736505025858e+00
7.425216559926800741e+00
7.430692383348575625e+00
7.436168206770350508e+00
7.441644030192125392e+00
7.447119853613900275e+00
7.452595677035675159e+00
7.458071500457450931e+00
7.463547323879225814e+00
7.469023147301000698e+00
7.474498970722775582e+00
7.479974794144550465e+00
7.485450617566325349e+00
7.490926440988100232e+00
7.496402264409875116e+00
7.501878087831649999e+00
7.507353911253424883e+00
7.512829734675199767e+00
7.518305558096974650e+00
7.523781381518749534e+00
7.529257204940524417e+00
7.534733028362299301e+00
7.540208851784074184e+00
7.545684675205849068e+00
7.551160498627623952e+00
7.556636322049398835e+00
7.562112145471173719e+00
7.567587968892948602e+00
7.573063792314724374e+00
7.578539615736499258e+00
7.584015439158274141e+00
7.589491262580049025e+00
7.594967086001823908e+00
7.600442909423598792e+00
7.605918732845373675e+00
7.611394556267148559e+00
7.616870379688923443e+00
7.622346203110698326e+00
7.627822026532473210e+00
7.633297849954248093e+00
7.638773673376022977e+00
7.644249496797797860e+00
7.649725320219572744e+00
7.655201143641347628e+00
7.660676967063122511e+00
7.666152790484897395e+00
7.671628613906672278e+00
7.677104437328447162e+00
7.682580260750222934e+00
7.688056084171997817e+00
7.693531907593772701e+00
7.699007731015547584e+00
7.704483554437322468e+00
7.709959377859097351e+00
7.715435201280872235e+00
7.720911024702647119e+00
7.726386848124422002e+00
7.731862671546196886e+00
7.737338494967971769e+00
7.742814318389746653e+00
7.748290141811521536e+00
7.753765965233296420e+00
7.759241788655071304e+00
7.764717612076846187e+00
7.770193435498621071e+00
7.775669258920395954e+00
7.781145082342170838e+00
7.786620905763945721e+00
7.792096729185720605e+00
7.797572552607496377e+00
7.803048376029271260e+00
7.808524199451046144e+00
7.814000022872821027e+00
7.819475846294595911e+00
7.824951669716370795e+00
7.830427493138145678e+00
7.835903316559920562e+00
7.841379139981695445e+00
7.846854963403470329e+00
7.852330786825245212e+00
7.857806610247020096e+00
7.863282433668794980e+00
7.868758257090569863e+00
7.874234080512344747e+00
7.879709903934119630e+00
7.885185727355894514e+00
7.890661550777669397e+00
7.896137374199444281e+00
7.901613197621219165e+00
7.907089021042994936e+00
7.912564844464769820e+00
7.918040667886544703e+00
7.923516491308319587e+00
7.928992314730094471e+00
7.934468138151869354e+00
7.939943961573644238e+00
7.945419784995419121e+00
7.950895608417194005e+00
7.956371431838968888e+00
7.961847255260743772e+00
7.967323078682518656e+00
7.972798902104293539e+00
7.978274725526068423e+00
