2.678318736386552246e+02
2.279048147854118440e+02
2.121122254334049160e+02
2.006454091919256939e+02
1.888606503008132336e+02
1.854013590077480274e+02
1.871515414786024678e+02
1.894214518081679728e+02
1.925007327995428454e+02
1.962595541741954719e+02
2.018422432898326520e+02
1.959304318152904898e+02
1.918293938761971162e+02
1.872050552872792650e+02
1.821328538313604781e+02
1.766437157296984140e+02
1.721894556746536296e+02
1.676925537485069810e+02
1.633940734735207911e+02
1.593898764244175084e+02
1.557980587372155981e+02
1.527800894889917345e+02
1.502768688966903028e+02
1.482908508475097449e+02
1.464575858776015025e+02
1.447320436086550330e+02
1.432304857079751343e+02
1.417720076996939440e+02
1.402710844084611779e+02
1.384383284530283618e+02
1.367580378432527937e+02
1.351808543072241946e+02
1.338142131343517462e+02
1.324216199990795531e+02
1.310054350963262948e+02
1.296111593686797789e+02
1.282386224510844386e+02
1.268185513452019109e+02
1.254742952693418658e+02
1.241140134925046823e+02
1.227166436134283742e+02
1.212856345272994076e+02
1.197630251987777825e+02
1.182275631085203855e+02
1.167294798863187850e+02
1.152767026463075695e+02
1.138203259016509605e+02
1.123843879073080245e+02
1.109493429806136078e+02
1.095353077424197465e+02
1.081488941060984672e+02
1.068203319272820977e+02
1.055102785713936839e+02
1.042142943145060343e+02
1.028910747016647775e+02
1.015017122476154441e+02
1.000299992616865694e+02
9.847556346197239918e+01
9.686134692771702248e+01
9.517794422586938197e+01
9.364351592693370208e+01
9.228546097377767410e+01
9.158790447145240421e+01
9.041148775579074481e+01
8.929214621986291434e+01
8.821326264939227713e+01
8.675003853275988774e+01
8.547569846050413389e+01
8.432297746843342168e+01
8.325616365972705069e+01
8.230172263578872105e+01
8.145427557805226115e+01
8.047234589698636853e+01
7.949621368898820606e+01
7.860569055071700006e+01
7.775570993698853783e+01
7.699811407244791894e+01
7.628156221054513253e+01
7.561999819431453318e+01
7.497556629516247995e+01
7.434979833456263520e+01
7.371218156688165379e+01
7.307908110994786455e+01
7.246432752133551958e+01
7.185668487170705987e+01
7.126496748866222219e+01
7.068930611117380636e+01
7.014116814729219129e+01
6.957535133849917486e+01
6.926555337635970488e+01
6.870888614526081994e+01
6.817206127002847893e+01
6.767408065058688749e+01
6.717037353787782195e+01
6.646090568045900682e+01
6.577899201616256164e+01
6.512834549946603602e+01
6.450912812216287762e+01
6.392873359823506263e+01
6.338883835579608927e+01
6.288115669969352695e+01
6.239641199472307420e+01
6.194365230453482951e+01
6.150617154922146312e+01
6.108852857275784487e+01
6.071782797708188184e+01
6.040061149670957263e+01
6.011367912454350204e+01
5.985577285193954822e+01
5.961953401234434580e+01
5.935350309888691811e+01
5.903393096923477401e+01
5.873087922577147424e+01
5.843359377279701761e+01
5.815607650973096554e+01
5.789762901460539979e+01
5.766144877851036910e+01
5.743728595296904160e+01
5.722163666322182252e+01
5.699868826841444047e+01
5.678174465373641056e+01
5.657124794096500864e+01
5.636984655273955269e+01
5.617544585009250113e+01
5.600855178813726098e+01
5.584999773477138518e+01
5.569213739891474546e+01
5.553811548606927317e+01
5.538367580813466162e+01
5.523664215288191315e+01
5.510715584399742539e+01
5.493831448245344262e+01
5.478052197953954305e+01
5.462658547631254180e+01
5.447796221927419680e+01
5.433630526200114730e+01
5.419422653284368607e+01
5.405361406909103295e+01
5.392213186254090829e+01
5.379388984943724950e+01
5.367192006572001617e+01
5.355179161882443140e+01
5.344669979532256576e+01
5.334299270465145781e+01
5.326894604612499506e+01
5.319693737723140003e+01
5.313057603468543988e+01
5.306914330888427855e+01
5.300825376316195303e+01
5.295085998176573128e+01
5.289477968679317144e+01
5.284350157276031723e+01
5.279354268218416024e+01
5.274694564144835596e+01
5.270136264779427648e+01
5.265865613203285989e+01
5.261665768681934452e+01
5.257368443019461779e+01
5.253219346447393434e+01
5.249153196558351198e+01
5.245339418363656137e+01
5.241671074699802801e+01
5.238849549616543300e+01
5.235987424510053501e+01
5.233154322489659194e+01
5.230106331685394849e+01
5.226960228421528853e+01
5.223766456387193813e+01
5.220381620715257043e+01
5.215712334189863952e+01
5.210593127076927544e+01
5.205340880997012221e+01
5.200047953293125857e+01
5.194529145304978357e+01
5.189380591077341620e+01
5.184285485830319828e+01
5.179312720022289085e+01
5.174267536046735927e+01
5.168905509501323792e+01
5.164387540771486584e+01
5.159239814500466537e+01
5.154063334281880771e+01
5.148622062003437350e+01
5.143470398853509806e+01
5.138359660730709066e+01
5.133099615088551815e+01
5.127939946208550737e+01
5.122507046895216831e+01
5.116908108890201845e+01
5.111871729908706641e+01
5.107710912586905039e+01
5.103618482556527169e+01
5.100285914261309728e+01
5.097443812727961188e+01
5.094992336921023224e+01
5.092873871264818320e+01
5.091106861993500132e+01
5.089902195519749739e+01
5.088993219344428098e+01
5.088292439892360619e+01
5.087688728686306661e+01
5.087589407359870819e+01
5.087819989150408162e+01
5.087629806015908684e+01
5.087622582426023854e+01
5.087764806412592833e+01
5.088021889090447303e+01
5.088323934580567709e+01
5.088673460125837522e+01
5.089138912590722441e+01
5.089833080302135215e+01
5.090564343499926281e+01
5.091084730234998545e+01
5.091708644669354555e+01
5.092606950603882154e+01
5.093480207386157588e+01
5.094968339375843414e+01
5.096833720308377025e+01
5.099081267482281277e+01
5.101756603246811750e+01
5.104669725069647512e+01
5.108206823245266293e+01
5.112126098147972186e+01
5.116456787332754885e+01
5.121087926386118738e+01
5.125938782249954073e+01
5.130982378899978613e+01
5.135897626439881947e+01
5.141136800464114032e+01
5.146462455951647286e+01
5.151870801309976855e+01
5.157634091901408624e+01
5.163642106556122258e+01
5.169885885986051477e+01
5.176549590230214903e+01
5.183446389637087037e+01
5.190560042871096158e+01
5.197730256694597983e+01
5.204589152973485966e+01
5.211720050556650818e+01
5.219211616719189095e+01
5.226877305364793358e+01
5.234874519373851598e+01
5.243039065380389019e+01
5.250593195309669881e+01
5.258354158843931714e+01
5.265898579434690419e+01
5.273414839581457869e+01
5.280598973890980830e+01
5.288168455837727322e+01
5.295888316600938595e+01
5.303510636724327298e+01
5.311377361847107892e+01
5.319337824521077351e+01
5.327314993474097093e+01
5.334922292276569067e+01
5.342721838032279891e+01
5.351301553905967978e+01
5.360086297603191241e+01
5.369207631312829676e+01
5.378540034823910077e+01
5.388120874432802054e+01
5.397779053613567868e+01
5.407371731178187702e+01
5.417173397436275195e+01
5.427211756888698346e+01
5.437285124210878706e+01
5.447500450972854935e+01
5.458000820842041634e+01
5.468527343860582590e+01
5.479203730596606192e+01
5.490175057663124392e+01
5.501323697645861444e+01
5.512644210861130745e+01
5.524161983907632845e+01
5.536056932241532280e+01
5.548208737953076763e+01
5.560675057399259913e+01
5.573382832289588151e+01
5.586161603735860837e+01
5.599000600153809160e+01
5.611947064042141875e+01
5.625015027056516459e+01
5.638147661873755823e+01
5.651449618596714686e+01
5.664901533094418085e+01
5.678646295851463321e+01
5.692534925523197842e+01
5.706570668143191938e+01
5.720854464446884435e+01
5.735311227641509646e+01
5.749994768906588405e+01
5.764773011054383289e+01
5.779560961397507413e+01
5.794257311753770523e+01
5.808860916214273828e+01
5.823531129900255365e+01
5.838457992276131847e+01
5.853675823016253332e+01
5.868905147378451659e+01
5.884225668901622441e+01
5.899617814522461856e+01
5.915132949291724884e+01
5.930711813669561394e+01
5.946514103481818836e+01
5.962391792216334352e+01
5.978255784692606767e+01
5.994209737698705709e+01
6.010247676844908682e+01
6.026372107007527745e+01
6.042551368978681126e+01
6.058767734770135860e+01
6.075057596617556754e+01
6.091474455851681569e+01
6.107907731049970579e+01
6.124375264558392473e+01
6.140900898148745313e+01
6.157469928033938800e+01
6.174102184784781855e+01
6.190803042655917210e+01
6.207683323476908299e+01
6.224610283601660399e+01
6.241519337432681880e+01
6.258466767212209447e+01
6.275456589027255205e+01
6.292476814148752595e+01
6.309469064055765841e+01
6.326431567986644211e+01
6.343295540887447714e+01
6.360103729388807636e+01
6.376818878774503219e+01
6.393457647567286273e+01
6.410065365776459601e+01
6.426671902070164322e+01
6.443263421556274295e+01
6.459791479018981875e+01
6.476222376546706982e+01
6.492470198214529375e+01
6.508567767116146285e+01
6.524539066818097410e+01
6.540369999826360470e+01
6.556237559360461375e+01
6.572140103098168140e+01
6.587892314484233225e+01
6.603530744654496232e+01
6.619075610741988669e+01
6.634504496055166101e+01
6.649799196124588718e+01
6.665021911444083003e+01
6.680141770212627250e+01
6.695071976083984566e+01
6.709881082653708972e+01
6.724581286240568545e+01
6.739083695162942433e+01
6.753365798770063577e+01
6.767481316770339106e+01
6.781366904360301362e+01
6.795045723773051805e+01
6.808546173387719591e+01
6.821865336902682486e+01
6.835038947994713965e+01
6.848087178880676618e+01
6.860970429096791179e+01
6.873671452867091602e+01
6.886157923082062382e+01
6.898494715423991863e+01
6.910705356173285452e+01
6.922833188515562597e+01
6.934825814182651982e+01
6.946680891220702847e+01
6.958419884225386909e+01
6.970032620469039841e+01
6.981510918521321685e+01
6.992809332640268849e+01
7.003936331726788467e+01
7.014922212636069787e+01
7.025795370073929291e+01
7.036529555612234788e+01
7.047138580896121596e+01
7.057539222472942697e+01
7.067793360678811609e+01
7.077915265620882224e+01
7.087859460099716102e+01
7.097649604771531529e+01
7.107301142333923849e+01
7.116764283763582455e+01
7.126078987199876735e+01
7.135256392708956241e+01
7.144323876700418907e+01
7.153216561953951214e+01
7.161914712916805570e+01
7.170431835347311278e+01
7.178780471881231051e+01
7.187014148287468629e+01
7.195082304523531036e+01
7.202959456902081570e+01
7.210635816897109862e+01
7.218155012772967893e+01
7.225499490540288150e+01
7.232652235906924432e+01
7.239616261722540003e+01
7.246388256870542932e+01
7.252991952694826239e+01
7.259399723886465949e+01
7.265679628605759888e+01
7.271798470445767748e+01
7.277760977535034215e+01
7.283585881868117440e+01
7.289263756809995698e+01
7.294827290553821797e+01
7.300216751993002617e+01
7.305459954716944537e+01
7.310550611734628035e+01
7.315489464464339164e+01
7.320315070033763050e+01
7.325022268261707836e+01
7.329618939226782004e+01
7.334096667025440297e+01
7.338504778926376559e+01
7.342854909224928406e+01
7.347125403515555320e+01
7.351310118183194220e+01
7.355386409136737313e+01
7.359352448952535042e+01
7.363179313338807219e+01
7.366915054970101551e+01
7.370557203183111028e+01
7.374123690072919146e+01
7.377615989294852739e+01
7.381024377254937008e+01
7.384342485632753039e+01
7.387549249135810214e+01
7.390644816325703914e+01
7.393669124436462425e+01
7.396596824105269263e+01
7.399495598007644048e+01
7.402262472094815848e+01
7.404838786660037897e+01
7.407231458888296061e+01
7.409451580431942830e+01
7.411561869096324529e+01
7.413572177094306426e+01
7.415431184357247218e+01
7.417144229363800889e+01
7.418783400639910042e+01
7.420289790826838328e+01
7.421653188539268342e+01
7.422860865075716674e+01
7.423884916689476654e+01
7.424796193153021306e+01
7.425633173291750211e+01
7.426500953630325341e+01
7.427229695546034804e+01
7.427801148252045493e+01
7.428277471756395300e+01
7.428692724736210096e+01
7.429066062296666928e+01
7.429498264838996135e+01
7.429894445534979752e+01
7.430234477952521388e+01
7.430521012931174596e+01
7.430791438423800344e+01
7.431035064635312892e+01
7.431255638373212946e+01
7.431507630957700883e+01
7.431741609105276325e+01
7.431967284824182229e+01
7.432188935853554312e+01
7.432383275387572041e+01
7.432557527753958482e+01
7.432769378087927237e+01
7.432981530747748877e+01
7.433198670307908174e+01
7.433421921604420390e+01
7.433670342047534518e+01
7.433934131627235331e+01
7.434208361336882831e+01
7.434500737712657781e+01
7.434812858830747473e+01
7.435116179080115728e+01
7.435420790056663520e+01
7.435741903213494197e+01
7.436029819622922332e+01
7.436348027764948654e+01
7.436641247248417130e+01
7.436927279867700236e+01
7.437223637240718688e+01
7.437519089393231297e+01
7.437776110347559211e+01
7.438068851433985174e+01
7.438345367182888879e+01
7.438637130386383944e+01
7.438956441897205707e+01
7.439386956285497376e+01
7.439809448003843784e+01
7.440159752798926718e+01
7.440482010335459506e+01
7.440758889893460548e+01
7.441024990015517915e+01
7.441410712083623480e+01
7.441979936472699819e+01
7.442490775740179743e+01
7.442974976884505622e+01
7.443410899406102033e+01
7.443838281922420208e+01
7.444250540418555318e+01
7.444725047917805227e+01
7.445194902884013288e+01
7.445636767405206058e+01
7.446128709681227065e+01
7.446659287220899159e+01
7.447210274976895050e+01
7.447831453135798085e+01
7.448495112846154598e+01
7.449195525482031144e+01
7.449977636127388791e+01
7.450799889041357460e+01
7.451679659807692246e+01
7.452626668460496262e+01
7.453614100692622912e+01
7.454579589778043669e+01
7.455514865313050166e+01
7.456482227793667050e+01
7.457568155659903653e+01
7.458789859333786865e+01
7.460086851828876320e+01
7.461411183014313053e+01
7.462765302768310960e+01
7.464157064841138833e+01
7.465601584260572565e+01
7.467173135834416087e+01
7.468787868758755621e+01
7.470461245777978831e+01
7.472183912135693618e+01
7.473961551883316190e+01
7.475858013297515470e+01
7.477923463763292489e+01
7.480139671547465241e+01
7.482497076186182028e+01
7.484987427793144832e+01
7.487625617518175147e+01
7.490403739987841902e+01
7.493326954124765393e+01
7.496415804621888412e+01
7.499667287102246860e+01
7.503071615690569729e+01
7.506643805017682780e+01
7.510376189769246480e+01
7.514250338303402543e+01
7.518280054111050958e+01
7.522448867602885514e+01
7.526747432178245845e+01
7.531183347536919825e+01
7.535737051615768678e+01
7.540434590792847303e+01
7.545275954125381190e+01
7.550266256070966620e+01
7.555368507245040632e+01
7.560606344030092885e+01
7.566017540175194256e+01
7.571588569381763989e+01
7.577339529860202560e+01
7.583280646643662237e+01
7.589385223752248066e+01
7.595637645624702827e+01
7.601985225374269817e+01
7.608406012261366413e+01
7.614959041795258088e+01
7.621619043255650183e+01
7.628442333948154896e+01
7.635441647204953597e+01
7.642599032991715546e+01
7.649937733266533257e+01
7.657427830790341261e+01
7.665084616033225018e+01
7.672909470360100670e+01
7.680901867436081432e+01
7.689057929938816471e+01
7.697340382619839261e+01
7.705812975382912100e+01
7.714518968520563647e+01
7.723351476301418472e+01
7.732263112662204207e+01
7.741198477310095427e+01
7.750167077634377222e+01
7.759203075838983921e+01
7.768331387792919429e+01
7.777441446897637434e+01
7.786490244529603899e+01
7.795449341835148971e+01
7.804454012275066077e+01
7.813567686465302131e+01
7.822812285431878365e+01
7.832232079700619920e+01
7.841837502849342911e+01
7.851675312598878520e+01
7.861752360763789227e+01
7.872124270594837014e+01
7.882719013395002605e+01
7.893333398533600587e+01
7.904000334886673329e+01
7.914732199382306987e+01
7.925534043952782781e+01
7.936409668881618984e+01
7.947291138353290307e+01
7.958124135905160301e+01
7.968949441999632199e+01
7.979732952997019879e+01
7.990340033300967093e+01
8.000708769368746687e+01
8.010830792276578904e+01
8.020702973963702220e+01
8.030221903941088613e+01
8.039315437887961480e+01
8.047921988237619928e+01
8.055946409093829175e+01
8.063303374467778895e+01
8.069983107682622858e+01
8.076533556369703604e+01
8.082889283799958946e+01
8.089026405842332679e+01
8.094954021946614375e+01
8.100603121664629214e+01
8.106226143104606763e+01
8.111975206810883776e+01
8.117883967089498753e+01
8.123980659128562820e+01
8.130180140482572426e+01
