%-----------------------------------------------------------------------------
%                R.A. (mas)        Dec. (mas)        Err. (mas)     Corr. Del.
% Uncertainty in R.A. is in R.A. cos(Dec.)!!!!
%-----------------------------------------------------------------------------
54112.274   -0.636748516916    0.274903197806    0.6162    1.0407   0.187   38
56878.498    0.082894029331    0.660002395136    0.2759    0.5279   0.258   70
57809.367   -0.017421299944   -0.189799203554    0.1342    0.2716  -0.006  131
58143.856   -0.750858032403   -3.487500003985    0.3302    0.7451  -0.337   56
58795.122   -1.071409953547    0.935099997434    0.6136    1.5638  -0.049   25
58803.501   -0.409836083553    0.362001596699    0.2012    0.4638  -0.194  117
58829.901    0.213553779688    0.071801994750    0.2398    0.5872  -0.325   73
58939.209    0.000000000000   -0.011998805149    1.0944    0.2504   0.017   17
59037.210    0.143868579910   -0.008798402007    0.6917    0.3022  -0.282   16
59219.206   -3.358537456112   -0.534999603019    2.8946    0.7880   0.868    8
59226.208    1.456563539004   -0.462697202153    0.7214    0.2766   0.302   17
59387.207   13.770666625352   -0.229597205248    7.9501    0.5105   0.138    3
59492.209    0.451065331950    0.777600000390    1.0258    0.3654  -0.328    5
59646.209    2.144997568234    0.648601198350    0.8387    0.4182   0.194    9
59669.249   -0.036006342519    1.000101595139    0.2499    0.4957   0.041   16
59786.210    8.274681992144    0.160300796637    1.9832    0.5131   0.194    6
59849.208   -0.247528799072    0.000000000000    0.9093    0.4556   0.475    6
59857.207    0.252898044502    0.413902800034    4.9999    0.7307   0.513    4
59956.248    0.046020106307   -0.450097201110    0.6601    0.8327   0.297    7
