%-----------------------------------------------------------------------------
%                R.A. (mas)        Dec. (mas)        Err. (mas)     Corr. Del.
% Uncertainty in R.A. is in R.A. cos(Dec.)!!!!
%-----------------------------------------------------------------------------
50575.751    0.269205016720    0.000000000000    0.2028    0.4636  -0.177   89
56661.920    0.017947001008    0.332899199407    0.2459    0.5845  -0.308   29
57261.251    3.272334144239    1.178697600324    0.4758    0.4738  -0.169   37
57373.248    1.673557853994   10.310399999369    0.5779    2.1563   0.287   15
58238.207   -0.410239729856    1.221598799717    0.1373    0.2745  -0.001   72
58861.959   -0.313925354298   -1.230800399199    0.2012    0.4608  -0.370   89
58871.905    0.000000000000   -2.466601201689    0.1965    0.3896  -0.084   87
59368.228   -0.021837910854   -1.020502799065    0.5323    0.4874   0.172   20
