%-----------------------------------------------------------------------------
%                R.A. (mas)        Dec. (mas)        Err. (mas)     Corr. Del.
% Uncertainty in R.A. is in R.A. cos(Dec.)!!!!
%-----------------------------------------------------------------------------
53125.576    0.000000000000   -1.352501999996    0.5241    0.7605   0.284   36
56661.920    0.897093828125    0.206798400004    0.2502    0.5817  -0.118   30
57875.189    0.200801452208   -0.043300799746    0.1949    0.3547  -0.094   81
58245.742    0.082179911354    2.874398400099    0.1483    0.2911  -0.197   81
58551.686   -1.583787210275    0.489499200373    0.1987    0.4066  -0.138   94
58795.122   -1.663717640024    0.532598399783    0.1725    0.3595  -0.182  103
58868.913    0.183255481620   -0.822099599596    0.6445    0.6563   0.374   15
59368.228   -0.174862212448    0.000000000000    0.6543    0.5112   0.303   21
