%-----------------------------------------------------------------------------
%                R.A. (mas)        Dec. (mas)        Err. (mas)     Corr. Del.
% Uncertainty in R.A. is in R.A. cos(Dec.)!!!!
%-----------------------------------------------------------------------------
50242.333   -0.206334525111    0.337201217349    0.2753    0.3384  -0.261   66
50854.079   -1.449605878871    0.074700002983    0.7278    0.1208  -0.155  428
50905.916   -0.719588529971   -1.098698399460    0.8728    1.1004  -0.032   19
51157.708    1.312685569029    0.455702419799    1.4673    1.8988   0.699    4
51967.168    0.636717767826   -0.137199589290    0.2903    0.7809  -0.353   21
53115.229    0.573808434726   -0.007700387528    0.1455    0.3017   0.191  120
53256.204   -0.241098155243   -0.901699195310    0.3497    0.5572   0.668   40
53465.204    0.275859089046   -0.091800001201    0.5702    0.4654  -0.309   15
53598.210   -0.036332663657    0.171399611304    0.2325    0.2643   0.017   12
53605.208    0.340673865637   -0.143398790442    0.2293    0.4113   0.012   15
53934.207    0.560575271947   -0.215697590988    0.2226    0.2487  -0.271   36
53997.205    0.246814490500   -0.210599998240    0.1876    0.2170  -0.113   47
54076.249    0.209472587381    0.193899603573    0.2187    0.3358  -0.689   91
54461.208    0.404592433418    0.165301219113    0.1207    0.2322   0.124   28
54551.209    0.436102269519   -0.236699978018    0.1275    0.1712   0.080   34
54803.228    0.474343068216   -0.201898785690    0.2839    0.4426  -0.020    9
54887.206    0.524579027819   -0.482198396412    0.2117    0.2590  -0.036   54
54943.228   -0.394502720784    0.596199620873    0.5185    0.1991   0.201  230
55154.248    0.251524277843   -0.129599985144    0.0891    0.1247  -0.150  106
55334.207   -0.029381013293    0.198100812554    0.2546    0.6084   0.280    8
55404.207   -0.366916811880   -0.213598789855    0.3211    0.3373  -0.164   12
55483.229   -0.269243858211    0.486399605393    0.2845    0.3022   0.188  170
55596.270   -0.233024229986    0.597700807248    0.2859    0.7564  -0.239   32
55740.207   -0.602516623305    0.277200010146    0.4172    0.5580  -0.047   19
55848.270    0.644455278335    0.151902017365    0.3194    0.3617   0.069   22
55936.208    0.256906894681    0.000000000000    0.1094    0.1493   0.016   34
55939.269    0.408852775362    0.529502406721    0.4317    0.6732   0.265    4
55944.207    0.274177020089   -0.036298797568    0.1309    0.1465   0.231   25
56188.209   -0.505742565214    0.181000814337    0.2175    0.2988  -0.024   21
56267.249   -0.889477360775    3.796002002332    0.1849    0.2651   0.229  144
56338.271    0.000000000000    0.102999618434    0.2105    0.3501  -0.521   24
56548.272    1.390956887716    1.240002021063    0.3958    0.5206   0.472   14
56618.272   -1.012268299026   -1.047297595846    0.5229    0.6115   0.584   24
56681.270   -0.047883757479   -0.071298001103    0.4079    0.5584   0.389   12
56692.206   -0.985244870952   -0.067798796977    0.6229    0.2287   0.182    3
56821.271    0.662734643205    1.836399601984    0.4441    1.1026   0.173    3
56905.271   -0.081301728620   -0.604000791782    0.3324    0.4314   0.211   15
56975.271    0.314993400225   -0.343299583960    0.2404    0.3068   0.256   23
57011.551    0.532093159012    0.033199222571    0.2569    0.2346   0.165   71
57046.458   -0.043733759419   -0.528800376287    0.2146    0.3098  -0.090   51
57085.208    0.995557962901    0.562899614920    0.4298    0.5080  -0.433    3
57252.207   -0.540842605312    1.204300812674    0.3636    0.2892  -0.220    4
57360.833  350.248194324489  229.263602406604   29.9300   24.6844   0.143   34
57361.647  -62.879388285766   28.182401999288   43.0862   36.2447   0.225   16
57392.208   -0.997802517469   -0.882698381588    0.2364    0.3632   0.361    7
57497.206   -0.213399210906   -0.518399991734    0.1970    0.2488   0.074   30
57588.208   -3.326569968837    4.490499620147    0.4446    0.5898   0.414   16
57724.271    0.470865899651   -1.817899200773    0.2701    0.4336   0.650   17
57791.207    0.159683386410   -0.498700779872    0.2837    0.2033   0.413   19
57839.792   -1.008120992513   -0.322300778066    0.2567    0.2740   0.339   27
57862.208   -0.390465758156    1.475499607295    0.4862    0.4266  -0.166   12
57872.197    0.228761196494    0.502700422089    0.2473    0.3501   0.423   43
57875.189    0.062346842708    0.028000820862    0.2027    0.2983  -0.059   56
57901.417    0.284269429050    3.420900017659    0.1358    0.1542   0.081  207
58301.297   -0.453934880538   -0.126197983263    0.1899    0.2349  -0.281   62
58481.840   -1.078431416594   -0.403599585752    0.3416    0.3835  -0.118   91
58534.209   -0.529627926237   -0.826599588777    0.3582    0.2869   0.174    7
58771.209    1.602337614918    0.040802407852    0.9936    0.4217  -0.020    3
