%-----------------------------------------------------------------------------
%                R.A. (mas)        Dec. (mas)        Err. (mas)     Corr. Del.
% Uncertainty in R.A. is in R.A. cos(Dec.)!!!!
%-----------------------------------------------------------------------------
48327.977    0.000000000000    0.000000000000    1.1577    0.9347   0.422   12
49533.343   -0.179740405370   -0.535197588647    0.5973    0.7202  -0.127   10
50084.998   -0.204118989411   -1.333497600342    0.2727    0.5550  -0.266   66
50155.831    0.133188049273    0.674402409118    0.4600    0.6925  -0.683  106
50459.832    0.189521583547    0.100303202544    0.1711    0.2810  -0.087  133
50765.338   -0.454929163613    1.053802805018    1.1378    1.4920   0.407    4
51284.084    0.228910765413   -0.631198798828    0.0941    0.1824  -0.215  121
52039.272    0.803666860067    0.218700002108    0.0724    0.1464  -0.012   89
52991.252   -0.136215956930   -0.294796788580    0.0605    0.1089  -0.202  147
53262.224   -0.335376589966   -1.576897192024    0.2788    0.4763   0.298   12
53339.204   -0.273258303653    0.116301605146    0.3071    0.6013  -0.395   13
53341.249    0.197646676272    0.145101607529    0.0755    0.1142  -0.026  112
53675.205    0.532887737537   -0.158896793323    0.2911    0.4581   0.291   20
53739.207   -0.036222445515    0.409003199309    0.2108    0.2610   0.072   14
54011.205    0.660152206077   -0.011998798755    0.2303    0.3964  -0.284   32
54081.205    0.008128398590    0.265600802152    0.2785    0.3025   0.046   32
54354.208   -0.075337264114   -0.400597200212    0.1600    0.2989   0.004   44
54440.250   -0.148886208198    0.295300807807    0.1477    0.2579   0.085  117
54473.206    0.176986860980    0.208400400936    0.1982    0.3906   0.414   11
54795.207    0.776260374241   -0.130798795794    0.5365    0.5441  -0.289    9
54914.209   -0.023138996415    0.208702802240    0.5598    1.1395   0.830    6
55187.208   -0.009916712749   -0.638899199146    0.1775    0.3488   0.232   21
55250.206    0.124097732189    0.272502008158    0.2208    0.2912   0.076   17
58601.083    0.257560144729   -1.042498797688    0.3109    0.5121  -0.124   70
