%-----------------------------------------------------------------------------
%                R.A. (mas)        Dec. (mas)        Err. (mas)     Corr. Del.
% Uncertainty in R.A. is in R.A. cos(Dec.)!!!!
%-----------------------------------------------------------------------------
50575.751    0.310925460809    0.560199598709    0.1629    0.3891  -0.153   73
54608.250    0.095682874280   -2.718100800436    0.2949    1.3767   0.470    6
54788.209    0.372722220946    2.925201600945    0.4226    1.6459   0.360   16
54810.208    0.117922540415    0.010601999278    0.1120    0.1493   0.024   62
54818.251   -0.296144395962   -1.024700401331    0.1657    0.4425   0.462  154
54823.207   -0.258231639273    0.915501600929    0.1690    1.1246   0.043   15
54852.208    1.049201477839    0.071701198578    0.4151    0.2397  -0.513   20
54853.249    0.315851288179   -0.376398000768    0.0936    0.2644  -0.094  137
54936.208    0.201511168826    0.431801998957    0.1484    0.5447   0.096   26
54965.249   -1.423861795261    1.124899200988    0.1219    0.3259   0.061  271
54998.206    0.352721563203    0.938901599667    0.2670    0.1703   0.000   16
55061.208    0.366603443227   -0.456699599738    0.2477    0.2422   0.167   26
55110.206   -0.819328288783    7.435601999717    0.4113    2.1899  -0.408    7
55118.209    0.230320993279   -0.028299599464    0.8716    0.3547   0.365    4
55119.250    0.514227840166    0.638899199146    0.3026    0.5167   0.144   17
55145.208    0.596623518228    0.858301199713    0.6979    0.6031  -0.403   15
55229.208    0.911278279681   -0.532299599598    0.2737    0.3820   0.014   24
55274.269    0.535425024635   -1.872100800782    0.8557    0.8323  -0.565    6
55306.206    0.857692432436    0.426902398232    0.5751    0.3928   0.057   10
55320.207   -0.141204700942   -1.084798801188    0.4413    0.4566   0.122    7
55407.271    0.511390565231    0.553500001033    0.5175    2.1210  -0.116   12
55449.271    0.769027514334    0.612799200184    0.6009    0.6945  -0.132   10
55533.271    3.002666861919   -9.120200399693    1.0567    8.8500  -0.713    3
55538.228    0.265847861996   -0.354398401825    0.1415    0.2956  -0.146   80
55539.251   -0.345553144703    6.111799201136    2.5623    7.9849  -0.961    5
55547.271   -0.536317050343    0.639601200803    0.4525    1.5337  -0.352   20
55568.270   -0.157178709775  -11.334700800347    0.3377    1.8864  -0.076   11
55593.209   -0.058662143299   -0.501498001526    0.4868    0.6906  -0.214    9
55596.270   -0.368240615061    2.509700399500    0.5956    1.2264  -0.492   13
55615.230   -0.137622279880   -0.356000400359    0.4296    0.4949  -0.512    3
55616.249   -1.219663813821    3.247999200795    0.1177    0.2579  -0.274  139
55636.210    0.609459333847   -0.332798400038    0.4675    0.8084   0.488    4
55666.270   -1.057856612215   -1.517500800219    0.5634    1.5400  -0.019   23
55729.272   -5.136145312078    2.742001198897    9.2144    4.2041  -0.407    3
55755.230   -0.102994595986   -7.961598001671    0.6936    4.1955   0.697    4
55813.272   -0.492582857837   -2.902197599042    0.7433    2.4639  -0.578    9
55845.206    0.578414071015    0.000799200706    0.2134    0.4302  -0.041   31
55911.269   -0.523180310082   -0.096998399712    0.4331    1.8428  -0.067    3
55915.206    2.879223810330   -7.194499201191    5.1929   12.3366  -0.980    3
56030.271   -0.296893124828   -1.837000801075    0.2406    1.1393  -0.204   11
56065.269    0.374362969156    0.641001600599    0.7855    1.7387   0.685    5
56132.208   -0.132846908468   -0.115898401276    0.5955    0.3748   0.367    4
56170.271    0.176287341811   -0.380898001140    0.3211    0.7364  -0.142   10
56202.209    0.100307777008   -0.269899200589    0.3923    0.2858   0.204    4
56280.208   -1.178018167385    6.466201200084    1.9400    6.1802  -0.978    8
56322.230   -0.095231493681   -0.595400400982    0.1865    0.2929  -0.174   15
56338.271    0.019703309477   -0.411897600827    0.1831    0.6221   0.069   54
56471.270    0.972627235594   -1.222797600775    0.4057    0.9840  -0.368   11
56476.270    0.580799965352   -1.782399600714    1.0845    1.6614  -0.805   13
56482.206   -0.995465174637   -0.994399199783    0.5729    0.3395   0.682    3
56541.270   -0.727080955984   -1.340899199676    0.3846    1.6988  -0.195    6
56623.272  197.496918713752  177.780002399430   11.1866   10.9043   0.981    3
56626.286   -0.090456128633    0.557200800699    0.3095    0.9047   0.058    9
56628.225    0.334956337475    1.397901599276    0.5204    1.8857   0.567    9
56632.269   -0.457654255665    0.379101601311    0.3442    0.8840   0.071    9
56632.269    0.320479780009   -0.914299199550    0.2537    0.7385  -0.370   18
56634.263   -0.211061905286    1.616799599802    0.3202    0.7755   0.048    9
56636.257    0.428697545267   -1.799899199284    0.4129    1.0278  -0.064    9
56638.251    0.347047006968    1.847502000984    0.3391    0.8807   0.036   10
56638.251    0.092695137024   -0.369399598910    0.1548    0.3777  -0.339  126
56641.243   -0.087618847333   -0.413398799992    0.3137    0.7960   0.194   16
56667.270    0.120312017490    0.881802001018    0.2330    0.6265  -0.290   21
56671.208    0.281968756775   -0.184100398926    0.2173    0.4224   0.088    8
56728.209   -0.633339748192   -0.835999199467    0.6620    0.2833   0.058    5
56737.271   -2.019288786764   -2.065697999853    6.1446    2.8057  -0.031    3
56741.208   -0.569751783887   -0.870897600436    0.2636    0.2211   0.153   11
56874.206    0.134641701738   -0.190299600078    0.6520    3.0404  -0.369    6
56881.208   -1.737474075049   -1.988899198935    0.7080    3.7222   0.192    8
56891.271   -0.201808510729    0.712699198857    0.2815    1.3494  -0.030   25
56905.271    0.412873992391   -4.265100001177    0.4730    4.4709  -0.639    7
56916.207    0.426458530512    0.293799599049    1.2456    0.4847   0.541    4
56975.271   -0.879484300710   -1.788300000882    0.6971    0.6381   0.287    9
56987.270    0.703200535275    0.333100801342    0.4194    0.4891   0.544    9
57014.207   -8.565568052775  -21.809998798972    1.9356    4.5053   0.256    4
57150.270    0.580352161128   -0.280497599547    0.5720    1.0160   0.019    8
57177.583  -25.294724302339   78.452200799717  128.4275  150.3089  -0.771    4
57248.270   -1.553574086891    1.432202398277    0.3639    0.3378  -0.145   10
57255.272    1.279970275341    0.702399600883    0.2329    0.2098  -0.007   35
57267.230   -4.705359214378    0.560300401276    1.9861    1.1362   0.181    6
57297.272   -3.745567794403   -0.106398000810    0.6422    0.5192  -0.061    7
57332.270    2.575463185281    1.411902000115    5.3807    0.4906   0.177    4
57435.227   -3.022814399244   -8.504600399917    3.1583    5.5253   0.637    3
57512.207    9.521927514009   -5.897397600663    1.8616    1.1296  -0.555    7
57514.271    5.162121444335  -14.373198001394    3.4178    5.8419  -0.971   15
57526.207    1.422221040688   -6.518098799901    0.5993    0.8860   0.334    5
57553.206    1.183094457075    3.023600400454    0.7963    0.6299  -0.193   15
57561.227    0.143149950169    1.044900000124    1.6679    3.4577   0.134    3
57562.250    1.138167314219   -2.154499199847    0.6976    2.2050  -0.060   17
57570.271   -1.644925817607    1.820901599103    0.2266    0.5015  -0.134   19
57574.208   -4.483994273754    6.826600798249    1.8732    2.4193  -0.945    6
57588.208    0.899936339053   -3.845300401295    1.4332    4.7738   0.776    8
57619.269    0.845752225264    1.008100799638    0.4248    2.0156  -0.557    9
57646.250    0.216439113255    0.497102400843    0.0979    0.1837   0.072  235
57666.207   -0.112695794767    0.123001199626    1.9938    1.6565  -0.952    6
57686.208    1.730011884659   -2.736597601327    0.6431    0.9034  -0.512    4
57700.208   -2.853398140394    5.037300001121    0.8815    0.9246  -0.542    7
57707.207   -2.307078972991    0.032101198499    0.8080    0.7565   0.138    3
57716.999   -5.276157062670   14.886100800027    3.9123    8.4018  -0.887    4
57721.207   -0.474968094430    0.594100800555    0.2454    0.4347   0.236   11
57724.271    0.621550003340   -1.862200799962    0.5571    0.6747   0.452    3
57744.272   -0.145535844506   -0.902498399213    0.2524    0.3601  -0.030   23
57773.269-1259.621084148744   94.994402398640    0.3432    0.7499  -0.041    8
57778.229  -25.885375922429    0.436899601297    6.8134    0.5229   0.295    3
57780.271-3294.174114461237 1798.827300001094    0.5155    1.3736  -0.243    6
57836.271   -0.143594171654   -1.529398799605    0.3091    1.3225  -0.017    9
57856.272   -6.126387311079   -5.556700798692    0.2473    0.3867  -0.048   27
57876.208   21.939790834192    2.773699199921    4.3071    0.8002   0.837    5
57896.209   -9.911959997345   22.532900399952    2.9944    9.0528  -0.947    3
57904.208    1.221458600727    0.279201599440    4.6720    1.1334   0.918    7
57983.270   -0.063587970668   -0.006400799890    0.3593    0.2720  -0.249   10
57987.207   -6.969746482892   57.148002001028    0.6110    2.6423   0.299    3
57990.272   -1.006509773362   -0.102798000512    0.2988    0.2475  -0.075   17
58010.244    3.900958870023    3.302899198943    1.3491    2.0256   0.169    6
58108.291   -3.883193650658   10.419901201075    0.4208    2.6234  -0.246    5
58170.230   -3.347023479897   -0.873899998766    0.1409    0.2608   0.115  182
58248.229   -0.825747991145   -7.371500398889    0.6653    3.0613   0.041    4
58261.207    0.343912390130   -0.207399601493    2.5721    0.6075   0.850    6
58319.271   -0.404512623541   -0.071200798857    0.4823    0.2241   0.196   47
58324.227    2.485157525333    3.544199999084    0.8230    1.2950   0.156   10
58374.252   -0.016715578584   -0.304599599943    0.1670    0.2385   0.156   79
58473.271    1.302510872481    2.731600798356    6.0106    6.6266   0.901    3
58534.209    6.631508636269    2.484900000965    3.2220    1.0384   0.929    5
58561.209   -0.413171334293    0.677199598798    0.0674    0.1727  -0.221  266
58575.209    0.078515915097    1.255301999947    0.0961    0.2258  -0.440  233
58578.269   -0.275545478038   -0.735498001703    0.3223    0.4036   0.224    7
58589.209    0.000000000000    2.114600398784    0.4636    0.5556   0.028    5
58617.209    0.262265440934   -0.725000398916    0.1227    0.2852  -0.453  156
58666.207    3.637353605521    2.332800001170    3.3322    3.4794  -0.009    3
58697.271    0.563486126586   -0.812498401359    0.5893    0.4167  -0.264    7
58704.270   -0.125083806163   -1.414098000296    1.0178    3.7908   0.583    8
58827.209   -0.117173817913    0.012700800411    0.0885    0.1878  -0.369  355
58862.207    0.073439625406   -0.849499200584    0.2098    0.2358  -0.123   20
58956.270    0.333763393488   -0.163997999181    0.1723    0.2193  -0.032  107
58977.272   -0.269129364780   -0.530600398818    0.2343    0.2391   0.077   27
59023.206   -0.281667832133    0.372200398502    0.2100    0.8077   0.308   20
59128.208   -0.497207760565    1.038402001186    0.3325    0.5897  -0.444    7
59177.188    0.998151980888    0.618001199015    0.5845    0.6411  -0.178   20
59206.251    1.608059118959    5.741402399906    0.2897    2.0584   0.868    3
59228.250   -0.480191263702    0.186199200058    0.2477    0.3281   0.036   33
59247.250    0.286744121823    0.867499198876    0.1315    0.3678  -0.324    7
59262.248   -0.721556862070   -1.107899998942    0.1982    0.5103  -0.322    3
59319.248   -1.423564453359   -0.858499201328    0.7633    0.6799   0.064   28
59327.269   52.821898578289   51.865300799747   37.3990   31.2556   0.990    3
59389.249   -1.948983778195   -0.135698399717    0.7009    0.9754   0.068    8
59404.249   13.637978514604   -0.912798000385    4.0247    3.4257  -0.649    3
59431.271    0.096130678504    2.584400399286    0.6290    5.8668  -0.737    3
59480.083    1.596566716010   -1.573199999072    0.3683    0.9300   0.165   17
59541.185   -0.044332459051   -0.155898001708    0.3775    1.0299  -0.144   19
59551.270   -0.158221197804   -0.010699201525    0.6031    0.8194   0.197    6
59555.207   -0.005520511175   -0.219798000600    0.7125    0.5353   0.112    5
59565.270    0.296298434659   -2.740798800716    0.3282    1.5339   0.064    9
59593.270   -0.445413123851    0.791999998384    0.2369    0.5489  -0.112   13
59600.250    0.223603955379    0.000000000000    0.0706    0.2724  -0.819   94
59621.270   -2.756522322128    0.665402398781    0.4999    0.6616  -0.017    9
59837.250    0.280922686006   -3.313598400467    2.0443    1.6906   0.073   12
59901.271   -0.030747920929    0.677102399749    0.2511    0.4722  -0.214   30
59913.207    0.785148409113    1.271199599984    0.4264    0.6876  -0.298    4
59949.268    2.866685336613   -3.444400799779    4.2814    3.2336   0.088    3
60052.207    0.604834424756    0.011001599631    0.4876    0.4655  -0.620    4
60125.271   -0.346151411248   -0.033199200189    1.5639    3.4410   0.117    3
60167.249    0.028809824453    1.337299199378    0.2677    0.2893  -0.762   15
60193.208    6.435672023678    2.966500798607    9.3576    9.4607   0.957    5
60195.238    0.505569129414   -0.018399601842    0.9467    1.0317  -0.670   11
60208.249  -13.155992457631   32.245099198747    0.2199    0.4603  -0.876   25
60223.249   -0.943072271378    1.608602400083    0.2393    0.4591  -0.926   22
60230.251   -1.066217981065    2.902899600699    0.1913    0.3749  -0.779   38
60251.250    0.884112786177    0.497699999613    0.2822    0.4758  -0.877    9
