%-----------------------------------------------------------------------------
%                R.A. (mas)        Dec. (mas)        Err. (mas)     Corr. Del.
% Uncertainty in R.A. is in R.A. cos(Dec.)!!!!
%-----------------------------------------------------------------------------
57098.832   -0.084712945980  -12.533000397497    6.8027    8.7859  -0.017    7
57872.197   -6.866302149484   13.019997598462    7.3354    9.9389  -0.609    3
58022.797    6.392178916020   12.087500402203    2.4386    5.9935  -0.349   15
58238.207   10.926800407500    0.000000000000    5.1889    8.2075  -0.306    7
58481.840   -3.566466192334    7.880900399471    2.9306    6.2055  -0.329   12
58861.959    9.190865255450   -3.507400801794    2.7197    4.6197  -0.031   13
58871.905    6.323594641888   -4.453300800122    3.6918    8.1452   0.474    8
58981.988    0.000000000000   12.923899198825    4.4714    9.9273   0.079    7
