%-----------------------------------------------------------------------------
%                R.A. (mas)        Dec. (mas)        Err. (mas)     Corr. Del.
% Uncertainty in R.A. is in R.A. cos(Dec.)!!!!
%-----------------------------------------------------------------------------
50084.998    2.797409736539   -3.640399201288    2.2426    3.0037  -0.599   14
50155.831    1.411348590783    1.260399599090    1.3829    1.4466  -0.253   35
56817.881    0.025001395332    0.644598000576    0.1788    0.2616   0.180   72
58198.227   -0.762652114360    0.360298798796    0.4063    0.3036   0.060   41
58326.959    0.665848948676    0.114497998283    0.1756    0.2870  -0.228   55
58551.686   -1.730830483054   -0.045298798312    0.1921    0.2937  -0.209  108
58682.249    0.000000000000    0.000000000000    0.3806    0.2397   0.150   45
