%-----------------------------------------------------------------------------
%                R.A. (mas)        Dec. (mas)        Err. (mas)     Corr. Del.
% Uncertainty in R.A. is in R.A. cos(Dec.)!!!!
%-----------------------------------------------------------------------------
50631.755   -0.153706751692   -0.582400789995    0.5907    0.5357   0.580   90
50687.836   -0.296087996304    0.066999602666    0.2906    0.5808  -0.077   81
54292.229   -0.124197987108    0.413802010257    0.1584    0.2783  -0.114  153
54720.251   -4.972535008625  -11.320300792761    4.9921    5.5826   0.223    4
54767.207   -0.848265544861   -0.179297997249    0.9912    0.6404  -0.728   13
54837.207    0.411478012284    0.437400004216    0.3688    1.2954   0.776   14
54865.207   -0.091050543705    0.038199600283    0.9601    0.3295   0.367    9
54887.206    0.191332040639    1.107201600803    0.5915    2.4291   0.821    9
54893.207   -0.134127113029   -4.434299992795    0.4297    2.8710   0.668    5
54901.206   -0.109650033534    0.279201609032    0.2716    0.2496  -0.161   17
54928.206   -0.092866520151   -0.289900788175    0.5382    0.4330   0.314    8
54963.208   -0.718471932304   -0.241498788967    0.6594    0.2778   0.254   15
54965.249   -1.382122204842    1.633798811440    0.2156    0.3817   0.300   76
55040.206   -1.016939845414    2.523999607718    0.8810    8.3126   0.069    4
55061.208    0.000000000000   -0.121697992483    0.4959    0.3181  -0.091   11
55103.208    0.319725909074   -0.393598791959    1.5186    0.5182  -0.202    4
55131.208   -0.225456269913    0.785599208086    0.3678    0.5320   0.215   10
55216.209    2.990684215246   -0.009399597900    5.2468    0.5070   0.777    5
55222.206    0.591199218663    2.590902008137    0.9368    3.2363  -0.630    5
55236.206   -0.775257264627   -0.582598788412    1.7113    5.7504  -0.819    3
55257.208   -3.729433982754    0.255499212187    3.6154    0.8525   0.924    4
55271.208   -7.767409349612    0.817401608799    1.1502    0.3576   0.226   12
55285.208    0.627424751563    0.338799605970    0.4882    0.2719   0.255    5
55313.208   -0.075384822151    0.085201209288    1.2592    0.3965   0.237    6
55320.207   -0.019720620771   -0.561099595586    6.1618    0.4536   0.371    5
55334.207    1.496951655351   -0.132699598510    1.3085    0.3635   0.317    6
55390.207    5.144287410601   -0.358898395802    5.1939    0.4066   0.532    8
55407.271    1.557509922675   -0.921099599793   12.9219    9.2623  -0.994    3
55425.209   -0.276927941004   -0.571399196758    0.5985    0.3959   0.218   19
55432.207    4.344412084370   -8.373398397055    4.2541    7.3007  -0.989    3
55456.269   -0.449096563379    0.177598812456    0.6687    0.9261  -0.600    4
55482.206    1.511355263853   -1.974700799678    0.6412    0.9624  -0.846    7
55488.207    2.568716511570    0.955602010322    4.2551    0.4342   0.758    4
55537.209    1.098480870411   -1.505599190921    0.5509    0.7778  -0.611    3
55538.228    0.292315073228   -0.618699587562    0.1321    0.3367  -0.342  142
55572.207    0.174410908111    0.925801208496    0.2655    0.4419  -0.395    7
55580.206   12.923586207652    1.915300801159   13.3690    1.4262   0.989    3
55614.207    0.043637134795   -0.170297990110    1.1431    0.3396   0.406    7
55616.249   -2.026887672296    3.706300802264    0.1442    0.3843  -0.156   75
55650.228    0.907148829772   -2.973999593792    0.5894    2.4631  -0.722    5
55652.270   -0.553855893932    8.660001611815    2.2716    6.5384   0.438    3
55656.207    0.880295208359    0.160902011714    0.6977    0.3970   0.055    5
55665.247    0.195390290896    2.118301208043    0.4004    1.6302   0.454    6
55666.270   -0.092587918897   -4.231400394872    0.8064    2.9376  -0.227    5
55670.207   -1.515269169037   -0.425998794640    0.6512    0.3946  -0.111    4
55671.270    8.458890053284   23.884099203997    3.1036    9.1103   0.969    4
55678.210    0.299867657232   -1.295999992124    0.8117    3.4735   0.853    4
55691.206    9.705904996264    0.381099606273    4.8386    0.5045   0.639    8
55698.207   -0.009509530633   -0.376498793742    0.7094    3.2659   0.847    3
55713.208    0.175669670124   -0.211298396380    0.4609    0.4957   0.114    9
55727.208   -0.011187887934    0.196002011421    1.1947    0.2798   0.176   12
55736.270   -4.052657576613   -5.154800388141    1.8196    7.6450   0.745    9
55741.230    0.094826853594   -0.475099191988    0.1590    0.3549  -0.669  210
55743.268   -3.745660281704  -23.472298792626    1.7649    9.7647   0.524    5
55755.230    0.009230941305    4.721500809524    0.8580    2.3871   0.700    3
55761.206   -1.994159824181   -0.050900391102    1.0327    0.3850   0.152    7
55768.208   11.220616950868   20.412601209330    6.2950   12.4861   0.988    4
55771.268    2.556830439019   12.138800403250    1.7284   13.2655   0.571    4
55776.228    0.305459919717    0.532101607575    0.2189    0.3962  -0.010  140
55782.208    4.338678839776    0.544701602223    4.0246    0.4509   0.675   14
55791.251    1.858216746632    1.293800407609    3.8674    7.8360   0.934    5
55803.206    0.865190052278   -0.186299999427    0.5940    0.4467  -0.172    3
55806.270   -0.873860404260    1.767600005564    1.1731    5.0561  -0.524    4
55819.500   -0.223499311358   -0.328201197419    0.4575    0.5094   0.243    5
55820.497   -0.120978903576    0.335300401844    0.6405    0.3584   0.330    5
55821.498   -0.471475702211   -0.093499198783    1.3894    0.5443   0.917    6
55823.499   -0.235526377942   -0.619498794663    0.4875    0.6111   0.392    4
55824.500    0.081262411818    0.306702004593    0.2270    0.2152   0.385   14
55826.498   -0.252591855542    0.229600811963    0.2545    0.2025   0.421   20
55827.499    0.502666187059    0.352501209022    0.4389    0.2467   0.525   13
55828.499    0.144059601913    0.375001201292    0.2970    0.1936   0.473   21
55829.500    0.061679410191    0.423100811986    0.4735    0.2748   0.637    8
55830.501    0.105598509204    0.115700409253    0.1873    0.1616   0.407   18
55831.498   -0.114826075620   -0.168001190559    0.3561    0.3503   0.503    7
55832.499   -0.216225340533    0.144702003979    0.2201    0.1621   0.409   18
55833.500   -0.750642565986    0.081601208990    0.3037    0.4452  -0.524    4
55883.269    4.782183140670  -19.467500392523    2.4068   11.6412  -0.891    4
55901.206   -4.123846517438   -0.309898794626    2.2564    0.3734   0.290    3
55902.229    0.386161766063    0.725900402188    0.2732    1.1585   0.554    8
55908.208    0.102520407781   -0.500000399484    0.5085    2.1931   0.809    5
55917.270    2.293607898050  -17.423200789324    1.4896   10.4072  -0.619    4
55951.227    0.498611287840    0.880801211167    0.3060    0.4531  -0.119    3
56016.271    0.948969988121    6.864400810969    1.3912    6.9006   0.331    3
56022.268    4.933234749190   -5.891000391500    2.6178    7.9952  -0.544    6
56041.206    0.133848511775    0.269802011132    0.4523    0.5442   0.173    3
56078.250   -0.081400030963    0.995299203055    0.8342    2.5047   0.882    5
56097.206    0.633298978266   -0.417301188804    1.5546    0.4099   0.270    4
56100.271  -12.659242523816    8.486600401625   10.0971   10.1401  -0.654    4
56104.208    0.573156943267    0.560599208654    0.3730    0.4699  -0.073    3
56106.250    0.014826554828   -0.044600393778    0.1321    0.2768  -0.070  223
56107.273    0.594418290269   -7.666898399350    0.6994    4.3550  -0.192    3
56119.231    0.061820392300    0.421902001335    0.6174    0.4313   0.511    4
56139.207    0.102100824419    0.853700406367    0.4256    0.2785   0.495    9
56146.208   -0.178462432441   -0.710297996420    0.3902    0.7478  -0.540    9
56153.207   -0.747564476489   -0.001799993754    0.3008    0.4508   0.087    6
56195.207   -0.394832118046   -1.936900790156    0.8637    3.8176   0.924    3
56210.186    1.581846008136    3.123500408719    0.7272    2.3894   0.780    9
56216.209    0.484204328300    0.715100401294    1.4101    2.2519  -0.953    6
56240.268   12.823022758426    3.186900011087   10.0875    2.0530   0.948    3
56244.209    1.058200438292   -1.274597988754    0.9988    4.0413  -0.780    4
56252.266    0.193292362157   -0.810399593831    1.1346    1.4596   0.379    3
56261.269    8.888547960109  -16.425298791489    4.7381    9.5094  -0.969    3
56273.231    0.297209151097    0.573901208156    0.3815    0.4501   0.303    8
56282.271    0.182802658840    0.383299203577    0.4629    0.4970   0.042    5
56308.208    0.582387872646    0.649400405450    0.3720    0.5882   0.374    8
56315.210   -0.186015016444   -0.470897995797    2.0573    0.6743   0.702    3
56317.270    0.677916261895    3.621402007070    1.0206    4.9996   0.792    7
56321.207   -0.008391750729   -0.655999197363    0.1780    0.4561   0.051   11
56324.271   -1.825905118915    1.602500404374    2.3641    2.4947  -0.935    5
56342.209   -0.548958465026   -0.283298389547    1.2704    0.4210  -0.277   10
56345.270    0.874702945874   -6.903799196323    7.6981    5.4397   0.585    3
56359.270   -1.010505041315   -1.167699588223    0.7774    3.9843   0.823    5
56370.209   -0.055942790708   -0.255898790158    0.4327    0.5293  -0.040   10
56377.207   -0.298605520330   -1.838401188081    0.2780    1.0142   0.186    7
56378.270   -1.599327706135    1.061301600203    0.8604    1.0083  -0.654    3
56385.206   -0.445461259448    2.180001600038    0.9492    1.4773  -0.898    8
56393.249    0.307557860381   -1.034499589991    0.1450    0.2831  -0.091  161
56394.272   41.221846195774   46.350000010875   22.6703   26.9807   0.991    4
56400.247   -2.975297083021  -13.151401196865    1.4556    6.7557   0.775    4
56401.270    0.435394514382    0.264999606259    0.5680    0.8860   0.523   10
56405.207    0.565466740118   -0.333698393717    0.6166    0.9481  -0.851   14
56429.270    0.347559691246    0.602200810818    1.4180    3.9556   0.869    3
56433.185    1.601009426399   35.803400410828    1.2553    3.6253   0.862    7
56470.251   -0.186434599807    0.390301205755    0.2582    0.4723   0.292   16
56471.270    6.901799725897  -10.035197990987    8.0875   16.4211  -0.983    3
56506.272   -0.542386041781    8.540200802543    1.2089    5.5145  -0.825    5
56539.206   -2.929699638633   -1.347901195459    1.4818    0.7141   0.816    3
56541.270   -3.355161664130  -14.839199999983    2.6390   11.4910  -0.858    5
56545.208   -0.879036434421    0.656600406046    0.2587    0.2371  -0.388   12
56555.270    0.024477079495    0.384102004602    0.5515    0.4224  -0.345    3
56560.208    4.721342909129    1.649901604139    5.0766    0.9879   0.933    3
56562.272    1.142537588569    0.700902005235    0.8502    0.6971   0.493    4
56576.268    0.915822544718    1.510902008306    1.4359    3.9131   0.918    5
56590.272   -0.366998335874   -0.061199992274    0.6279    0.2734   0.002   13
56596.269    0.517351759778   -0.053899195507    0.4946    0.4130  -0.398   10
56603.249    0.284342905862   -0.998701192145    0.3415    0.3952   0.495   13
56604.272   -7.619294848480   -1.491400794862    3.6316    0.9929   0.952    6
56609.207    0.563506418600    0.116398807393    0.4826    0.3838  -0.538    5
56611.270    0.304483121921    0.151902004575    0.8057    1.0590   0.796   19
56615.208    0.061961374409   -0.029599196694    0.3898    0.4031  -0.243    6
56622.210    0.283221774920    0.467701205764    0.2778    0.2967  -0.002   10
56623.272 -383.684229033052 -468.166499999256   12.5272   14.8610   0.976    3
56629.208    0.134550059355    0.256600807802    0.6327    0.3185  -0.445    4
56636.206   -0.753579685300    0.550198811311    0.4185    0.4242  -0.016   16
56639.270   -0.087411876811    0.151999206821    0.3771    0.3406  -0.151   12
56643.208    0.256089540328    0.147499203251    0.2536    0.3455   0.326    9
56645.250    0.091752115135   -0.186800399149    0.1327    0.3070  -0.197   22
56646.272    0.366162532113    0.687301211144    0.7147    0.4235  -0.039    3
56653.270    0.710224526648   -0.591699591723    0.8352    4.5612  -0.325    4
56664.210   -0.086294096906    0.077799603559    0.1357    0.2633  -0.311   25
56671.208   -0.041539182206    0.278499604178    0.3742    0.2892  -0.189   23
56679.207    0.273571250252   -0.632998792582    0.5392    0.9933   0.776    5
56686.209    0.090912936485   -0.466599597360    1.0134    0.3411  -0.565    6
56692.206   -0.233848020641   -0.276001199495    0.4000    0.2285  -0.392   12
56702.265   -0.928406813810    0.213199211885    0.5392    0.4766   0.099    4
56713.208    2.134862735343    0.557301609660    1.7580    0.6044   0.804    3
56716.269    0.299585693014    0.394200000642    0.4826    0.2892   0.533    7
56720.206  -39.433838229208  -10.609898393454    9.2575    2.5583   0.993    4
56723.271    0.347140095958    0.392799610438    0.5128    0.5137   0.316    5
56734.206    0.297350133206    0.257101207524    0.4382    0.2530   0.097   10
56737.271    6.638439565783   -0.588499194976    4.5823    1.0609  -0.749    5
56743.250    0.189375082084   -1.226498390849    0.1318    0.1465   0.093   62
56751.271    1.763389904962    0.805201204912    0.7867    0.8686   0.373    6
56755.208   -2.701725832768   -0.829997996732    2.4735    0.5511   0.301    4
56758.272   -0.122237665589   -0.392698788687    0.4986    0.4512   0.229   12
56763.273    0.387561510185    0.256201204252    0.3400    0.3216   0.297   10
56770.209   -0.149930465652   -0.141199193138    0.1784    0.2858  -0.013   25
56771.250   -1.077921047138    2.929899612525    0.9939    0.4819   0.489    4
56800.269   32.642534441422    8.130099601544   14.2278    4.0827   0.992    3
56811.208   -0.107414473725    0.199101611997    1.8603    0.4085   0.708    4
56828.269   -1.548698564733   -0.582400789995    7.0860    1.6307   0.965    3
56834.248    1.229392262872    0.164599201469    0.1155    0.1976   0.018  217
56839.208    3.703003319593  -16.981599588917    1.8043    6.1061  -0.819    3
56841.272   -0.122519629807   -0.216500392014    0.7741    0.4266   0.085    5
56848.248    2.999495561262    2.270401211035    1.6159    9.1322  -0.512    3
56849.267    0.576376014873   -1.686398387335    0.5563    0.7514  -0.444    5
56856.269    1.420445690332    0.533098800304    3.5409    0.8444   0.828    3
56895.208   -0.559448156418    0.499500012552    0.5413    0.4206  -0.544    4
56912.269   -0.180281771850   -1.666198788541    0.5042    0.8779  -0.271    8
56932.270    0.400568725604    0.695599200640    0.6580    0.5615   0.383    4
56937.208    1.615694999119   -1.497700792186    1.3037    1.6686  -0.972    8
56940.273   -1.190508211911   -0.741499188450    1.1531    0.5948  -0.178    3
56945.229    0.074686637535   -1.930201189282    0.1859    0.3409  -0.074  222
56968.269   -5.751008005744   -0.951199196209    6.8593    1.5318   0.971    3
56982.269    1.969964720829   -0.683899196474    1.0854    1.5567  -0.771    4
56987.270    0.737917326711   -1.133398795616    0.7942    1.1810  -0.809    7
56995.250   -0.188394921325    1.012302011816    0.1666    0.3520  -0.218  171
56996.269   -0.011328870043    1.384902010670    0.3028    0.6862  -0.085    5
57001.208   -0.422662537254   -1.997798393916    0.5167    0.6805  -0.778    9
57043.208   -0.179862176562    0.528001207556    0.4086    0.3032  -0.212    3
57056.207   -2.076399033794    0.732099603340    1.8878    0.8317   0.493    4
57066.273    0.853723551164   -0.412898387481    0.5459    1.4720   0.417    4
57073.271    2.228571797108   -0.006001189945    4.6012    0.5082   0.669    3
57085.208   -0.959177703371    0.519901203688    0.4178    0.2788  -0.167    5
57105.209    1.462545449935   -1.545699593919    1.4117    0.4022   0.473    9
57107.251   -0.153706751692    0.659300403072    0.1428    0.3643  -0.223   76
57108.270   -0.176505473886   -5.371397995191    0.5102    3.8505  -0.361    3
57114.274   -0.025873460653   -0.477601190596    0.7569    0.5380  -0.745    4
57120.206    0.496093763814   -7.878398388073    0.8911    4.3969  -0.467   11
57122.270    1.199322920892    0.000000000000    0.6645    0.5244  -0.360    3
57135.251    0.036645128188    0.151902004575    0.1305    0.2707  -0.004  145
57136.273   -0.042935575290   -6.007600791236    0.7038    3.1523  -0.271    5
57149.251   -4.217555579203   -6.105599993589    6.0891    1.4024   0.807    6
57169.208    9.805347302622  -13.621201190972    1.5986    1.8291  -0.976    5
57178.270   -0.572455383762    0.546102005217    0.7401    0.4056  -0.229    7
57184.581 -305.179633642364 -234.914799600006   12.9550   42.3889   0.445   18
57205.269    0.011610834260   -0.431999997375    0.4380    0.2873  -0.219    6
57210.207   -0.033147431478    0.156801611695    0.3519    0.2525  -0.325    9
57217.209   -0.836376109347   -1.210899591797    0.4227    0.4127   0.027    3
57219.251    0.616236863629    0.528800401867    0.1750    0.2994  -0.093  122
57227.272    1.921013936727    0.079599610103    1.4344    0.6343   0.758    9
57234.270   -0.453013831527    0.001000812233    0.4118    0.2836  -0.023    7
57248.270   -0.184756254431    1.072299612304    0.3633    0.3944  -0.038    4
57261.251    1.069250707081    1.610899202831    0.4645    0.4391  -0.201   44
57275.229    1.577092924301   -4.654097996593    0.1676    0.2463   0.001  122
57290.270   -0.000557202508   -3.341998792905    0.7599    4.6129   0.751    7
57318.270    1.245477579713    0.964101604950    0.3330    0.9357   0.025    3
57339.268    4.247906897326    2.799900011041    0.9845    0.4492   0.763    6
57351.270   -1.630937774346    2.068401603594    0.2242    0.1539   0.120   11
57365.227   -0.774139484722    4.063201205895    0.4669    1.1194   0.115   23
57371.209    0.783232806882   -1.784699990992    0.3846    0.4533  -0.742    5
57374.270    9.258204814043   -5.914299590870    2.2129    1.5942  -0.980    3
57386.269    5.324851146668  -22.209400795248    0.4053    1.1062  -0.381    3
57400.207   -0.457068730745    0.755899202431    0.3371    0.5275  -0.364    3
57407.230    0.619032988909    0.620802008200    0.1839    0.3282   0.229   78
57414.207    2.013323254370   -0.950597987526    0.5526    0.3475  -0.536    3
57420.208   -0.010070096104   -2.241799194280    0.4739    0.6563  -0.803    3
57428.229    0.097626341838    0.184201211084    0.1274    0.3007   0.153   95
57451.269    8.802112869168   -8.009798392550    6.9153    8.3610   0.886    3
57458.270   41.681993027942   38.865200401972    9.4848   11.8566   0.916    3
57471.270  -51.980352618067  133.405002002007    0.7665    3.0941   0.389    8
57486.271  -28.062730247216 -136.104098397993    0.8462    3.7887   0.550    5
57493.269   -8.507562224206   90.415198809524    1.3462    5.1200  -0.774    4
57498.229    0.240145205595    0.074199603262    0.1184    0.2797  -0.083  194
57500.271    2.778510410967   -1.408697990257    0.4736    0.4020   0.497    7
57505.209   71.241255335221    5.223402011723    7.3267    0.8709   0.877    3
57507.269   -1.982689972030   -0.956401191843    0.6527    0.4602   0.550    8
57514.271  -33.216386206341   26.555000400208    6.7607    8.6984  -0.744    6
57570.271  -27.865664961983   73.776200406428    3.7381   13.5077  -0.921    4
57574.208   -1.071905838327    5.031702005454    0.6785    1.1004  -0.801    8
57576.250    0.129515011303    0.087102012003    0.2001    0.3236  -0.044   62
57577.269   12.016296395771  -14.679100789294    1.6319    1.7612  -0.740    3
57596.229    5.684155928356    6.290600411774    0.7043    2.0289  -0.611   58
57597.248    1.102257156450    4.520502001526    1.3252    1.7860   0.098   60
57605.269   25.744930608777   12.355498806471   11.9519   14.6509  -0.541    3
57610.229  -21.075475591138    1.139299202180    0.6831    0.4652   0.309   11
57619.269   49.029394983471 -130.019597993680    4.2343    8.0637  -0.942    4
57626.271  -11.100473851053   63.351799211375    0.6226    2.3616  -0.290    5
57647.269   28.682602414776  -56.457899999884    2.8534    6.4427  -0.927    6
57660.250   -2.611094872426   22.749400801558    2.5901   21.1754  -0.845    6
57661.269    6.665434169304  -24.994900792308    5.4152   12.3463  -0.982    3
57666.207   -0.965750126615   -0.407401191183    0.8369    0.5731  -0.645    6
57673.209   -3.890975282667  -31.927298398671    6.4412   10.2528   0.660    3
57674.228   -6.813823896801  -18.975898791496    2.1692    1.1908   0.163   11
57686.208 -295.734712264296  -11.238699596561    9.5841    0.8226   0.519    4
57693.207   -2.060454699062    0.907902003178    0.3108    0.3412  -0.137   11
57700.208   -1.254285550841    6.416200805859    1.2095    1.3599  -0.651    6
57707.207   -0.510356378282    4.761100800010    0.4297    0.8493  -0.073    6
57721.207  -89.327164491017   -4.923601187556    6.4904    0.6567   0.709    3
57731.269   -1.647999888983   -1.006999194431    0.4456    0.1939   0.302    9
57735.207    4.148605561150    1.375599602227    1.2400    0.3297   0.705   12
57737.270    2.665641293902   -0.641498400000    1.5141    0.4247   0.711    9
57743.209   13.246249224115  -19.648997999866    1.6291    2.0174  -0.987    5
57752.271    0.060142046924    0.967302001698    0.3027    0.4841  -0.610   19
57766.271************************************    1.5917    0.7282   0.141    5
57773.269-7644.930272375026 -555.427000789166    0.6358    0.3134   0.065    7
57785.231   -0.571757187220   -1.648000788634    0.1093    0.2599  -0.164  180
57794.271    5.869335129113    0.479800800690    0.6296    0.2838   0.218    9
57801.269   -2.930401186212   -0.242600397371    0.4835    0.3355   0.121   10
57806.208   -0.836238478276   -0.995500795398    0.6842    0.7850   0.246    4
57808.271   -1.816533207427   -0.471398395518    0.4671    0.3379  -0.074    8
57815.269  -17.456111237205   15.264298804141    2.4787    1.9222  -0.946    6
57854.209    5.241490806113   -7.104999596663    7.6651   11.2125  -0.997    5
57856.272    6.364448732168   -7.926998398489    0.6682    0.3605  -0.008    9
57869.228   -1.654572312227   -0.155498398158    0.3721    0.4260   0.241  107
57889.002   -2.752774569459    0.514101606086    1.6880    2.6961  -0.965    3
57892.271   -0.964071781240   -1.582999190930    0.9263    3.5115   0.827    3
57941.270    1.552756826914   -4.556599193961    0.6725    0.6447  -0.861    6
57948.268   -3.028863343737    0.426898810701    0.7065    0.3958   0.608    7
57955.270   -0.255109379569    1.442199601343    1.4997    0.5675   0.507    3
57967.228   -0.287696245575   -0.177001197699    0.1684    0.2761  -0.321  182
57973.207    2.469556169428   -0.374299196437    0.4132    0.2654   0.350   17
57983.270   22.589630355160   -3.602897999144    1.1042    0.4139  -0.251    4
57987.207  -12.029860825623  -11.103001193646    0.8670    0.3540   0.501    8
57990.272    0.237906282823    0.181900804819    0.4250    0.2653  -0.037   19
57997.270   23.769229280391    7.043000410079    0.7835    0.3533   0.468    8
58002.208   -0.477628530167    0.420199209827    0.6912    0.4139  -0.025    5
58011.270    0.348959435367   11.869200010040    0.9197    0.4361   0.070    6
58018.268   -9.714575348246   -3.495599995063    0.8272    0.3861   0.269    9
58038.229   20.180776786202   60.773500804601    3.2126    7.7166   0.721    3
58053.270   -8.252731445891   -2.627398791333    7.9962    2.2222   0.982    3
58086.497    0.414834714960   -3.466198796787    0.2422    0.7581  -0.613   28
58087.498    0.252454236397   -0.808700396249    0.1973    0.5255  -0.068   31
58090.496   -2.471650747128    5.818201204022    0.2504    0.5758  -0.859   34
58091.497   -3.451109648667   20.255299210703    0.2930    1.0794  -0.728   21
58097.498   -0.914701401850    0.553500004230    0.1323    0.3122  -0.582   60
58098.499   -1.452612961050   -2.358500390187    0.1613    0.4612  -0.084   43
58122.229    1.141698409919   -0.707101193598    0.3387    0.5491   0.014   76
58165.270   -2.201436199552    0.698601611759    1.4706    0.5256   0.752    4
58198.227    0.627703352817    0.869101207002    0.8730    0.4989  -0.091   17
58380.227    0.808408070993   -0.930797992282    0.4045    0.3077   0.170   24
58382.269   -1.430932018761   -0.446799589326    0.4609    0.2925   0.329   35
58435.208   -2.842707333259   -0.421199996481    2.7559    0.6097   0.813    3
58452.269    0.908128990531    0.164599201469    0.8547    0.4581   0.370    6
58473.271   -1.075403523112   -2.179997993323    1.3592    4.4466   0.192    5
58491.208    0.816239256251   -0.426599990533    0.1414    0.2993  -0.428  102
58501.271   -0.920434646444    0.160300803032    0.3885    0.3952   0.105   48
58504.916    1.519609395437    5.728500003954    1.1563    0.9340  -0.009    6
58561.209    2.336966431592   -2.431299590455    1.0699    1.1898  -0.819    4
58561.209   -0.110908795547    0.008398811246    0.1190    0.3152  -0.344  180
58575.209   -0.111747974197    0.757000810836    0.1773    0.4159  -0.491  137
58617.209    0.032868830224   -0.812700000097    0.2588    0.6349  -0.796  102
58648.270   -4.699802937023   -0.758800791800    3.0108    0.6783   0.889    6
58653.230    1.822132195840   -0.559699192593    0.4178    0.2710  -0.105   47
58682.249    0.834002930393   -0.348497998459    0.4598    0.3766   0.237   21
58772.228    0.601131695622   -0.183200398851    0.6212    0.7694   0.166    8
58809.272   -1.261838134844   12.946899603605    2.0679    7.2034  -0.804    4
58868.913   -0.780711907967   -0.903301190647    0.7464    0.8024   0.204    6
58900.270    0.713581229324    0.845398810156    2.7525    0.7186   0.835    8
58928.270   -0.100979669626   -0.051098389520    0.3042    0.3404  -0.052   35
58968.229    1.268135319799   -1.019998792628    0.6393    0.7623   0.122   13
58990.249    0.291056311215    0.987800407870    0.4324    0.8953   0.016   49
59271.737   -0.769802621287    0.169801209893    0.1351    0.3695  -0.178   62
59298.250   -2.120455751952    1.436101209151    0.1313    0.2005  -0.365  173
59327.269  -19.220477928038   -5.971600788257    9.9992    2.9647   0.945   12
59354.250    0.017344090779   -0.463600792955    0.0920    0.2758   0.166  282
59355.269    0.394832129971    0.329799611620    0.3827    0.3726  -0.247    7
59368.228   -0.442245538881    0.035701208390    0.3991    0.3761   0.113   38
59375.249   -0.175525325052    2.216098805263    0.2882    1.0780  -0.495   21
59380.209    0.159725335392   -0.554299198541    0.4116    0.4993   0.419    3
59390.249   -0.549660012605    2.885799605679    0.2755    1.7007  -0.354   12
59404.249    0.617633244787   -7.101197991233    0.2890    2.2148  -0.435    6
59408.209   -0.517771343141   -0.496000795636    0.2188    0.3103  -0.012   27
59410.250   -0.148953667857   -0.067697988015    0.4542    0.4118  -0.014   17
59415.207   -0.528818248966   -1.177999189395    0.3227    0.2736   0.240   16
59417.249   -0.224617091262   -1.455901191605    0.1828    0.6909   0.543   11
59422.209   -0.702389966501    0.583999204196    1.1110    0.3536  -0.424    8
59425.251   -0.063636356821    0.115902001596    0.1653    0.6517  -0.669   54
59429.207   -0.317627956485   -0.638600391767    0.2614    0.3542   0.085   27
59431.249    0.256368153507    2.218302009283    0.2577    1.1803  -0.583   11
59437.210   -0.090768579487   -0.132800394681    0.2682    0.3017  -0.094   18
59444.208   -0.477910494384    0.099900005068    0.2451    0.2768  -0.392   39
59446.249   -0.741270654498    3.711898807524    0.2558    1.4089  -0.682   11
59460.250    0.400568725604   -4.041899998697    0.1564    0.8369  -0.668   34
59471.207    0.385742170776   -0.365900397981    0.4428    0.3111   0.205   11
59474.224   -2.608295384183    6.736399201657    1.6243    3.0685  -0.973   11
59485.207    1.072328796579    1.221300001930    1.0818    1.1432   0.707    4
59488.250    0.929806569858   -2.021399994590    0.3104    0.9911  -0.576   13
59492.209   -0.776657008748    0.551599201515    0.2326    0.2611   0.059   39
59500.208   -0.326439302502    0.002502011398    0.2533    0.2397   0.169   27
59506.209    0.450080087102    0.135201609908    0.1666    0.2195   0.147   55
59516.250   -0.050068564006    1.238799603698    0.8597    2.0984  -0.276    9
59527.207    0.182661676731    0.945900011118    0.4668    0.3810   0.493   11
59534.209    0.146577125939    0.753102003159    0.4896    0.5098  -0.504    3
59542.208    0.516653563236   -0.075999597016    0.3298    0.3060   0.407   13
59542.248    1.622408404472   -7.195697989459    0.1834    1.3622  -0.770    7
59543.249    1.359605458791   -0.387601195939    0.0733    0.1694  -0.177  202
59548.209    0.058463689623   -0.158698794905    0.2898    0.2979   0.102   24
59555.207    0.030492288307   -0.434800790572    0.1960    0.3644   0.215   36
59558.250    0.118323760405   -0.208598399354    0.3263    0.9300  -0.686   10
59562.209    0.142941822009   -0.311399993791    0.2396    0.3544  -0.035   23
59564.251   -0.685186869756    0.297601201282    0.5314    0.4635   0.252   18
59565.270    0.884491089687   -0.837399589670    0.5484    1.8202   0.079    4
59583.207    0.961836221431   -0.096199195809    0.3042    0.3020   0.075   35
59590.209    1.275409290623    0.247100400941    3.4609    0.9064   0.902    8
59594.585   -1.202958212897    0.792201606714    1.9780    0.8760   0.405    3
59599.249   -0.122519629807    0.341899206546    0.0826    0.2423   0.022  181
59600.250   -0.014124995323    0.195501611699    0.0964    0.2843  -0.690   48
59604.209    0.056926326357    0.137001603662    0.5105    0.3353   0.400   10
59607.248    0.476514125152    3.314199602755    0.5473    1.3385  -0.729    9
59611.207   -0.442943723497   -1.076000395983    0.2645    0.6750  -0.168   28
59614.272   -0.231471478724   -1.092797992897    0.5327    0.6769   0.084   10
59621.248   -2.690534593796  -14.405500792236    0.0797    0.2039  -0.185   23
59621.270   -5.737023980605   -2.533697987417    0.9594    0.3840   0.334    5
59625.207   -0.356649626591    0.701200812614    0.7085    0.3920   0.486   19
59627.249   -1.099877239644    0.999799206625    0.0846    0.1703  -0.188  196
59628.250   -2.208428206159    6.341202008286    0.3581    1.0374  -0.969   13
59642.250   -0.869943124187    0.942901206713    0.1504    0.3945  -0.940   14
59649.248    0.503367746564    3.912501605896    0.2794    1.5410  -0.430    4
59656.250   -0.484761530808    1.296500404635    0.0629    0.3131  -0.399   39
59667.207    0.121401861828   -0.495601192085    0.2987    0.3025   0.358   23
59670.272   -0.021117013855    0.096901200664    0.4338    0.3428   0.210   10
59674.209   -0.237345705427    0.245098802054    0.4539    0.3100   0.487   11
59677.248   -0.126715511134    2.118600002632    3.7832    2.6853  -0.079    4
59677.270    1.302682495398    1.227301204665    0.3257    0.4525   0.343   26
59683.271    0.330077981321    0.452199608958    0.4590    0.3683   0.299   16
59689.206   -0.609520083387    0.221900411645    0.2736    0.3502   0.200   14
59691.248    0.233851395530    5.722902011485    0.2633    1.3233  -0.645    5
59691.270    0.631761603074    0.100800008340    0.4743    0.4150   0.219    5
59704.251    1.545761457344    0.274201205741    0.1023    0.2505  -0.058  118
59705.270   -0.864629462956   -2.566699198780    0.4119    0.5703   0.578   11
59716.209   -0.459307653517   -1.095598798884    0.2804    0.4656   0.025   13
59719.248   -2.975297083021    5.834098810453    2.7956    4.9306  -0.992   11
59752.208   -0.359724365050   -0.678398393461    0.4892    0.4198   0.040   11
59754.268   -0.407137785884   -0.109699193729    0.3606    0.3327  -0.148   26
59758.210   -0.222381531453    0.120200400033    0.4109    0.3169   0.318   39
59761.270   -0.361543692534   -0.435099597951    0.4059    0.3999   0.157    9
59765.208    0.103500568541   -0.279100800071    0.2228    0.2674  -0.062   63
59767.249    0.449798122884    0.657900000078    0.2275    2.1841  -0.209    7
59772.210   -0.492176483741   -4.490701199700    0.3322    0.5509  -0.347   12
59775.248    0.678194875074   31.368600005521    0.2429    5.4258   0.401    3
59775.270   -0.046711861329   -0.117601199179    0.5117    0.6038   0.351    4
59779.208   -2.288851439327   -0.113101195609    4.1905    0.8472   0.868    4
59786.210   -0.882111172880   -1.199599191182    0.8486    0.5384   0.562    7
59787.229    1.009528255445   -0.366901197424    1.2914    0.7436  -0.231   23
59789.270    0.005874238628   -0.719099992352    0.5629    0.4279   0.075   20
59795.250   -3.309708564814   34.869700803597    0.3298    1.8146  -0.819   10
59795.271    0.096505198970   -0.013798792509    0.6127    0.4034   0.324   17
59803.248   -6.964875505321   13.276101600468    5.1278    8.4106  -0.975    9
59803.270   -0.334129505650    0.194500812256    0.4333    0.4322   0.224    7
59817.270    0.306718681730   -0.049100397348    0.3984    0.4794  -0.049   21
59824.272   -0.190351867955   -0.039797988904    0.3350    0.2707   0.279   19
59831.270   20.500502695276    5.514901201309   24.2728    6.5200   0.997    4
59838.269    0.069094363124   -0.022100388719    0.5049    0.5918   0.443    8
59845.271    0.128675832652    0.861501602856    1.0078    0.4251   0.270    9
59852.269   -2.761307302296   -0.248698789562    4.9393    0.6709   0.764    3
59859.271    0.614837119507    1.343998806647    0.4765    0.4278  -0.141    8
59879.272    1.141278826556   -0.314701199500    0.9968    0.5427   0.370    3
59901.271    0.343924375390    0.385999200603    0.5540    0.4376   0.067    7
59908.269   -1.040715365404    0.042102001885    0.5317    0.3787  -0.023    6
59915.271    0.028253365534    0.624402008498    0.4382    0.3350   0.275    9
59922.269   -1.218063380904   -0.002897995444    0.4758    0.3272   0.114    9
59935.272   -1.791357931390   -0.153399597025    0.5787    0.2912   0.141   13
59949.268    0.255948558219   -0.447800388770    2.7480    0.6658   0.757   10
59957.271   -4.709591080835   -1.188799190288    2.6642    0.6465   0.770    7
59964.269   -0.046711861329    0.627199207770    0.4279    0.4018   0.087   16
59971.271   -5.206665005409   -0.590399997691    4.2704    0.5220   0.586    3
59978.269    1.485481803200    0.098701207207    0.7300    0.6827  -0.500    3
59985.271    1.642266656314    0.633999604815    2.5895    0.6039   0.788    9
60061.250   -0.810361654659  -10.632999594407    0.6298    2.8420   0.663    7
60082.248    2.904108154122  -14.332600795797    2.1585   10.2687  -0.696    3
60202.270   -0.464064100316    1.023400807298    0.4459    0.4630  -0.046    6
60223.271   -0.711899509060    0.642600008405    0.4826    0.4071  -0.152    3
60251.250    2.635011386450   -5.423299198526    0.4016    1.0172  -0.931   11
60251.271   -2.394027002205   -1.256698796226    5.5749    1.1425   0.892    4
60258.270   -1.352751059404   -1.190199593282    1.0162    0.4646   0.487    5
60265.271    0.044617295555   -0.055699189261    0.3914    0.3480  -0.051    8
