%-----------------------------------------------------------------------------
%                R.A. (mas)        Dec. (mas)        Err. (mas)     Corr. Del.
% Uncertainty in R.A. is in R.A. cos(Dec.)!!!!
%-----------------------------------------------------------------------------
47236.917    0.204499896362    0.374299202832    1.3134    2.5640   0.885   23
47415.251   -0.564294675101    5.459601602809    1.4554    3.4901  -0.072    6
47502.921    0.155579706657   -0.222098397273    0.7653    1.3486  -0.065    7
47512.641   -0.287428729489   -2.488298399328    0.9682    3.5347   0.765   18
47516.918    0.212603474755    0.233100003300    0.9372    1.3466  -0.248   11
47535.001    7.932946214332   -6.476799595845    0.9130    1.1895  -0.159   20
47540.962    0.714952490852    1.077300002805    0.3496    0.6859   0.224   29
47577.107   -1.257826346448   -3.915900001061    1.1007    2.2665   0.202    7
47587.904    1.082124898383   -1.789099198390    1.7297    2.3760   0.804   10
47601.915   -0.796724664191   -1.683298799549    1.7933    4.9034   0.814    6
47610.794    4.299562194523    0.356400003909    0.8573    1.7589   0.156   12
47620.338    1.102243172193    3.483500400137    2.8850    6.5581   0.874    9
47659.248  -12.428904714485 -224.192897999842    0.8824    2.8363   0.039   12
47664.234    0.169331125555    6.512900401390    0.5509    2.2162   0.052   12
47682.354    4.215330815701    1.202799600719    0.6625    0.7748   0.455   16
47688.914   -2.434460583250   -0.333500395300    1.0488    0.9261   0.614    7
47705.314   -5.055477182596   20.356999203130    0.7686    1.8436  -0.415   48
47710.340   -0.722045295364   -0.204598795506    0.6139    0.7866   0.165   30
47717.290    0.691360757740   -0.449798400126    0.3351    0.6909  -0.021   14
47726.246    1.466376298207   -2.646399598660    0.8901    2.1687   0.486    6
47731.053   -4.807267279312   -4.334698795105    0.7779    1.6151  -0.151   35
47743.205    0.332726118727    0.416098803413    0.3486    0.5504   0.115   32
47746.054    4.779913782680  -16.980800401001    0.6515    1.4754  -0.052   36
47756.252   -0.943624184020   -3.545298000773    0.7123    1.0792  -0.226   43
47763.158    0.122727723024    0.673700404263    0.7591    1.2893   0.131   43
47770.336   -5.266343933870   -6.276797999760    0.6484    1.3996  -0.062   26
47777.232   -1.891298435777    6.679400399179    0.5915    1.0071   0.082   29
47780.311    1.025827067546    6.440400002106    0.4319    0.9498   0.268    6
47787.258   -1.085747711191   -5.104699197744    0.6366    0.8241   0.337   15
47797.258    1.953963109186    0.965901598704    0.6882    1.4482   0.009   25
47805.352    1.844114969552   -1.977400796704    0.5414    1.0168   0.438   25
47811.360    0.288731287525   -0.179999995709    0.6938    0.8067   0.295    4
47816.324    2.053536756820    1.453302003540    0.7062    0.8498  -0.126   14
47823.180    0.540265284266    0.795402003462    0.7448    1.2694  -0.133    7
47830.343   -0.073376823131    0.105001204531    0.7594    1.3108  -0.138    6
47840.328    0.423036048243   -0.277898395495    0.7439    0.8321   0.576    4
47857.232    4.197383455497  -13.839199201016    1.1652    1.0277  -0.306    4
47865.352    0.427957939149    0.928800000111    1.3042    0.9004   0.266    3
47874.242   -0.003185155084   -1.277100000152    0.8722    1.5302   0.403    4
47878.095   -1.066351919384    0.595699201966    0.5622    0.6301   0.359    5
47888.151    8.385364242163    8.143401601046    1.3081    1.7184   0.842    3
47895.090    0.021709123724    0.390999603894    0.5637    0.7208  -0.035    8
47902.425    1.431641705186    1.458500398854    0.4281    0.8067   0.251   15
47909.233    0.284243574404    0.761500801616    0.6182    0.7872   0.214    9
47916.352    2.474693663272    9.047401202622    0.8607    1.1489  -0.014    8
47923.083   -1.112521131790   -1.011499198000    3.1998    1.0843   0.599    6
47929.260    0.521307150182    0.749001603140    0.5635    0.8612  -0.008    7
47943.183    0.986316481866    1.755702002981    0.4630    0.5856   0.356   18
47958.100    0.826391480399   -2.323598395293    0.5292    0.8749   0.256   20
47972.100    2.934781104051    2.232100801791    0.5343    0.9144   0.266   20
47986.071    1.842089941854   -3.326101199264    0.4369    0.7735   0.178   20
48027.256    1.806198689044   -1.259398799647    0.5009    0.6740   0.208   22
48041.271   -0.794845522400   -0.522601200714    0.4709    0.6682   0.031   18
48047.246    2.559359232220   -7.025698800334    0.6062    1.0054   0.255   16
48055.318   -0.807870991698   -7.071998398089    0.5267    0.8277   0.312   16
48069.234   -0.704969770669    2.869401599526    0.5050    0.9670  -0.067   18
48078.168    0.034442821206    0.657000003201    0.6200    0.9458  -0.001   26
48082.248   -1.264773265052   -8.981600397817    0.7713    1.3785  -0.034   11
48090.364   -0.218539619479   -9.423197997904    0.3932    0.7526   0.095   25
48097.245    9.789364171180    4.552002000935    0.6555    0.8290  -0.057   10
48104.251   -0.003039281517   12.857101201291    0.4878    0.8102   0.355    7
48111.253   -2.528243984408    1.683100801131    0.5465    0.7677   0.365   10
48126.246   -0.028947801803   -0.678301197610    0.5083    0.9398  -0.017    7
48132.269   -2.551689831613   -3.299299195447    0.4530    0.7915  -0.014   11
48146.415   -2.821897150499  -10.313398800577    0.5876    0.8415  -0.117   32
48155.346   -0.919890044938   -0.187199996304    0.7431    1.2557   0.035   17
48160.346   -2.236039237581   -0.557398799117    0.6573    0.8321   0.353   11
48167.242   -2.423751913466    1.600401603241    0.3964    0.6357   0.038   20
48179.244   -1.759887058328  -14.424699597981    1.2122    7.6228  -0.295   12
48181.275    0.773278816986    3.910701599352    0.4737    0.7035   0.195   20
48188.346   -1.933994188881  -21.119900401345    1.2279    8.4720  -0.273   10
48196.403    0.745779434446   -2.535699599093    0.3949    0.5767   0.007   21
48204.253   -1.490839866828   -3.233898000587    0.8597    1.2104   0.431    3
48210.316    0.502349016098   -0.092401197094    0.5196    0.5433   0.469   14
48224.224    0.758516611867   -2.113099199619    1.0931    0.8913  -0.075    7
48237.333    6.631989924655    0.444600004812    0.4385    0.6365   0.166   22
48253.423   -2.439382474156   -0.451799999013    2.0545    1.0609   0.262    5
48260.351   -0.720308559543    1.030600801499    0.7234    0.8381   0.002   13
48265.352    0.159053165959   -4.117499998557    0.4335    0.7394   0.051   21
48272.328   -0.008975413901    1.309701601571    1.2862    1.0569  -0.192    4
48279.249    0.095228352824    1.093500004146    0.6766    0.9424   0.099    5
48280.345    6.340073482045   -7.379899200544    0.7236    1.0832  -0.243   16
48285.334   -3.136391072402   -0.295199998845    0.6842    0.9327  -0.016   23
48295.342    0.456179791351   -0.167500797232    0.5285    0.6810  -0.083   13
48299.247    0.200880551152   -0.346798800877    0.5468    0.7031   0.177    7
48301.409   -0.017513182419   -0.415900798600    0.4333    0.6073  -0.082   17
48307.271    3.353767096897    3.249000000238    0.3991    0.4849   0.356   19
48315.332    0.043418235107   -0.947498399739    0.7300    0.9482  -0.083    8
48322.232   -0.288588869215    0.755999998603    0.5682    0.8417   0.367   17
48327.269    2.792803462788    5.964501603017    0.5417    0.7452   0.248   19
48327.977    0.984291454168   -0.332798396840    0.8957    0.8661  -0.688   14
48329.259    1.243932509239    2.502500402102    0.6503    0.8333  -0.228    6
48336.415    0.304504254184   -5.727099600961    0.5627    0.8668   0.211   11
48349.261    3.978701417708    3.667399203522    0.4735    0.8306  -0.011    8
48350.364   -1.828053686335   -3.132698395092    0.4790    0.7248   0.000   24
48356.259   -3.286326406150   -8.601199196079    0.4771    0.7994   0.282   33
48407.357   -0.697442776032   -0.613997998045    0.6892    0.9311  -0.082   14
48573.254    0.302767530703   -1.062698396481    0.3066    0.8183   0.061    8
48580.256   -4.673539102348   -3.373801200013    1.1725    0.4989   0.336   10
48636.252   -0.947243529230   -1.274500799298    0.4863    0.5939   0.484    8
48664.248   -0.004487713120    0.850899600380    0.8299    1.1339   0.577    3
48713.258   -0.086982356122    1.055800803584    0.5311    1.7709  -0.020   12
48804.428    6.539220777314   -3.996698396236    3.2816    2.2775   0.144   10
48831.876   -2.107521255742   -0.039599996882    0.5421    0.4083  -0.269   10
48833.125   -1.584477382079    1.977800400255    0.5645    0.5695  -0.139    3
48838.878    1.987395156512   -0.635597999832    0.3644    0.3715   0.074   11
48840.135   -1.165637262800    1.737100799204    0.2848    0.4947  -0.058   11
48888.249   -0.997462809373    0.012301200059    0.5414    1.3626   0.410    4
48931.254    1.016129171642   -1.511200796500    0.2848    1.0180  -0.173   12
48959.173    0.273823196498   -0.470998798363    0.5981    1.1066   0.224    4
49022.175   -0.808447587793    0.133599601781    0.7072    1.6665   0.231   13
49028.085    0.593815605402   -2.441098798300    0.4640    1.1355  -0.004    6
49056.085   -0.161373433071   -0.825098396007    0.3619    0.4259  -0.047   28
49125.168    0.019972387902   -0.114901195758    0.3024    0.3894  -0.025   18
49153.168   -0.174833080154   -1.388699996596    0.1714    0.2037  -0.103   45
49209.169   -1.258694714358    1.653001204716    0.2912    0.7178  -0.267   14
49216.170    0.160935775348   -0.269999996760    0.1913    0.2937   0.053   37
49225.335   -0.491640333974   -3.017300399932    0.3900    0.9039  -0.186   22
49247.418   -0.365147379832   -0.515700001102    0.2829    0.4559   0.433   41
49267.335    0.291336378916    2.045901604930    0.2109    0.7709  -0.378   24
49272.167    0.692955075251   -1.330498795937    0.2871    0.4191   0.024   32
49293.169    0.456325677259   -2.022299997861    0.3614    0.7814   0.011   18
49328.167   -0.601776777825   -1.020200397761    0.4059    0.3120   0.181   33
49363.173    0.484401643554   -1.850101198642    0.4201    0.8096   0.335   25
49365.302    0.130254717661   -3.495999598613    0.2069    0.3186   0.030   38
49366.303    0.360225488927   -0.799801198070    0.4632    0.3594   0.064    8
49367.336   -0.389027404822   -1.711800000948    0.2531    0.4272   0.151   31
49370.324   -0.230262543081    0.532602000902    0.4120    0.4446  -0.115   35
49372.322   -0.817565420004   -0.527597997291    0.5052    0.5797  -0.222    6
49373.363   -0.274837437976    0.514400400675    0.6824    0.7905  -0.529    5
49374.360    0.742017683267   -0.618699600352    0.4471    0.4790   0.160    8
49377.308    0.408999805065   -0.158597998734    0.3340    0.5377   0.133   30
49391.165   -0.205514150181    0.780699600966    0.5990    1.2210  -0.245   27
49426.167    1.208617852525   -0.638499595595    0.3967    0.4149  -0.225   28
49482.167    0.178883135551   -0.884897998077    0.2042    0.3354   0.029   61
49519.335    0.664153147016   -0.091699198634    0.9282    0.7739  -0.528    7
49524.168    0.189445931768   -0.270799197466    0.2532    0.2999   0.051   32
49541.250   -0.949268556928    0.729298803748    0.5346    0.6935  -0.122    9
49573.085    0.668783278446   -0.550400397259    0.3811    0.8217   0.025   16
49594.168    0.090886525611   -0.046799997477    0.2139    0.3183   0.002   72
49629.086    0.230550847299    0.009900004017    0.3734    0.5983  -0.079   29
49659.339    0.272666536710   -3.368800796721    0.3653    1.5848   0.256   13
49692.084   -0.319124040993    0.562701603712    0.3427    0.5459  -0.168   25
49706.168    0.168751061862   -0.650800795654    0.1693    0.2714  -0.035   82
49721.249   -0.002028495296   -0.393098398632    0.1651    0.2833  -0.025   37
49728.251    0.209130015452   -0.384901198913    0.1357    0.2481  -0.123   68
49741.170   -0.204791668178   -0.066898800100    0.1976    0.2860  -0.067  108
49749.249    0.228522339662   -0.616298397915    0.2045    0.3328  -0.064   32
49756.251    0.353424456230   -0.022298399927    0.1335    0.2502  -0.093   66
49763.253    0.244010494382    1.029099602334    0.3406    0.9548  -0.802   59
49770.251    0.855915878297   -1.039201198694    0.3787    0.6747  -0.697   60
49777.249    0.181776531161   -0.374000395453    0.3764    0.4282   0.052   11
49784.251    0.167736808044   -0.928198797823    0.1209    0.2400  -0.091   67
49791.249   -0.122297012836   -0.653101195525    0.1934    0.4363  -0.207   28
49798.251   -0.114624144631   -0.066999596271    0.1431    0.2556  -0.054   65
49805.249    0.332872004635   -0.686800798633    0.2207    0.4308  -0.366   33
49812.251   -0.109994025541   -0.279698395644    0.1571    0.2613  -0.068   50
49819.249   -0.010566263814   -0.269798398023    0.1780    0.3705  -0.068   39
49826.251   -0.012883063328    0.088200000903    0.1343    0.2534  -0.010   91
49840.251   -0.027645256107    0.170200800653    0.1876    0.3358   0.005   61
49847.249   -0.155437288347   -0.507499201063    0.1984    0.3926   0.014   33
49854.251    0.144148554870   -0.257198396980    0.1376    0.2657   0.051   75
49861.249    0.027787674417   -0.549000000660    0.1938    0.3068   0.019   29
49868.251   -0.168320351675   -0.706399195138    0.1510    0.2799   0.117   53
49875.257    0.223458042787   -0.961801198684    0.2039    0.3778  -0.153   36
49882.251    0.129528755720   -0.143899196559    0.1435    0.3353   0.021   81
49883.336   -0.018527423897    1.007499600547    0.3191    0.8032  -0.323   37
49889.253    0.109122190033   -1.152698397533    0.2927    0.3129  -0.141   19
49896.251   -0.262392044711   -1.374299995405    0.2152    0.4530   0.272   97
49904.250   -0.015630560690   -0.869101200607    0.3235    0.3723  -0.092   19
49910.251    0.113464017245   -0.296999998994    0.2299    0.3756   0.380   47
49917.253   -0.104349652632   -0.321400800374    0.2625    0.3577   0.259   20
49923.002   -0.007238690420   -0.627901199834    0.1923    0.2648  -0.170   78
49924.251    0.331135268813   -1.966298400902    0.1951    0.5616  -0.140   45
49930.168   -0.401330404457    0.038901598742    1.0752    5.3911  -0.692    9
49931.250    0.267022163801   -0.135100800946    0.1986    0.3063  -0.155   39
49938.251    0.182210708946   -0.053701197089    0.1714    0.3751   0.143   63
49945.253    0.160789889440    0.040302001736    0.2072    0.2916  -0.093   47
49952.251   -0.267602227494    0.014000404036    0.1640    0.3339   0.026   57
49959.250    0.300308325219   -0.492598800150    0.1525    0.3267   0.073   81
49966.251    0.133582291056    0.215100001810    0.1389    0.3099   0.018   71
49973.250    0.036037138717   -0.386398797758    0.1963    0.2650  -0.013   32
49979.086    0.178737249644   -0.132098396222    0.1772    0.2929  -0.100  197
49980.252    0.185395876370   -2.037599995930    0.1897    0.5523  -0.238   32
49987.253   -0.204211604485   -0.905000401019    0.2689    0.4108  -0.195   58
49994.252   -0.017659068326   -0.502801199076    0.1411    0.3293   0.009   77
50001.250    1.386778518413   -4.075498799239    0.4693    1.2034  -0.668   42
50008.252    0.070191655706   -0.364899598537    0.1783    0.4199  -0.101  136
50015.250    0.025470874903    0.018201600227    0.1927    0.2912  -0.056   57
50022.252    0.192485200945   -0.096299998376    0.1401    0.2865  -0.051   55
50029.250   -0.015053964594   -0.611999999478    0.1981    0.3761  -0.264   42
50036.252    0.105794616638   -0.382201195492    0.1393    0.3146   0.177   80
50038.085   -0.200738145183   -0.325997999795    0.2523    0.2474  -0.157   54
50043.250    0.090598233734   -0.144899996002    0.1729    0.3098  -0.220   43
50050.252    0.149212851745   -0.366800401252    0.1540    0.3225  -0.064   58
50057.250   -0.119980225662   -0.306698397878    0.1610    0.3590  -0.161   68
50064.252    0.007235210482   -0.122399997338    0.1106    0.2578  -0.064  138
50065.333    0.025324988996   -0.526100398446    0.2520    0.5129  -0.070   58
50071.250    0.378172849130   -0.128998795645    0.2060    0.3793  -0.062   31
50078.252    0.160647483470    0.135799199086    0.1740    0.2162  -0.055   82
50085.250    0.167448516167   -0.136098000070    0.2136    0.2780  -0.111   48
50092.252    0.234746776263   -0.967500000115    0.1530    0.3469  -0.197  108
50099.254   -0.449958822348   -0.667699195134    0.2004    0.3325  -0.251   40
50106.252   -0.021132527628   -0.055900800788    0.2306    0.3687  -0.220   37
50113.250    0.179317325677   -0.515300397552    0.2163    0.4802  -0.045   30
50120.252    0.000288304218   -0.098999995402    0.1276    0.2146  -0.053  108
50127.254    0.289307871280   -0.287600401094    0.3407    0.5763  -0.011    8
50134.252    0.142846009174   -0.879699596368    0.2503    0.4050  -0.071    6
50141.250    0.727689668273   -0.053200797367    0.2681    0.3906  -0.208   27
50148.252    0.202905578851   -0.641599196172    0.1079    0.2164  -0.145  123
50149.333    0.236917689870   -0.340498797158    0.1925    0.2588  -0.057   95
50155.250    0.215788642179   -0.298598400406    0.2046    0.2922  -0.243   33
50162.252    0.474269569865   -0.402998396254    0.1915    0.5945  -0.159   18
50168.169   -0.197264685880    1.360400400330    0.6151    1.2475  -0.579    5
50169.250    0.190460173246    0.110699999567    0.1204    0.2238  -0.074   48
50176.252   -0.193645340671   -0.028998000801    0.1611    0.2814   0.023   45
50183.250    0.155725592564   -0.030798000950    0.1644    0.2967  -0.124   66
50190.252   -0.041393207408   -0.122799600888    0.2593    0.4248  -0.226   24
50197.009    0.529702500390    0.414899999157    0.4192    0.9778   0.231   86
50197.250   -0.293364874213    0.271900799476    0.2005    0.4248  -0.236   20
50198.335    0.014904611089    0.257101201129    0.1803    0.3495   0.048  112
50204.252   -0.179609085152   -0.271097998450    0.1898    0.2689   0.184   63
50205.333   -0.234604370294   -0.176799598961    0.2171    0.3472   0.055  141
50211.250   -0.036328910533    0.016002002923    0.3890    0.9902  -0.654   25
50218.252    0.304938444310   -0.478900797418    0.1962    0.2847   0.171   53
50225.250    0.082494655341   -0.881600399083    0.2930    0.5124  -0.280    9
50232.252   -0.048340126013   -0.385898398036    0.3252    0.4551  -0.242   14
50239.250    0.141251679323   -0.972799197996    0.2236    0.3650  -0.148   32
50246.252    0.488743470767   -0.737600399958    0.2155    0.3928   0.122   24
50253.254    0.045297376898    0.097200001647    0.2203    0.5199  -0.177   33
50255.025    0.064693181045    3.187699199003    0.9650    0.9843  -0.176   28
50256.026   -1.087918624797    0.398998798801    1.0467    1.0097  -0.155   28
50260.252    0.086110520613   -0.522698396566    0.1484    0.2627  -0.039   76
50267.250    0.617261452606   -0.294800395295    0.3079    0.4183  -0.379   22
50274.252    0.024748392900   -0.128098798768    0.1630    0.3330   0.108   43
50281.250    0.067298272437   -0.722998800029    0.2387    0.4356   0.543   58
50288.252   -0.091904247027   -0.043099201008    0.2101    0.4514  -0.265   25
50295.254    0.470796110563   -0.192797995169    0.2061    0.3441   0.101   33
50302.252   -0.159925001467   -0.339497997714    0.2491    0.4231  -0.120   21
50309.250   -0.341993304443   -0.459197998026    0.2048    0.4478  -0.026   14
50316.252   -0.099139469849   -0.117100799457    0.1353    0.2403   0.072   74
50323.250    0.153842970835    0.063500404934    0.2695    0.3863  -0.066   16
50330.252   -0.369780966520   -0.526600798167    0.1342    0.3442   0.059   93
50337.251    0.046457516624    0.414601204568    0.2239    0.3344   0.135   24
50344.252    0.206090746276   -0.558298795994    0.1522    0.3554   0.069   77
50351.254   -0.039368179710    0.334501201138    0.1627    0.3913  -0.071   43
50358.252   -0.234170180168    0.120898804568    0.1500    0.3299   0.043   59
50365.254    0.287428729489   -0.092599195511    0.2380    0.4003  -0.034   23
50372.252   -0.140532677258   -0.227498397720    0.1859    0.2975   0.058   28
50379.251   -0.003907637087   -0.184499999278    0.1931    0.3245  -0.206   44
50386.252    0.473112910077    0.734601601948    0.2146    0.3773   0.130   26
50393.251   -0.030972829502   -0.087901199919    0.1977    0.3760  -0.038   21
50400.252   -0.004776004998    0.226299599859    0.1723    0.3567   0.168   46
50407.247    0.463560900081    0.153799200575    0.2534    0.3935  -0.120   22
50414.253    0.167736808044   -0.447699598993    0.1967    0.3530  -0.084   28
50421.251   -0.417541028840    0.394002002224    0.3114    0.5531  -0.316   18
50428.249   -0.028513624018   -0.109000795590    0.2962    0.2845   0.225   52
50435.251   -0.012157101387    0.015101999651    0.1478    0.2970  -0.263   26
50441.084    0.176566348377   -0.319298398921    0.3376    0.7191  -0.038    9
50448.254    0.498149594855   -0.288698396389    0.2999    0.4654  -0.089   23
50456.253    0.238942717568   -0.173699998385    0.1778    0.3283  -0.167   21
50458.831   -0.001882609389    0.468799201059    0.1474    0.2036  -0.113  126
50463.254   -0.169477011463   -0.085899601032    0.1612    0.2818  -0.061   58
50470.253    0.393369232035   -0.569599196609    0.2596    0.3698  -0.400   30
50477.251   -0.175267270279   -0.233798395044    0.1781    0.3354  -0.293   31
50484.253    0.184235736644   -0.759499196334    0.2505    0.4242  -0.050   12
50491.251    0.108833898155    0.032299200114    0.2486    0.4777  -0.330   20
50498.253    0.241405402990    0.277999204457    0.2595    0.3619  -0.200   16
50505.251   -0.056443704405    0.085399201311    0.2628    0.4289  -0.102   32
50512.253    0.123741976842    0.093700803916    0.2156    0.4379   0.020   19
50519.255    0.232864166875   -0.698299197666    0.3152    0.6192  -0.314   14
50526.253    0.182499013163   -0.045601199616    0.1545    0.3081  -0.141   30
50533.251   -0.015196382904   -1.386601195463    0.2363    0.5520  -0.260   28
50539.172    0.777186454074   -2.166998395126    0.0682    0.3075   0.061  280
50540.253    0.387290681341   -0.473000397250    0.1963    0.3363  -0.032   14
50547.251    0.049205026326   -0.994499995954    0.2575    0.4548  -0.255   21
50554.253   -0.267456341586   -0.120301196205    0.2214    0.4992   0.046   14
50560.082    0.230985025084   -0.283697999492    0.2045    0.5670  -0.079  212
50561.251   -0.050222747742   -0.974700000711    0.2213    0.6825  -0.486   30
50568.253    0.072216683405    0.217299599115    0.1688    0.2910  -0.046   28
50575.251    0.212749360662   -0.942998396170    0.2370    0.6664  -0.381   25
50582.253    0.161804143258   -0.402400800681    0.1988    0.4121   0.054   23
50588.082   -1.371005527073    1.713700803663    0.0716    0.1894  -0.116  248
50589.251    0.149066965838   -0.216601200975    0.2546    0.3338  -0.062   19
50596.253   -0.229248289263   -0.522100800993    0.2232    0.3366  -0.063   14
50603.251   -0.107823111935   -0.065098799951    0.2303    0.6238  -0.259   20
50610.253   -0.010420377906   -2.085998401213    0.2972    0.5877   0.017    8
50617.251   -0.401476290365    1.341601204530    0.2727    0.8955  -0.089   21
50624.253   -0.343584142016    0.898401602711    0.2252    0.5267  -0.055   19
50638.253    0.286268602103    0.493902000898    0.2287    0.5034  -0.038   21
50652.253   -0.070917617647    0.232200000028    0.2369    0.6062  -0.037   13
50654.331   -0.125770472138   -0.195001199188    0.0651    0.1521  -0.087  242
50666.253    0.064113105012    0.084898801589    0.2025    0.6086  -0.115   12
50680.253    0.192051023159    0.243000000921    0.2515    0.6916  -0.072   17
50694.253   -0.197844749573    0.102301201110    0.2167    0.5793  -0.002   16
50700.090   -0.464432735589    0.637498802547    0.1703    0.2667  -0.461  150
50708.253    0.431143106573   -0.451699196446    0.3667    1.4046  -0.278    9
50722.250   -0.371951880127   -1.143899995526    0.3527    1.2697  -0.367    9
50736.253    0.196538736280    1.169398798595    0.2391    0.8156   0.010   20
50750.253   -0.119546035537    0.245700004342    0.1822    0.5147  -0.113   23
50764.253    0.125044522538    0.750999601706    0.2074    0.5750   0.013   12
50778.253    0.152686311047   -0.501299999911    0.2091    0.5851  -0.139   14
50792.250    0.289019579402   -0.193899597178    0.2886    0.5844  -0.237   16
50800.340   -0.075981914522   -0.368398796269    0.0661    0.0981  -0.111  126
50806.166    0.535781051083    0.120301202600    0.1852    0.4028  -0.059   24
50820.250    0.198855535794   -0.357901196679    0.2298    0.5786  -0.231   16
50834.254    0.147476128264   -0.356698798498    0.1778    0.4443  -0.099   21
50848.254    0.158764861741   -0.605998796743    0.1564    0.4395  -0.213   32
50854.079   -0.649971017929    0.921301204926    0.3086    0.4269  -0.899  214
50862.254    0.245455458388   -0.167400001061    0.2549    0.3923  -0.286   18
50876.254    0.280770115102   -0.268999197317    0.1454    0.3404  -0.072   38
50890.254    0.314056276520   -0.022697997082    0.2877    0.4212  -0.021   10
50897.252   -0.049788557616   -0.221299196568    0.3645    0.4980  -0.051   15
50904.254    0.102609449214   -0.143099995853    0.3649    0.4505  -0.165   14
50918.254    0.969529249048   -0.323398798940    0.2320    0.3683  -0.012   25
50919.324   -0.431577284359    0.712000800718    0.1002    0.1653   0.001  138
50925.252   -0.055867108310    0.624099600799    0.5353    0.9043  -0.354   11
50932.254    0.141251679323   -0.602099995461    0.2006    0.4056   0.041   29
50939.252    0.072074277435    0.778301998849    0.2615    0.4590  -0.105   37
50946.254   -0.053838613013   -0.640900798032    0.2409    0.3700  -0.131   51
50960.254    0.432879830054   -0.026798397101    0.2064    0.4287  -0.060   21
50974.254    0.277296655800   -0.065998796828    0.3880    0.4072   0.057    8
50988.254   -0.248498207502   -0.113198397855    0.2494    0.3451   0.036   16
50989.324   -0.117086830053   -0.244900797242    0.1480    0.2628   0.003   61
51002.254    0.300742503005   -0.186598800411    0.2402    0.3573  -0.071   14
51016.250   -0.596132404916   -0.229298397869    0.4307    0.3719   0.021   15
51030.254    0.188869335673   -0.493999196749    0.2192    0.3678  -0.060   30
51036.087    0.238508539783    1.475398804729    0.0653    0.1397  -0.459  163
51037.252    0.024602506993    0.793900804297    0.3330    0.4764  -0.229   17
51044.254    0.441563484480   -0.277801199644    0.2502    0.3878  -0.088   20
51051.252   -0.139230131562   -0.458899197042    0.2811    0.4253  -0.172   29
51058.254    0.269481369285    0.119800802878    0.2328    0.4181   0.083   30
51072.250    0.228088161877   -0.483497996839    0.2353    0.3468  -0.084   19
51086.254   -0.512192785569    0.075898800844    0.1767    0.2780   0.054   35
51088.084    0.329544431240   -0.534898800453    0.0735    0.1392  -0.071  319
51100.250    0.374987694046    0.927900003234    0.2504    0.4172   0.058   23
51114.251    0.363553062321   -0.507499201063    0.2407    0.4048   0.023   27
51128.251   -0.112019053240    0.893901599142    0.2353    0.4543  -0.073   20
51142.251    0.205802442058   -0.451000798307    0.1867    0.3710  -0.042   22
51156.251    0.157174024168    0.848199603354    0.1950    0.3445  -0.077   37
51169.166   -0.091470069242   -1.115999996415    0.0686    0.1064  -0.130  217
51170.251    0.025324988996   -0.110800795738    0.1989    0.3147  -0.065   29
51184.251    0.142846009174   -0.176698796395    0.2590    0.3198  -0.134   14
51198.251    0.110282329759   -0.087400800197    0.1756    0.3220  -0.017   30
51212.251    0.309860335215    0.322002002662    0.2952    0.3700   0.025   20
51224.918    1.314558355071   -0.316000799927    1.7433    1.0207  -0.222    4
51226.251    0.338516365203   -0.662101196269    0.1969    0.2770  -0.052   44
51240.251    0.326070971938   -0.468601196246    0.2529    0.4102  -0.228   13
51246.084    0.228814111477   -0.281199601204    0.0602    0.1015   0.030  266
51254.251    0.171210267346   -0.443800797711    0.1945    0.2968  -0.080   24
51268.251    0.255733417984   -0.290098799383    0.1828    0.3753  -0.168   26
51282.251    0.648956764111   -0.262400399009    0.2843    0.3655   0.159   34
51284.084    0.115346626634   -0.625100400242    0.0680    0.1499  -0.207  191
51289.249    0.104926248728   -0.607100398753    0.2216    0.3609  -0.210   22
51296.251    0.004195941305    0.207799198648    0.2460    0.4653   0.014   19
51297.270    0.254573290598    0.103600801538    0.2754    0.4103   0.117   18
51303.249    0.150515397441   -0.091501200217    0.1757    0.3147  -0.238   35
51309.086    0.535055101483   -0.462099600185    0.0797    0.1347   0.083  207
51310.251    0.213617728573   -0.320900400652    0.2973    0.4115  -0.048   15
51317.249    0.544752997386   -0.118900799606    0.2182    0.3328  -0.179   30
51324.251    0.383817222039   -0.377798400564    0.1798    0.3479   0.073   35
51338.251    0.659957218051   -0.792500401303    0.2404    0.3782  -0.180   27
51351.086   -0.317244899203   -0.796499998756    0.3210    0.2414  -0.028  212
51352.251    0.367752471224   -0.751499995033    0.2343    0.3739   0.025   23
51366.251    0.271072219199   -0.337899596303    0.2669    0.3347   0.049   32
51373.253    0.372236704406   -0.015598799052    0.1928    0.2662  -0.206   35
51380.251    0.782539055167    0.360500403929    0.2702    0.4275  -0.113   29
51387.249    0.165857666253   -0.490100395467    0.1716    0.3558  -0.071   54
51393.082   -0.160793369378   -0.584398801351    0.1875    0.2114  -0.581  191
51394.251    0.589762082407   -0.093797999767    0.1843    0.3226  -0.046   27
51408.251    0.586434509012   -0.029199599538    0.2165    0.3835  -0.038   35
51422.251    0.347200019629   -0.143398796837    0.1943    0.3938  -0.109   34
51436.251    0.584843659099    0.834300001884    0.2225    0.3872  -0.010   28
51449.166    0.643312403543   -0.949899595781    0.2054    0.4500  -0.258   22
51450.251   -0.261523676800   -0.506998801342    0.2173    0.3933   0.069   39
51457.249    0.118531794059    0.125701203046    0.1758    0.3241  -0.091   41
51464.251    0.235326852297    0.241002002355    0.1995    0.3892  -0.015   23
51478.251    0.571526417985   -1.266998397398    0.2201    0.6599  -0.309   28
51492.251    0.400316150639   -0.175100401378    0.2244    0.3750  -0.124   23
51506.251    0.588605422619   -0.202899597923    0.3147    0.4050  -0.002   31
51520.251    0.366592343838   -0.080200799601    0.1597    0.2728   0.006   52
51533.086    0.193499454763   -0.291398399810    0.0440    0.1819  -0.136  444
51534.251    0.550685662172   -0.525301197740    0.2595    0.3778  -0.211   26
51548.252   -0.116652652268    0.528800401867    0.2384    0.3645  -0.082   20
51562.252    0.093783388818    0.031499999409    0.1961    0.4148  -0.075   21
51575.072   -0.588174712431   -1.258599598941    0.2013    0.2697   0.064  477
51576.252   -0.104349652632    0.390801599082    0.1653    0.2749  -0.011   35
51583.250    0.071348327834    0.025300804651    0.2085    0.3683  -0.115   24
51590.252   -0.152255600860   -0.349099200747    0.2441    0.3215   0.035   32
51604.252   -0.277300123398    0.014500803758    0.2719    0.3004   0.138   34
51611.250    0.255441646169   -0.801100798498    0.2396    0.4080  -0.213   33
51617.079    0.118965971844   -0.269600399605    0.0568    0.1145  -0.120  187
51618.252    0.095662530609    0.337302000730    0.2375    0.3886  -0.137   15
51625.250    0.138646587931   -0.175298399796    0.2170    0.3886  -0.087   30
51632.252    0.108111416152   -0.089499601330    0.2230    0.3836   0.177   49
51639.250   -0.508573452699    0.159300003588    0.2847    0.4886  -0.256   26
51646.252   -0.060643125648    0.744102002415    0.2746    0.4191  -0.153   24
51653.250    0.258480927686   -0.845701198671    0.3313    0.9043  -0.440   22
51667.250   -0.321875030633   -0.676799998445    0.2946    0.8369  -0.419   21
51674.252   -0.210724332964   -0.365597996677    0.2633    0.3989  -0.005   27
51687.087   -0.784859322279   -2.003399999495    0.0789    0.1296  -0.032  248
51688.252   -0.117375121931   -0.081298801291    0.2711    0.3881  -0.153   32
51702.248   -0.183805026457   -0.713800800867    0.3216    0.4792   0.226   38
51716.252    0.155579706657    0.031499999409    0.3145    0.4084  -0.024   24
51731.249   -0.471667946071    0.008899204573    0.4057    0.4658   0.062    8
51732.286    0.045154970928   -0.508298395374    0.0836    0.1582   0.181  253
51744.252    0.020114806212   -0.032101195302    0.2386    0.2871  -0.117   21
51758.252    0.022865783512    0.004600799741    0.2270    0.3494  -0.173   27
51772.252   -0.213329436695   -0.197499597476    0.3818    0.5752  -0.304   10
51786.252    0.483244983766   -0.738500396835    0.4099    0.4858  -0.065   22
51800.252   -0.014328014994    0.302399999441    0.2414    0.4898  -0.241   12
51814.252    0.265285427980   -0.516398399242    0.3093    0.4397   0.066    8
51828.249    0.422025274363    0.404398799247    0.2687    0.5064  -0.079   13
51841.083   -0.786738464070    0.317700003905    0.0595    0.1815   0.092   97
51842.252    0.508569972761   -0.125798398898    0.2673    0.3351   0.168   39
51856.252    0.050365153711    0.448801201003    0.3198    1.1753   0.245    6
51870.249    0.087270660339    0.072100802129    0.1826    0.2768  -0.033   19
51883.083   -0.071351795432   -0.268397995029    0.0515    0.1212  -0.207  178
51884.252    0.089583979916    0.217101600697    0.1496    0.2418  -0.059   35
51898.249    0.220418761270   -0.415198800141    0.1703    0.2672  -0.021   46
51912.249   -0.018527423897    0.007099204424    0.1324    0.2694   0.066   41
51926.249    0.057746262441    0.383202001331    0.1830    0.3610  -0.018   41
51939.084   -0.105363906451   -0.879400795384    0.1107    0.1474   0.094  159
51940.249   -0.086982356122    0.006001202735    0.1466    0.2301  -0.025   46
51954.249    0.071348327834   -0.005000396897    0.2093    0.2946   0.103   49
51968.245    0.166726034164    0.374000401848    0.1664    0.2105   0.052   36
51981.080   -0.081192097305   -0.014198396059    0.0649    0.1576  -0.152  173
51982.245   -0.091758361120    0.357300000786    0.1397    0.2175   0.062   61
52009.168   -0.200303955057    0.209199601642    0.0504    0.1052  -0.096  240
52010.249   -0.188435145547    0.515098798815    0.1838    0.2724  -0.100   54
52024.249    0.036325430595   -0.557899198839    0.2919    0.4833  -0.073   11
52031.247    0.181342353375   -0.021798000205    0.2307    0.3429   0.077   29
52038.245   -0.139372537532    0.036298803963    0.1454    0.2771  -0.062   62
52039.272    0.156882252352   -1.455699599262    0.0658    0.0942   0.133  120
52045.247   -0.350676946528    0.811602004802    0.1718    0.2447  -0.209   25
52052.245    0.785870108499   -1.207598398878    0.1146    0.2039  -0.045   40
52059.247   -0.024025910897    0.107099999269    0.1654    0.3524  -0.241   43
52066.245   -0.118531781719    0.547300803078    0.1621    0.2717  -0.325   72
52073.247   -0.005501954599    0.219301204396    0.1876    0.2937  -0.073   24
52080.249    0.086544710739    0.412002003713    0.2559    0.3263   0.243   38
52087.247   -0.024894278808    1.299898799800    0.1623    0.2875  -0.276   34
52093.248   -0.014619786809    0.045500403445    0.1626    0.2159  -0.103   41
52096.083   -0.290902188791    0.440200803808    0.0966    0.1410  -0.189  268
52101.247   -0.067444158345   -0.134999998380    0.2115    0.3000  -0.371   27
52108.249   -0.127507207960   -0.227098800565    0.2241    0.3314  -0.117   37
52115.251   -0.206670809969    0.736999204065    0.2583    0.3624  -0.379   22
52122.249    0.195670368369    0.292100404664    0.1478    0.2162  -0.061   75
52129.251   -0.071785973217   -0.944600397901    0.2325    0.3523  -0.126   30
52136.249   -0.180765757280    0.119300403156    0.1423    0.2538  -0.019   61
52143.251   -0.208987609483    0.798400801472    0.1820    0.2354  -0.028   39
52150.249    0.059337100014    0.279298804884    0.1095    0.1945  -0.078   55
52157.251    0.037339684413    0.500799600189    0.1586    0.4024  -0.290   37
52164.249   -0.014039723116   -0.033199196992    0.1177    0.2521  -0.062   79
52171.251   -0.386856491216    0.222598803390    0.1729    0.3167  -0.324   38
52178.249   -0.040378965930    0.174200404501    0.1685    0.2723   0.000   51
52185.248    0.087270660339    0.644299199593    0.2527    0.3929   0.131   76
52192.249    0.081046223738    0.049399204727    0.2214    0.2397  -0.322   24
52199.251   -0.055141158709    0.123199204438    0.2265    0.2779   0.195   56
52206.249   -0.022723365202    0.375400804842    0.1326    0.2747   0.003   41
52212.082    0.314636340213    0.488998799852    0.1080    0.1567   0.260  157
52213.248   -0.169765303341   -0.120099597467    0.3180    0.5250  -0.248   54
52220.249   -0.104495538540    0.140698799811    0.1379    0.2340  -0.262   43
52227.240   -0.397856945155    0.501400802477    0.1790    0.4488  -0.393   56
52234.249   -0.070629313429    0.100501200961    0.1298    0.2666  -0.127   30
52241.251    0.014182129086    0.861598798707    0.4097    0.4458  -0.058   30
52248.249    0.356463737747    0.620398804330    0.1866    0.3047   0.238   57
52255.248    0.138938359746   -0.199299597625    0.1618    0.2611  -0.153   53
52262.250   -0.086114000551    0.110998800551    0.1200    0.2560  -0.103   59
52271.249   -0.003765231118    0.500900402756    0.1407    0.2308  -0.333   59
52278.269   -0.148924559868    0.022600801231    0.1853    0.3442  -0.355   27
52285.271    0.058902922229    0.371001603838    0.1222    0.2286  -0.060   49
52291.250   -0.560387038014    0.380199603001    0.0698    0.1726   0.297  180
52292.269   -0.112887421150    0.273200399903    0.1523    0.3275  -0.144   41
52299.271   -0.149504623561    0.434199601074    0.1598    0.2061  -0.071   47
52306.269   -0.043129943229    0.107499602819    0.2035    0.3294  -0.072   26
52313.268   -0.006224436601    0.861001203134    0.1452    0.2398  -0.170   49
52320.269    0.093057439218    0.359600400657    0.1373    0.2385  -0.059   30
52327.271    0.021997415601    0.404499601814    0.2210    0.2564  -0.255   18
52334.270    0.017943892606   -0.270900000032    0.1883    0.3452  -0.284   49
52340.245    0.521307150182    2.059300800283    0.0424    0.0859  -0.123  254
52341.271   -0.129966413443    0.301201201580    0.1488    0.3597  -0.019   58
52348.270   -0.549532469982    0.610902004183    0.2381    0.2771   0.232   41
52355.271   -0.124033748657    0.502999203889    0.1562    0.2180  -0.220   46
52360.250    2.682086955244   -2.581599599694    1.5100    2.1215  -0.594   19
52361.269   -0.256025189800    0.502801199076    0.1871    0.4907   0.167   10
52369.271   -0.119257743659    0.503600399782    0.1544    0.2560  -0.214   49
52403.251   -0.557924352592    0.829198802421    0.0472    0.0941  -0.075  279
52404.270    0.266730391986    0.195001199188    0.2878    0.4687  -0.291   27
52411.272   -0.025616760811    1.493200801406    0.2050    0.4285  -0.169   15
52418.270   -0.399739554544    0.687700801905    0.2601    0.3106  -0.231   35
52425.272   -0.170491265281    0.180100804670    0.1706    0.3202  -0.048   63
52432.266    0.564725385289   -0.834400798055    0.2680    0.5526  -0.075   25
52437.584  -12.454233183418  -66.274099200569    6.8782    9.4236  -0.267    4
52439.272   -0.086694064244    0.316400403477    0.1676    0.3611  -0.308   71
52446.270   -0.355741255744   -0.120398398451    0.2565    0.4708  -0.191   53
52453.272   -0.077142054248    0.042400802869    0.1507    0.2445  -0.185   56
52458.268   -0.593961491310   -0.124801199775    0.2142    0.4435   0.057   29
52467.268   -0.550689142110    1.080601202119    0.2573    0.4330  -0.376   86
52471.688   -0.140240905442   22.678700402423    3.2487    2.8394  -0.129   23
52474.270   -0.238512007381    0.167299204890    0.1412    0.3304  -0.208   58
52480.253   -6.695818205387    2.650499998680    0.1868    0.3136   0.081   96
52481.272    0.252402376992    0.088801203191    0.3110    0.7594  -0.070   51
52488.270    0.071348327834    0.712198799135    0.2324    0.4117  -0.228   50
52492.708   26.958237892539   16.005301199584    2.7090    2.0803  -0.082   28
52495.272   -0.060785531618    0.029599203089    0.1706    0.4070  -0.363   29
52502.270    0.116937476548   -1.151701198410    0.2821    0.6183  -0.192   35
52509.272    0.029812702116    0.752101203716    0.1507    0.3325  -0.028   42
52516.270   -0.267168049709   -0.557701200421    0.1536    0.5383  -0.146   28
52519.999   -2.811476772592   -5.006498396654    1.5063    1.5499   0.310    8
52523.268   -0.166583615854    0.989100001902    0.1627    0.3832  -0.112   67
52530.270   -0.057457958223    1.340701201258    0.1321    0.3712  -0.219   84
52537.272   -0.319558231119    0.247500004491    0.3233    0.4654  -0.324   84
52543.244   -0.204934086488   -0.149900399293    0.1137    0.3110  -0.619  242
52544.270   -0.338228073326    0.454100398883    0.3802    0.3816   0.173   44
52551.272   -0.048486011920    0.939301200020    0.1390    0.3701  -0.040   45
52558.270   -0.274549146098   -0.001800000149    0.2220    0.3880  -0.330   54
52570.707  -13.236049756582  -11.346699599102    5.7120    5.0065  -0.126    7
52579.272    0.104926248728    0.523299598854    0.1823    0.2784   0.042   25
52586.270   -0.169042833678    0.254998799676    0.3003    0.2664   0.234   90
52593.272    0.133728176963   -0.011699997771    0.1235    0.4060  -0.141   38
52600.270   -0.126638840049    0.319600800225    0.1023    0.2002   0.077   71
52605.270    0.156739834042    0.993402000660    0.1456    0.3790  -0.080   71
52612.228   -1.028869816660    0.097002003230    2.1697    1.4140  -0.560    5
52614.270   -0.197264685880   -0.006400799890    0.1253    0.2842  -0.115   55
52620.246   -0.035602948592   -0.384001195641    0.1103    0.1431  -0.356  137
52621.268   -0.014328014994    0.379101601311    0.1976    0.4321  -0.281   36
52628.267   -0.373108539915    0.958499999371    0.1823    0.4627   0.080   42
52642.270   -0.041539093316    0.553301999417    0.1674    0.2382  -0.033   33
52646.204   -0.147045418077    0.294501600706    0.0706    0.1493   0.037   96
52649.268   -0.316664835510    0.084099600883    0.3505    0.3025   0.339   99
52653.202   -0.153700564866    1.038700798972    0.2775    0.8503  -0.853   29
52655.248   -0.140820969135    0.417402004160    0.1860    0.4286  -0.278  121
52656.270   -0.108257302060    0.464202001638    0.1900    0.2586  -0.119   27
52661.205    0.084953860825    0.882601204921    0.1111    0.2603   0.082   35
52663.272    0.087704838125   -0.028000795282    0.2158    0.3336  -0.120   46
52666.585   28.052957550033    0.073299599990    2.0881    1.7331   0.117   29
52667.206   -0.161661724948    0.236901602335    0.0881    0.2014   0.022   68
52670.274    0.230259075483   -0.278899201334    0.4852    0.5763  -0.132   17
52677.268   -0.169911189248    0.062899202646    0.1227    0.2124  -0.101   70
52681.206   -0.132137327050    0.500101202050    0.1143    0.2821   0.208   37
52683.244   -0.176858107853    0.385300802463    0.1090    0.3884  -0.193   97
52683.584    1.972056355297   -0.548297995806    1.2140    1.1631  -0.085   34
52684.270    0.049062608016    0.189201601586    0.1539    0.2473  -0.132   39
52689.205   -0.022289187416    0.240501602633    0.0979    0.1599   0.078   60
52691.272    0.431285512543    0.591901203251    0.1843    0.3689   0.047   95
52695.206   -0.368186649009    0.180899998981    0.0913    0.2149   0.038   54
52698.270   -0.125624586231    0.866300401015    0.3433    0.5114  -0.501   15
52702.204   -0.235038548079    0.327499198960    0.0797    0.1832   0.021   56
52705.272   -0.179609085152   -0.100998000363    0.3165    0.3189   0.615   73
52709.206   -0.220276355300   -0.133898396371    0.0875    0.1965   0.041   56
52711.248   -0.171647925069    0.410900401704    0.0808    0.1545  -0.454  137
52712.270    0.304938444310   -0.022100395114    0.2191    0.5269  -0.267   14
52716.204   -0.040524839498    0.339299999297    0.1000    0.1887  -0.018   33
52719.269   -0.012302987295    0.596599198843    0.1413    0.3394  -0.140   64
52723.202   -0.057746250101    0.715399202278    0.1364    0.2343   0.083   39
52724.229    1.084441697897   -0.660898798088    5.4302    1.3771  -0.060   30
52725.248   -0.170633671251    0.832798802719    0.1151    0.2322   0.054  123
52726.270   -0.361239730405    1.791701999565    0.3431    0.6361  -0.605   12
52730.204   -0.000725949601    0.234298801161    0.1118    0.2200   0.110   47
52733.272   -0.478760750583    0.369500404673    0.2603    0.4074  -0.485   98
52737.202   -0.110574089234    0.139798802934    0.0975    0.2104   0.040   54
52772.204    0.060927949928    0.000000000000    0.0801    0.1644   0.054   61
52775.269    0.268178823589    0.361101599822    0.3876    0.3908  -0.391   11
52779.206    0.034588707114   -0.041101196047    0.1652    0.2298  -0.019   41
52780.587   35.589637656783   32.689000799024    1.6790    1.3085   0.137   45
52781.248   -0.233881888291    0.476701200114    0.1172    0.1896  -0.101   69
52782.267   -0.369055016920    0.441399601669    0.1709    0.2318  -0.061   49
52787.205    0.120410935850    0.155502004873    0.1773    0.2515   0.587   59
52789.269   -0.105798084236    0.188301604709    0.1021    0.2083  -0.079   64
52793.206   -0.055432930525    0.418798800439    0.1082    0.1838  -0.066   40
52796.271   -0.029524397898   -0.350200796362    0.2425    0.3452  -0.193   13
52800.204    0.005210195123   -0.024400801379    0.1808    0.3648   0.106   14
52803.269   -1.360727567477    1.106899199499    0.9491    1.0610  -0.065    9
52807.206   -0.324914299810   -0.126900000907    0.1381    0.2643   0.047   23
52807.586   -9.775039623783   35.632299600508    4.7523    2.9499   0.467   15
52809.248    0.010996974002    0.209998802347    0.1252    0.3106   0.065   51
52810.271    0.155579706657   -0.338198397287    0.3773    0.4801  -0.193   11
52814.204   -0.170199493466    0.954201600933    0.1490    0.3330  -0.133   36
52817.269   -0.352121910534   -0.083300400178    0.2804    0.4740  -0.156   25
52821.206   -0.228814111477    0.601002000167    0.1233    0.2545  -0.089   27
52823.270    0.049785090018    0.155502004873    0.3137    0.2668  -0.076   32
52828.204   -0.086694064244   -0.150998400983    0.1618    0.3306  -0.019   28
52830.246   -0.141255159261    0.486601204130    0.0539    0.1031  -0.188  448
52831.269   -0.406106409455    0.827600401010    0.3747    0.4305  -0.303   27
52835.203   -0.135756672260   -0.092897996495    0.2154    0.6387   0.206    5
52836.583    8.698843922588   27.576201603807    1.8714    1.7143  -0.231   57
52837.244    0.046311630716    0.734202004793    0.1192    0.2837   0.059   58
52838.267    0.303635898614   -0.169397999628    0.1941    0.2841  -0.341   19
52842.204   -0.061799785436    0.240598804879    0.3244    0.4178   0.503   38
52844.239    2.085377954233   -1.560499198661    1.3228    1.0393  -0.366   15
52845.269   -0.259206877286    1.117602004541    0.2778    0.3984   0.163   37
52849.206    0.022431593386    0.196099200878    0.2295    0.3122  -0.145   12
52852.271   -0.638393980235    0.465400799499    0.5924    0.4385  -0.343   14
52856.208   -0.072220163343    0.062499599096    0.3301    0.2730  -0.583   29
52863.206    0.178591363736    0.144799199830    0.3972    0.6546   0.677   29
52866.271    0.345897473933    0.890200802672    0.4636    0.5884  -0.387   21
52870.204   -0.169188719586    0.027500401956    0.2796    0.3519   0.558   40
52872.250    1.336267466454   -1.915498799576    1.7114    0.8586   0.021    6
52873.269   -0.237643639470    0.910400401466    0.2468    0.3812  -0.243   35
52877.203    0.070045769798    0.369500404673    0.3939    0.5656   0.164   22
52879.244   -0.070337541614    0.459799200314    0.1596    0.3111  -0.376   66
52880.271   -0.625368510937    0.727300798786    0.3098    0.2533  -0.214   20
52885.205   -0.095520124639    0.051199204876    0.0990    0.1858  -0.043   52
52886.250    0.300020021002   -3.976300799025    0.7412    1.0280  -0.050    6
52887.269   -0.360805552619    0.741700799978    0.3149    0.4639   0.728   86
52891.203    0.104780362820    0.325101603238    0.1528    0.2282  -0.002   39
52892.583 -117.426360548686   72.220399203360    7.1790    6.4551  -0.476   12
52893.244   -0.265719618105   -0.315899997361    0.1166    0.2562  -0.188   79
52894.271   -0.137493395741    0.657702001661    0.2950    0.3578  -0.108   21
52898.205   -0.035602948592    0.599500801002    0.1620    0.2530  -0.345   27
52900.250    0.312031248822   -0.430397995643    0.0399    0.0884  -0.307  283
52901.273    0.307255243824    0.194500799466    0.1887    0.2751  -0.158   34
52905.206   -0.551703383588    0.543898801197    0.2035    0.2631  -0.273   23
52906.225    1.148120612784   -1.487800800959    1.1422    1.9462  -0.882   21
52908.267   -0.145451100566   -0.015598799052    0.1258    0.2227  -0.009   57
52912.205   -0.157031605858    0.273801602191    0.1214    0.2315  -0.071   21
52914.250   -4.939838784147   -3.578698796503    1.4699    1.6652  -0.245   13
52914.586    1.565661653964    7.831000801417    1.4629    1.3799   0.001   40
52915.269    0.287136970014    0.061498799653    0.3186    0.3610  -0.285   19
52919.203    0.115634930852    0.841899599635    0.1353    0.2277   0.042   25
52921.241   -0.107823111935    0.253800001815    0.1685    0.2202  -0.180  101
52922.271   -0.027065192414    0.043401602312    0.2300    0.2872  -0.052   28
52926.205   -0.103335398814    0.539802001498    0.1117    0.1908  -0.028   23
52929.269   -0.235038548079    0.469400403347    0.4580    0.7177  -0.831   13
52933.203   -0.063102331132    0.203698798629    0.0975    0.1599  -0.052   44
52934.240   -0.455314903379    0.652499999632    0.3349    0.4270  -0.410   54
52935.245   -0.124467926443   -0.094600800793    0.1308    0.2727   0.121   47
52936.271   -0.135464900444    0.328301999986    0.2045    0.3236   0.201   27
52940.205   -0.153558146556    0.443502003122    0.1219    0.2556  -0.059   59
52943.269   -0.565597220797    1.006999200825    0.2352    0.3438   0.266   49
52947.203   -0.144006136560    0.242802002504    0.1358    0.2721   0.072   36
52949.245    0.491928638191   -0.603698396873    0.8543    0.6030  -0.175   49
52950.271    0.092046665337   -0.100699199379    0.1867    0.2517  -0.131   32
52954.227   -0.083363010912    0.470901602512    0.1085    0.2424  -0.097   41
52955.582  -11.803973861271   10.675000800120    1.5342    1.3608  -0.106   38
52956.246    3.510798702755    4.154000401257    0.3657    0.4359  -0.053   11
52957.269    0.000000000000   -1.409000397956    0.7564    1.1232  -0.785    8
52961.203   -0.137635814051    0.464299203884    0.1233    0.2675   0.220   20
52964.271   -0.201026437060   -0.175298399796    0.5914    0.5472  -0.174    4
52968.205   -0.031407019627    0.400701603098    0.1507    0.2686   0.042   18
52969.268   -0.208407545790    0.330300004947    0.2650    0.3937   0.036   21
52975.203   -0.139372537532   -0.224298000973    0.1551    0.3082  -0.213   14
52978.271   -0.917427359516    0.359398801919    0.3991    0.3743   0.347    7
52983.227   -0.148924559868   -0.015901200356    0.0898    0.1922  -0.122   28
52984.250    0.303493480304   -1.801097997145    0.3757    0.3991  -0.195   13
52985.266   -0.274983323884    0.079901998618    0.2458    0.2840   0.054   21
52989.229   -0.069903363829    0.460799999757    0.1694    0.2856  -0.113   31
52990.229   -0.396554399459   -0.288100800816    0.3351    0.6367  -0.100   82
52991.252   -0.159490811342   -0.006497995741    0.0581    0.1365  -0.254  174
52992.267   -0.316953139727    0.520801200565    0.1403    0.2379  -0.151   19
52996.205   -0.319850002934    0.075499203689    0.1290    0.2376  -0.032   14
53003.203   -0.284247042002    0.821502002424    0.1052    0.1847  -0.073   28
53010.205   -0.054998752739    1.154502004397    0.1449    0.3602   0.367   11
53012.250   -0.022869251109   -0.208799998092    0.2478    0.3000  -0.013    9
53013.269    0.150803701659    0.611499599756    0.2294    0.3216  -0.219   11
53017.203    0.166726034164    0.496198800448    0.1545    0.2603  -0.179    9
53020.267   -0.739124287658    1.753001999560    0.7568    0.9622  -0.668    3
53025.206   -0.394671777731    0.912200401615    0.1642    0.3685  -0.223   16
53027.269   -0.348940223047   -0.452699995890    0.4364    0.4811   0.117   13
53031.203   -0.282076128396    0.853300802817    0.1036    0.3093   0.036   13
53034.267    0.193645340671    0.556300803822    0.2734    0.4110  -0.441    9
53040.250   -0.463130177553   -1.875999598866    0.2979    0.3530  -0.188   12
53041.269    0.005786778878    0.861501602856    0.2201    0.3140   0.229   21
53048.271   -1.540770842754    0.730000802207    0.6739    0.6249  -0.656    9
53055.269    0.004630119090   -0.176198396673    0.3829    0.4592  -0.199   18
53062.271    0.110858913514    0.282099604476    0.4566    0.5907  -0.487    6
53065.873    0.326647555693   -1.295600401363    3.5780    2.9252   0.634    3
53068.250   -1.286048198650   -0.674600401140    0.1174    0.2740   0.125   85
53069.269    0.206670809969    0.522900001698    0.2361    0.3075  -0.172   13
53076.271   -0.163686752647    0.608101204591    0.3974    0.7502  -0.756    5
53080.205    0.260943613107    0.329400001675    0.3365    0.3364   0.021   19
53083.269   -0.017659068326    0.797500804595    0.3612    1.0138  -0.438   18
53090.271    0.140529209660   -0.566200795049    0.6062    0.9024   0.052    6
53097.269   -0.134742418441   -0.508697998924    0.2745    0.4892  -0.023   22
53101.583   -8.205758624609   -0.960800399241    4.6207    2.9434   0.033    7
53102.230    0.346765829503    0.609699599607    1.4363    1.2948   0.841  106
53103.271   -0.056009526620    0.056599198928    0.2429    0.3017  -0.090   11
53138.247  -31.235226075366    1.097499601599    0.7045    0.3496   0.033    4
53139.270    0.107385454212   -1.574999996024    0.2360    0.7426  -0.326   22
53145.581  -36.182154196427   49.657600802533    3.8635    5.2767  -0.509   15
53152.251    0.909900377219    2.419099199358    0.4623    0.5121  -0.354    5
53153.270   -0.391198318428    0.113400002988    0.2670    0.5363  -0.290    8
53160.275    0.065849840833   -0.447901197731    0.5113    0.7110  -0.660    4
53167.270   -0.119546035537    0.388299600473    0.2554    0.6217  -0.244   19
53174.271   -0.182356594853    0.551599201515    0.4049    0.7668  -0.613    7
53180.247    4.173503418167    0.623901602381    0.4456    0.6156  -0.490    6
53181.270   -0.146031164258    0.369399602107    0.2172    0.5168  -0.254    6
53188.271    0.520727086489    2.144901600332    0.7288    0.7835  -0.372    9
53195.270    0.140529209660    0.398300400661    0.2837    0.5276  -0.278   17
53200.230    0.640707299811   -0.660797995522    0.3842    0.6515  -0.325   97
53202.272    0.034442821206   -0.623401196265    0.2338    0.4775  -0.131   30
53209.273   -0.050656925527    0.927201598699    0.7120    1.4352   0.046    6
53215.253    4.650527445269    1.234799999850    0.4640    0.4987   0.160   11
53223.270   -0.165569374376   -0.038998800989    0.3779    1.0441   0.081   21
53236.247   -0.930744600629    4.220701202939    0.7626    0.5146  -0.065    8
53237.270   -0.393080940157    0.601801200872    0.2670    0.6805   0.062   25
53244.268   -0.056735476220    0.648799203162    0.5250    0.5649  -0.480   44
53251.270   -0.137635814051    0.090601203340    0.2166    0.5535  -0.064   24
53256.204   -1.339886811664    0.100699199379    1.1680    1.3387  -0.648    3
53257.253    7.209740779242    2.358000003255    1.5298    4.0060   0.867    4
53258.272    0.182644899071   -0.839098800043    0.2287    0.6375  -0.214   25
53262.582 -151.110521108203   83.190402003908    7.8876    4.4032   0.023    5
53265.270   -0.248352321595   -0.598399198992    0.3906    0.4893  -0.248    9
53269.204    0.416235015546    1.942801203114    0.1855    0.2552  -0.039   20
53272.268    0.929004397210   -1.432799997048    0.3445    1.0042  -0.545   10
53285.253    0.526083155180   -0.363999595265    0.0954    0.2760  -0.022   63
53292.247   -2.514350147200   16.903198802254    0.5894    2.0724  -0.825    4
53293.270   -0.492074511759    0.039099603555    0.3896    0.5280  -0.421    6
53304.224   -0.204065718577    0.793000801025    0.1463    0.4918  -0.235   36
53307.270    0.293507292523   -0.723798000735    0.4422    0.6627  -0.075   13
53311.204   -0.203777414359    0.117601199179    0.2512    1.1452  -0.219   26
53314.268    0.303493480304    0.523800004970    0.4462    0.7143   0.189    6
53321.270   -0.781674167194    0.228898800714    0.8708    0.9361  -0.222   19
53328.268   -0.772990512769    0.065098799951    0.8892    1.2999  -0.569    4
53333.272   -6.703775897872    2.159600402507    3.4533    2.3172  -0.667    3
53342.272   -0.477458204887    0.709801203413    0.4555    0.7472  -0.549    6
53356.272    0.076558510617   -0.630601196860    0.4092    0.6463  -0.542    9
53362.269   -0.498007188885    0.493300798610    0.2481    0.5464  -0.394   18
53369.271   -0.052101889532   -0.018799195800    0.3624    0.5927  -0.636   10
53377.266   -0.069469173703    0.026099998962    0.3533    0.5452  -0.517   14
53383.249    2.605528444626   -4.247798401025    0.4264    0.8983  -0.522    4
53384.268   -0.011868809510   -0.989499599058    0.9821    1.0502   0.027    4
53391.270   -0.883418728435    1.466600402722    0.7413    1.2974  -0.393    5
53395.204    0.246181407988   -0.216601200975    0.2367    0.3209  -0.352   13
53398.272   -0.253854276193   -0.209700001363    0.3669    0.6692  -0.621    7
53403.225    0.883269362589    0.454201201450    0.8218    1.4416  -0.199   11
53405.270    0.489611838677   -0.347597995187    0.6759    0.8948  -0.729    9
53412.268   -0.059048808137   -0.563299199285    0.2803    0.4288  -0.550    9
53418.255   -1.132059341907    0.790498802417    0.3021    0.7596  -0.333    3
53419.270   -0.165423488468   -0.738698395253    0.2597    0.4906  -0.344   21
53426.268    0.063967219105    0.302101204852    0.5063    0.7081  -0.646    8
53433.270    0.456613981477   -0.815900396844    0.3589    0.6236  -0.476    6
53444.206   -0.266733859584   -0.909197996890    0.3224    0.3244   0.137    8
53447.270   -0.608147100334    0.603298799717    0.5860    0.4857  -0.273    3
53458.206    0.245747230203   -0.093700797521    0.3274    0.2679  -0.040   27
53461.270    0.644034873206   -0.422398800737    0.2771    0.4787  -0.231   19
53467.246    3.116415216902    2.459401201094    0.2860    0.3119  -0.547   13
53468.268    0.275414034071   -0.683200798335    0.2199    0.4578  -0.468   18
53503.270   -0.426078797358    0.483800404538    0.3519    0.6709  -0.312    4
53510.269   -0.214631982391   -0.106300798564    0.4690    0.9225  -0.372    3
53517.270   -0.027065192414   -0.534898800453    0.3266    0.6201   0.140   11
53524.269    0.635497117028   -1.545299996764    0.2906    0.6353  -0.430    6
53528.206   -0.078152828129   -0.202600796939    0.2572    0.2379  -0.038   28
53531.270   -0.273246600403   -0.722300395495    0.6522    0.7437  -0.150    5
53538.269   -0.895429943915    0.103600801538    0.5046    0.5860  -0.419    4
53543.225   -0.312177122389   -0.142801201264    0.2210    0.5626  -0.074   22
53545.270    0.173527066860   -0.301798797153    0.3714    0.6781  -0.031    9
53552.269   -0.330124494933    2.451401999792    1.3287    1.2476   0.682   13
53552.287   -1.764663063326   -3.448598398847    0.2342    0.5252  -0.141   40
53559.271    0.406248815425   -1.105498796505    0.2976    0.4552  -0.446   11
53563.204   -0.168608643552    0.967500000115    0.1675    0.4491  -0.093   32
53564.223   -1.321216969457    2.987499604501    0.2385    0.3876   0.001   17
53565.250  -12.987989206803    8.904301200374    0.9349    1.9289  -0.765    4
53566.269    0.558646834595   -0.401299198671    0.3409    0.5436  -0.354    8
53570.206   -0.236486979682    0.037000802422    0.7958    0.3571  -0.689    6
53573.271    0.008537768518   -0.170200800653    0.2394    0.4790  -0.008   17
53580.269    0.018523956299   -1.917197997159    0.5461    1.1120  -0.645    9
53584.202   -0.034446288804    0.161899204443    0.3720    0.3677  -0.590   27
53587.271    0.208549951760    0.804600002624    0.4076    0.5450  -0.406   10
53591.204    0.305664393910    0.231199200584    0.4551    0.3184  -0.158   26
53593.250    4.341823769842   -6.716498397452    0.6092    1.3040  -0.789    5
53594.269    0.306098571695    1.665900000347    0.4814    0.9780  -0.368    9
53600.248   -0.207685063787    0.477000001098    0.3543    0.5433  -0.080   11
53601.271   -0.170199493466    0.534801604601    0.6069    0.6226  -0.542   11
53608.269    0.176854640255   -0.012999598198    0.2914    0.5512  -0.503   13
53615.271   -0.261089486675   -0.031399196843    0.2631    0.4853  -0.302   13
53621.250   -9.189470002744   16.078201202419    1.0819    4.8327  -0.619    3
53622.269    0.647365926538    0.203601602777    0.3230    0.4902  -0.239   15
53642.248   -1.719219800520    0.375102003858    0.2541    0.2323   0.066   85
53643.271   -1.115272109089    0.405601203823    0.7707    0.8459   0.463    6
53664.269   -0.086982356122   -0.637801197456    0.3875    1.3843  -0.638    3
53677.243    3.650893722289    2.380500001919    0.3517    0.5260  -0.469    6
53678.269    0.561397811894   -0.384901198913    0.3636    0.6935  -0.689    6
53685.271    0.142120047233    1.354500000161    0.6926    0.6237  -0.055    6
53690.227   -0.309717916905   -0.168199195372    0.1945    0.4596   0.250   24
53697.269   -0.077430346126    0.101300401667    0.2785    0.4926  -0.563   17
53706.269    1.380119891686   -1.857700796393    1.1647    1.4808  -0.857    4
53712.248   -0.836527021686   -0.633999598421    0.3622    0.5586   0.390    5
53713.271    0.210286687581    0.081100802873    0.2106    0.4778  -0.610   10
53718.224    2.536781740586    0.534499203297    1.2364    1.0768   0.140   17
53727.271    0.147476128264   -0.592599601390    0.2353    0.5488  -0.308   18
53734.269   -0.886600415922    0.512801999264    2.6353    1.7336  -0.938    7
53748.287   -2.636067096343    4.146901203228    2.3465    5.4668  -0.976    3
53755.267    9.376310843120  -12.645399601041    1.6839    1.7952  -0.914    5
53762.269   -0.016644814508    0.300801604425    0.4140    1.0753  -0.697    5
53769.271    0.270783914981   -2.180098795890    0.5072    1.3864  -0.514    5
53776.269   -0.834790298205    1.153299599821    0.4588    0.7509  -0.591   12
53783.271   -0.493957133488    0.132800401076    2.2506    3.0774  -0.967    3
53794.229    0.121713481546    0.354499201194    0.3464    0.4648  -0.383    9
53797.271    0.089583979916    0.025999202791    0.8308    1.8452  -0.892    5
53804.269   -0.038788116017    1.251298802174    0.2773    0.5910  -0.259   25
53815.205    0.194513708581   -0.225799200138    1.1967    1.1406  -0.793    8
53818.269   -0.027645256107    0.186400801994    0.5570    1.0498  -0.855    8
53824.248   -0.380777940522    0.442800004663    0.6314    1.6051  -0.925    6
53832.269    0.232287570780   -0.378298800285    0.2271    0.5752  -0.244   30
53867.271   -0.196396317970   -0.883198800494    0.7024    1.6873  -0.762    3
53871.205   -0.358200461228   -0.029599196694    0.9708    0.5966   0.223    7
53874.269   -1.892600981473   -2.409199195341    1.2357    1.3336   0.405    6
53884.997    0.177146412070   -0.115397995160    0.3786    0.6455   0.222  118
53888.269   -0.424922137570    0.814798801230    0.2978    1.0499  -0.393   11
53900.268   -0.267748113402   -1.101099595502    0.2578    0.8004  -0.278   11
53909.271    0.364713202047   -0.762901198215    0.5748    1.2549  -0.796    4
53916.270    0.232721760905    0.300099599571    0.2915    0.7984  -0.262   20
53919.995   -0.937833937544    1.645099199266    1.1738    1.5886  -0.461   26
53930.270    0.303493480304   -0.605498397022    0.8976    1.2910  -0.736    6
53934.207   -0.096822670335   -0.209498396231    0.7881    0.4947  -0.416   17
53937.271   -1.157964394596    1.314399603558    0.6020    1.8512   0.234    4
53944.270    0.303201708488   -0.564998396868    1.9606    1.4916   0.304    5
53948.203    0.660967991931    0.430001998808    0.5439    0.7918   0.434   27
53958.270   -0.802514910667    0.910699202450    1.2627    1.2202   0.249    4
53965.268    7.963481386111    2.651500804518    5.3105    4.8290   0.921    6
53972.270   -0.354150405831    0.638899199146    0.4100    0.5367  -0.125   17
53979.272    0.519282122483   -0.583801199383    1.9974    1.3649  -0.365    3
53982.993   -2.266432003390   -4.060699200892    0.4047    0.6868  -0.021   45
53986.273    0.334320436238   -0.687499196772    0.5904    0.8700  -0.177   14
53998.228  -10.089964255874   -9.101498396547    1.0264    0.6436   0.717    4
54000.270    0.949845153023    0.202600803334    0.4538    0.6101  -0.143   12
54004.207   -0.248932385287    0.584701202655    0.1744    0.2493  -0.045   40
54014.270    0.180039807680    0.332301603834    0.7547    0.6670  -0.111   14
54021.272    0.256890077772   -0.651798001172    0.5521    0.4787   0.286    8
54028.270    0.262968640806   -0.424699200607    0.5112    0.9350   0.169   21
54042.270    0.648522586326   -0.779500796710    0.5976    0.7731  -0.400   15
54049.272    0.448798694962    0.119300403156    1.0738    1.1938  -0.408    3
54054.224    0.065703954926    0.372402000437    0.3153    0.7661   0.204  102
54055.251    0.239811085479    0.536399999618   12.6635    2.9515   0.985    3
54056.270    0.333306182420    0.086101199770    0.8305    0.9709  -0.788    7
54061.270   -0.274983323884    0.116100000014    3.1492    5.1207  -0.988    6
54068.224    1.827761926860   -1.112799599667    0.3689    0.6107   0.345   21
54070.270    0.728558023843    0.846399603205    0.7485    0.9204  -0.061    5
54076.249   -0.130254717661    0.398199604490    0.1192    0.3716  -0.695  171
54084.270    1.529478629339   -0.936298795295    1.0916    0.9788  -0.565    6
54091.272    2.077416794150   -1.997600395498    1.5154    1.0540  -0.384   13
54098.270    1.716611229191    0.170701200375    0.7188    0.8455  -0.243    8
54103.208   -0.066429904526   -0.491299199723    0.7918    0.2791  -0.132    5
54108.997    1.582160582565   -0.794599196041    0.4672    0.6648  -0.201   58
54119.268   -0.125044522538    1.683601200853    6.8719    6.7830  -0.960    3
54133.272   -0.127507207960    0.286498799085    0.6367    0.5267  -0.633   12
54140.270   -0.041247321501    0.326401203665    0.5196    0.6833  -0.540   18
54150.994    0.955055348147    1.766800804859    0.4927    1.5224   0.396  141
54161.272   -1.035670849357    1.469098801010    0.8194    0.9515  -0.696    7
54166.272   -0.010712149722   -0.038300396454    1.2135    1.8328  -0.750    6
54182.270   -0.770673713255    1.497099602688    0.7595    1.0841  -0.743   10
54187.230    0.184527508460    0.396399604341    0.0937    0.1375   0.045  214
54188.249    0.350961770808    0.855100802966    0.1784    0.2541  -0.088   16
54189.268    1.184449523317    0.482500804111    1.4084    1.7658  -0.864    3
54193.209   -0.039076407894    0.642600002010    0.0918    0.2313  -0.164   55
54195.269    0.329686837210   -1.166000397035    0.5337    0.6976  -0.529   12
54231.268   -1.041026930388    2.958598799552    1.8422    3.0532  -0.943    4
54235.206   -0.109271543538    0.318200403626    0.1473    0.1597  -0.010   34
54236.225   -0.119980225662   -0.339299999297    0.1796    0.3467  -0.127   78
54238.270   -1.641935340302    1.449298799372    1.1197    1.3334  -0.798   12
54245.268   -1.404437574399    3.054898804322    1.7379    2.7609  -0.913    6
54252.270    2.568331166183   -2.243998797979    1.3994    1.2846  -0.904    4
54266.270    0.413195734029    1.610802000584    1.2771    1.3251  -0.348    4
54273.269    2.046443952308   -0.997599596531    1.0402    0.9855  -0.495   22
54279.251   -4.592492878610    9.525600001581    1.0220    1.8365  -0.941    3
54280.270   -3.089933568118   -0.285098396091    2.2687    1.9505   0.474    4
54287.294    2.280902436694   -1.337101200960    2.3405    1.1754  -0.454    4
54294.270   -1.175623462922   -1.630501199656    1.7214    0.9614  -0.021    6
54301.272   -4.217213425089   -3.741598800389    8.6923    7.2723   0.956    3
54308.270   -1.606620683587    1.893099603478    1.5650    1.2330   0.436   16
54313.227    1.036681635578   -0.713699998300    0.8078    2.4263  -0.605    7
54315.272    2.492206845691   -0.121600796632    1.8302    1.3410   0.312    6
54321.248   -1.609948256982    9.999100804947    0.4510    0.8943   0.004    3
54329.269    0.632746139729   -1.048500000422    1.8270    1.4640   0.568   13
54336.271   -0.312757198422    0.211302003095    1.5333    0.8650   0.059    7
54343.269    1.136831879307    0.135900001652    1.9375    2.5071  -0.841    3
54350.271    1.960621723572   -0.732797995084    2.5020    1.9311   0.761    5
54356.250    0.696716826431   -3.418199995053    1.1457    0.7446   0.845    6
54357.269    2.385832165360   -0.196999197755    0.9933    0.7023   0.075   10
54364.271    0.963158926539   -0.536500795789    0.7763    0.5106  -0.597    7
54371.269    0.978212891134    2.021000403829    0.9196    0.8871  -0.553   22
54378.271   -1.007448997155    0.882298803617    2.2671    1.4114  -0.596    9
54385.269   -0.043129943229    0.239101199639    0.3170    0.5026  -0.012   47
54392.267   -0.078010409819    0.275900403324    0.4245    0.5151   0.245   24
54398.250   -7.467502692522   -9.543099596954    1.5594    1.2658   0.965   10
54399.269    1.284019703354    1.929200402628    0.9472    0.7537   0.415   16
54404.269   -0.294809838219    1.617102004303    0.7582    0.7411  -0.100   20
54413.269   -1.083865101802    0.624700803087    0.5196    0.8217  -0.079   13
54420.271    0.541859601777   -0.142700398698    0.3806    0.4883  -0.042   24
54425.271   -0.101598675333    0.316101602493    0.4678    0.6488   0.272    9
54432.225   -0.035314656715    0.210801603373    0.1706    0.2628  -0.178   28
54434.271    0.526663218873   -0.095299198932    0.6022    0.6027  -0.216   26
54440.250   -0.218827911356    0.469501199518    0.1155    0.1890   0.074  130
54441.269    0.666178174714   -0.695401195827    0.5591    0.7113   0.418   13
54447.584   -1.459286961293    0.660499200933    2.1427    2.6694  -0.644   13
54448.271    0.522175518092   -1.069099196371    0.3725    0.5266  -0.420   26
54452.208   -0.175555562157    0.341398800430    0.1109    0.1376   0.094   37
54455.269    1.748160667128   -1.361700000757    0.5932    0.5621  -0.620    9
54462.271    0.913085544643   -0.853999200956    0.4058    0.4204   0.194   18
54469.269   -0.770965485070    0.973299604112    2.5477    1.9599   0.747    4
54476.271    0.281784368920    1.174701603190    0.5350    0.4978  -0.510   13
54483.273   -0.533467731507    0.420400802170    0.4995    0.8878   0.136   18
54490.271   -0.584409481314    0.596098799122    1.2721    0.9464   0.138   12
54497.273    0.170199493466    0.640000801155    0.2804    0.4540  -0.394   30
54502.225    3.245079084649    2.268000002204    0.4256    0.2819  -0.015   12
54504.271    0.563134547716   -0.102599995699    0.4519    0.5177  -0.102   24
54511.269    0.780225735591   -0.949899595781    0.6214    0.6184  -0.687    6
54518.271   -0.385411539550    0.456400798754    0.2649    0.3540   0.040   45
54525.273   -0.473692973770    1.027501200923    1.4365    2.0140  -0.891    7
54532.271   -0.097114442151   -0.249400800811    0.2546    0.4751  -0.178   35
54539.269    4.091300534641    1.432800003442    1.3695    1.1145  -0.090   10
54545.270   -0.672548497223    0.083098801440    0.4278    1.0064   0.228   14
54553.269   -0.971123566560    2.767399199399    0.4253    1.2441  -0.632    6
54558.226   -0.125478700323   -0.156200396617    0.4214    1.9074  -0.200   10
54560.271   -0.294955724126   -1.900299597679    0.2623    0.8535   0.026   30
54564.208    0.113755789061   -0.224499599710    0.1208    0.2424  -0.086   40
54601.248   -0.162530092859    0.547498801495    0.1216    0.5173  -0.351   82
54602.271   -0.323031690421    1.619200799041    0.4820    0.9618  -0.341    6
54609.273    0.331715332506    1.851199200331    0.2569    0.7729  -0.265   11
54616.271   -0.974885317739    3.479400000117    0.7866    5.9316  -0.557    3
54623.269   -0.278022605401   -0.379098000991    0.2065    0.4412  -0.301   30
54628.270    0.527819891001   -0.321400800374    0.4758    1.2022  -0.540    4
54637.269    1.105716631496    0.674100001419    1.7446    1.8797  -0.874    5
54642.226   -0.394095181635    0.439700404087    1.0456    0.8129   0.007   29
54644.271   -0.882550360524    0.564400801295    1.2361    2.8553  -0.734    6
54650.269    0.303927670429   -1.180799995382    0.5728    1.2146  -0.471   14
54658.271   -0.573989103407    2.101100400864    1.1400    1.9835   0.262    3
54672.271    0.484689947771    1.529100001818    8.3544    7.0944   0.971    3
54677.224    2.973569220068    2.039101201490    1.4031    2.7211   0.574    5
54683.207    2.413908131655   -1.640401197278    2.8559    1.3970  -0.480    4
54686.271   -1.376069836289    1.690902004015    0.4518    1.4538   0.085    9
54707.270    4.920297106432   -4.261399195116    1.2202    1.0146  -0.721    6
54710.999    7.288327785155    2.896902001481    2.2124    2.0944   0.575   16
54714.271   -0.673851042919   -1.205200796761    1.7819    1.4176  -0.076    4
54721.270    0.588605422619    0.104698803227    0.3344    1.0197  -0.093   12
54742.271   -0.277008351582    0.696499203912    0.2163    0.9068  -0.378    9
54749.273    1.679125658870   -1.310500795881    1.7583    1.3193  -0.948    9
54782.226    3.846709976566   -0.895600796724    0.8804    1.9319   0.436    5
54797.998    0.471956250289    9.336301204144    1.3271    3.5630   0.583   18
54915.999   -0.690349983860    2.850501601159    0.6275    3.3022  -0.478   10
54921.207    0.250957412986   -0.975499201417    0.4181    0.7130   0.364    6
54985.207   -0.368912610950    0.655300799224    0.2381    0.3722   0.105    9
54991.208    0.261377790893   -0.930999597415    0.1770    0.3315   0.205   21
55069.225    0.074533482919    0.867801600180    1.4493    2.2566   0.467    3
55138.206    0.050507572021    0.109101604551    0.2864    0.3759  -0.225   27
55168.252   -0.072654341128    0.234298801161    0.0892    0.2709   0.269  209
55187.208    0.052244295502   -0.697798797944    0.4732    0.5152   0.041   10
55258.227    0.411313124641    1.522800004494    1.5254    2.4973  -0.724    3
55271.208   -0.111008279359    1.371401999961    0.1404    0.3495   0.035   19
55327.208   -0.532307591781    1.073300398957    0.1501    0.3443  -0.248   53
55454.228   -0.224764056080    0.264200399158    0.0929    0.1228  -0.100  175
55525.999   -0.586146204795    1.560600001227    0.5466    0.8256  -0.271   23
55746.997    0.810326729584    3.029698802237    0.9268    1.6023  -0.033   22
55873.206    0.371368348836   -0.273301196074    0.3266    0.4419  -0.130   19
55876.270   -0.591068095700   -3.003098397159    0.6659    1.1114   0.104    9
55966.250    0.321294954600   -0.145000798568    0.0713    0.1524  -0.030  143
55972.229    0.395248373826    1.737899999910    0.7869    0.9887   0.328   10
56125.207    0.370934158711   -1.036799996257    0.1663    0.1994  -0.008   34
56188.209   -0.043564121015    0.904701600035    0.1949    0.3959  -0.129   21
56252.266    0.900928430916   -0.130298396073    0.4190    0.4662  -0.322   13
56342.209   -0.040524839498   -0.558197999823    0.2113    0.2930   0.268   29
56426.209   -0.302048516298    0.197100000321    0.1650    0.2596  -0.016   27
56490.208    0.436061517541   -0.027899999111    0.2481    0.2440   0.216   14
56553.207   -0.453143989772    0.196801199337    0.4641    0.6155  -0.741   12
56632.269    1.532083720731    1.218499202338    1.4908    2.6695  -0.463    3
56634.263    0.542582083780   -0.293198399959    0.6519    2.0812  -0.242    4
56636.257    1.569423405144    1.730599203142    1.9837    1.6517   0.196    3
56638.251   -1.018303552846   -0.703198798391    0.5792    3.2950  -0.383    4
56641.243    1.011933230337    1.983898798841    0.7047    2.6810  -0.150    3
56664.210    0.109848139633   -0.812897998514    0.1084    0.1725   0.014   41
56728.209    0.092480843122   -0.548701199676    0.1797    0.1828  -0.029   34
56979.209    0.096388492550   -1.086299997155    0.1509    0.2034  -0.206   21
56995.250    0.327081745818    0.114199203693    0.0984    0.1796  -0.163  191
57063.209   -0.074679368826   -0.270298797744    0.1606    0.1906  -0.107   64
57126.207   -0.654312845142    1.386399603120    0.1291    0.1738  -0.036   56
57210.207   -0.089733333421   -0.221500795305    0.1373    0.1557   0.334   67
57275.229    0.865613774201   -2.535098396805    0.1242    0.1692   0.049  199
57281.584   62.719523474391 -195.995300398977   52.2497   49.4642  -0.395   30
57291.501   46.166320355725-2252.400598796100    3.9111   21.6474  -0.649    3
57324.249  200.774614697384   58.162201199252   37.3102   42.8631  -0.633   18
57330.583  158.658924150895   55.431100803816   27.7143   23.7816  -0.034   50
57350.584   51.780010195131 -131.627897995656   28.9184   21.7040  -0.108   35
57352.626  105.399508708321   -1.338598799805   34.9031   22.8652  -0.047   28
57360.833  101.672629603912   85.177299600758   27.8402   23.6682  -0.177   19
57361.647  -97.610276871074  -35.161199999578   34.6336   30.8969  -0.040   28
57499.251   -0.876037619705  -13.946198397718    0.3850    0.9858  -0.247  658
57668.271    1.034510721971   -1.219201200797    0.2682    0.2470   0.004   37
57673.209   -0.860983655111   -1.301101197981    0.2689    0.3606  -0.057   55
57735.207   -0.287286323519    0.261601204699    0.1531    0.1228   0.017   70
57834.230  -71.930417776578  -36.708800396212    3.7352    4.0113   0.370    3
58004.268    0.923505922550   -1.348700396164    0.1068    0.1682  -0.068   31
58071.207    1.047682077177    0.939898801988    0.3290    0.2185  -0.213   12
58121.207   -1.975529814599   -3.128900396376    0.4487    0.2350  -0.015   14
58122.229   -0.404515559542    1.157299203669    0.1730    0.2592  -0.206   85
58130.268    1.941806007798    2.198300402512    0.1343    0.2499   0.024   66
58134.209   -0.250523235201   -0.903898799010    0.1830    0.2670  -0.327   29
58151.270   -0.267602227494    0.138499202507    0.1838    0.2496  -0.037   22
58186.272   -0.205225845963   -1.323197999170    0.2939    0.6369  -0.568    6
58470.207    2.131689584949  -17.357597995726    0.2878    1.4873  -0.540   25
58547.209    0.135753204662   -0.718700395197    0.1367    0.1738  -0.184   49
58575.209    0.204642314672   -0.806900396100    0.1154    0.1289  -0.062   61
58625.230    0.042984057322    0.479998799108    0.0720    0.1146  -0.043   81
58694.207    0.277584947677    0.232401598765    0.2201    0.2779  -0.122   24
58701.209    0.494822021460   -1.100098796059    0.2644    0.2871  -0.179   54
59101.209   -0.699325397760   -0.046400400322    0.2639    0.2659   0.408   63
59366.209   -2.177282201260    1.655899200159    1.4193    1.5312  -0.759    9
59485.207    0.717411696336   -0.762400798493    0.2493    0.3101   0.159   59
59507.228   -1.117151250880   -2.866697995785    0.5178    1.4827   0.485    4
59758.210    0.492216930069   -0.714200398022    0.1774    0.2726  -0.245   64
59765.208   -0.001302545696   -0.180698400243    0.1457    0.2269  -0.242  138
59779.208   -0.152109714952    0.542098801048    0.2545    0.2642  -0.179   55
60101.208   -0.361239730405   -0.882100798805    0.5294    0.2806   0.120   34
60164.207   -1.007014819369   -0.232200000028    0.3963    0.2434   0.134   36
60248.211    0.402195292430    0.564400801295    0.4397    0.3091   0.449   19
