%-----------------------------------------------------------------------------
%                R.A. (mas)        Dec. (mas)        Err. (mas)     Corr. Del.
% Uncertainty in R.A. is in R.A. cos(Dec.)!!!!
%-----------------------------------------------------------------------------
49960.334    1.796895096532   -0.989499602255    0.7221    0.7928  -0.361   10
50003.416    0.010869797279   -0.412599602484    0.1997    0.4098  -0.396  112
50324.335   -0.699609038916   -0.017697600185    0.5877    0.5629   0.057   10
50498.253   -0.536133125381    0.826401599952    0.4168    0.5323  -0.201    7
50560.082    0.350327998646   -0.448398000330    0.2370    0.7244  -0.005   61
50561.251    0.105560779127   -0.319197602749    0.4244    1.6649  -0.624    5
50568.253    0.323081996130   -0.437198402281    0.2565    0.5207  -0.060   12
50582.253   -0.471518153041   -0.198000000395    0.5456    0.8877   0.424    3
50883.252   -0.440252268077    0.747899997933    0.3290    0.6468  -0.233    8
51036.087    0.304322485464    0.713001596964    0.1172    0.2460  -0.359  133
51184.251   -1.192270058832   -0.870498000083    0.4634    0.7425   0.431    5
51289.249    0.157372803284   -1.642500001608    0.6219    2.7861  -0.869    4
51296.251   -0.537176503847    0.871002000125    0.3003    0.6111  -0.079   14
51297.270   -0.048238792493   -0.245098802054    0.3262    0.6693  -0.121    8
51303.249    0.509934081241   -2.424798000789    0.6931    2.5918  -0.812    3
51436.251   -1.204629910751    1.483102798971    0.4775    0.6134  -0.258    5
51576.252    0.173155835359   -0.024796801412    0.2842    0.5138   0.234   15
51660.252   -0.838819059216    0.563399998654    0.3199    0.6803  -0.237   11
53285.253    0.477328218535   -0.846799200360    0.0786    0.1913  -0.169  130
53353.204    0.308638941798    1.112000398962    0.2650    0.7499   0.016   18
53642.248    0.209928077501    0.346802397999    0.1468    0.2933  -0.210   51
53717.205    0.593755240422    0.688201198429    1.3929    0.4643   0.178    8
53719.250    0.256826917641    0.271303197508    0.1714    0.2269   0.177   65
54053.205    0.339311678989   -0.006098401784    0.2041    0.3146   0.208   39
54116.207    1.664238417176    0.280702798605    0.6910    0.2646   0.546   17
54599.207   -0.103624073703    0.226501198597    0.2852    0.1931   0.332   16
54662.209    0.146056355221    1.079999999831    0.1814    0.2583   0.277   39
54881.249    0.572612348157   -2.445300000886    0.6131    0.8823  -0.299   20
54886.187    0.289879431132   -0.895899600906    0.3642    1.4096   0.076    9
55042.251    0.459462009437    0.408002399865    0.1041    0.2874  -0.045  200
55154.248   -0.203078188060    0.483400797791    0.0952    0.2615  -0.336  146
55411.209    1.008698211408    0.831200398110    0.5390    0.3986   0.500    8
55474.207   -5.521108740420   -0.715996801048    6.1500    0.5662   0.855   13
55512.270    1.953224521350   -6.453496802550    2.1146   12.1567  -0.980    3
55748.206   17.199810291697  -12.057796802623    0.7672    0.6930  -0.102    8
55811.208    0.430429403784    0.061102799620    0.2603    0.6321  -0.295   28
55873.206    0.236280753059    0.840700798577    0.3641    0.8320  -0.559    9
56065.269    0.007893293297    0.408002399865    0.4236    0.8317   0.438   12
56139.207    0.765421021140    0.424000799271    0.1791    0.1588   0.197   35
56211.208   -0.420599405063   -0.414298800067    0.3415    0.3297   0.190   11
56280.208   -0.070571585602   -0.217998000451    0.1320    0.2797  -0.182   57
56281.230    0.751871293766    1.518202798678    0.6874    1.8778   0.145    8
56301.228    1.700864162330    3.329701199561    1.6206    3.8844   0.439    6
56392.230    0.054792108048    0.563500798023    0.1652    0.4604   0.114   32
56533.253   -0.223474250356    0.398300397464    0.6486    0.6523  -0.124   16
56574.227   -1.121401899343    0.542102398171    1.1610    1.3236   0.009   12
56636.206    0.174195633916    0.468302398460    0.2110    0.3089  -0.033   15
56638.251   -0.094837478837    0.043001998762    0.1480    0.2708  -0.209  115
56646.272    0.263826909370    0.182300398777    0.4098    0.2235  -0.461   19
56653.270   -0.096327508088   -0.425599200682    0.1908    0.4529   0.003   30
56721.229  -14.732781858166  -28.722600000819    0.5132    0.7825  -0.290   15
56903.207   -0.244913716507    0.104702397152    0.3585    0.6034  -0.759    3
56967.250   -2.637797358161  -16.940098802110    0.2045    0.2801  -0.187   37
56982.269    0.595988519733   -0.262497601256    0.2185    0.6159   0.152   17
57002.230   21.855004072673    3.100600800110    2.5900    1.1617   0.354    5
57056.207    0.738024967116    4.213000799425    0.1804    0.3294  -0.006   35
57147.209    5.367759374104    4.395401997570    0.4538    0.2212   0.213   11
57218.232    0.119853756562    0.272602797935    0.4940    0.5251   0.052   24
57219.251    0.439062367232    0.205901999450    0.1582    0.2107   0.028  180
57287.206   -0.709585534626   -0.006199201152    0.2151    0.1394   0.058   14
57350.208   -0.779413870168   -0.569700002373    0.6578    0.2829   0.463    4
57372.225   -0.440402344975    1.057802399274    0.8398    4.1945   0.800    3
57444.270   -2.461368419545    2.215900797253    0.8212    0.6951  -0.808    6
57493.269   -0.596285119008   -1.714197599867    0.1754    0.4974  -0.015   28
57500.271    0.282139769252    0.751701596968    0.1810    0.2576  -0.043   47
57512.207    6.705045989599   37.104400799848    2.3716   14.9568   0.978    7
57521.269    1.186763676263    2.158700399235    0.4990    0.6864  -0.239   14
57569.248    8.652610496963    1.183701597540    0.3269    0.4563  -0.273   19
57595.206    1.429447693368   -0.979200001083    0.1447    0.2607  -0.020   36
57665.188   -6.469951532087   -1.280998801434    1.0747    1.2972   0.389   11
57723.248   -0.244913716507    0.147002397455    0.0916    0.1332   0.108  246
57787.269 1230.519397892607-1497.249298802217    0.1651    0.1807  -0.045   19
57804.381   -0.319951860731    0.414899999157    0.1538    0.2598  -0.063   64
57836.293    0.643037436770    0.428900399996    0.1997    0.3292  -0.425   36
57882.209    1.806871592242   -0.418798800439    0.2814    0.1665  -0.122   12
57890.230   -2.705688988279    9.932702398174    0.8717    1.2342  -0.184   12
58001.189    0.317425562053   -0.517597200300    1.4037    1.1483  -0.021    6
58002.208   -1.874313017056    1.771401598205    0.1887    0.2232   0.070   46
58029.207   -1.592773555395   -1.846497601221    0.1559    0.1313   0.027   27
58085.500   -9.796641763302  -26.620797601495    4.0744   10.5416   0.984    3
58086.500   -1.138971559944   -1.272697202026    0.2344    0.1300   0.484   28
58087.498    1.789602110826   -1.159898401326    0.5213    0.2278   0.202    7
58088.498    0.611771526417   -0.992599202831    0.3617    0.1714   0.546   16
58089.499   -0.864128330917    3.268400398326    0.1757    0.1432   0.233   37
58090.500   -2.038982385955    0.949701597364    0.1305    0.1166   0.017   32
58091.497   -2.428762582228   -1.101499202250    0.1441    0.1181   0.297   45
58092.498   -0.257866741588   -0.255798000381    0.0936    0.0967  -0.096   52
58093.499   -0.211861228406   -5.087700002093    0.1069    0.0827   0.011   65
58094.496    0.969242459261   -0.824896800466    0.0817    0.0789  -0.095  101
58095.500  -15.822621298659   -4.155498000102    0.2593    0.1447   0.461   26
58096.497    0.994851884758    0.373301997314    0.0951    0.0914  -0.154   60
58097.498   -0.999168366482    0.570200398897    0.1095    0.1454  -0.166   35
58098.499   -2.112083824755   -0.493999199946    0.1043    0.1022  -0.042   63
58099.500    0.549386278868    3.149002799319    0.1675    0.1958   0.203   23
58163.229    3.592153666825    0.410101197801    1.9693    0.8567   0.692   16
58213.228   -1.141651490039    1.633600797035    0.6619    1.1702   0.053   25
58238.207   -0.093647577993    0.956300398869    0.1683    0.3100  -0.031   28
58274.210    0.274693126739    2.963602799966    0.9414    5.4154   0.930    3
58303.229  -43.624246726222   -7.432498802018    9.1560    1.5226   0.876    4
58330.206   -0.547152999557    0.116200799383    0.5057    0.2398   0.414    6
58421.208   -0.303872254770    0.527101197889    0.2235    0.1968  -0.427   14
58450.227   -4.158509273314  -14.912899200326    1.5383    4.2013   0.787    5
58494.386   -0.448141981465   -0.793699202362    0.1976    0.2254   0.209   49
58515.271    0.307745640230    0.799300798349    0.1744    0.2825  -0.039   28
58530.834   -0.537026426950   -1.728399602641    0.2606    0.3377   0.298  104
58536.269    1.450143934849   -1.616598001064    3.9327    1.3794   0.780    4
58540.733   -2.552189570454   -2.071897201006    0.2158    0.4044  -0.098   28
58593.332   -0.221687647218    0.628801199909    0.1517    0.3493   0.095   84
58622.004   -0.939613125926    0.210700797609    0.3034    0.5486  -0.371   35
58624.207    2.195611964569    0.285703198699    2.1651    0.3676   0.874   10
58627.271    0.089777747053   -1.038697201849    0.2000    0.3104  -0.310   22
58631.757   -1.232022410255   -0.750499201985    0.3552    1.0067   0.799  108
58673.209    3.125548748580    0.171403198834    0.4509    0.2687  -0.111   11
58683.271   -0.054491979641    0.274301998715    0.2839    0.2478  -0.203   13
58785.209    0.349731270964    0.521802000009    0.1827    0.2797  -0.147   47
58795.122   -1.673318031409    0.415702796985    0.1790    0.3361  -0.249   72
58806.207   -0.173895505510   -0.885196802258    0.1813    0.2293   0.067  126
58820.207   -0.340798153720   -0.238899600902    0.3209    0.2909  -0.147   26
58829.901   -0.221391047943   -0.225900002704    0.1221    0.2437  -0.210  134
58835.208    0.866065036342   -0.677199601995    0.6071    0.2981   0.049   15
58844.270    0.459758583324   -1.225198800014    0.9689    1.1179  -0.798    3
58851.268   -0.173895505510   -0.227898001270    0.7236    1.1308  -0.411   11
58905.227   -2.312782211126  -34.432999200718    0.6885    7.8694   0.860    4
58922.379   -0.047045337129    0.244101599733    0.2846    0.7442   0.728  117
58939.209   -0.265313384101    0.000000000000    0.0988    0.1257   0.060  156
58960.208   -1.924338438076   -3.231597600717    0.1255    0.9500   0.069   71
59068.271   -0.494744222329   -0.443797200589    0.4918    0.3766   0.335    6
59100.084   -1.007504756043  -34.434399600514    3.7506   16.6088  -0.913   20
59107.206    0.270226568118   -0.107899199975    0.8082    0.2800   0.477    9
59165.248   -1.284581238992    2.546999999709    0.4542    3.1151   0.301   10
59166.271    1.496446021917   -0.510998401992    0.3913    0.4383   0.042   16
59178.207   -0.137866488038   -0.086997602722    0.1155    0.1298   0.100  343
59186.250    0.219457922427   -0.982198802291    0.4379    2.8126   0.552    8
59192.229    7.858903649361   16.165101599697    0.8447    0.5015   0.565   22
59226.208    0.379510681196    0.137602799555    0.3984    0.1715   0.455   36
59231.585   -0.975495621020   -0.064800002164    0.5238    0.3516  -0.234   31
59234.229   -0.260993322468   -1.161997202459    0.3930    0.9086   0.169   24
59270.250    1.217582910443    0.713401197316    0.4409    0.9155   0.299   21
59283.227   -0.250720252871   -2.196097201690    0.3270    1.1678   0.190   13
59297.209    0.244620722529   -0.479998802305    0.1987    0.1541   0.183  222
59304.229    0.925023549216   -0.681498000432    0.6911    0.6917   0.384    4
59312.228   -0.518266890893   -0.387000000046    0.1648    0.5774   0.074   90
59325.217    0.493257747598   -0.445298402951    0.4104    1.0291   0.233    8
59331.207    2.859488559899   -0.818298002159    2.3561    2.0722   0.673   21
59333.248   -1.894115931578    0.858103198098    1.8282    0.8048  -0.724    5
59338.209    1.156987845940    0.487702799745    0.2156    0.2091   0.025  126
59352.187   12.403176791019    3.745400399424    4.4712    1.2011   0.176    3
59353.209    0.015783006685    0.306302397846    0.1418    0.1584   0.097   92
59360.208   -0.187148658997   -0.115398001554    0.1287    0.1606  -0.038  171
59464.041    3.359892796214  -15.202699201922    0.8478    3.6936  -0.318   75
59506.209    0.000000000000    0.001101598812    0.1390    0.1562   0.004  109
59542.248    0.094244305675   -2.575897201140    0.1801    0.9818  -0.931    6
59563.228  -10.428212649722  -16.371900002099    0.3505    0.9284   0.088   31
59593.248   -0.045705359386    1.025099998486    0.2639    0.9473  -0.770   24
59594.585   -2.843108825532   -0.571197601218    1.7643    0.8111   0.281    4
59653.207    0.408839860735    0.049003198299    0.2757    0.2206   0.026   34
59711.249   -0.072804839524    1.302299999040    0.6406    1.5829  -0.082   36
59753.249   -0.050618568793    0.592300797209    0.5931    0.6522   0.088   15
59767.249   -0.051511895751   -0.614397601595    0.0982    0.3701   0.258   31
59802.251    0.342438259868    2.844802799729    0.3238    1.4937   0.157   24
59821.208   -0.123573510604   -0.154598401281    0.3268    0.1902   0.035   36
59828.206    0.159159431811    0.321703198480    0.1119    0.1649  -0.035  133
59926.206    0.187148658997    0.219902397092    0.2902    0.2230   0.138   23
60026.248    1.254508809392   -1.234098001390    0.6295    1.1556  -0.047   55
60047.250   -0.108090632325    0.452699999087    0.3192    0.4789  -0.202   43
60269.209    0.229730992024    0.078202797837    0.2448    0.2231  -0.067   20
