%-----------------------------------------------------------------------------
%                R.A. (mas)        Dec. (mas)        Err. (mas)     Corr. Del.
% Uncertainty in R.A. is in R.A. cos(Dec.)!!!!
%-----------------------------------------------------------------------------
56834.248    0.696620909739    0.000000000000    0.2729    0.3988   0.458   70
57660.250   -1.664908425673   -3.381001207003    0.8740    1.5721   0.407   54
57960.230  124.164637950712  139.526697600445    0.8210    1.7485   0.236    7
58015.324    1.529285495436    1.155398400954    0.3476    0.6316  -0.255   56
58038.229    6.458794515839   51.846498000430    0.4668    1.1177   0.054   16
58456.714    0.000000000000   -0.610099196763    0.1753    0.3296  -0.060   84
58670.101   -0.794938460695    2.724199195825    0.3263    0.5125  -0.401   70
