%-----------------------------------------------------------------------------
%                R.A. (mas)        Dec. (mas)        Err. (mas)     Corr. Del.
% Uncertainty in R.A. is in R.A. cos(Dec.)!!!!
%-----------------------------------------------------------------------------
49253.335    0.209340298032    7.697700000620    0.5301    2.2706  -0.148   19
49554.333    0.894446204497    1.555999199887    0.6875    2.1277  -0.319   13
49896.281   -0.463329388441    1.224698400293    1.0502    2.7062   0.090    3
49930.168    0.455090125341   -4.811900399737    1.4288    5.1632  -0.645    7
50288.252   -0.843345575673    0.833198399874    0.3680    0.8279  -0.157   10
50372.252   -0.484457988839   -0.325198800688    0.3996    0.6635  -0.361    7
50458.831   -0.047349634217    0.852098399839    0.1949    0.3604  -0.120   98
50575.751   -0.248148599463    0.652201200246    0.2239    0.4657  -0.140   73
50749.085    0.482810826168    0.247899600048    0.3422    0.6708  -0.097   37
50785.252   -0.245749827309    0.833400000211    0.5131    2.0874  -0.641    7
51100.250    0.965923773130    0.567298799936    0.3466    0.8172  -0.046    9
51352.251   -0.109088298296   -0.081000000307    0.3520    0.6065  -0.327   11
51576.252   -0.102496172314    0.279899999178    0.3951    0.6440   0.204    4
51883.083    0.122128657661   -0.767098800480    0.0624    0.1644  -0.125  138
52767.244   -0.066381557702    0.295401599182    0.0900    0.2023  -0.229  165
53125.576   -0.671918051436    1.151701200008    0.1952    0.4463   0.034  223
53134.021   -1.058526364651   -0.329000399724    0.1501    0.4296   0.061  117
53152.747    1.229054783741   -5.894200799439    0.2294    0.4346  -0.020  179
54559.230   -0.200047330209    0.178700400078    0.1149    0.1763  -0.044   88
54566.250    0.036114614611   -0.047001599413    0.1815    0.8215   0.220   18
54748.247    0.187909602393   -0.227300399303    0.1703    0.2466   0.043   32
54760.209    0.357988507241    0.271400399754    0.2365    0.3089   0.672   37
54767.207   -0.212634572268   -0.179701199521    0.4675    0.3773  -0.486   14
54774.209   -0.093652718733    0.023601600674    0.1726    0.4034  -0.225   11
54781.207   -0.021578140195    0.182998800113    0.1739    0.1963  -0.015   18
54788.209    0.560582054161    0.986101200695    0.7182    1.5860   0.698    3
54789.228    0.078821329651    0.391100400066    0.4200    0.4558   0.043   28
54816.209   -0.400393152594    0.109799999493    0.2269    0.2865  -0.119    7
54823.207    0.001650714629   -0.060199200824    0.1876    1.1190  -0.229    5
54830.205   -0.699041793465   -3.874201199849    2.0300   15.8860   0.992    3
54845.228   -0.166928497657    1.653501599641    0.2345    0.6311  -0.199    8
54852.208    0.990048130035   -0.078098399747    0.5346    0.2744  -0.141    5
54853.249   -0.088258190073    0.540298799301    0.0897    0.2449  -0.070  141
54887.206    0.106693103652    0.234399600529    0.1685    0.7560   0.437   18
54901.206   -0.300295777989    0.262198800272    0.1400    0.2690  -0.085   21
54937.249   -0.284709150806   -1.313701200623    0.8355    5.2671   0.876    4
54942.209   -0.618573301143    0.329698799462    0.2498    0.3786   0.066   13
54943.228   -0.593096721785    0.675698399633    0.1757    0.4322  -0.086  144
54998.206    0.648394281948    0.007401599333    0.2986    0.1415   0.056    8
55005.208    1.160425527059    0.521701200640    5.9982    0.4294   0.740    4
55021.249    0.268378094716   -4.633401599996    0.3845    1.6926  -0.192    3
55026.206   -1.581346692636   -0.182401199744    0.9221    0.2775   0.138   11
55075.208   -0.606583068990    0.450500400184    0.3409    0.3766  -0.267    7
55083.207    0.035064461845    0.318801599519    0.3653    0.3282   0.061    7
55119.250    0.297299995929    0.277099199586    0.2360    0.4387  -0.171   22
55124.210   -0.369975161884    0.340300800339    0.3310    0.7166   0.203   17
55131.208    0.285762881083    1.203098400104    0.1842    0.3655  -0.061   32
55154.248   -0.099198295013    0.311400000186    0.1056    0.2977  -0.340  100
55208.206    0.627564173725   -2.845699199483    0.4032    2.4426  -0.754    4
55229.208    0.930107676248   -0.089701200068    0.2296    0.3577  -0.014   33
55257.208    4.001698137007    1.211500800480    2.5665    0.7341   0.923    4
55264.206    0.461534781214    0.554698800492    0.1995    0.8463   0.289    9
55271.208    0.073275753371    1.159700399711    0.1571    0.3285  -0.252   20
55278.206   -0.137111094363    0.483501600357    0.2030    0.2261  -0.099   26
55285.208    0.048852904290   -0.194698799483    0.1295    0.1880   0.197   26
55294.230    0.051550168620   -1.356598799696    0.6484    0.9813  -0.366    3
55320.207   -0.608381228174   -0.418701599791    0.3917    0.6507  -0.050    4
55327.208   -0.053495797914    0.306799200445    0.2364    0.7018  -0.048    8
55342.209    0.500044590468    0.494600400636    0.4242    0.9963   0.651    5
55349.207   -0.051248098934   -0.193798799408    0.1989    0.1811  -0.001   20
55355.208    0.117633208593    0.381898800583    0.2581    0.3389   0.171    9
55369.208    0.169330847323    0.079898399896    0.2886    0.4124  -0.179    7
55371.250   -0.649591879270    0.909201600408    0.1272    0.3456  -0.518  280
55376.207    0.297900583345   -0.075301200475    0.3041    0.2340  -0.083   16
55393.271    2.573793594825   -2.481501599405    1.1811    2.5258  -0.564    4
55407.271    0.282313956163   -0.624301199537    0.5002    0.8424  -0.229   15
55414.269   -2.835126446252   -1.413100799574    3.4498    1.1358   0.950    3
55421.271   -0.548591822007   -0.436201199960    0.3760    1.3022  -0.351    9
55432.207   -0.713427220262   -0.422899200458    0.2719    0.4431   0.243   10
55435.271    1.032754870628   -0.215899199318    0.3970    0.6527   0.277   24
55442.269    2.082142892587   -1.742198399945    1.1459    0.9526  -0.581    3
55449.271    0.448497999359    0.532101599582    0.3518    0.5615   0.050   12
55454.228    0.060238971516    0.373100400175    0.1001    0.1843   0.058  167
55483.229   -0.109987377888    0.960998399258    0.1341    0.2914  -0.367  144
55495.209   -0.033863312567    2.278900799269    0.3634    1.3534   0.198    8
55524.268    0.110289447574    2.366301599466    0.8205    1.1067   0.264    7
55537.209    0.172326603829   -0.342601200209    0.1896    0.2443   0.029    6
55546.249   -0.832106978556   -2.049001200710    0.6168    2.1574   0.663    4
55547.271    0.029820980805   -1.440201599578    1.1659    6.1820  -0.755    9
55565.209    0.090059952322    0.063298799802    0.1745    0.3034   0.203   13
55572.207    0.394552661649    0.549100800029    0.5867    0.3479  -0.402    4
55575.272    0.239010231217    2.880100799452    0.4309    1.0909  -0.368   21
55582.270    0.813826664554   -0.289900799366    1.3209    2.8706   0.076    3
55600.207    0.295652858811   -0.131299200312    0.2243    0.7777   0.135    7
55603.268    0.628463278871    1.683399600516    0.5890    1.7928  -0.016    8
55610.270    1.831444498903   -1.766098800005    0.4028    1.0290  -0.099   10
55638.270   -0.544096372939    2.442898800048    4.0943    3.2389  -0.669    4
55642.207   -0.186708453114   -0.181501199670    0.4959    0.8359  -0.412    5
55657.230   -0.273621601310   -0.117100799457    0.0729    0.1616  -0.005  168
55666.270   -0.344948122322   -1.746298799965    1.4719    1.9526   0.086    8
55708.270    5.257725589603   -5.994900000417    7.0011    5.8774  -0.853    3
55713.208   -0.194052214133   -0.234500399898    0.3836    0.3918   0.052   18
55722.270    1.204779379216    5.374699199301    4.0940    3.0940  -0.367    3
55734.228   -1.092842820078    0.906998399586    0.4325    0.2866  -0.217    4
55736.270   -1.460570257427    1.113998399127    1.1350    1.1306  -0.604    9
55790.207   -0.198997202997    0.488401199483    0.4134    0.2938   0.063   14
55796.208    0.169780387119    0.452401199702    0.5891    0.7664  -0.598    3
55799.268  -11.565281611493   16.052101200259    9.7628   13.4463  -0.995    4
55813.272   -0.241254378241    0.991000799822    0.4426    1.0206  -0.386   28
55845.206    0.377768462698    0.106498800179    0.1925    0.4693   0.035   22
55848.270   -0.495847659130   -0.385700399619    0.4366    0.8842  -0.257   30
55852.208   -0.339104053866   -1.299499199447    0.2435    1.0362   0.538    8
55853.271   -0.348695539418   -0.182998800113    0.5747    0.7281  -0.055   22
55869.269   -1.095540084408    0.146401199963    1.3867    2.4943   0.159    4
55883.269    0.274671702968    0.630899999443    0.4600    1.3902   0.705   12
55889.295   -2.763947344241   -4.907199600268    1.1386    0.9237   0.773    9
55901.206    1.520510711214    0.691300800604    1.4767    0.2203  -0.194    6
55917.270    2.084840156917    3.036600000250    1.2386    1.5902   0.880    6
55925.269    0.228818158249    1.227801599590    0.2249    1.2026   0.289   15
55932.271   -0.593697309201   -0.950000399946    4.6239    2.1454   0.131    3
55936.208   -0.120477943032   -0.347698799352    0.1963    0.3253   0.330    8
55953.269    0.248749186879    0.236001600662    0.5864    1.3715  -0.579    8
55960.271    0.218928180520   -1.345798800401    1.7976    2.0394  -0.824    7
55974.271   -0.099198295013    0.047699999151    0.2549    1.1546   0.045   16
55992.208   -0.136510506947    1.858500000296    0.2281    1.0490  -0.354   11
56009.273    0.592050172084    2.012799600593    0.2403    0.7871   0.365   10
56016.271    0.176372513101   -0.823899599744    0.9631    2.0688  -0.077   11
56030.271    0.454640585545   -0.352198799725    0.4453    1.4651   0.605    5
56034.208   -0.175469830444   -0.582598799603    0.4427    0.3584   0.031    5
56044.267   -0.323222537572    0.031499999409    0.4189    0.6544  -0.228   44
56058.267    0.372823473834   -0.649299599687    0.1801    0.6434  -0.252   34
56118.208   -0.673417743999   -0.281300400573    0.3684    0.2957  -0.275    7
56135.273    0.702490667278   -0.763099199830    0.6959    0.9140  -0.132    9
56146.208   -0.234662252259    0.492901199856    0.2519    0.3219  -0.258   18
56156.271   -0.021276044954   -0.316699199665    0.5867    1.0207   0.769    4
56160.208   -0.510682625722    0.261899999288    0.2226    0.1945  -0.282   21
56163.269    0.451943321215   -0.912898799754    0.4401    0.8963   0.035   29
56170.271    0.249648266471    0.234100799545    0.3591    0.9729   0.623   10
56177.273    1.271912571955   -1.592200800005    0.8582    1.7627   0.246   12
56198.271    0.053495797914    0.218199599189    0.2779    0.8730   0.574   15
56204.250   -0.077771227993    0.208799999690    0.0755    0.1539  -0.128  223
56205.269   -0.029669958739    0.123199199642    0.4616    1.7630  -0.575    7
56212.271   -0.167978624870   -0.351799199372    0.1968    0.3867   0.199   35
56219.269    0.620522507947   -0.093599999751    0.6243    0.6405   0.657   10
56240.268   -1.213320737557    0.619300799443    0.8013    0.5496   0.230   10
56244.209    0.000000000000    1.071000000685    0.2762    0.6949   0.288   10
56247.269    0.882758042031    1.507100399678    1.2248    1.6964   0.838    4
56258.205    0.129619863235   -0.413398799992    0.2927    0.5223  -0.556    6
56261.269   -0.178918729811    1.143698399986    0.2495    0.7352  -0.101   19
56268.271   -0.285460785843    7.220599200153    1.0805    6.1396  -0.205    3
56280.540   -0.946589779958    0.320198400594    6.4855    4.0972  -0.891    5
56281.230    0.226872528955    0.494099999315    0.4822    1.7443   0.173   14
56282.271   -0.344649630146   -0.614599200333    0.3461    0.5488   0.432    8
56289.273   -0.660977946496   -0.667699199930    0.1961    0.6019   0.107   37
56301.228    2.105069677724    3.868099199344    1.6822    3.7516   0.469    4
56308.208   -0.981952759533   -3.708799200552    1.9079    7.6612   0.992    3
56338.271    0.023376299379    0.139298400015    0.1645    0.6180  -0.007   33
56352.272   -0.475316043083    1.035698400642    0.6475    0.9502   0.390    5
56359.270    0.730211393659   -0.102499199528    0.4958    0.5857   0.216   12
56370.209   -0.655583417835    2.560298400489    0.3554    1.1731  -0.555    5
56373.270    0.240207828539    1.074999599737    0.2117    0.8092   0.072   30
56387.270    0.204992293520    0.341200800413    0.2361    0.7057   0.313   25
56393.249    0.041509143272   -0.681199199448    0.1114    0.2174  -0.010  211
56399.206   -0.058739304508    0.069299999339    0.3770    0.4974   0.355    7
56401.270    0.284414236141   -0.108799200049    0.4196    0.5961   0.141   17
56405.207    0.810381368252   -0.743900400479    1.0347    1.6837  -0.927    6
56408.268   -0.354989147671    0.372398400117    0.3603    0.8778   0.142   34
56412.209    0.291606949539    1.051700400367    2.3226    0.7530   0.743    3
56433.185   -7.923071648736  -15.367100400177    0.7607    2.7079   0.858    7
56439.541  -12.856974138905   -6.822500399828   10.3094    7.3297   0.992    3
56464.272    0.331914917978    0.404499600215    0.2926    0.9239   0.350    9
56468.206    0.845744347827   -0.153698399608    0.3061    0.2274   0.206   10
56498.251   -0.148349717033    1.854399600276    0.1475    0.3800  -0.178  167
56533.253   -0.328617066232    0.377499599580    0.5426    0.5915  -0.271   16
56574.227   -0.217878078862   -0.024998400150    0.8320    1.1377   0.104   13
56618.272    0.024275404525   -1.401800400558    1.2142    1.8046  -0.699    5
56645.250   -0.076570027606   -0.249598800828    0.1019    0.2215  -0.164   34
56681.270    0.817872573826   -1.962500400587    0.4132    0.7310  -0.426   26
56687.250    0.200349399896    0.526600799766    0.3157    0.3368  -0.230    4
56701.250   -0.010638035254   -0.083199600809    0.0761    0.1110  -0.104  168
56709.271   24.357524907325   23.762901600044   16.2970   16.0981   0.995    3
56721.229  -11.227375154949  -19.570298399429    0.6241    0.6459  -0.277   12
56743.250   -0.111936610246   -1.217901600370    0.0953    0.1132   0.077   89
56748.206   -0.347947481893    0.048898800209    0.2171    0.2766   0.352    5
56751.271    0.109839907778    0.003700799667    0.3046    0.3658  -0.399   29
56770.209    0.024724944321   -0.118400399884    0.1559    0.2448   0.064   20
56772.273    1.107979856357    2.524798800430    0.8165    1.8827   0.906    4
56777.269    0.374621658572   -0.018298800875    0.2286    0.3313  -0.301   11
56809.214   -0.190304797037    0.183599999204    0.1336    0.2219   0.099  189
56811.208   -0.062785188226    0.668699999373    0.5314    1.0442  -0.880    3
56821.271   -2.681231152938    0.722098799955    2.3483    1.6797  -0.950    3
56826.209    0.091559619330    0.674301600156    0.4655    0.3888  -0.412    4
56835.271    0.607485726093    0.342201599857    0.2904    0.9125   0.408   15
56839.208    0.262386556150   -5.208501599618    8.7694   25.6658  -0.993    3
56849.267    1.060328126900   -1.075399200090    0.5123    0.6083  -0.800   13
56863.275   -0.875860243298   -3.715300799811    0.6073    1.9009   0.766   14
56875.043    0.252047038626   -0.175500000132    0.1764    0.3010  -0.048   82
56877.271   -0.697391053283   -4.311799199286    0.5634    2.6722   0.316    3
56884.269   -0.289204599874    2.065499999837    0.3363    1.6698   0.203    5
56891.271   -0.391402254458   -0.334800000523    0.5006    1.8922   0.753    7
56895.208    0.115385484059   -0.876099600866    0.2770    0.4471  -0.068    4
56909.208   -0.341204333844    0.460198800667    0.2758    0.2756   0.006   20
56912.269   -1.027507812077   -4.221399599480    0.9589    3.0297   0.861    6
56916.207    1.103034867493    0.320198400594    2.3481    0.5848   0.953   12
56919.271    4.875012138041   11.658499199640    1.8725    5.4747   0.802    3
56923.208    0.090959031914    0.816800400116    0.3354    0.7474  -0.183    4
56932.270    0.507535796043   -0.082900799825    0.4140    0.7183  -0.360    3
56940.273    0.161836038684   -0.366199200563    0.3443    0.8016   0.013   12
56967.250   -5.756716475349  -11.947600799900    0.1749    0.2337  -0.219   49
56972.207    0.348397021689    0.124401599422    3.1934   22.1629   0.990    4
56979.209   -7.360842483012   -0.137300399849    1.6565    0.4026  -0.279    4
56986.207    3.347459761049   -3.053599200697    3.3279    4.4800  -0.991    3
56987.270   -1.871302927546   -2.366398800113    0.8527    1.3795   0.727    6
56996.269   -0.387805910536   -0.303501599852    0.2906    0.6882   0.582   10
57002.230   14.723932639450    8.145500400580    1.4960    1.2449   0.320    6
57003.271    0.162138133924    0.392198400156    0.2529    0.3480  -0.495   22
57014.207   -4.248044948668   -1.453798799744    1.1145    1.7328  -0.839    8
57015.270   -0.600141990628   -1.364399999382    0.2052    0.2930   0.036   13
57043.208    0.066532579769   -0.142498799960    0.1872    0.1430   0.135   16
57045.271   -0.562977248804    0.149500800539    0.4011    0.2088   0.006   14
57052.270    0.358139554862   -0.756201600538    0.2211    0.2635   0.143   17
57057.230   -1.078155298041   -1.670400000719    0.6313    0.3725   0.217    4
57059.271   -0.494049474392    0.198000000395    0.4096    0.4594  -0.343   11
57063.209    0.413282489893   -0.073501200326    0.5863    0.2335   0.099   22
57066.273   -0.177868602598   -0.461599200463    0.2328    0.8905   0.399    6
57073.271    0.367579992794   -0.684799199746    0.3540    0.4454   0.496    7
57077.209   -9.961605143627   -0.177199199314    1.1969    0.2684   0.650   12
57094.270    0.389158132989    0.560001600292    1.2066    0.3699   0.557    5
57101.271    0.739051244175    0.107999999344    0.8135    0.1975   0.229   24
57102.499    1.744085388423    2.185401600485    2.4741    1.0266  -0.519    3
57108.270   -0.322772997776   -0.729799200272    0.1366    0.1907   0.010   41
57114.274    1.163572331185   -0.710200800569    0.6435    0.3948  -0.394   10
57121.251   -0.946291287783    0.316299599312    0.2939    0.2663  -0.023   25
57122.270   -1.721004003708    1.657400399324    1.1352    0.6564  -0.788    5
57126.207   -0.693794709361    2.380201199337    0.2487    0.1897  -0.168   25
57133.209    0.819519710944   -0.812199600375    0.2311    0.2499  -0.150   10
57135.251   -0.227617008970    0.335001599261    0.0995    0.1697  -0.011  221
57136.273   -0.526416671907    0.452700000686    0.3502    0.2222  -0.025   18
57142.271    0.210688942974    1.134698399241    0.9642    0.8528  -0.650    3
57149.251  -33.991412089866  -11.871900000671    3.5787    1.1369   0.768   10
57150.270    0.305093296744   -0.184701599615    0.1475    0.1554  -0.076   76
57156.760 -693.757379363497 1089.429901199779  111.5124  142.1067  -0.925    3
57157.268   -0.465728160595    0.527299199504    0.5418    0.6553  -0.806    5
57177.583  -45.656341510615   13.264700400484  100.9074   89.4929  -0.660    5
57178.270    0.199299272684   -0.661201199392    0.3153    0.2942   0.145   16
57184.581-1030.404508814552  616.889001599574   59.8318  103.9024   0.867    6
57189.209   -2.503362550340   -0.710200800569    1.1495    0.4663  -0.141   11
57192.270    1.676952221238    0.853498799636    1.4960    0.3723   0.643    6
57199.272    0.425121674426   -0.232898399766    0.3512    0.1842   0.398   26
57203.209   -0.543499363034   -0.845398800564    0.2866    0.1678   0.283   32
57213.272    2.189731498320    1.911700799262    0.3428    0.1747  -0.014   19
57218.232   -0.197497510435    0.194101200712    0.3126    0.4259   0.121   68
57220.270   11.690855565457    0.874000799733    0.3757    0.1878   0.144   30
57241.268   -1.050283524040   -0.761698800034    0.1651    0.1427   0.071   64
57246.206 -123.900171084327  -35.103700800576    1.5945    0.4886   0.862    8
57248.270   -1.430749276622   -0.138700799646    0.4790    0.2564   0.519   15
57252.207    0.294602706045    0.449701199479    0.2383    0.1258  -0.030   24
57255.272    1.623305350150   -0.023299199370    0.1944    0.1572  -0.052   58
57262.270    0.407287348263   -0.297601199684    0.1661    0.1544  -0.103   33
57266.207   -0.442200788042   -1.062201600277    0.1362    0.1779  -0.046   40
57267.230   -0.721666457808    0.529498800006    0.4472    0.6621   0.121   12
57269.272   -2.516100865572    0.821001599505    0.5530    0.3130   0.375   12
57276.270    0.283662601105   -0.299599199849    0.5510    0.3373   0.474    3
57297.272    0.943593997899   -0.701200799824    0.2241    0.1828  -0.246   18
57304.241   -0.075821995634   -0.182998800113    0.2612    0.3072   0.168    4
57315.209   -0.092606194585   -0.237499199507    0.1415    0.2129  -0.184    8
57332.270   -0.409085558555    1.107601199557    0.1763    0.2083   0.191   17
57337.227    1.627203814866   -0.168699599890    0.9836    0.7194   0.433   11
57339.268    0.807831548478    0.474501599612    0.2789    0.2009   0.409   11
57343.209  -65.872960535210    4.429598400080    3.3928    0.4232  -0.297    4
57351.270   -0.997089821366   -0.307598399552    0.0745    0.0935   0.072   61
57357.209   -2.146424195864    0.104000400292    0.4844    0.1790   0.404    7
57364.208  -19.829557568520    4.328798399733    4.7836    1.6285  -0.948    4
57372.225    0.461682251323    2.049598799481    0.9550    3.6095  -0.232    4
57373.248    0.802739115058    0.754599600405    1.4367    2.3278  -0.515   15
57379.271    1.422661035589    5.220900000324    0.1495    0.2418   0.089   46
57400.207    0.817872573826    0.517798800637    0.1535    0.2047   0.236   20
57406.208    0.142656670643   -0.485100000169    0.1748    0.1966   0.150   12
57407.230   -0.397397396088    0.924901200428    0.1091    0.2023  -0.232  177
57414.207   -1.914160715760   -0.169498800595    0.3388    0.1500   0.357   18
57423.269    0.435910757300   -0.298800000742    0.2758    0.2223  -0.386   21
57428.229    0.236161919267    0.572000400645    0.0716    0.1341   0.004  159
57430.270   -0.361732321273   -0.853700399972    0.2585    0.3171   0.102   20
57441.206   -1.308922688648   -2.428401599808    0.1650    0.1826   0.270   13
57455.206  -20.920904273547  -14.165899200869    4.5191    3.9848   0.922    3
57465.269   -5.614509344501   -3.345300000213    0.1515    0.3029  -0.013   71
57469.206   -2.055767233637    2.778901200351    0.3719    1.8523   0.752    5
57479.269    0.789702307650    0.248198399433    0.4890    0.5560  -0.511   14
57486.271   -0.795693871769    3.134700000373    0.1947    0.2135  -0.234   29
57490.208    0.639852923608   -0.206600400787    0.2894    0.2039  -0.127   13
57497.206   -2.353063626502   -0.603201600669    0.7365    0.3300   0.086   12
57498.229    0.025027039561    0.085701599417    0.0977    0.2367  -0.444  249
57518.208   -5.467058732614   -3.201699599842    3.0120    1.2424   0.925    3
57535.269  -37.676177720043  -53.190698399419    9.1976    9.6070   0.978    3
57542.271    0.049449888642   -0.567799199658    0.2993    0.3402   0.343   10
57553.206   -1.034402007746    3.281299200353    0.1690    0.5785  -0.077   39
57562.250    0.639701875988   -2.415499200659    0.7588    3.3371  -0.122    3
57567.206    3.429276872760    1.314399600361    1.0063    0.5441  -0.233    8
57569.248    2.207414776863    0.743101199774    0.2785    0.3815  -0.283   29
57576.250    0.078220742235   -0.197701199411    0.1000    0.2003   0.133  294
57581.206    0.648692774124   -2.718298800453    0.3116    0.3335  -0.440   31
57582.229  -52.572134893634   -6.342501600720    1.4345    0.7619   0.085   14
57584.271    0.656486074938   -1.203300000441    0.3349    0.3402  -0.303   11
57596.229   -1.618507831395   24.661800000558    0.4663    1.4599  -0.401   22
57598.271   -1.836536957877    6.817399200365    0.2391    0.3110   0.387   27
57602.208    2.595220687399   -2.077999199912    0.3158    0.5659  -0.224   18
57605.269   -2.176392621225    0.140000400073    0.2844    0.4637  -0.026   18
57612.271   -1.110972035352    5.837000399822    0.1525    0.2598   0.011   41
57617.209    0.107441135624    1.235599200555    0.2865    0.3459  -0.052   34
57624.229    0.254891747512   -0.956300400468    0.4521    0.5428   0.438   46
57626.271    0.548444351898   -9.563698799298    0.1850    0.3323   0.254   24
57633.269   -2.704909573111    2.417900399898    0.4480    0.6112  -0.659    6
57639.230    0.574370471052   -3.418199999849    0.2031    0.2829   0.169   28
57640.271    2.078996088461   -1.286798400635    0.1813    0.2373  -0.069   37
57646.250   -0.164083763218   -0.157600799611    0.0756    0.1416  -0.032  231
57647.269    0.290258330151    2.156000400610    0.1537    0.2854   0.224   66
57651.206   -1.896178919487   -6.239699999888    0.5565    0.4324   0.342   14
57652.229  -11.771622549955   27.938901600244    0.5910    1.0697  -0.444   14
57654.271    0.491503232128   -1.155499200323    0.3031    0.2678   0.008   13
57660.250    0.192405051461   -1.680800399662    0.7176    1.3304   0.150   51
57661.269   -2.242026121402   -3.758101199836    0.3240    0.3393  -0.044   13
57665.188   -2.196773189652   -1.908799200301    0.8392    1.1240   0.268    6
57666.207   -0.105790420995   -0.390999600697    0.6062    0.4227  -0.770    8
57668.271    3.039672777486   -2.053598400131    0.3975    0.5701  -0.346    8
57675.269   -2.275292424063    1.653199199936    0.1997    0.2273  -0.148    8
57679.207    0.889648660189   -1.037199599807    0.1481    0.1878  -0.017   32
57680.229    0.959630164878    1.202000400014    0.5098    1.5270   0.352   13
57686.208    1.379504755199   -5.047300799710    0.2318    0.4756   0.103   20
57696.271   -0.340754768494    0.136598399791    0.2158    0.2802  -0.027   13
57710.267   -0.571220089415   -0.586900799959    0.2893    0.2407   0.166   15
57714.208   -0.239006653707   -0.164300400485    0.2688    0.1614  -0.012   19
57715.271   -0.450591098762   -0.248000399417    0.2462    0.2242  -0.055    8
57716.999    0.753138153242   -0.419698800513    0.8900    1.9545  -0.491   41
57728.208   -0.072973683684   -2.387800800285    0.2418    0.1912  -0.301   18
57731.269    0.426168224128   -0.643298400149    0.0691    0.0776   0.123   42
57735.207   -0.745794417777    0.063100799785    0.4026    0.1475   0.365   29
57737.270   -0.554885430260   -1.378501199589    0.5245    0.2145   0.407   12
57765.248   -0.172625121558   -0.463399200612    0.3302    0.4289  -0.559    7
57770.475   -0.085111385946    0.063298799802    0.1177    0.2684  -0.418  182
57771.209    0.314533734676    0.469800000502    0.2899    0.1650   0.286   18
57773.269 1947.367202004637  -48.664198800275    0.2898    0.1839   0.367   14
57775.461   -0.299695165019    0.239299199656    0.1509    0.2917  -0.115   36
57777.207 1409.587698242433  353.567300400570    0.1172    0.0906   0.070   45
57778.229    0.639701875988    0.063900000491    0.2869    0.2927  -0.053   14
57780.271 1605.997456016293 -462.874201200059    0.1355    0.1626  -0.023   46
57784.209 4498.845709477743******************    0.2528    0.2604   0.075   24
57785.231   -0.334461160242   -1.416898799889    0.0814    0.1682  -0.144  244
57794.271   -3.003407140808   -1.099101600133    0.1464    0.1509   0.037   39
57801.269    0.010041025349   -0.040701600490    0.1696    0.1478  -0.057   60
57804.381   -0.487306300790    0.560599200661    0.1605    0.2817  -0.060   57
57806.208   -0.531509105327   -0.318099599461    0.2977    0.4317  -0.176   24
57809.367    0.223873169384   -0.215600399933    0.1287    0.2715  -0.073   45
57812.209   -2.034038045822   -8.326900799283    0.4136    1.1912   0.638    8
57829.269    2.395924992226   -0.694900799303    0.5285    0.2403  -0.015    9
57833.207    2.041381781287   -0.117900000163    0.4735    0.5206  -0.608   10
57836.271    0.888300015247   -0.095900399621    0.1437    0.2870   0.052   40
57836.293    0.773518721669    0.639500399835    0.1389    0.2404  -0.205  126
57842.250   -1.106778681525    4.450298400194    0.5808    0.7109   0.288   11
57850.271    1.153682353457   -0.200199599298    0.2108    0.1516   0.053   26
57854.209   -0.130065825520    0.119599199344    0.1954    0.3468  -0.104   27
57855.228  213.256892934925 -855.589600799789    4.5411   14.1474  -0.986    7
57869.228   -1.872353054759    0.146498400611    0.4319    0.2999   0.203  194
57875.189    0.030569012777    0.856699199581    0.1659    0.2861  -0.189  117
57878.271    1.649979526829   -0.075398399524    0.1398    0.1504  -0.133   30
57885.270   -0.076721075227    2.590401600422    0.1484    0.1634  -0.075   79
57889.002   -4.184360680849   19.638500400276    0.8007    5.0735  -0.919    3
57890.230   -0.142653093133    5.817499199168    0.5665    0.8998  -0.062   23
57896.209    0.863726118546    1.339700400216    0.3496    0.2521   0.156   29
57899.270    0.563279318491    0.069598800323    0.4720    0.2756  -0.271    8
57901.417   -0.566724640346    2.663798399460    0.1320    0.2639  -0.025   48
57906.271   -1.167614662946   -0.552099599638    0.3195    0.2741   0.235    8
57911.206    2.494673747444    0.393998400305    0.6089    0.2533   0.385    9
57913.270    0.913176007188   -0.880300800254    0.5804    0.2961   0.142    5
57917.207   -1.521107721119   -7.707999600193    0.3974    0.3080   0.462    9
57924.209   10.022146184830    0.349898399854    2.4202    0.4485   0.770    4
57931.207   -8.548686615657   -0.120898799771    0.2642    0.2186   0.077   17
57933.249    0.638205812044   -0.454399199867    0.1204    0.1658  -0.057  205
57934.272    1.941884994098   -1.780599600565    0.2799    0.2337   0.422   21
57941.270    5.791334974909    0.937799999257    0.4280    0.2874   0.336    6
57948.268   -1.905018770003    0.129099599810    0.3672    0.3150  -0.053   10
57955.270    3.162545889608   -0.289900799366    0.3334    0.4433   0.256    4
57960.230    5.594132379139   -7.039800000541    0.3222    0.4903   0.350   41
57962.272   -2.375393401733   16.300699200045    0.2138    0.2770   0.021   32
57966.209   -1.245385865385    0.487299600671    0.3283    0.2196   0.007   17
57967.228   -0.016331056090   -0.592599599791    0.1310    0.1965  -0.382  207
57970.691    0.699491307708    0.174898799443    0.1418    0.2889   0.042   45
57973.207   -0.608532275794   -2.337901200633    0.1225    0.1506  -0.108   68
57978.131   -0.079267291936   -0.037400399577    0.1622    0.3224  -0.253   45
57980.209    1.680250072984    1.091001599463    0.1800    0.1645  -0.074   22
57987.207    3.753549537544    1.834199999884    0.0981    0.1145   0.018   69
57989.249    1.032905918248   -0.281998800311    0.9787    0.6893   0.208   10
57994.209   -0.374168515711   -2.583298800474    0.2467    0.1881  -0.034   10
57997.270    1.979046158411    2.484698400629    0.1503    0.1500   0.208   43
58001.189    1.003984017035   -0.931100399981    1.1551    1.0577  -0.085    8
58004.268    0.984502553754    0.209199600043    0.0948    0.1181   0.070   76
58008.209    3.733917026643    0.173998799369    0.8777    0.2526   0.722    8
58015.324    0.522072270459    2.085800399598    0.3246    0.8626  -0.395   21
58022.209   -2.751960689599   -2.420701199490    0.4274    1.2679   0.672   10
58025.270   -0.803185077343    0.327200399575    0.2290    0.3263   0.275   12
58033.499   -4.067177012052    0.808898399463    0.2720    0.1596  -0.109   16
58036.001    0.794345201273    3.144200399241    0.2630    0.6693  -0.296   41
58037.206   -2.030740194076    1.116500399334    0.5119    0.3506   0.114    3
58038.229    2.019354101296    2.662099200279    0.2628    0.7416  -0.069   15
58039.270   -1.291991045141   -0.836301600771    0.4725    0.1994  -0.074   19
58046.268   -5.147734659758    4.544600400003    0.1845    0.2611   0.101   15
58050.209    0.310487825404    1.267898400670    0.4391    0.2210   0.431    8
58053.270   -1.281050940200    1.696798800666    0.2778    0.2420   0.250   13
58060.272   -0.313030464603    0.404099999862    1.2564    0.3081   0.705    8
58067.270  -11.107494196269   -3.682400400606    1.9878    0.5678   0.875   20
58071.207    0.896693929031    0.563299199285    0.2465    0.1870  -0.088   10
58074.272    0.949589139529   -0.079898399896    0.3123    0.2106   0.018    9
58079.272    0.140707438285    2.733001199751    0.7025    0.3467   0.597   17
58081.000   -0.942543870686    0.046699199707    1.2784    2.6767  -0.447   28
58085.500   -0.704885861922    0.861299999322    0.1200    0.2104   0.315   40
58086.497    0.067582732535    0.168400800504    0.0544    0.1059  -0.173  209
58086.500   -1.163719801294   -0.793598399795    0.1186    0.0935   0.116   67
58087.498   -0.500192035024    1.316901600568    0.0540    0.1468  -0.193  126
58087.498   -0.297296418418    0.042001199319    0.1027    0.0934   0.084   62
58088.498   -0.578563850433   -0.880700400607    0.0666    0.1425   0.284  155
58088.498    1.122214235533   -1.058698800627    0.1772    0.1360   0.018   33
58089.499    2.444475801276    1.409101200522    0.1093    0.1212  -0.143   50
58090.500    0.971318301790   -0.752500800871    0.0786    0.1002  -0.045   78
58091.453    0.792097476739   -0.668001599635    0.0186    0.1076   0.126   31
58091.497   -3.271335695728   -1.445299200320    0.1016    0.1128   0.358   86
58092.454   -0.459283504722    0.058899600397    0.2627    1.2752  -0.625   17
58092.498   -0.290704292436    0.449600400110    0.0525    0.1066  -0.015  169
58092.498   -0.123624747159   -0.404200800830    0.0949    0.0901  -0.060   94
58093.451   -2.459458237978    3.399199200516    0.3643    1.2090  -0.381   16
58093.499    0.939548088627   -0.114199200496    0.0968    0.0887  -0.006   75
58094.452    0.184464306091    0.660700799671    0.2021    1.0278  -0.670   15
58094.496    0.957979424695    0.841399199913    0.0626    0.1707  -0.042  125
58094.496    0.199748812480   -1.923300000861    0.0853    0.0862   0.021   93
58095.478   -0.338057504164   -0.719398799731    0.2730    0.9558  -0.237   19
58095.497    0.231065882783    0.558698399544    0.0776    0.1960  -0.075  159
58095.500    4.885650173295    0.692600399432    0.1012    0.1216   0.058   88
58096.497   -0.006890618158   -0.233100000102    0.0525    0.1095  -0.287  162
58096.497    0.613178746929    0.007099199628    0.0737    0.0897  -0.119  133
58097.498   -0.531059565531    0.290098799383    0.0572    0.1025  -0.396  190
58097.498    0.172776143625   -1.187701199790    0.0888    0.1030  -0.029   96
58098.499   -1.170462974897    0.808898399463    0.1186    0.1226  -0.106   51
58099.496   -0.453288363092   -1.101099600298    0.0665    0.1369  -0.418  141
58099.500    1.196838633846    2.884899599209    0.1370    0.1520  -0.088   28
58109.000    0.929960206139   -5.882799599455    1.4615    3.4400  -0.552   27
58116.268   -2.958452701234  -18.723099600315    0.4110    4.8237   0.639    3
58122.229    0.135913497041    1.049601599235    0.1500    0.2574  -0.073  140
58130.268    2.016958932207    2.323598400089    0.3505    0.2812   0.309   17
58134.209    1.408725148588    0.414601199772    0.2332    0.2249  -0.207   16
58141.208   -1.915358287528   -0.113299200422    0.5023    0.1854   0.531   26
58144.268   -1.531296191024    2.621401200109    0.2915    0.2117   0.102   32
58155.208   -0.417626891341    0.651099599835    0.1922    0.1562  -0.106   19
58162.206    0.026224611329    0.466401600541    0.1556    0.1655   0.256   63
58170.230   -2.171300187805   -0.794800799575    0.1342    0.2998   0.013  138
58213.228   -0.981503219737    0.709700399248    0.4950    1.0075  -0.025   29
58213.231   -0.175020290648   -0.019101600301    0.0815    0.1650   0.056  241
58214.269   -0.339704641282   -0.133199999830    0.1153    0.1581  -0.086  138
58221.270    0.553090823033    0.537199200323    0.1981    0.3033  -0.277   12
58240.165   -0.320525273242    0.529898400359    8.1906   10.2404   0.989    3
58241.209    0.235413887295   -0.383101200363    0.1786    0.1907   0.304   40
58246.082   -0.263731623581   -0.235400399973    0.1915    0.9224  -0.235   27
58256.272   -0.448343374228    0.757000799645    0.1435    0.1596  -0.017   33
58258.146    0.630862051025    5.602499999924    0.1956    0.3360   0.218   92
58268.209   -0.157937599521    1.461898800414    0.2093    0.2063   0.022   36
58270.269   -0.350644746223   -0.079498799543    0.3637    0.1832   0.323   19
58281.208   -0.076271535430   -0.191300399521    0.3959    0.3104   0.142    3
58282.227   -1.105577506692   -7.674699600635    0.1520    0.8815  -0.055   23
58288.206   -0.523568359957   -0.454298400498    0.2459    0.1756   0.287   19
58291.271    5.652123626121    2.142100799141    0.4718    0.2214   0.406   27
58298.269    0.380016187232    0.059299199151    0.2287    0.2347  -0.150   18
58305.026   -0.531509105327    2.793999599682    0.1089    0.2600  -0.131   85
58309.208   -0.022027679991   -0.459899999683    0.2214    0.2227   0.133   17
58316.206************************************    0.2068    0.2648  -0.064    8
58330.955    0.592201219704    0.479098800632    0.1589    0.3351  -0.091   28
58347.271    0.078670282031   -0.603799199439    0.3034    0.2781  -0.174   10
58352.231    0.686454525853    0.665600400396    0.1484    0.2868  -0.467  301
58361.271    0.410286707834   -0.003398399961    0.5938    0.3057   0.384    9
58363.696   -0.033564794837    0.936500400428    0.1274    0.2860   0.050   64
58367.250   -5.318860088755    1.654898400716    4.9466    8.6951  -0.966    6
58368.269   -0.046001014829   -0.768700800613    0.2333    0.2433  -0.155   64
58374.252    0.134413804479    0.084301199621    0.1372    0.2620   0.142   98
58379.208    0.667875745229    1.858500000296    0.2227    0.1800   0.218   21
58382.002    0.158390716828   -0.762400800092    0.1425    0.2813  -0.015   66
58386.484    0.072678769019    2.154200400462    0.1444    0.2890  -0.094   56
58389.271    6.080539574783    1.767200400415    6.1918    2.4242   0.432    6
58393.208    0.820720885777   -0.723600000718    0.2766    0.2103   0.209    8
58402.252   -0.005243506594    1.195300799139    0.4453    0.3975   0.088   14
58410.269-4548.626769707596-2529.893300400232    0.6611    0.3551   0.234   14
58414.206    1.690589590509    0.746200800350    0.3059    0.2207   0.184   10
58425.726   -0.760629384370    1.123999199315    0.1572    0.5210   0.432   90
58435.208   -0.724813261934   -0.430700400145    0.2104    0.1992   0.161   20
58438.269   -0.093803766353   -0.435999599624    0.2490    0.2235   0.193   38
58440.833    0.131267000353    0.946800000001    0.0995    0.1927  -0.064  126
58443.269   -0.205441858870   -0.137700000202    0.9952    0.3849   0.167   14
58449.208   -0.010188495458   -0.414500400403    0.1827    0.2532   0.327   32
58450.227    0.634907934744   -3.964500000286    1.4582    3.8444   0.828    7
58452.269    0.637756246694   -1.074200400630    0.5250    0.8701  -0.186    3
58459.271   -0.742647613651   -0.240199199730    0.7204    0.6203   0.643    3
58491.208   -6.592570845447   -0.105400800088    3.4701    0.5953   0.862    9
58512.780   -1.135999074914    2.824599600615    0.2032    0.4875   0.031   33
58519.208    0.740252419008   -0.397501199956    0.3674    0.1993   0.154   16
58522.269    0.313634629530   -0.132598800739    0.2047    0.2100  -0.088   20
58540.733    0.922166905324   -1.057399200199    0.2377    0.4931  -0.178   27
58543.271  -12.621261759434    1.718999999945   10.1807    1.5085  -0.958    4
58557.436   -1.081154657611    1.186898400363    0.2356    0.4055   0.240   81
58561.209   -0.562977248804    1.049698799882    0.1840    0.4316   0.044   15
58561.209   -0.405338141459    0.609299999255    0.0480    0.1337  -0.277  288
58562.228   -2.947214078564    2.001200400592    1.0524    0.8986  -0.794    4
58571.271   -0.179817834956    1.460199599634    0.3303    0.4428   0.340   10
58575.209   -0.219525190426   -0.426200399772    0.1450    0.1700  -0.214   26
58575.209    0.057991246982    0.701200799824    0.0836    0.1715  -0.440  166
58576.228    0.284561680697   -0.769798800704    0.1443    0.1661  -0.314   23
58578.269   -0.670418384428   -0.679201199283    1.6541    0.3418   0.670    6
58589.249    2.153170946977  -16.491099599492    1.3657    9.7426  -0.996    4
58590.228   -0.283662626658   -0.820900800136    0.2373    0.5302   0.535   21
58591.269    0.380167234852   -0.407901600497    0.4176    0.3701  -0.234   10
58593.332   -0.117478583462    0.607701599442    0.1771    0.4294   0.003   54
58601.083   -0.125422931897   -1.520999999549    0.3831    0.8611  -0.317   45
58603.209    0.123477302603    0.214300799506    0.1047    0.3241  -0.085  105
58603.249   -2.330888501955   21.848299200222    0.9714    7.3772  -0.985    7
58617.209    0.005844068456   -0.349498799501    0.1130    0.2555  -0.534   97
58617.249    0.347800011783   -5.082300000048    1.1955    9.0685  -0.993    5
58618.228  394.317703689830   34.064099999931   63.3332    5.3858   0.988    3
58632.210    1.867710135581    0.389998799655    1.1703    0.3026   0.000    4
58634.270    0.282914569133   -0.825699599893    0.4774    0.5538  -0.449    3
58646.250    1.275807433607  -17.884299599658    1.3483    9.9832  -0.961    8
58659.209    0.393351461263   -0.284500800518    0.1311    0.2658  -0.210  102
58659.249    6.570694187523  -43.696900800150    1.5986   12.1229  -0.979    4
58673.209   -0.122725667566    0.384299999823    0.0859    0.2507  -0.077  136
58687.249   -0.171423921172   -2.732198400324    1.2441   10.1281  -0.984   10
58689.251   -0.541100590880    1.603198799316    0.4949    0.3396   0.240   29
58697.271    0.299098155113    0.164498400501    0.1868    0.1957  -0.053   35
58701.209    0.295052271395   -1.036598400717    0.2223    0.3429  -0.262   26
58701.249   -0.537504246957   -2.802301200688    0.1092    0.2100  -0.685   18
58715.249    9.072111108569   -7.864999200713    0.8475    1.7056  -0.977   10
58718.270    0.216083471634    0.580500000069    0.2626    0.4529  -0.203   58
58722.207    0.059192421815   -0.564199199360    0.1941    0.2206   0.131   30
58732.270   -0.479811492151    0.120801600723    0.2501    0.3295  -0.068   12
58743.209    0.146253014566   -0.658699200784    0.1952    0.1465   0.054   25
58757.249   -2.426191935317    1.852599600127    0.6648    2.1065  -0.488    3
58758.268    0.148950278896   -1.550901600744    0.6273    3.8850   0.637    3
58802.270    0.041958683068    0.139600799720    0.1831    0.2468   0.168   62
58813.209   -0.196749478463    0.308498399626    0.2547    0.2094   0.102   30
58813.209    0.184464306091    0.000000000000    0.0713    0.1258   0.028  185
58813.249   -0.643298271017    0.260301599475    0.0411    0.2099   0.014    9
58823.272    0.412383384748   -0.077500799378    1.2596    0.4956   0.375    9
58827.249    0.421223235264    0.966200399688    0.1695    0.9596   0.340    5
58844.248    0.158390716828    0.982900799151    0.2712    0.9242   0.761    5
58857.229   -0.802584489927   -0.605800799924    0.0721    0.1208  -0.012  183
58883.249   -0.085711973363   -0.241099199805    0.1320    0.5127   0.173   10
58900.248    0.308988132842    1.609700400174    0.1969    0.5043   0.307    6
58911.250    1.546584300477   -0.969901199355    0.3784    0.6359  -0.927   21
58925.209   -0.027720726381   -0.594799200293    0.3374    0.4641   0.550   24
58925.250   -0.273920093485   -0.582098399882    0.6876    1.2544  -0.951    5
58928.270   -0.682707134311   -0.397900800309    0.3531    0.3193   0.190    8
58947.227   -0.817120964343   -3.307798799668    0.3476    0.5680   0.482   16
58954.207   -0.031615588032   -0.285998399363    0.0872    0.1606  -0.051   86
58969.270    0.876014868429    0.607298400368    0.5185    0.4305   0.186   10
58988.208   -0.064133833168   -0.600901200798    0.1060    0.1485   0.096  115
58989.230    1.081007187502   -0.269701200573    0.0722    0.1406  -0.225  202
59019.269   -0.714775839650   -0.128699999458    0.4323    0.2908   0.170   21
59054.270   -0.211735492676    0.204299999318    0.2846    0.2474  -0.024   44
59115.231    0.062936235846    0.173800799352    0.0790    0.1451  -0.151  185
59124.271   -0.480261031947    0.771901200558    0.8955    0.5198  -0.301    6
59130.250    1.302481610286    0.595101599998    0.9808    0.5043   0.018    6
59136.207    0.043156280390   -0.171799200466    0.0906    0.1670  -0.066   75
59170.208    0.775766446203   -0.293698799680    0.5578    0.2839   0.341    6
59172.250    0.045105487194    0.303901200205    0.0705    0.1460  -0.154  204
59194.271   -0.321722870563   -0.135601200668    0.8417    0.4711   0.111   48
59222.271   -0.584555363445   -1.130698800189    5.6399    0.9871  -0.531    5
59262.248   -4.186306310143    7.460200799514    0.4655    0.8796  -0.961    9
59271.737   -0.245451335133    0.770799600147    0.1002    0.1988  -0.071  109
59278.249   -0.076120487810    0.087299999230    0.1586    0.8133   0.636    5
59305.248    0.526269201798    2.729800799806    0.1087    0.2871  -0.504    3
59389.249   -2.070451152610    0.567601199641    0.6957    0.8195  -0.040    8
59452.251    1.024213512288   -2.388499200023    0.8973    1.4857   0.046   23
59460.250    0.043458350076   -0.545698799748    0.1089    0.4797  -0.752   69
59465.206   -0.308686063155    0.230000399526    0.4162    0.8129   0.540    5
59466.251    1.310422355656   -2.038701599538    0.1220    0.2781   0.221  220
59485.207    0.323075067462   -0.181598400317    0.3119    0.3739   0.031    6
59494.251    0.002398772154    1.571698799907    1.0025    0.8436  -0.070   20
59509.270    0.854436728234   -6.636499199786    0.7353    0.5047   0.427    4
59523.270    4.405687633524    2.374099200431    4.5751    1.2104   0.936    3
59536.251   -0.744895338185    0.776199600594    0.4237    0.7873  -0.057   33
59562.209    0.389158132989   -1.040799600105    0.1779    0.5442   0.234   41
59569.207   -0.727060986468   -0.613101599889    0.3278    0.3050   0.272   19
59578.269   -0.368025955079    0.829699200544    0.4596    1.0234  -0.496    3
59600.250    0.001201174833   -0.235000799620    0.0544    0.1960  -0.753  127
59611.207    0.277671062539   -0.299098800127    0.1146    0.1838  -0.153   53
59632.209    1.063622401135   -1.702699200834    0.2054    0.4580  -0.290   77
59635.270    0.578563824879    0.294300000370    0.5116    0.3063  -0.074   18
59642.272    0.023228854823    0.434998800181    0.3846    0.6344  -0.119    4
59649.248    1.665415106391   -1.935100799599    1.3609    1.5989  -0.944    6
59656.250   -0.122725667566    0.118299600516    0.0485    0.1917  -0.441   84
59683.249    0.391405831969    1.704700799721    3.4220   27.0615   0.998    3
59689.206   -0.148497161589    0.190699200431    0.1459    0.2341  -0.167   35
59716.209    0.330415225416   -0.950500799668    0.6193    0.5105   0.171    7
59719.248   -0.417774335897    0.892900799698    0.2288    0.4016  -0.203   11
59726.268   -0.882304924724   -0.361299599838    0.4106    0.2170   0.156   22
59733.270    0.389456625165    0.746099999382    0.4319    0.2885   0.244   15
59740.268   -0.467975885129   -0.302101200056    0.5040    0.2777   0.311    7
59747.270   -1.599626981084    3.694600799697    0.7016    1.5603  -0.751    5
59758.210   -0.084212280801   -0.134701200594    0.3422    0.5082  -0.096   11
59766.230    0.411333257535   -1.249599599795    0.1550    0.4280  -0.505  209
59829.229    0.027573256271   -0.746600400703    0.1190    0.3122   0.168  223
59921.250    0.086312535225   -1.354399200792    0.2470    0.7023   0.080   39
59961.208   -0.266277840291    0.380998800509    0.4341    0.3123  -0.301    4
60055.249    1.928096577207   -3.657398400136    0.1322    0.2650  -0.990   17
60122.207    0.034017937698   -0.359600400657    0.4137    0.3419  -0.224    9
60173.250   -0.481160137093   -0.127299599662    0.4421    0.5252  -0.157   15
60251.250    1.710966555871   -0.726400800311    0.1858    0.2875  -0.748   12
