%-----------------------------------------------------------------------------
%                R.A. (mas)        Dec. (mas)        Err. (mas)     Corr. Del.
% Uncertainty in R.A. is in R.A. cos(Dec.)!!!!
%-----------------------------------------------------------------------------
50575.751   -0.002998766447    0.626400000070    0.1978    0.3993  -0.180   73
54292.229   -0.080998642379    0.448797599883    0.1377    0.2189  -0.141  104
54608.250   -0.184946883898   -3.156800400084    0.2229    1.0024   0.428   11
54803.228    0.462592165188   -0.397699199972    0.3014    0.8092   0.028   13
54872.205    0.636591626726    0.735199199919    0.2199    0.6306   0.425   19
54880.208    0.104549427238    0.646700400031    0.2041    0.2459   0.089   25
54893.207   -0.030448293006    0.386499599925    0.1933    0.4654   0.428   19
54894.230    0.044851631589    0.168098400000    0.3873    0.4686  -0.058   19
54907.207   -0.070796416102   -0.053701200087    0.1190    0.1766   0.163   29
54936.208    0.000000000000    0.156999599921    0.1388    0.5765   0.278   23
54985.207   -0.371092532580    0.344498400007    0.1681    0.1015   0.067   20
55012.206   -0.307492414157   -0.295002000028    0.2327    0.6303   0.241   11
55034.208   -0.118797986653   -0.038001600067    0.5899    0.3144  -0.160    7
55040.206   -0.711887970247    2.347099199995    0.3608    0.7829  -0.184   21
55168.252   -0.135595299310    0.128498399921    0.0913    0.2745   0.170  203
55180.206   -0.053099102614    0.395600400038    0.1495    0.2495  -0.202   16
55244.209   -0.082798592883    0.236998799985    0.2120    0.2529   0.048   48
55306.206    0.061051365181    0.389300399917    0.8954    0.4508   0.427    4
55313.208   -0.393142156468   -0.374299200034    0.5244    0.2784   0.197    9
55321.229   -0.358791540688    0.971398799998    0.3701    0.6490  -0.162   12
55400.269   -0.755684821837   -0.472201199941    0.2995    0.9095   0.040   19
55413.250   -0.010349843295    0.066797999931    0.1096    0.2466  -0.022  211
55428.269   -0.103347055800   -0.744501599970    0.3997    0.4352   0.201    4
55447.208   -0.449239999951   -0.195299999972    0.3780    0.3267  -0.204    6
55482.206    0.127499026379    0.471297599947    0.2081    0.2319  -0.094   13
55523.209    0.565492814437    0.677098800028    0.4609    0.7073   0.162    6
55538.228    0.021902032449   -0.184802399983    0.0986    0.1639  -0.268  230
55551.209   -0.217195127408   -1.084301999987    0.1623    0.5886   0.082    5
55593.209    0.443242492635    0.060598799978    0.3002    0.2172   0.024   10
55615.230   -0.414443003198   -0.127000800076    0.2385    0.3229  -0.406    6
55616.249   -1.141479482532    1.276099199909    0.0919    0.2009  -0.194  117
55621.209    1.472526262624   -0.625499999996    0.6890    0.6165  -0.804    3
55645.272    0.557540551870    0.629099999894    0.3529    0.3815   0.192   17
55649.205   -0.245994642425    0.329698800061    0.1900    0.3509  -0.202    8
55663.209    0.336446708341   -0.011901600105    0.2632    0.4201  -0.020    9
55665.247   -0.433342662546    0.200700000019    0.1752    0.6927   0.389    6
55670.207    0.187348020121   -0.129499199963    0.4423    0.2891   0.061   10
55671.270    0.084148581340    0.413600399929    0.2971    0.7975   0.232   17
55678.210    0.295047411900    0.661697999993    0.2351    0.9003   0.264   15
55680.270    0.348445304047    0.092098799986    4.0660    2.7044  -0.971    3
55687.272    0.217346325501   -0.810799199980    5.6651    3.2559  -0.967    4
55691.206   -0.182844511628   -0.141699600054    0.4530    0.3147  -0.104   26
55694.270    0.261445573278    0.987598799940    0.2470    0.7949   0.142   37
55705.209   -0.355043997082   -0.406699200117    0.3105    0.3701   0.133   18
55727.208    0.237898369493    0.043397999994    0.3408    0.2451  -0.162   14
55743.268   -9.333742049290    6.933099600026   14.0030    9.9165  -0.996    3
55755.230    0.051900312250    0.425998800035    0.2699    0.8330   0.499    9
55757.268   -0.413543002367    3.021897599953    1.6632    2.9986  -0.197    5
55764.270    0.167699558035   -5.472399600071    1.4142    3.2626   0.634    6
55771.268   -2.349557849935  -10.511802000046    5.9342   22.2271   0.990    3
55778.270   -7.297825318920    3.664299599948    3.9901    4.0482  -0.872    4
55792.270    0.880336305441   -0.548701200076    0.6668    1.3357  -0.079   16
55819.500    0.079051049277    0.037299600009    0.0990    0.1208   0.001   39
55820.497    0.340946635760   -0.267199199966    0.0993    0.1401  -0.237   45
55821.498    0.257096843953    0.099198000014    0.0945    0.1114  -0.005   61
55822.498   -0.002847568354    0.242398800032    0.2339    0.1612  -0.094   18
55823.499   -0.111446909806    0.047599199982    0.1431    0.1549   0.031   14
55824.500    0.095549572401    0.027698399974    0.1028    0.1562   0.275   65
55825.497    0.156597330928   -0.344800800112    0.1659    0.2157   0.244   11
55826.498    0.054751461679    0.179697600000    0.1769    0.1567  -0.036   33
55827.499    0.120749160830    0.014799599946    0.0797    0.1230   0.087   85
55828.499   -0.194695515894    0.111398399905    0.1005    0.1775   0.354   69
55829.500    0.119247974279    0.035798400044    0.1457    0.0922   0.184   89
55830.501    0.186149255336   -0.028601999968    0.0697    0.0907  -0.001  113
55831.498   -0.121047950363   -0.280900800020    0.1202    0.2088   0.471   73
55832.499    0.100798276978    0.008600399992    0.0692    0.0839   0.077   94
55833.500   -0.405893135987   -0.184201200093    0.1240    0.1964   0.167   49
55847.251    0.103498253893    0.253299599895    0.0710    0.1165   0.018  227
55859.206    0.095398374308   -0.854899200031    0.2264    0.3674  -0.025   11
55876.270   -0.790485425243   -0.434599200028    1.4738    1.7462   0.224    3
55880.208   -0.130645384266   -0.055699200052    0.1227    0.1458   0.034   22
55887.206   -0.110698132647    1.313099999933    0.3726    0.7219  -0.648   47
55888.269    0.208947656383   -0.919900799934    0.8881    0.7472  -0.354    3
55894.208    0.057901426220   -0.207799200047    0.2752    0.2838  -0.104    4
55895.231   -0.194245528268   -0.075999600013    0.4966    0.3466   0.349   11
55897.269   -4.305977150056    2.692198799892    5.9232    3.3842  -0.956    3
55902.229   -0.295195003339   -0.657900000078    0.1416    0.6251   0.514   21
55904.270    0.169798323651    0.257000399961    0.2503    0.5104   0.049   26
55911.269    0.658940040147    0.869500799960    0.6679    2.5153   0.871    5
55923.209    0.674689786112    2.364497999996    0.3189    0.9949   0.699    7
55951.227    0.165449594326   -0.057700799938    0.1618    0.3325   0.158    7
55957.210    0.375444842980    0.010997999911    0.1821    0.2646   0.231    8
55966.250   -0.046198013393    0.382100399920    0.0670    0.1529   0.100  181
55981.272   -0.398992046765    0.480999599950    0.5487    0.9196  -0.441    7
55995.273   -0.134547732619   -0.957902400001    1.0788    1.1835   0.650    4
56021.249   -0.008848656744   -0.125099999959    0.1704    0.3648  -0.335    9
56022.268   -0.832334709311   -1.200999599971    0.6610    1.4015   0.052   18
56036.250   -0.294442619527    0.476100000024    0.1838    0.2630  -0.217  276
56041.206    0.318295800573   -0.023299199969    0.2082    0.1873  -0.084   21
56055.206   -0.088947298291    0.087998399967    0.1687    0.2372   0.035   44
56069.206    0.433043873013    0.356299199944    0.5308    0.2792  -0.226   12
56072.271   -0.039599345937   -0.199101600007    0.2146    0.3913   0.064   27
56078.250    1.882469338403    7.886998800055    0.8698    3.6694   0.932    5
56091.205    0.541790831483   -0.439999200075    0.3307    0.6048   0.351    5
56097.206    0.256196868701    0.246798000036    0.5243    0.3128   0.163    6
56104.208    0.280647654392    0.084297599900    0.3066    0.3718  -0.096    8
56119.231    0.786889079731    0.603100799901    0.2819    0.2789   0.142    5
56125.207   -0.151345045276   -0.638301599976    0.2279    0.2912  -0.014    7
56168.229   -1.859217343076   -0.300301200107    0.8274    0.4116   0.630    4
56175.209    0.472344403838   -0.153000000069    0.1614    0.1948   0.008   28
56188.209    0.486891752786    0.000000000000    0.2918    0.4773  -0.387    7
56191.269   -0.214793965605    0.062600400064    0.4499    0.5243   0.247    8
56196.229    0.488094124225    0.359200799904    0.8276    0.2265   0.640    4
56203.224    0.254098103085    0.468399599907    0.2498    0.2078  -0.090   16
56233.269   -1.750920372232    0.168800400058    0.7727    0.2564  -0.105    5
56237.207    0.372294904019   -3.951900000043    0.6263    1.2451   0.164    5
56252.266    0.101550686370   -0.131702399986    0.5296    0.4370  -0.249    3
56273.231   -0.084148581340   -0.342000000120    0.1887    0.2569   0.215   15
56317.270   -0.227843760236    0.990698399916    0.3111    0.7807   0.172   22
56342.209   -0.360292701659   -0.077400000009    1.1657    0.3576  -0.484    8
56364.208    0.118949184747   -0.232999199934    0.2047    0.3444  -0.099   14
56415.270   -0.409493088153    0.507600000033    0.3774    0.4868  -0.140   21
56427.228   -0.302693671626    0.549399600014    0.2535    0.2287  -0.270    9
56429.270    0.175947003481   -0.108201600080    0.2132    0.7026   0.252   34
56461.207   -0.834584673020   -1.590699600040    0.3501    0.6273   0.472    8
56510.209   -0.437241404245   -0.160700399987    0.1841    0.2912  -0.274   11
56622.210    0.116850419131    0.070797599983    0.2049    0.3078  -0.167    8
56625.329    1.281880712102   -0.447699599992    1.0829    1.1297   0.160    3
56627.283    0.681590849754    1.681599599967    0.9561    2.7538   0.742    3
56631.271   -0.409043074948    0.726598799927    0.6170    1.1099   0.232    4
56633.266    0.575842657731   -1.414799999955    0.5680    0.9001   0.359    6
56635.260    0.417142928954   -0.722599200076    0.6886    1.0607   0.375    6
56637.254   -0.029998305380    0.344300399990    0.6993    1.0134   0.247    6
56640.268   -0.452091149379   -1.436299199975    0.5646    0.7411   0.141    6
56642.207   -0.406940728257   -1.620799200053    0.6807    1.0598   0.357    6
56650.206   -0.249893384124   -2.084299200034    0.8811    3.1743   0.930    3
56664.210   -0.157796146871   -0.119502000095    0.0999    0.1910  -0.126   38
56716.269    0.271046613835    0.299700000017    0.2822    0.2621  -0.248   10
56734.206   -0.046946816131   -0.139802400057    0.3123    0.1982  -0.097   13
56744.269    0.718040231151   -0.043199999977    0.6953    0.3264   0.756    5
56749.229    0.211496409626   -0.023900400059    0.0996    0.2127   0.170   90
56814.269    0.067351243104    0.058500000044    0.3749    0.3124   0.096    4
56834.248    1.115682315038    0.847299599882    0.0820    0.1668   0.121  229
56904.248    0.134547707040   -0.205902000050    0.0915    0.1729  -0.028  151
56995.250   -0.238945961764    0.802497599972    0.1129    0.1994  -0.145  208
57022.268   -1.796517199905   -0.015800399988    0.3924    2.0184  -0.391    6
57051.250    0.985785707931   -0.259401600000    0.4413    2.0997   0.232   58
57085.208   -0.343642980442   -0.445600800059    0.2993    0.2192  -0.151    6
57161.209   -0.279744072486   -0.262000800055    0.1785    0.2673  -0.001   19
57205.269   -0.125547877781   -0.118602000021    0.2266    0.1829  -0.235   19
57224.207    1.406978576678    0.616500000050    0.2446    0.3946  -0.046    7
57227.272    0.108599367031   -0.488599200099    0.2429    0.2718  -0.250   42
57234.270    0.639439169500   -0.380901600061    0.3320    0.2065  -0.076   12
57259.209    1.003033008214   -3.968802000043    0.3390    0.3735   0.038    5
57274.206    3.113947292572   -7.477801200051    0.3130    0.2893  -0.176    6
57283.268    0.818086149896   -0.075402000044    0.2884    0.2480   0.124   28
57290.270   -0.565190443829    1.011599999967    0.2809    0.3814  -0.219   18
57318.270    1.043384737964    3.486398399977    0.2786    0.3953   0.014    9
57337.227    0.885736208112   -0.446900400086    0.7552    0.7706   0.036    6
57386.269    3.963684106913    5.283298800052    0.4908    1.5472   0.905    5
57392.208    0.104250637706    0.976600800029    0.2946    0.2974  -0.246    7
57395.272   -3.132094593687    1.371999599931    0.3564    0.3343  -0.067   18
57416.270   -0.315293478630   -0.354499199995    0.3723    0.5996  -0.592    4
57420.208    0.020102056366   -0.854499600078    0.2174    0.2565  -0.100    8
57434.208    1.842718819952    0.460699199989    0.5886    0.4255   0.426    3
57451.269    1.416126022955    0.612799199984    0.3386    0.4678   0.326    5
57471.270  -31.873709411708   28.602298800018    0.5069    1.4848   0.654    4
57500.271   -0.599537452956    0.078098399947    0.1805    0.2515   0.060   46
57507.269    1.414776060077    0.100900799915    0.2680    0.2477   0.120   16
57526.207  -37.450465046759   95.572699199886    2.0285    4.0820  -0.860   10
57528.271    2.618656870668   -1.692799200015    0.5380    0.6175  -0.637   17
57532.208    1.336628567127    0.124797600054    0.2903    0.8224  -0.081   33
57547.209   -5.414905967312   -0.750401999938    0.3165    0.2578  -0.204   34
57549.269   -0.375293644887   -2.092500000073    0.3044    0.3228   0.274   19
57568.229   -2.478406864771   -2.181600000051    0.3382    0.3650  -0.051    5
57577.269    4.156579646724    0.715298399911    0.2950    0.3842  -0.291   25
57588.208   -1.558773635159    1.740398399996    0.2461    0.2681   0.018   28
57589.227   -3.053497138690    1.952298000063    0.5729    0.4731  -0.045    4
57636.998    0.627591771888   -5.866902000018    0.3983    2.4004  -0.660    6
57667.230   -0.069597625738    0.547498799897    0.2645    0.2336   0.138   17
57673.209   -1.029582585101   -0.559202399986    0.4802    0.4045  -0.127   10
57674.228   -0.044099247777  -38.263701600005    1.0899    1.3715   0.134   17
57682.271   -0.196794281510   -0.682099200122    0.3229    0.5166  -0.216    7
57689.269   -1.380724233829   -0.714700799942    0.2982    0.3098  -0.206    8
57721.207    1.974717773749    1.193000400068    0.3863    0.2802  -0.039    5
57744.272   -0.256495658233   -0.612302399983    0.1148    0.1915   0.024   63
57752.271   -0.092846039991   -1.330502400054    0.1555    0.2310  -0.358   40
57766.271 5255.908056864201-9801.979300800112    0.3581    0.6090  -0.474   11
57822.271    2.214563710765    1.172498399971    0.9273    0.8489  -0.466    4
57862.208   -3.508590635591    3.736800000032    1.9113    2.5396  -0.971    7
57892.271   -1.890868007521    2.414498400016    0.1297    0.1657  -0.187   31
57952.187   -0.045146840047   -0.684201599976    0.1326    0.3758  -0.146  182
57976.272    1.118533464467    0.929898000002    0.3014    0.3777   0.205    7
57990.272    0.621140670293    0.085399199912    0.1352    0.1711  -0.121   36
58015.207   -1.404123846175   -4.203100800004    0.2116    0.3076   0.134   11
58043.207   -0.370192531749    0.060598799978    0.5956    0.3645  -0.235    3
58109.000    1.393327621908   -5.896900800062    7.9515   12.0348  -0.968    3
58246.082   -1.069480720570    1.839898799916    0.5066    1.9998   0.322    3
58249.270    0.653090149850    0.063799199923    0.2706    0.2437  -0.199    8
58263.270    1.468627546504    1.179298800014    0.2877    0.3368  -0.204   10
58310.227    0.022650809608    1.436698799928    0.4163    0.5441   0.303   18
58312.269   -0.302394882094    0.289000799891    0.4552    0.3568   0.345    8
58401.229   -0.034797022332   -0.729500400087    0.1631    0.8235  -0.284   42
58403.271   -0.865634151746    0.005500800015    1.6976    0.4224   0.147    8
58407.208    0.094649597149   -1.124701199973    0.3864    0.2719  -0.154    5
58437.250   -0.109495761208    0.397400399987    0.0965    0.1772  -0.329  141
58451.250   -0.996581932198    2.480598000010    0.5557    0.8954   0.101    5
58480.269   -0.134846522151    0.150800399967    0.2113    0.5573  -0.077   16
58487.271    0.040351704171   -0.491299200123    0.4989    0.4569  -0.092    6
58501.271   -0.356991564604   -0.112302000099    0.2621    0.3810  -0.066   41
58508.269    0.168149545661    0.197099999921    0.1487    0.1847  -0.102   49
58529.271   -0.023997191411   -0.179301599967    0.2420    0.2683  -0.355    8
58585.271   -1.351175941654    0.715298399911    0.5360    0.9352  -0.508    6
58597.208   -0.075447541614   -0.101102400052    0.4047    0.5174   0.150    3
58620.269    0.708590414267   -0.365500800026    2.3807    0.7318   0.806    5
58622.004   -0.448340024699   -0.588200399987    0.2409    0.5150  -0.320   64
58631.757   -0.822733694333   -1.910401200034    0.4135    1.0700   0.716   70
58655.271    0.306297204868   -0.206200800035    0.2259    0.2280  -0.215   32
58669.271   -0.477589527341   -0.068299200096    0.5604    0.3845  -0.512    6
58676.270    0.277497689851    0.383000399995    0.3067    1.1261  -0.278    6
58690.270    1.420478358934    0.786200399983   15.1430   10.0246   0.998    3
58701.209    0.385945858789    0.749998800065    0.0669    0.1635  -0.069  324
58711.272   -0.127347853865    0.025199999887    0.2230    0.2297  -0.128   21
58723.230    0.336896695967    1.900598400062    0.2828    0.2968  -0.089   33
58738.249    0.977833445365    0.917798399880    0.4101    0.2774   0.101   22
58739.272    0.348294105954   -0.066200399962    0.6214    0.3815  -0.314    4
58767.272    0.644241493106   -0.320101199947    0.2867    0.2434  -0.001   12
58774.270    0.695389421543    0.166298400051    0.2480    0.2952  -0.121   11
58781.272   -0.153447417546   -0.465001199945    0.5864    0.4692  -0.336    7
58787.269   -0.517041256260   -0.759600000100    0.3346    0.3323   0.069   11
58795.272   -0.109646959302    0.944899199884    0.3537    0.4626  -0.227    7
58799.205   -2.299011107217    0.926600400009    0.5709    0.5894  -0.386   12
58803.501   -0.634039266830    0.200199599898    0.1922    0.3946  -0.106   51
58814.272    0.152849812901    0.106700399916    0.4336    0.2608   0.046   11
58837.272    0.355043997082   -0.893199600083    0.4456    0.5671  -0.038    4
58844.270    0.567440381959   -0.808002000108    0.2163    0.4787  -0.144   47
58858.248    4.321726870442    1.478998800031    0.2722    2.1525  -0.536    3
58864.249    0.939735285978   -0.967399199947    0.8329    0.5443  -0.395    6
58865.272   -0.407840703509   -0.786402000119    0.3343    0.5064  -0.082   10
58870.206   -0.720437811879    1.001498400011    0.1801    0.1688  -0.261   27
58870.250   -2.829102132528  -11.970702000053    0.4146    1.7323   0.941    8
58872.270   -0.070947614196   -0.230500800047    0.1971    0.2467  -0.292   22
58879.272    0.049801546634   -0.078699600037    0.2079    0.2060   0.051   22
58886.270    0.082348605257    0.271497600002    0.3603    0.3253  -0.080    8
58932.208    0.170399509371   -0.358700399983    0.1651    0.1768  -0.089   27
58935.268   -0.156744947947    0.365698800042    0.2312    0.2286   0.054   27
58942.270   -0.343192992816   -0.019900800008    0.1649    0.2303  -0.188   49
58956.270    0.176397016686   -0.345099600096    0.4151    0.2999   0.100   10
58962.271   -0.205945308861   -0.371901600116    0.3775    0.3798   0.204    8
58981.210   -0.409190691966    0.118497599932    0.4894    0.5739  -0.320    6
58981.988   -4.061778877061    5.998197600010    0.4737    1.3269   0.522   81
58983.251   -0.420591683027   -0.386899200078    0.2073    0.2731   0.176   39
59023.206    0.076199899848   -0.102700800064    0.1213    0.1747  -0.143   58
59026.270    0.227246155591    0.013899600071    0.3878    0.5697  -0.078   26
59032.271    0.204447728965    0.417700799948    0.3872    0.3959   0.128    7
59037.210    0.091348460094   -0.512402400110    0.2963    0.2549  -0.427   19
59040.270    0.529641037685   -0.208602000074    0.6862    0.3960   0.490    6
59044.208    0.155247368050   -0.816602400100    0.3040    0.2211   0.045   15
59058.208   95.545234312538   21.556299599923    9.2344    2.0633   0.977    3
59061.269   -0.348441697393   -1.590102000071    0.3383    0.3724   0.073   12
59177.188   -0.022949624720   -0.709401600063    1.0280    0.6986  -0.236    6
59206.269    0.539242078241    0.168800400058    0.6971    0.5932  -0.462    3
59236.249    0.027899514185   -0.252500399989    0.0863    0.5154   0.489   14
59247.207   -0.315142280537   -0.655401599992    0.4259    0.2623   0.211   11
59416.230   -1.017281593208   -0.350402400096    0.5332    0.5067   0.285   15
59429.207    0.091200843076    5.693598000067    0.3811    3.4818   0.236    4
59480.083    1.574375738527   -1.439499600120    0.3319    0.7641   0.003   20
59487.249   -0.560989305943    2.106100799959    0.4426    0.6040   0.009    6
59494.251   -1.219029370838    1.059699600070    1.0058    0.7859  -0.066   12
59536.251   -0.782986756957    0.984297600026    0.4792    0.8012  -0.007   26
59548.209    0.302546080187    0.093499199982    0.1701    0.2101  -0.002   53
59592.251   -0.303744870551   -0.680702400047    0.2950    0.3949   0.263   29
59711.249   -2.982099536868    0.653997599875    1.2654    1.8933   0.120   14
59765.208    0.037050567116   -0.271299599985    0.1530    0.1833  -0.153   74
59779.208   -0.693438272946    0.314999999884    0.3735    0.3403  -0.281    9
59837.250    4.341076542995   -3.671200799960    1.7857    1.3453  -0.059    5
59913.207    0.230248503113   -0.556401599994    0.4409    0.5260  -0.026    7
59954.206    1.264028593867   -0.834699600039    0.3442    0.2761   0.092   10
59975.208    4.333426651036    1.946599200031    4.8298    1.7226   0.891    5
59984.248    1.354027091082  -21.343499999982    1.3225   49.7006  -0.985    3
60075.250   -0.682638442025   -2.081199600057    0.8411    1.5709   0.065   28
60244.270    0.897886001911   -0.737100000037    0.6100    0.3637  -0.097    7
