%-----------------------------------------------------------------------------
%                R.A. (mas)        Dec. (mas)        Err. (mas)     Corr. Del.
% Uncertainty in R.A. is in R.A. cos(Dec.)!!!!
%-----------------------------------------------------------------------------
49254.416    0.554430013768    3.214900799975    0.4790    1.8607  -0.329   34
49667.419   -0.291595659972    1.954501200885    0.5233    1.1476  -0.155    5
50162.252    0.192331021685   -0.363898799094    0.4446    0.8206  -0.159    6
50204.252   -0.452952938292    0.116100000014    0.3680    0.4781   0.210    9
50211.250   -2.206066842898    8.343900002927    2.4302    9.4483  -0.976    5
50218.252    0.017108119154    0.006602405023    0.2561    0.4867  -0.021   23
50295.254    0.857087759076    0.295502400149    0.5872    0.5097   0.238    6
50309.250   -0.430683714922   -1.171396797162    0.4990    0.6565   0.421    7
50428.249    0.194249630957    0.553402801984    0.4992    0.4967   0.110    9
50459.832    0.111505481142    0.168202802087    0.1476    0.2487   0.091  124
50505.251    0.278615015667    1.007100003392    0.3906    0.8279  -0.302   10
50560.082    0.372863703043   -0.322696794086    0.2691    0.7124  -0.058   39
50568.253    0.157966108765    0.076100399582    0.2211    0.4390  -0.061   20
50575.251    0.330091619353   -2.855098794186    0.4637    1.3160  -0.566    5
50582.253   -0.180090203982   -0.011699997771    0.2766    0.5519   0.016    7
50701.251   -0.186727414940    0.492102000749    0.3236    0.9836  -0.547    9
50799.252   -0.261800699278    0.367801200696    0.3218    0.9605  -0.497   11
50890.254   -0.301624090790    1.405400404053    0.6148    0.9364  -0.217    4
50932.254   -0.232451737269   -0.077597998427    0.3060    0.5211   0.019    7
50939.252    0.372569900279    0.503100000060    0.4960    1.3583  -0.403    5
50946.254   -0.652218545312   -0.302497195293    0.3367    0.6522   0.007   15
51072.250   -0.210770119429    0.758800804590    0.3270    0.6581  -0.031    9
51191.253    0.417851745230   -1.344398397407    0.4766    1.1052  -0.581    4
51457.249   -0.022566572594    1.418302800005    0.6422    1.2979  -0.675    4
51575.072   -0.435844819138   -0.926596796091    0.1962    0.3153  -0.095   87
51660.252   -0.001178757519   -0.672299994875    0.3298    0.8713  -0.134    4
51674.252   -0.074485653656   -0.440999998119    0.4744    1.2552   0.171    5
52067.334   -0.447200682088   -0.338198397287    0.8181    1.0839   0.082   13
52254.170   -1.180542117166   -0.803098797064    0.4292    0.6448   0.100   19
52815.231   -1.378774094820   -0.223297195134    1.2687    1.9682  -0.276    9
52850.229    1.789397451950    1.790902805254    1.6010    1.7749  -0.139   10
52878.229   -0.318438407179   -1.154098794132    1.4112    1.2201   0.264   19
52948.229    0.261213093748   -3.854199596276    1.3787    2.2286  -0.289   14
52982.081    0.583485173013   -0.645699596191    2.2925    1.9678   0.294    5
53151.228    5.690170582046   -2.881598396698    5.3669    3.6427  -0.908    4
53165.232    1.227296547554   -1.459299599560    1.3912    1.9437  -0.131    9
53411.249   -1.194701544141   -3.780597594982    1.5419    2.6734   0.220   14
53529.229   -0.218292335446   -3.116699998884    1.6139    3.8074   0.049   17
53719.250   -0.278469887514   -0.656999996806    1.8465    2.8205   0.066   15
53789.250    0.428471302886    0.132901203642    1.3186    1.8429   0.305   15
53892.207   -2.352234611337   -1.123199997011    1.5839    2.8127  -0.172   10
54060.211   -2.167128431292   -0.538599596922    1.5670    2.5459   0.022   20
54118.253   11.204973108256    3.768501600376    5.1992    7.4977  -0.005    5
54173.241   -1.229508959591   -1.062097194193    1.7390    2.2870   0.373   16
54202.235   -6.612600518714  -23.489398797238   12.7854   21.0608   0.932    6
54264.229    3.043982745396    3.805002003077    1.8660    2.4158   0.249   15
54391.230    0.145870419214    1.465002001311    1.0848    1.8760  -0.071   12
54446.229   29.378889949797   61.205601604541   18.2184   35.0692   0.979    3
54523.231   -2.021258037230    0.590302801839    1.3878    1.7373  -0.172    9
54559.230    0.241152735956    0.388303200793    0.0927    0.1649  -0.144  148
54621.228    0.130532209568   -2.928398394175    1.4988    2.3118   0.037   10
54741.249   -2.925691353531    0.949201204037    1.8529    3.3474  -0.091   14
54768.076    0.873902075465   -6.546599998103   28.0567   45.4863   0.899    3
55035.249   -0.853105412379   -1.349596799116    1.6056    2.3951   0.222   21
55154.248    0.076400716469    0.690400805325    0.1247    0.1850  -0.062   47
55174.227    0.192922173674    1.759903205567    1.3420    1.8599   0.059   19
55210.248   -0.974345496423   -5.436799196445    1.5440    4.4651   0.381   11
55516.207    0.201771821821    0.435301203083    0.6327    1.9087   0.939    3
55545.241   -0.321684448582    2.996100001695    1.4901    2.0738  -0.160   20
55575.272    0.030088788610   -0.171997194087    0.2800    0.5453  -0.217   52
55722.270   -0.672572731021    3.835202402058    1.4171    3.0195  -0.845    4
55776.228   -0.124486125446    0.614700002899    0.1420    0.2379  -0.160  149
56077.209   -0.393366538212   -0.416599196740    0.5687    1.7238   0.868    4
56142.271    0.067848442698    2.042600405616    0.3144    0.9119   0.081   13
56162.250    0.333482788908   -0.614296799029    0.1033    0.2390  -0.041  206
56189.228   -1.053843579683   -2.757297596645    1.5695    1.6063   0.287    6
56336.208   -0.252951051131    0.415702800183    0.6154    1.5778   0.893    3
56482.206    0.306640066853    0.077302804158    0.2200    0.2334   0.274   12
56548.272    0.167700711666   -0.993999596233    0.4890    0.9266   0.578    8
56630.230    0.753840748940   -0.605998796743    0.9890    1.6258  -0.164   22
56706.206    0.142921701883    0.430700403342    0.3648    0.4911   0.019    5
56713.208   -0.053834143875   -0.422099999753    0.5183    0.1980   0.032    7
56799.250  -10.729011094841  -18.285598795131    2.4306    6.7711   0.902    3
56805.207    0.110914329153    0.435402005650    0.1745    0.1815  -0.388   19
56867.208    0.132450818840   -0.062798400080    0.0934    0.2371  -0.177   39
56930.207    0.511215452700    0.069202800290    1.5220    1.6290  -0.851    4
57001.208    0.061653683964   -0.198097199444    0.1417    0.2343  -0.120   45
57037.250    1.044993956687   -1.912697999984    0.5001    0.8985  -0.109   33
57046.458    0.398382539427   -0.241599597928    0.1804    0.2891  -0.195   35
57105.209   -0.783635709634   -0.624196796650    0.1430    0.2334  -0.033   58
57163.251   -0.424046478812    1.312700399581    2.0308    2.4022  -0.905    4
57169.208   -0.011210709644   -1.175097600026    0.1169    0.1666  -0.251   49
57239.208    0.800301376563    0.108702001000    0.1580    0.1393   0.181   31
57294.207   -0.413572049309   -1.058698799028    0.1890    0.1519   0.409   14
57371.209    0.847204456411    0.117302404590    0.0962    0.0953  -0.035   89
57401.233   -5.406097087787   14.519700002324    0.1566    0.2843  -0.099   59
57469.206   -0.241152710804   -0.565199995606    0.1095    0.2115   0.079   73
57520.253    6.519824441926  -39.694597196416    1.6272    1.6386   0.245    4
57591.269    0.803398743354    0.714700804139    0.1978    0.4857   0.060   27
57654.271   -1.270217305856   -0.374799596159    0.2460    0.3044   0.063   21
57724.271   -0.950302766782    0.401302805386    0.1736    0.1380  -0.106   52
57772.228   -3.994136837566    3.457800004725    0.3272    0.6096  -0.098   51
57839.792   -0.583340019707    0.926600402806    0.1511    0.1934   0.108  135
57849.249   22.676614242393    5.509800001846    1.5173    0.9555   0.255    8
57872.197    0.382010700415    7.752801600702    0.4598    1.1396   0.423    4
57938.209   -0.045281844952   -1.496397597833    0.1341    0.1624  -0.106   46
58003.231    0.517112862210    0.608302803329    0.1600    0.2386   0.286  114
58071.207    0.618147435157    0.248101200384    0.2863    0.1174   0.187   18
58085.500    0.595138360034    1.101002399650    0.1243    0.2007   0.475   45
58086.500   -1.285559036810   -1.075697994679    0.0876    0.0848   0.135  105
58087.498    1.833939445149    1.114401601399    0.2954    0.1539   0.398   18
58088.498    1.710044471691   -0.186199196861    0.0895    0.0785  -0.023  115
58089.499    0.277878735525    2.746000802745    0.0982    0.0993  -0.103   87
58090.500   -0.087760125877   -0.168897599906    0.0790    0.0766   0.052  148
58091.497   -3.937499129665   -0.188999996453    0.1186    0.1027   0.346   89
58092.498    1.939692670086   -0.434498395663    0.2010    0.1077   0.397   63
58093.499    0.050442949167   -0.022499998664    0.0989    0.0886   0.003   62
58094.496   -0.716820921454    0.253000801109    0.4207    0.1376   0.262   15
58095.500  -80.531440453737  -11.949199198114    0.3631    0.1656   0.200   15
58096.497    0.254869660403    0.508802401811    0.0863    0.0910  -0.095   82
58097.498   -0.434666061619    0.673401603279    0.0957    0.1022  -0.114   72
58098.499   -0.394842670107    0.446500801132    0.2937    0.1579   0.182   29
58099.500    0.177729117333    1.914602403019    0.0775    0.0805  -0.094  164
58128.230    0.480093034724   -3.459099598757    0.3694    0.7693   0.083   53
58272.782   -0.507675583380    2.756901599810    0.1075    0.1988  -0.096  108
58279.305    0.729504241687    3.100600800110    0.1111    0.2006  -0.191  135
58296.227   -2.978789192112    0.248500803934    1.3994    0.8428  -0.154    5
58301.297   -0.610182741763   -0.075099600139    0.1226    0.2129  -0.125  108
58386.484    0.037610979475    1.745503204376    0.1491    0.2447  -0.103   65
58425.726   -0.352806866559    0.878400002335    0.1366    0.5211   0.224  123
58438.269    0.077583045599   -0.352997995634    0.2077    0.1899   0.092   40
58519.208    0.338792592888   -0.100897197797    0.1245    0.1356  -0.025   76
58617.209   -0.091742447422    0.013903201790    0.1481    0.1412  -0.120   31
58617.209    0.071239612253    0.291301203958    0.1030    0.2197  -0.463   84
58974.208   -0.219177290200    0.125200803325    0.1479    0.2322   0.078   78
58988.208    0.000000000000   -0.069998394281    0.0937    0.1299   0.050  128
59102.228    0.044542018351    0.760500002173    0.2967    0.2823  -0.117   52
59186.250    1.250011819912    0.822502801867    0.7799    1.5241   0.086   20
59256.250    0.797943836373   -1.494597597684    1.1696    3.3595  -0.626   19
59271.737    0.312834825587    0.856400403393    0.1018    0.1732  -0.088  102
59319.248   -0.347054610354   -0.283298395942    0.3506    0.3605  -0.062   46
59389.249   -3.036018052002    0.000000000000    0.7056    0.5685  -0.349   26
59452.251   -0.022417897982   -1.510696796458    0.6340    1.0283  -0.133   26
59480.083    0.969035717595   -0.162399597770    0.2672    0.5711   0.062   38
59563.228  -10.992433054167  -13.836697196012    0.3319    0.8015   0.145   44
59613.249   -0.007522190865    0.393501602503    0.1642    0.2683  -0.006  134
59662.251   -3.078198983704    5.236801200681    0.7290    1.9480  -0.220   41
59711.249   -1.859015779004    1.402902005765    0.4888    1.4584  -0.167   50
59760.248    0.342332437056    2.267301604064    0.5755    2.1822  -0.035   36
59802.251    0.662838128119    3.037701603859    0.2080    1.3137   0.255   19
59837.250   -1.482757359945   -1.799099998578    0.6226    0.9493  -0.268   39
59970.248    0.306197589476   -0.879897594785    0.6078    1.0084  -0.139   44
60026.248    0.164603319723   -1.075597198508    0.4736    1.0255  -0.070   54
60075.250    0.851335477719   -1.248397200015    0.7212    1.2759  -0.116   57
60173.250   -0.433338604336   -0.263498394304    0.4005    0.4451  -0.134   15
