%-----------------------------------------------------------------------------
%                R.A. (mas)        Dec. (mas)        Err. (mas)     Corr. Del.
% Uncertainty in R.A. is in R.A. cos(Dec.)!!!!
%-----------------------------------------------------------------------------
53503.201   -1.045900553883    5.438699999161    0.8528    2.5185  -0.443   14
56524.231    7.200043343522   -4.814999995517    2.3802    1.5223  -0.220    4
56875.043   -0.287243030870   -3.148599601843    0.4538    0.9146   0.701   64
57809.367    0.982983336019    0.408801606966    0.1573    0.3592  -0.007   73
58137.058   12.304753895357    0.000000000000    0.2482    0.5243  -0.641   71
58942.891    0.658461488697   -0.462999597062    0.2416    0.5658   0.126   62
59230.577    0.000000000000    4.221702002383    0.1754    0.4354  -0.222   39
59271.737   -1.093642527660    1.639400397835    0.1680    0.4819   0.067   44
