%-----------------------------------------------------------------------------
%                R.A. (mas)        Dec. (mas)        Err. (mas)     Corr. Del.
% Uncertainty in R.A. is in R.A. cos(Dec.)!!!!
%-----------------------------------------------------------------------------
50560.082   -1.678184465309    3.376900800589    3.6283   10.5015   0.839    3
50800.340    8.553811833641   -1.450900799504    2.6371    1.9995   0.060   10
57046.458    1.127130493167   -0.054100799041    0.3771    0.8050  -0.209   47
58022.797   -0.556449086281    0.760298400238    0.6973    1.8066  -0.714   52
58301.297    0.671091798839    0.165398400576    0.3948    0.9429  -0.443   70
58861.959    0.581622724734    2.251800000863    0.5511    1.3232  -0.340   39
58871.905    0.000000000000    0.000000000000    0.5348    1.3310  -0.259   32
