%-----------------------------------------------------------------------------
%                R.A. (mas)        Dec. (mas)        Err. (mas)     Corr. Del.
% Uncertainty in R.A. is in R.A. cos(Dec.)!!!!
%-----------------------------------------------------------------------------
49914.167    0.141855691672   -0.204897602885    0.4966    0.7344  -0.171  125
54292.229    0.127446242728    0.354502801514    0.1995    0.2855  -0.216   91
54566.250   -0.412195030608   -0.057898799355    0.2025    0.3981   0.004   31
54760.209   -0.108730355438    0.518702399432    0.2968    0.3116   0.535   24
54789.228   -0.608857952623    0.738302398418    1.0063    0.6123  -0.207   15
54942.209   -0.412640642147    0.277001998938    0.2277    0.3534   0.292   16
55042.251    0.223253736877    0.246401996407    0.2025    0.3795   0.066   68
55124.210   -0.351145616474   -1.632398402052    0.4228    1.7175   0.476    5
55131.208   -0.382338753515    0.917200798511    0.2635    0.4342   0.038   15
55208.206    0.839986642401    1.841101197897    0.6207    1.1960  -0.050    6
55278.206   -0.295293838436    0.721601997355    0.3132    0.3889   0.162    8
55421.271   -0.029260937847    0.254102396724    0.4468    0.8378  -0.169    6
55425.209   -0.692337924728   -2.473297202243    4.3056   16.6530  -0.975    3
55435.271    1.250698656934   -0.034599599985    0.5664    1.2692  -0.021   10
55449.271    0.201864155020    0.559501200570    0.4595    0.5952   0.282    8
55483.229   -0.182552928485    1.130302801755    0.3035    0.4314  -0.138   30
55558.207   -0.353519855628   -0.078598804265    0.5870    0.7706  -0.328   10
55614.207   -0.096698717227    0.385102797651    0.3097    0.4787   0.369    6
55645.272    0.331092869236    0.132800401076    0.4440    0.6346   0.321   22
55650.228   -0.060603802594    0.540701998375    0.2552    0.3152  -0.131   15
55659.272    0.305842485903    1.198101598732    0.5498    0.9564  -0.030   13
55665.247   -0.322626174000    0.219599998985    0.2072    0.6286   0.287   14
55666.270    0.362585461689   -4.090698001136    0.9892    2.1857   0.478    4
55671.270    0.180920184704    0.178300798126    0.2398    0.7395   0.115   37
55736.270   -4.297077515440   -7.854699604337    2.2772    3.4144   0.853    8
55755.230    0.113040365364    0.265302001168    0.1851    0.6039   0.018   16
55757.268   -0.001187132242    1.710302395708    1.1505    3.8654  -0.310    4
55792.270    0.888113195245    2.417702396684    0.6586    1.1001  -0.014   13
55811.208    0.365850949251   -0.869497203837    0.2897    0.8515   0.009   21
55813.272   -0.532211957305   -1.521198002763    0.9795    1.0573   0.298    7
55819.500   -0.166214851927    0.067301997575    0.4728    1.6766  -0.139    3
55821.498    0.143787890865    0.483501597159    0.3476    0.4307  -0.143    9
55826.498    0.450817483680   -0.766098001037    0.4895    0.5431  -0.037    4
55827.499    0.043224775252   -0.499100402607    0.6477    1.1608   0.289    4
55831.498   -0.289204953932   -0.423698401164    0.3742    0.3399   0.046    4
55832.499    0.107247364693   -1.982498402242    0.3782    1.1884   0.263    4
55848.270    0.431802140977   -0.081698398446    0.3682    0.4310  -0.198   22
55853.271    0.614059185628    0.666802798577    1.1340    1.0809  -0.244    5
55883.269   -0.736158039225   -0.955598403607    0.2953    0.5959   0.188   40
55897.269   -0.126701175777    0.648899999334    1.1219    0.6590   0.174    3
55901.206    0.348176012745   -0.955598403607    0.5215    1.6248  -0.045    5
55904.270   -0.049163957379   -0.148100399144    0.3274    0.4528   0.078   30
55911.269   -0.026437515575   -1.904900403815    0.5853    0.9388   0.412   10
55916.229    0.096106949561    0.979599601436    0.2292    0.4793  -0.349  114
55925.269   -0.155370345958    0.141602397008    0.2995    0.5670  -0.057   26
55932.271    0.925844399908    0.942202795784    0.8453    0.7318  -0.225   11
55936.208   -0.296630698384   -0.408099602112    0.2975    0.7309   0.096    5
55974.271   -0.736008311519   -2.841998399816    0.3097    0.7438   0.062   15
55981.272   -0.385158604208    0.576601198787    1.0718    1.2155  -0.656    4
56009.273    0.425267619603    1.294300800936    0.4221    1.1643   0.510    6
56016.271    0.185675806169   -2.954797200516    1.1093    1.5314  -0.191    7
56107.273   -0.012623405877    0.726800399065    0.2548    0.5843   0.118   18
56163.269   -0.238996474189   -0.393397199616    0.4381    0.7597  -0.183   16
56168.229    4.866279207366   10.871402395907    4.1713    7.0557   0.955    4
56170.271    0.823202954304   -0.134297999921    0.3143    0.6014   0.287   17
56177.273    0.728286683234   -0.767998803752    0.5430    0.7422   0.210   15
56267.249   -2.806637317366    0.897300000702    0.1414    0.2663  -0.115  157
56289.273    0.141705963966    0.621802801248    0.2543    0.5617   0.110   31
56310.271    0.202905131136    0.170099998087    0.3990    1.1734   0.188    6
56317.270    0.104423917091   -0.349797598886    0.7551    1.0932   0.569   15
56393.249   -0.013368498159   -0.647798403719    0.2431    0.5072  -0.554   77
56401.270    0.119724614444   -1.052697602688    0.2205    0.4806  -0.156   39
56408.268    0.887075790709    0.437302795575    0.6426    0.9786   0.364   12
56835.271    0.000000000000   -1.836698402968    0.2941    0.9428   0.006    9
56839.208    4.322181742646  -18.788400000602    4.4634   14.3648  -0.968    3
56877.271    0.560734971359   -3.655299602201    0.4164    1.5897  -0.117   12
56932.270    0.377882587462   -1.053000003992    0.2922    0.5934  -0.312   20
56940.273    0.917823316210   -1.648198799842    2.0223    1.6793   0.084    5
56947.271   -8.522410813153   -3.128997598623    7.2487    1.6435   0.726    3
56972.207    0.715659705778   -3.463700398498    1.8717    5.9002   0.881    3
56987.270   -0.895688667403   -0.112597201962    2.0270    2.6101   0.861    4
57003.271    0.072339556972   -0.353897998906    0.6963    0.8105  -0.153    6
57022.268  -12.497453947590    0.819601199709    1.5756    0.9097  -0.101    3
57045.271    0.152996106804   -0.601297200831    0.2420    0.7046  -0.170   10
57073.271   -0.322180562460   -2.416100401348    2.7476    5.2780   0.981    4
57087.271    0.430169397196   -0.296499599273    1.1832    0.4451  -0.462    5
57091.209    0.643619604218   -0.576597598467    0.2499    0.4203  -0.207    9
57101.271    1.377253676584   -0.657799203907    0.7594    0.3989  -0.382    9
57108.270    0.106056660872   -0.608598003993    0.2091    0.2357  -0.009   20
57114.274    0.179437193959   -0.204397203163    0.3342    0.3289  -0.196   12
57142.271    1.258124401385    0.808502397831    0.9622    0.6434   0.456    4
57177.583  163.316427649983  182.240002800427  108.1484  108.6744  -0.547    3
57185.268    0.583015776294    1.022000397910    0.6384    0.3924  -0.011    8
57192.270    8.837611242701   -4.838698798437    4.0422    2.2741  -0.939    3
57199.272    0.621042890120   -0.386298001587    0.3588    0.2429  -0.301   14
57203.209   -0.342678895908    2.883801600717    0.2274    0.5013   0.256   15
57205.269   -0.299454120656   -0.023799599091    0.3198    0.7451   0.179    8
57210.207   -0.422590378788   -0.663397202771    0.3805    0.6243   0.084    7
57213.272    9.740429745392    7.059099596063    0.6541    0.7806   0.233    8
57220.270    3.597014390848    0.464000396505    0.3650    0.2096  -0.029   29
57234.270    2.649933683039    0.234601196070    1.0608    0.3611   0.188    7
57241.268   -0.215082925473   -1.399597199736    0.3867    0.2539  -0.075   14
57246.206    5.549704799988   -1.402700400632    0.6742    0.7288  -0.403    4
57248.270   -0.334358356798   -0.036597598552    0.2589    0.2633  -0.132   14
57255.272    1.489844858829    3.653402399806    0.4456    1.0211  -0.244    6
57275.229   -0.782648302039   -2.489198402600    0.1299    0.1798   0.251  147
57297.272    1.672697242726    2.002899599773    0.4443    0.6775  -0.261    6
57304.241   -0.830478971049   -0.755499598881    0.7324    0.8763   0.809    6
57337.227    1.532474294835    0.381200396049    3.8095    1.0431   0.742    4
57350.208   -5.799396052439   -2.655198000667    1.7161    0.8704   0.697    4
57364.208    0.396452293295    0.000000000000    0.2081    0.4653   0.298   13
57386.269   -2.164803756214    5.787899996079    0.5259    0.9529  -0.893   11
57406.208   -0.421552974253    0.598701600296    0.2757    0.5308  -0.451    4
57430.270   -4.279548760391    5.204800801550    1.5285    1.9472  -0.913    6
57444.270    3.022468881370   -3.678800400309    0.8618    0.6484  -0.490    5
57448.208    0.617178517063    2.081699996381    0.2552    0.8896   0.283    5
57471.270  -21.264361923349   38.165601597484    0.3680    1.2302  -0.351   16
57477.209  -57.954767783793  -79.472599202290    4.4566    6.4716   0.948    4
57479.269   -0.111699959167    1.321700400325    0.4873    0.4953  -0.609   15
57483.206   -0.429128446411    3.155702400193    0.3235    0.7703   0.272    8
57493.269   -0.288905498520   -4.449398398521    0.2448    0.5035  -0.030   13
57500.271   -0.148536369172    1.563602399557    0.1789    0.2670   0.130   56
57507.269   -0.207953064854   -0.115700402858    0.3373    0.3185   0.332   19
57512.207   -2.654386277513   -3.589099200241    0.4206    0.5768   0.125   12
57521.269  -17.939619070630  -34.703798401381    3.7397    6.5001   0.972    4
57560.208   -0.893310856670    1.297202396700    0.2951    0.9051   0.138    6
57577.269    9.865943814257   -1.250697599886    0.6782    0.6758  -0.719   12
57612.271   -2.306064108641    6.959199597389    0.5168    2.6104  -0.282    4
57640.271    0.835829931760    0.863301596610    0.5061    2.1296  -0.202    3
57668.271   -1.121020759599   -0.530398803278    0.5869    0.5922  -0.319   23
57693.207    7.678859253108    0.857800799992    1.7376    0.6914   0.840    4
57696.271    0.556724416845   -0.515998802086    1.0338    0.4882   0.662   11
57700.208   85.570947334989 -113.679997204486   28.0230   39.3187  -1.000    3
57703.269    1.542131693893    0.766799999496    1.0633    0.4733   0.724   16
57710.267   -0.848303609931   -4.160998803115    0.4653    0.9206  -0.316    8
57731.269   -2.260611250363   -0.592700403956    0.3967    0.4254   0.601   15
57792.229   -2.809460739638   -0.223297201529    1.8144    0.7532   0.514    3
57794.271   -0.054365190384   -3.063099604361    0.7550    0.6873  -0.172    4
57806.208   -1.185784844413   -0.121697998878    0.3641    1.2755   0.521   12
57841.228    0.202163610433    0.631202399148    0.5226    1.4932   0.365   20
57878.271   -2.985479172079   -2.882397603798    0.8493    0.6308   0.538    6
57885.270    3.016376399956    0.411001197875    0.1697    0.2000  -0.217   61
57889.002   -1.257083450601    0.985301996792    0.5556    0.3451  -0.561    9
57917.207   18.745738856095    8.268501601805    2.1105    1.7969   0.790    4
57919.271   -2.063499145228    0.057401999953    0.2826    0.2415   0.202   32
57927.270    5.770880181544    1.556600397379    0.3406    0.2511   0.409   49
57933.249    0.199785799700    0.041000399875    0.1375    0.1724  -0.239  291
57934.272    2.529763457057   -1.139399998351    0.2461    0.2158  -0.069   28
57959.207    2.922055493462   15.266700000183    1.4092    2.4445  -0.108    7
57962.272   -4.082140746093    2.392700399412    1.0099    2.6449   0.430    4
57967.228   -0.260386056045   -0.289400401243    0.1263    0.1832  -0.200  184
57969.270    0.981100813370    2.139400797319    0.7597    0.3953  -0.621    6
57983.270   -0.016487804264   -0.786600001135    0.2012    0.1686  -0.388   31
57987.207    3.951279313427    3.061000796833    0.1641    0.1919  -0.361   28
58002.208   -5.873518080899    0.800301597792    0.8380    0.4034   0.385   10
58004.268    1.808460478315   -0.037097998273    0.2267    0.2402  -0.415   23
58057.207    3.496305119107   -1.107597604033    1.1899    0.6707  -0.502    3
58085.500    0.613763301795   -0.094698003039    0.0756    0.1974  -0.223  103
58089.499   -0.050800247410   -0.910799998621    0.1011    0.1701  -0.328  119
58090.496   -0.046639990520   -0.151099203549    0.1276    0.2773  -0.705  104
58091.497    0.414127229801    1.463900399301    0.0730    0.1832  -0.395  113
58092.498   -0.526864568173   -0.055799998222    0.1081    0.1660  -0.335   98
58093.499    0.868506084876    1.994799595906    0.1057    0.1943  -0.192   67
58095.497    0.184485127678    0.186602400731    0.1049    0.2087  -0.015   87
58096.497    0.375508348309   -0.258498003802    0.0974    0.1562  -0.190   96
58097.498    0.040700808392    0.342702001177    0.0859    0.1452  -0.364  114
58098.499    0.280738233366    1.174100400902    0.0935    0.1709  -0.233   92
58099.496   -1.343533001104    0.748601999589    0.0751    0.1865  -0.491   95
58130.268  -11.145008614380   -0.829799998314    2.0354    1.6818   0.580    3
58134.209    5.317093119466    1.806001198190    1.7637    0.6359   0.665    3
58151.270    1.104386799209   -1.200798001832    0.5344    1.2545  -0.201    3
58200.272   -0.329756034618    0.161301596080    0.1080    0.1637  -0.054  156
58298.269    0.167851167287   -1.495098003801    0.6454    2.1566  -0.400    3
58304.233    0.457797616592   -0.292698000237    0.2680    1.0931  -0.039   16
58305.271   -0.302423699055    0.232002001610    1.1956    0.6748   0.529    9
58312.269   -0.006684249079    0.651902397664    0.2658    0.3252   0.317  156
58352.231    0.650007944134    0.294001200984    0.1675    0.2725  -0.416  266
58366.227   -0.170966927143    0.344602797497    0.6656    0.7472  -0.371   10
58401.229   -0.261131122997    0.950000398348    0.3086    0.6869  -0.337   22
58410.269-4639.562570682555-3777.514398001358    0.4081    0.3380   0.097   63
58459.271   -0.012327522044    0.038401199021    0.2999    0.2927  -0.367   16
58491.208    0.478591859203    0.501800399633    0.1046    0.1720  -0.313  192
58561.209   -0.569051964220    0.527601597611    0.0722    0.1457  -0.254  269
58575.209    0.173494440252    0.727599599770    0.0936    0.1661  -0.389  239
58627.271    0.231274845904   -0.676198802552    0.1970    0.2344  -0.105   77
58669.271    0.541869356362    1.583801998351    1.1043    1.0462   0.213    5
58697.271   -0.528647039660   -0.242298002462    0.3680    0.2869  -0.108   11
58704.270    0.936685359628    1.594702801810    0.4359    0.7353  -0.052   26
58718.270    0.919605787698    1.249801196934    0.4735    1.1327  -0.208    9
58732.270   -0.572467154158    0.363099598388    0.1981    0.2600  -0.041   66
58767.272    0.001190678491   -0.158597998734    0.1908    0.1597   0.035  101
58771.209   -0.254742757750    0.041201998613    0.0895    0.1642  -0.540  417
58785.209    2.682759563861   -2.534598003479    4.3960    7.2587  -0.968    3
58802.270   -1.196775531840   -1.470099600454    1.2127    2.5461   0.653    3
58827.209   -0.369861478435   -0.264297601404    0.0960    0.1661  -0.279  242
58956.270   -0.405956418398    0.481499998273    0.1840    0.1870   0.108   99
58969.270   -0.834193616400    1.465901998188    0.5807    0.9916  -0.461   13
59054.270   -0.581974825509    0.913402799796    1.3646    3.2600   0.333    3
59206.269    0.149727047663    0.484599598849    0.2801    0.2575   0.105   66
59222.271    3.669353947820    1.443301196957    4.1086    1.1341   0.795   11
59298.250   -0.394370391726   -0.558097203651    0.0898    0.1834  -0.154  162
59305.270   -0.477550908418    0.190202401029    0.3061    0.3137   0.147   19
59327.269   -0.744920643625    0.103402796725    0.7580    1.2963   0.221    3
59334.271   -0.365997105378    0.314002801360    0.5790    2.3118  -0.239    3
59341.269   -0.137991318615   -0.966200399688    0.4801    0.8206  -0.097    9
59354.250   -0.124772548163   -0.218998803092    0.1231    0.2362   0.091  186
59355.269   -1.281888222395    0.232901998487    0.6580    1.6304  -0.411    3
59422.209   -0.520330046800    0.240001196516    0.3458    1.2585  -0.384   12
59446.271    1.980913967782   -3.934198803535    1.1971    1.8472  -0.684    9
59450.209   -0.863750463410    4.105702798540    0.6484    1.5412  -0.297    3
59478.209    0.093133799583   -0.959799599798    2.1958   10.0296  -0.977    3
59500.208   -0.369711750728   -0.222098403668    0.4717    0.4289   0.210    7
59543.249    0.671247798284    0.327700797698    0.0857    0.1673  -0.346  184
59551.270    1.133351853223   -0.759099599179    1.4855    1.4652   0.112    4
59558.268   -2.890117289470   -1.684699202542    1.6008    1.8402   0.230    4
59569.207   -0.547067043118   -1.237698001688    0.7797    0.7141   0.271    9
59599.249    0.273016605081    0.272901598919    0.1281    0.1908   0.092  164
59604.209    3.981285318226   14.968601999499    2.8961    9.8945   0.988    4
59611.207   -0.021389581856    0.961401601529    0.3266    1.8279   0.038    5
59627.249   -0.409221880629    0.756701997062    0.1136    0.2093  -0.395  147
59704.251    1.446174472038    0.513399601232    0.1928    0.2902  -0.376   79
59775.270    0.446806929166   -1.825797599508    0.3675    1.0747  -0.400   12
59824.272    0.248208261707   -0.179499602382    0.3913    1.4959  -0.146    8
59831.270   -0.792451857223   -3.792099600730    1.1992    5.2567   0.615    3
59935.272    0.628764518405   -0.635997603382    0.6676    2.1725   0.330    4
59964.269   -0.251919335478   -1.104299998644    0.4127    1.2026  -0.231    6
59985.271   -0.053473941975    1.718099998271    1.0154    1.3352  -0.286    7
59989.208    0.720561483370   -0.006699600874    1.0098    2.7560   0.845    3
60048.269   -0.051987379651   -0.187099200133    0.6863    0.9155   0.089    7
60055.271   -1.128596231757    0.388702797949    0.7888    1.6242   0.418    4
60062.269    0.796465957986    1.087401599165    0.4671    1.0107   0.322   11
60244.251    1.695869296069   -1.883998800167    0.1077    0.1759  -0.449   20
60251.250    1.884511134388   -0.307897202134    0.2388    0.2454  -0.422   11
60265.271    0.128337491137   -0.304898404124    0.2731    0.3589  -0.503    7
60272.270   -0.839836914695   -0.496198800448    1.2906    0.5331  -0.021    8
