%-----------------------------------------------------------------------------
%                R.A. (mas)        Dec. (mas)        Err. (mas)     Corr. Del.
% Uncertainty in R.A. is in R.A. cos(Dec.)!!!!
%-----------------------------------------------------------------------------
49914.167   -0.344567536067    0.956700000820    0.4540    0.8141  -0.197  126
53523.418    3.886600217907    0.797302801381    0.1637    0.4114  -0.140   89
54608.250   -0.093972611210   -1.841597998897    0.1975    0.7628   0.144   25
54643.249   -0.345466786210    2.816503200265    0.8909    1.3095  -0.357   20
54781.207   -0.075836353159    0.258102000572    0.1199    0.1880  -0.133   33
54830.205    0.235757093022   -0.043297199426    0.1322    0.6778   0.390   97
54853.249   -0.147629658862    0.816202801346    0.0852    0.2522  -0.158  162
54921.207   -0.229760814142    0.616802401154    0.1184    0.3437   0.154   78
54943.228   -0.596658757547    0.652003200230    0.1506    0.6376  -0.134  195
54998.206    1.014814521414    0.073800001310    0.2588    0.1056  -0.044   26
55075.208   -0.245497896119    0.512100000805    0.3053    0.3136  -0.192   34
55159.208    0.461169128972    0.291700801114    0.2269    0.7396   0.311   21
55271.208   -0.016485230289    0.972900000562    0.1294    0.2878  -0.089   25
55349.207   -0.264382353599   -0.333597599145    0.1767    0.1944   0.008   22
55418.207   -0.100717089519    0.118000801130    0.3899    0.3971  -0.420   17
55428.269    0.352959412831   -0.264499198543    0.3185    0.3465   0.158   22
55453.209   -0.731098085263    0.319600800225    0.3080    0.2624  -0.061   45
55512.270    0.232160092449    0.011300400615    0.2615    0.5693  -0.311   25
55523.209   -0.620338091218    0.238500000549    0.5676    0.6963   0.261   14
55533.271    0.050207468486   -1.866196798694    0.6970    1.0459   0.318    4
55538.228   -0.046311842439    0.150800400966    0.0989    0.1551  -0.275  197
55540.270   -0.187794171705   -0.042796799704    0.4185    0.5847   0.353    6
55575.272   -0.305147593346    0.601801200872    0.2730    0.6876  -0.164   70
55615.230   -0.282068986578   -0.061898400006    0.1750    0.1783  -0.095   16
55638.270   11.773107398600  -62.927798399315  129.4142  118.4568   0.553    3
55650.228    0.008841501836    0.260100000737    0.1524    0.1843   0.187   44
55659.272    0.217322260614    1.126303201104    0.4752    1.0321  -0.210   24
55665.247   -0.210128208350    1.094601601359    0.0950    0.3965   0.139   69
55708.270   -1.014364896342   -0.743997599528    1.7353    1.3455   0.678   18
55734.228    0.063548901463    0.942400800596    0.2645    0.5617  -0.042   28
55755.230   -0.078084529634    0.424000800869    0.1516    0.4728   0.324   36
55757.268    1.339598349857    0.490201201231    0.5322    0.5519  -0.203   31
55776.228    0.030873385935   -0.052498798908    0.1273    0.2106  -0.212  150
55782.208   -0.089774883733   -0.146498399012    0.4207    0.3302   0.281   10
55783.227   -2.178755049430   -0.755999998603    1.6363    1.3161   0.642    5
55796.208    0.515426852410    0.948502801101    0.3083    0.6039   0.190   36
55813.272   -0.291061590246   -0.600199199141    0.3061    0.5780  -0.067   53
55819.500   -0.104914816997   -0.059497199167    0.0712    0.0956  -0.018  148
55820.497    0.054405195964   -0.251499598747    0.0907    0.1208  -0.139  102
55821.498    0.007492626621    0.008100000670    0.0938    0.1201  -0.006   82
55822.498   -0.091875536566    0.132001200370    0.2029    0.1143  -0.169   95
55823.499    0.110759994046   -0.034999198739    0.0982    0.1010   0.025   85
55824.500   -0.055153395392   -0.084999599359    0.0954    0.1442   0.132   85
55825.497    0.054106672724   -0.330699598905    0.0967    0.1816   0.131   72
55826.498   -0.065045249204   -0.086698798540    0.0943    0.1294  -0.073   87
55827.499   -0.083782234158    0.038700000005    0.0760    0.1244   0.124  130
55828.499   -0.198736377492   -0.041497199277    0.0908    0.1840   0.338  131
55829.500   -0.001197824500   -0.039697199128    0.1515    0.1143  -0.022   78
55830.501    0.081383006968    0.023900400059    0.0732    0.0955   0.039  114
55831.498   -0.095922213328   -0.204199199949    0.1233    0.1774   0.392   79
55832.499   -0.048858593271   -0.169199999611    0.0638    0.0926   0.012  119
55833.500   -0.292557937987   -0.398998798801    0.1128    0.1619   0.143   90
55895.231   -0.278619407413   -0.238697998967    0.2446    0.3129   0.262   36
55902.229   -0.205329753970   -0.052297198572    0.1326    0.4289   0.310   45
55911.269   -0.333625330280   -2.434499999993    0.2579    0.6517   0.312   62
55951.227    0.029974135792    0.455101201524    0.1178    0.2372   0.155   30
55964.208    0.246397146263   -0.181497599350    0.1421    0.2440  -0.040   16
55966.250    0.161118564364    0.009601201434    0.0694    0.1679   0.072  140
55992.208   -0.035222215244   -1.043798399714    0.1861    0.5043  -0.115   38
56006.208   -0.056653372439   -0.918899999292    0.1936    0.4059   0.092   13
56044.267   -0.196038575944    1.154700001216    0.3175    0.5012   0.062   73
56050.210    0.155870484912   -0.254998799676    0.2469    0.3567  -0.303   40
56058.267    0.047060041868   -0.225597599801    0.1209    0.2798  -0.267  127
56079.269   -0.121551149118   -0.026899199668    0.3849    0.4225   0.533   21
56084.207    0.335873506755   -0.175597199181    0.2165    0.2212   0.015   21
56142.271   -0.631280297004    0.172303200507    0.2538    0.3624  -0.209   35
56216.209   -0.424749089228   -0.199799998946    0.1606    0.2874   0.307   36
56226.271   -0.330326852946    0.898603201449    0.4558    0.5767  -0.152   20
56233.269   -0.119450445167   -0.029296798587    0.1837    0.2144   0.232   36
56259.228    0.059200072155   -0.360399599764    0.1282    0.1684  -0.127   37
56273.231   -0.157820087030   -0.173599199016    0.1767    0.2382   0.123   58
56342.209    0.000000000000   -0.722897999061    0.1742    0.2635   0.155   39
56343.228   -0.914845631323    1.775800800807    3.8621    5.1994  -0.982    8
56359.270    0.370646045811    0.120002400017    0.2180    0.3401  -0.064   31
56366.272   -0.322086026896   -0.382096799001    0.3927    0.3800   0.162   31
56372.251    0.607151338262    0.786902400840    0.3763    1.5658  -0.234   48
56394.272    0.163366689723   -0.135799199086    0.2948    0.4858   0.183   29
56406.230    1.065622716804   -0.031298399072    0.3812    0.5419   0.121   47
56469.228   -0.636524747150   -2.278598399563    0.4348    1.2925   0.309   10
56475.207    0.214174885112   -0.691999198743    0.1324    0.1797  -0.115   78
56477.998   -1.026803449869   -3.401899199140    0.6072    1.4707  -0.151  150
56525.228    0.132640827430   -0.455698798696    0.7485    0.6198   0.247   11
56537.998    0.514977227339   -2.598098398821    0.4039    1.8131  -0.191   18
56539.206   -0.074638528658   -0.316799999034    0.1788    0.2511   0.171   74
56583.270    0.524117303532   -0.161596799941    0.8091    0.7855   0.023   11
56617.249    1.499666562246    5.971802401383    1.0774    2.3385  -0.381   30
56626.286    0.534908407487   -0.790199999834    0.3224    0.8890   0.332   12
56628.225    0.551095114537    0.694702800885    0.4190    1.9225   0.435    7
56632.269    0.327330528159    0.558500401127    0.3458    0.7550   0.092   12
56632.269    0.018136258051    0.354902400268    0.1381    0.3452  -0.063  105
56634.263   -0.185247471989    0.035200800674    0.3151    0.6544   0.022    8
56636.257   -0.226462336808    0.458200800502    0.2904    0.7040   0.268   18
56638.251   -0.131892628001    0.933300000483    0.3045    0.6967   0.124   19
56641.243   -0.381286099051    0.877903201335    0.2593    0.6694   0.253   14
56644.227   -0.058602923441    1.114700400784    0.5878    1.2804  -0.338   21
56645.250   -0.082882984015   -0.290199598751    0.0783    0.2044  -0.142   76
56650.206    0.042265216793   -0.091299599880    0.1663    0.5464  -0.124   23
56667.270    0.882921893413    0.391701600755    0.5497    0.5197  -0.278    4
56707.229   -0.954564097284   -0.151797598491    1.5168    0.4963   0.751    3
56716.269    0.031175538482    0.218700000509    0.1869    0.1729   0.023   66
56750.270   -0.953215222069   -2.070698399947    0.6892    2.8408  -0.319   10
56756.227   -2.301655073762   -1.210597198487    0.4128    0.5291   0.312   50
56814.269    0.226314864283   -0.212799598742    0.1795    0.1906   0.320   77
56834.248    1.187922014233    0.906202800799    0.0758    0.1393   0.086  370
56848.248    0.905705555130    6.263402401530    0.7543    1.6465  -0.019   48
56867.208    0.197387502277   -0.388497598891    0.0896    0.2348  -0.136   85
56870.269   -0.078084529634   -0.224499599710    0.1942    0.2665  -0.003   35
56901.998    0.741141040907   -4.518399598474    1.5562    3.1636  -0.116   31
56909.208    0.066095601179    0.219502801535    0.1435    0.1979   0.281  163
56947.271    0.372444597215   -0.601099199216    0.3309    0.2872   0.113   98
56952.271   -0.384584576385   -0.574898399286    0.2789    0.1846   0.193   95
56961.271   -0.253292675287    0.022600801231    0.1814    0.1488   0.154   82
56979.209    0.167111213938   -0.063496799818    0.1221    0.1629  -0.111  152
56988.997   -0.351160912545    3.533101200404    0.7225    1.3128  -0.486   45
57009.250    0.429097918537    1.249102800394    0.3904    0.4769   0.059   11
57021.209    0.070890426253   -1.578697198568    0.1854    0.5056  -0.082  122
57045.271   -0.122299297429   -0.274996799732    0.1240    0.1456   0.101   67
57071.226    0.734245511882   -1.120798799370    0.6655    1.7006  -0.475   21
57135.583 -290.209676074445  241.397200801430   30.0854   42.6950  -0.708   19
57184.581    7.511965508835  683.851500000188    8.5543   20.3258   0.472   34
57204.363  -28.583867364525  -24.278597999228   12.1845    8.5214   0.980    9
57213.272    3.053285066078    2.234700001047    0.1356    0.1352   0.013  107
57227.272    0.292709039819   -0.545299199395    0.1861    0.2557  -0.334  159
57237.999   -0.229012665830    0.093103200349    0.4051    2.2762  -0.221   70
57241.268    0.083782234158   -0.496897198587    0.1372    0.1304   0.048  113
57267.230    4.840416166880    4.635403200481    0.8026    1.1944   0.130   28
57287.206   -0.096821463472   -0.039898799464    0.0839    0.0982   0.099   99
57303.247    1.327756893927    1.611201600937    0.6966    0.4260  -0.241    7
57322.208   -0.748335093171   -0.627497999162    0.2501    0.3217  -0.079  105
57337.227   35.109496088880   87.310400400753   46.4272  124.5226   1.000    3
57338.249    0.052905270034    0.315702000542    0.4281    0.5083  -0.355   29
57352.290    0.144629755885   -1.598097599853    0.4158    0.2692  -0.070   47
57357.209   -0.033121511294    0.257900400236    0.0792    0.0878   0.122  188
57373.248   13.291057691422  -22.080797999635   30.6754   53.3248  -0.998    3
57378.208    0.737241836669    0.151603200393    0.1613    0.1278   0.053   91
57398.771    1.536234023399   -0.135997199102    0.2276    0.2526  -0.042   20
57412.998    0.749831492028   -0.795797998698    0.4004    1.2533   0.022   91
57428.225    0.057703673297    0.241401601109    0.6353    0.6911  -0.346   19
57429.248    1.158544976038   -0.705099599507    0.5211    0.6047  -0.169   18
57436.257    0.025779986504   -0.129898798917    0.5496    0.6961  -0.048   27
57470.229   -0.026377084101   -1.903096798550    0.3422    1.4186  -0.092  107
57484.229   -0.205779379041   -2.587399198895    0.8638    1.6773   0.332    9
57485.251   -0.636826899697    3.622701601103    0.3617    1.2893  -0.406   44
57493.269   -0.048408917083   -6.105398399647    0.1318    0.3095  -0.238   61
57547.209   -1.097395301765    0.204800400638    0.1446    0.2921  -0.060  139
57548.250    0.625586170670    1.667102400127    0.2821    0.5465   0.445   18
57549.269   -0.136086777289   -2.501297999125    0.2813    0.2945   0.265   21
57554.229   -0.767967750079   -0.425098799361    0.3239    0.6488   0.544   12
57639.230   -2.285169843473   -3.038698799784    0.1832    0.2437   0.001   60
57679.207    0.048261495674   -0.351997199388    0.1365    0.1683  -0.038   34
57686.208    1.310221311663   -6.066899999979    0.1336    0.5945  -0.010   47
57707.207    1.958436464028   -0.000399598754    0.2229    0.3930  -0.150   26
57708.229    0.124248899548    2.339402401397    0.6882    6.0596   0.826    5
57716.999    0.064595624132   -0.090097198502    0.6479    1.4721  -0.201   49
57722.229    1.746811856820    3.201102001071    1.2347    2.1994   0.673    5
57724.271   -0.430446793752   -0.080596799634    0.1563    0.1417   0.043   89
57736.229   -2.318892081670   -0.873799199397    0.3358    0.3121  -0.099   31
57757.209   -1.322810967021    0.071301601423    0.4267    0.2324   0.392   14
57766.271 6243.906438476078******************    0.2337    0.5082  -0.462   47
57773.269  385.297240762048  -67.911796798903    0.1143    0.1332   0.085   50
57786.247   -2.240206876249   -1.722797998660    1.0475    1.0535   0.018    3
57805.189    4.613651677525   -1.152496798795    1.1316    1.3780  -0.206   20
57841.228    1.167239056467    1.288702800473    0.4245    1.3212   0.136   34
57863.227    2.949122026699    0.028702800137    0.6661    0.4486  -0.012   35
57877.227    0.157370461959   -0.620899199255    0.2766    1.2657  -0.388   68
57878.271    1.737218577366    0.227300400901    0.1025    0.1212  -0.083  102
57885.270    0.944970817829    2.726802000197    0.1157    0.1391   0.008  163
57924.209   -2.453478881912   -0.419497198578    0.2274    0.1273   0.050   70
57934.272    0.962808552640   -0.306899999813    0.1069    0.1376   0.059  153
57939.228    0.136687453075   -2.677499999315    0.3197    1.5987  -0.274   94
57946.230   -5.813264045857   -1.045997998617    1.7691    3.9330   0.635    6
58010.247   -0.466564680950    0.535402800494    0.7594    2.0048   0.229  101
58033.499   -3.770894296956    1.432501200860    0.3047    0.1473  -0.216   20
58064.209    0.277123059673    1.008403200942    0.2188    0.1685   0.216   69
58066.247    1.341544322669   -0.209199600043    0.4124    0.5415  -0.347   10
58067.270    0.415756536677   -0.762397199772    0.2311    0.2528   0.132   43
58073.249    1.765095638514  -23.488999198484    0.1485    0.1297   0.110  157
58081.000    0.369146068764   -0.195199199204    0.6478    1.9309  -0.180   84
58085.500    0.133540077573   -0.530596798498    0.0505    0.1373  -0.063  204
58085.500    0.460870554615    0.522802801051    0.0953    0.1640   0.507  171
58086.500   -1.114632360790   -1.748199599483    0.0956    0.0924   0.139  111
58087.498   -0.081084432611    0.440701200333    0.0467    0.1213  -0.185  184
58087.498   -1.033997502133    0.008701201359    0.4713    0.1541   0.030   10
58088.498   -0.247447498238   -0.160797599236    0.0772    0.1143  -0.317  161
58088.498    2.976549462775   -0.733697999955    0.2508    0.1549   0.211   14
58089.499    0.195589001990   -0.839296798461    0.0361    0.0896  -0.189  279
58089.499    0.483053489429    1.940803201350    0.0826    0.0967  -0.038  117
58090.496   -0.645966975890    0.312102000244    0.0398    0.1018  -0.182  278
58090.500    1.844381570838   -1.574899199852    0.0798    0.0799  -0.018  149
58091.453    0.507930647600   -0.847198799114    0.0165    0.0656  -0.291   72
58091.497   -1.622865109819   -1.091599199832    0.0998    0.0800   0.342  193
58092.454   -0.593961007117   -1.136199600005    0.1555    0.4313  -0.093   60
58092.498   -0.218671186947   -0.599997598805    0.0366    0.0822  -0.181  247
58092.498    0.654959579558   -1.116997198736    0.0751    0.0736   0.022  167
58093.451   -1.264657617535   -1.608299998779    0.2546    0.5525   0.478   49
58093.499    0.144331181528    0.831301200677    0.0523    0.1030  -0.255  193
58093.499   16.248121969815    0.369802801181    0.0985    0.0815   0.035  106
58094.452   -0.239051992167    1.251403200264    0.0883    0.2660  -0.260   29
58094.496    0.352660838474    1.179601200718    0.0517    0.1470   0.031  180
58094.496    0.289410562485   -1.227999599607    0.0846    0.0813   0.070  120
58095.478   -0.680138839159   -0.856897199597    0.1936    0.5090   0.602   41
58095.500  -24.909492378494   -8.509996800043    0.3298    0.1942  -0.125   10
58096.497    0.332574978305   -0.515699999504    0.0471    0.0881  -0.329  201
58096.497    1.188972366208    0.239500799992    0.1009    0.0978  -0.042   61
58097.498    1.195267168329   -0.493199999241    0.0804    0.0868  -0.076  113
58098.499   -0.020682957767    1.276200000078    0.0510    0.1060  -0.314  189
58098.499   -2.014043062681   -0.177897599052    0.0901    0.0813  -0.140  197
58099.496   -0.480503211524   -0.105897599489    0.0492    0.1049  -0.459  223
58099.500    1.466091796574    2.751501600962    0.0867    0.0974  -0.150  124
58109.000    0.155571910555   -3.519097199245    0.8303    2.2889  -0.321   53
58116.268   -0.050059995961    1.445000400935    0.1506    0.4160   0.224   34
58129.249   -0.996530790837   -0.411199199490    0.6488    0.2822   0.231   24
58136.247    2.141435810659   -2.445897599657    4.0972   32.3236  -0.993    3
58149.228   -0.237105968238   -0.811299598702    0.3027    0.3395   0.189   25
58191.229   -0.483801688857    0.885801600070    0.1620    0.6018   0.066   27
58220.248    0.551544739608   -0.677897998536    0.1507    0.6358  -0.099   18
58220.251   -0.750432167815   -0.349498799501    0.4631    0.5352   0.166   31
58221.270    1.584045894001    0.373903201201    0.1739    0.2074  -0.106   27
58227.250   -0.007492626621    2.335302001377    0.6045    1.8562  -0.324    3
58240.165    0.546001663989   -0.303699599868    0.2551    0.2262   0.395  149
58246.082   -0.234555690333    0.119102401541    0.1438    0.7437  -0.300   56
58261.207    0.017535582265   -0.133397999846    0.1735    0.1976   0.024  107
58282.227   -1.496817709984  -15.378998399562    0.1821    1.0691  -0.114   14
58297.250   -0.999228541268    1.276102801029    1.8282    0.6117   0.259    4
58298.269    0.161417087604    0.163303201361    0.1307    0.1524  -0.015  100
58365.208    0.108961493759    0.681501600752    0.1717    0.1540   0.116   54
58379.208    0.952315971925    1.663502401428    0.1541    0.1607  -0.141   72
58396.269   -0.436140920086    0.383000400994    0.3098    0.3029  -0.533   45
58403.271    0.225563086664   -0.479599198755    0.3682    0.3312  -0.427   41
58429.225   -0.374840195098    2.167002000242    0.9957    0.9052  -0.577    6
58436.227   -0.771266227413    0.625402801546    0.3737    2.0601   0.050    7
58437.246   -1.281894625443  -14.229698398793    0.7690    4.2336   0.861    3
58438.269    0.045711166652   -0.294699599124    0.1359    0.1886   0.032  143
58443.269    0.638625451100    0.048801601160    0.3234    0.3031  -0.091   31
58450.227  -18.358684394538  -50.938397998834    4.7685   12.5464   0.981    3
58457.233    0.634726246863   -3.171398399893    0.6098    0.7409   0.153    6
58464.227   -1.147156774486    1.607702400008    0.9208    0.3772   0.036   12
58464.227   -0.389228350744   -2.347498798549    0.1991    0.7878  -0.169   21
58465.250   -1.042540480730    2.019002400466    2.0635    1.9243  -0.168    8
58491.249   -0.109411118831    1.353502801038    0.0322    0.1237  -0.229   64
58506.249    0.130842276026   -0.397497599636    0.0289    0.0969  -0.242   38
58510.833   -0.342017207045    0.445802401394    0.1128    0.2400  -0.081  126
58512.780   -1.157196100823    3.426800400241    0.1722    0.3490   0.185  107
58519.249    0.375890547073   -0.835696799761    0.0145    0.0565  -0.166   47
58528.270    0.188546000440   -7.458098399660    1.2477    4.3157  -0.105    3
58530.834   -0.686883317468   -0.239896800025    0.3292    0.6363   0.763  100
58534.249   -0.153474835911    0.219002400215    0.0155    0.0611  -0.329  102
58547.249   -0.170258640557   -1.153699198575    0.0153    0.0701   0.152  109
58555.229    2.669301216596    8.658302401443    0.4117    2.0900  -0.366    3
58561.249   -0.526966155794    0.456703200058    0.0152    0.1236   0.416   55
58575.249   -0.232307564974    1.505001600144    0.0236    0.1088   0.082   86
58582.207    0.101166714591    0.410803201056    0.0983    0.1275   0.021  121
58589.209    0.695127721708    3.247401600426    0.1785    0.6640  -0.220  191
58589.249    0.103414839950    0.117500401409    0.1017    0.5274  -0.691   62
58590.228    0.345017161138   -0.044798398591    0.2120    0.1948   0.671  266
58593.332    0.220768261590   -0.085197599375    0.1550    0.3758   0.068   64
58603.249    0.233357865832    0.725101201482    0.1441    0.6545  -0.461   70
58611.208    0.132040100526   -0.454499999236    0.1346    0.1644   0.283   79
58612.230    0.469863158283    2.580901199956    0.3977    0.4294   0.209   16
58617.249    0.267378678386   -2.641798798919    0.1724    0.7620  -0.831   45
58627.271    0.135040003503   -0.780199199646    0.2790    0.2884  -0.042   13
58632.210    0.071491153156    0.407800801128    0.1152    0.1702  -0.031   81
58635.004   -0.665301058441   -1.418799599406    0.2670    0.7586  -0.723  100
58646.210    0.564886121468    0.410400000384    0.1472    0.1442   0.424  257
58646.250   -1.471638399267    2.149002000351    0.3218    0.9594   0.085   63
58655.271   -0.268277928530    0.017002800767    0.2040    0.2227  -0.186   30
58659.209    0.211326032851    0.275302801356    0.0899    0.1199   0.048  209
58659.249    0.687782567612    3.689402401186    0.2454    0.8917  -0.026   40
58661.251   -1.563513986950    0.816800400116    0.4475    0.3357   0.000   14
58676.270    0.047362194414   -1.066399199345    0.2607    0.3820  -0.347   26
58687.249   -0.644920253221    0.525200399970    0.1857    0.6540  -0.068   85
58688.228   -0.595460984163    0.689702400791    0.0733    0.1046  -0.028   47
58701.249   -0.200085252707   -2.178997198676    0.0267    0.1032  -0.012  106
58708.207    0.041966642437    0.305402400969    0.1464    0.1508  -0.076  211
58715.249    2.377491426921    3.939102001382    0.1297    0.2107   0.131  110
58732.248   -0.756126294149    1.651701601091    0.2028    0.1031   0.153  102
58743.249   -0.689131442827    0.233002801053    0.0405    0.1066  -0.364  118
58757.249   -0.795844811227    1.788800400604    0.3720    0.6108  -0.238   78
58765.208    1.012717446770    1.828800001036    0.4772    0.3700   0.468  186
58771.209    0.759575873315    0.075902401164    0.2001    0.2074  -0.218  217
58778.211    0.304697968274    0.043603201050    0.2020    0.2351   0.123   78
58785.249   -0.143280829553    0.574603200221    0.1657    0.6727  -0.773   62
58792.207   -0.390429753434    0.373802400233    0.1769    0.2345   0.089   98
58800.228 -132.369071398719    9.820303201025    1.4828    1.8350   0.499   34
58802.248   -0.330927528733    0.970700400060    0.0257    0.0876  -0.842   38
58807.230    0.002546699716    0.103500000570    0.0476    0.0651  -0.095  226
58808.249   -0.747133690481   -3.259198798844    0.3121    0.6144   0.146  105
58816.084   -0.369595693836    0.992602799954    0.5550    0.7593   0.099   30
58827.249   -0.133090401384    2.343402000449    0.1339    0.3656   0.085   33
58828.228    0.269479331220    0.168602400841    0.1371    0.1849   0.155   63
58834.083   -0.175956345081   -0.215398799597    0.1351    0.5634  -0.021   68
58835.208    0.025628884672   -0.572497198448    0.2745    0.3102   0.132   33
58841.206   -1.982119324771    2.245802400047    0.7344    0.6667  -0.411   88
58844.248   -0.104763766282    0.675000001493    0.0724    0.2957  -0.079   27
58844.270    0.142683731956   -0.263897999453    0.2767    0.6570   0.290   10
58848.207    0.337222381971   -1.864299599497    0.6338    0.7954  -0.556   22
58851.268    1.079410145546   -0.798199199536    1.6083    1.8488  -0.864   16
58858.248    4.404275246793    8.568403201359    0.1368    0.3717  -0.092   80
58870.250    0.340218706758    0.664102801551    0.1028    0.2787  -0.367   79
58892.249    0.351610537616    1.590202801438    3.9663    1.9336   0.509   10
58899.905   -1.132318993769   -0.522899998501    0.1049    0.2510  -0.142   89
58911.209    1.591840673169    0.411501600794    0.3159    0.4670  -0.172   20
58911.250    0.168611190985   -0.387097199095    0.0420    0.1392  -0.226  154
58922.379    0.050959246105    0.065102400271    0.3383    0.9597   0.845  108
58925.250   -0.206229004113    0.457200001058    0.0715    0.1249  -0.390  179
58926.228   -0.008694029311    0.215701200901    0.1733    0.2349  -0.239  122
58939.250    0.108511868687    0.764600400593    0.0827    0.2117  -0.614   62
58942.891    0.146579306887   -0.066099599394    0.1581    0.3221   0.058   87
58947.227   -0.087677809089   -2.920798799622    0.2135    0.6045   0.575  193
58983.251   -0.020384434527    0.091800001201    0.1425    0.2101  -0.040  189
58995.188   -0.362250539739    1.756501200489    0.1793    0.6819  -0.079   20
59003.209    0.472859483071    0.275101201019    0.2968    1.0575   0.761   20
59009.250   -0.409911308510    0.404301600199    0.1841    0.5673  -0.061  117
59023.250   -0.322384601253    1.455901201197    0.2109    0.4162  -0.370  182
59025.251   -0.417256462607    0.422100001352    0.2149    0.2410   0.517  226
59037.210   -0.344117910995   -0.133999198937    0.1277    0.1769  -0.275  232
59037.250   -0.371843870311    2.022300001059    0.2000    0.5268  -0.226  127
59039.251   -0.116454120380    0.212302800939    0.1146    0.3201   0.294  210
59071.916   39.746377423887  -12.761398798489    1.3145    0.5764   0.154    6
59074.250    0.003445949859    2.451801600145    0.6697    9.5661   0.541    3
59080.251   -0.383383173695   -1.312498799244    0.0453    0.1365   0.147   81
59081.230    3.963785497398   28.349100000291    1.8306   13.1285   0.971    4
59086.208    0.243548294001    0.647402400489    0.1727    0.2628   0.127  109
59096.271    0.109860743902   -0.570499199881    0.2811    0.4452  -0.163   42
59107.250   -0.153474835911   -0.157697998660    0.0897    0.3384  -0.471   98
59122.229    0.945121919661    0.352101600676    0.3551    3.9257   0.608    9
59124.271    0.137885277575    1.036400400700    0.3128    0.2915   0.269   45
59143.231    0.082131206397    1.140602401328    0.4481    3.2505   0.255    6
59163.206    0.554692115110    0.230702401183    0.0924    0.1562   0.340  239
59165.248   -1.740218480343   -9.470397598932    0.2726    1.9597   0.414   14
59192.229   13.095767263790   13.308400800582    0.7835    0.5978   0.636   11
59222.271   -1.249370211746    0.027000000635    2.5317    0.9026   0.163   11
59231.585   -1.007771519864   -0.235198799636    0.7114    0.4140  -0.011   10
59247.207    0.041966642437   -0.018799198997    0.1246    0.1832   0.092  128
59249.248   -0.056653372439   -1.509897598950    0.7348    0.6507   0.160    4
59250.271   -0.914698158798    0.079502401462    0.7832    0.3788   0.066    7
59257.269    1.206356846641    0.603302400037    0.4346    0.2909   0.255   41
59262.248    0.533412059747   -0.148197599792    0.0332    0.1356  -0.130  164
59264.267   -1.653738495754   -1.279097998719    0.7210    0.5339   0.207   34
59270.250    0.297953489964    0.148903200170    0.2351    0.7086   0.177   24
59271.269    0.551994364680    0.340300800339    1.4446    0.5214  -0.139    4
59278.249   -0.138784527719    0.894301201093    0.0457    0.1886  -0.201  146
59283.227   -0.075836353159   -3.435397198714    0.2283    0.8384   0.047   18
59289.207    0.736943313430   -0.380797198574    0.3018    0.3496   0.098   32
59299.269   -0.251641647525    0.252201600404    0.2276    0.2937   0.314   26
59304.229    0.894313724271   -0.514598399093    0.5107    0.4812   0.362    6
59312.228   -0.020834059598   -0.428597998692    0.1989    0.6201   0.319  114
59313.269    0.142831204481    0.179701201120    0.3959    0.4222   0.065   13
59320.271   -5.317023752355   -0.817599599223   10.5201    2.8188   0.982    3
59325.217    0.362401641571   -0.951397199422    0.2377    0.6667   0.113   18
59327.269   -1.026655977344   -0.410097599080    0.4279    0.5372   0.559   31
59333.248   -0.831214447879    0.827100001288    0.9466    0.5504  -0.524    9
59334.271    1.346191726335    0.761500800017    1.7825    0.5760   0.478    4
59341.269   -1.520946617610   -0.332596799701    0.6216    0.4706   0.395    9
59348.271   -0.725551482571   -0.649396798735    0.2849    0.6155  -0.105   31
59352.187    1.242176159482    0.190000800693    1.1972    0.5240  -0.486    4
59361.249   -0.401220857389   -0.837097199557    0.1770    0.4623   0.230   27
59362.249   -0.171010418176    0.761101201263    0.1437    0.3556  -0.296  152
59367.228    0.222717863709    0.004201200987    0.1787    0.5703   0.350   29
59375.249   -0.317140099991    0.391802400124    0.2212    0.4721  -0.554  156
59402.208   -0.014686678886    2.007100800760    0.1393    0.2696   0.206   75
59403.249   -0.365250493833   -1.323399599507    0.1004    0.3033  -0.289  233
59408.209   -0.054556297795   -0.336398398737    0.7027    0.6684  -0.117   11
59410.250    0.979592306170    0.557701200421    0.6123    0.3273   0.121   28
59417.249    0.206531156659   -1.399798798474    0.1440    0.6061   0.159   35
59418.249   -0.343366082260    1.458802800158    0.1866    0.4072  -0.056  135
59425.251   -0.224365262164   -0.216097199335    0.1171    0.3977  -0.686  135
59429.207    0.120051172071   -0.602099998659    0.1783    0.2425  -0.147  104
59431.249    0.096371838400   -0.617698799310    0.2913    0.3292  -0.565  118
59438.251   -0.275324508269    0.875102400144    0.2149    0.9695   0.358   15
59460.250   -0.073138602729    0.064000801459    0.1008    0.4112  -0.728   58
59464.041    2.959614607414  -15.440299199199    0.7398    3.0001  -0.641   59
59465.206    0.240102344142    0.000000000000    0.1113    0.2497   0.038  102
59474.224    0.647765527294   -0.936399599460    0.3340    0.7157  -0.830  103
59486.230    0.541354311440    1.419001201342    0.2790    2.6441   0.326   11
59499.189   -0.387282326815    0.645703201307    0.3517    0.3914  -0.142   69
59508.251    0.716558878903   -1.056599999494    0.3060    0.5713   0.276   27
59509.270   -0.126946701095   -2.412597598500    0.2323    0.3109  -0.013   29
59514.230    0.608198060930   -2.105798399654    0.3240    2.5479   0.458    7
59523.270   -0.228563040758    0.520603200549    0.2131    0.2453   0.066   50
59528.230   -0.231260791188   -2.325898799960    0.2175    1.0021   0.363   13
59542.208    0.268580081076   -0.003499199330    0.1213    0.1359   0.023  147
59542.248   -0.168312616628    0.192502800900    0.1625    0.6086  -0.887   27
59548.209    0.050959246105   -0.124599599438    0.1455    0.1612  -0.050  137
59557.249    0.221368937377    1.263402000617    0.1909    0.5717   0.258   26
59558.250   -0.378437246789    0.301302000949    0.2055    0.5172  -0.585   42
59593.248   -0.155273336198   -0.146897999365    0.0384    0.1531   0.194  201
59594.585    0.101166714591    1.318802400085    1.1956    0.8712   0.158    7
59600.250   -0.189143098037    0.378601199991    0.0587    0.2081  -0.786   92
59607.248    0.504035021552    1.367802001262    0.2784    0.4136  -0.281  111
59614.250   -0.407965335698   -1.927598399298    0.0301    0.1839   0.454   86
59621.248   -1.830892665336   -9.619696799135    0.1046    0.1242  -0.295  115
59626.230    0.532210657057   -0.910799998621    0.7772    0.7618  -0.258   12
59628.250   -0.124997098977    1.197302401224    0.0246    0.0922  -0.161  176
59633.228    0.465517958281    2.283102000256    0.2312    0.9630   0.262   15
59635.248   -0.180003021844   -1.631599199747    0.0257    0.0881  -0.631  177
59635.270   -0.357754237905    0.023500801305    0.1940    0.1848  -0.259   54
59642.250   -0.294957165177   -0.381398399263    0.0249    0.0659  -0.567  123
59649.248   -0.267979354173    1.310302800661    0.0831    0.1587  -0.135  165
59649.270    0.108209716141   -0.303199198548    0.1972    0.1986   0.176   71
59654.230    0.253591249644    0.084301201220    0.1985    1.2938   0.529   22
59656.250   -0.257486824575    0.135802801005    0.0456    0.1565  -0.429   88
59667.207   -0.026229611576   -0.268498799194    0.1155    0.1834   0.097  132
59677.248    0.067595578226   -0.697298399821    0.0771    0.1181   0.035  122
59683.249    0.072091828943   -0.738496799713    0.2131    0.7475   0.297  102
59690.251    0.544800261299   -0.516398399242    0.3204    0.8770   0.165    8
59703.207   -0.389980128362   -0.079297199207    0.1392    0.1853  -0.109  124
59705.248   -0.351761588331    1.021500001386    0.0432    0.2131   0.044   70
59709.208    0.094271185567   -0.061297199316    0.2109    0.2584  -0.042   57
59724.230    0.029826663266    0.467402399984    0.1837    0.8110   0.065   19
59726.250    0.478107562523    0.665402400379    0.0832    0.2606   0.176  111
59733.248    0.134140753360   -1.451397598906    0.3552    0.9317  -0.765  144
59737.120   -0.073289653443    0.738802801337    0.2186    0.7337   0.003   10
59740.250   -0.166211963795    0.959601601380    0.0483    0.1684  -0.174  116
59747.248   -1.166188704491    3.823603200459    0.0471    0.1138  -0.318  283
59753.249   -0.183747494943    0.363200400955    0.4530    0.6037   0.147   18
59767.249   -0.287914163628   -0.388497598891    0.0408    0.2182   0.119  156
59775.248   -0.277572684744   -2.474798399810    0.0444    0.3577   0.333   59
59779.208   -0.598906934022    0.380300400771    0.2646    0.2323  -0.034   53
59786.210    0.140734129837   -0.622799998773    0.2351    0.2749   0.037   53
59794.230    0.476607636593   -0.828298799149    0.3180    2.7323   0.120    7
59795.250    0.945870067973   -4.518399598474    0.0670    0.2599  -0.451   58
59803.248    0.245199321762    1.246701601154    0.2381    0.5730  -0.312   29
59824.250   -0.533109907200    0.362300400880    0.0873    0.2370  -0.716  146
59831.249   -0.009291126908   -1.374699598955    0.7955    1.8283  -0.976   36
59845.249   -0.471960232927   -3.692897998597    0.0538    0.1725  -0.130  126
59857.207    0.205031230730   -0.086097599450    0.4548    0.1905   0.363  118
59859.249    0.119900070239    0.434401201410    0.0467    0.1013  -0.079   82
59870.210    0.252091272597    0.059400000119    0.1822    0.1578   0.043   47
59879.250   -0.371843870311    0.080100000233    0.1586    0.3430  -0.589   69
59899.229   -0.138637055194   -0.967399199148    0.3030    1.7210   0.675    9
59913.207    0.966405553214   -0.068497199912    0.4608    0.4342   0.393   32
59948.209    0.553645392442    0.823600800359    0.3403    0.2703   0.115   39
59968.206    0.259285324861   -0.231497999970    0.3145    0.2213   0.055   31
59984.248    0.293158664890   -1.025899199192    0.1434    0.3934  -0.210   37
59989.208    0.132939350670    0.011901601304    0.1320    0.1889   0.088   33
60062.269   -0.200534877779    0.544402801239    0.2424    0.8580   0.406   15
60164.207    0.104763766282    0.962200800636    0.8788    0.3382   0.246   39
60180.252    0.729900311880    1.623301200659    1.4238    2.4766  -0.086   23
60195.238   -0.426698691346    0.253000801109    0.2652    0.4945   0.217   19
60206.207   -1.020659698463    0.181202400285    0.5122    0.3397  -0.560   13
60206.207   -1.018861198176    0.179301600767    0.5122    0.3397  -0.560   13
60206.207   -1.018861198176    0.179301600767    0.5122    0.3397  -0.560   13
60244.251    0.259436426693   -0.145799999274    0.0442    0.1187   0.307  133
60251.250    1.690309586213   -1.638997198761    0.1937    0.3590  -0.805   23
