%-----------------------------------------------------------------------------
%                R.A. (mas)        Dec. (mas)        Err. (mas)     Corr. Del.
% Uncertainty in R.A. is in R.A. cos(Dec.)!!!!
%-----------------------------------------------------------------------------
47010.922   -2.353018706525   21.847298399980    2.0953   16.2603  -0.098    9
47023.246    3.759847665308    2.083399199959    2.6107    3.2079   0.678    9
47274.253    0.955484921538   20.214799199958    1.1889    6.5659   0.185   12
47452.462   -0.586792185955  -26.803299600009    0.8767    8.7018   0.739    3
47553.673  -18.957348008079   51.439100399975    1.9743    9.0195   0.084   11
47654.263  -11.355599059353    0.952898399986    7.3983   39.6211   0.496    4
47844.660    0.788238350282    0.941399999954    0.7124    2.8765   0.101   15
47931.082    2.839311091140    8.936798400105    1.3560    7.3084   0.233    9
47934.253   -0.223798188855   -7.132899599971    1.4602    8.3800   0.435    7
48509.247  -15.333247409995   68.959299600002   13.4850   61.3975  -0.995    4
48874.421    0.343644254262    2.864498400079    0.8564    3.0984  -0.365    7
49576.417    1.007234249246    1.491098399953    0.6823    2.1795   0.083    4
50003.416    0.505642076296   -0.308501999946    0.2086    0.4402  -0.231   92
50324.335    0.762138717376    0.500900399958    0.6670    0.5798   0.055    9
50413.168    1.945172966076    0.868298399981    1.3447    1.2865   0.101   10
50575.751    1.072933346349    0.037299600009    0.2021    0.3812  -0.108   87
50849.335    0.026398449103   -3.152001599926    1.0433    1.7710   0.331   10
50854.079    0.513741985303    2.591899200066    0.1047    0.9364  -0.446  155
52009.168   -0.239249201412    0.756500399923    0.0608    0.1495  -0.048  141
52900.250    0.502942140732   -0.174700800026    0.0490    0.1210  -0.086  260
56477.793   -0.883640626621    2.171498400094    0.5451    3.3533  -0.809    4
56511.787   -0.329698014797   -1.740700799902    0.2886    0.8208   0.298   13
56551.793   -0.883039464297    0.110498400030    0.2670    0.6786   0.067   17
56565.789   -0.601641985029    0.257198399978    0.2550    0.6058  -0.009   14
56579.793   -0.645442576794   -0.381902399904    0.2076    0.7603   0.083    9
56588.793   -0.818089121493    1.969700399984    0.1911    0.7220   0.231   13
56600.791    0.236696857824    0.349099199948    0.2316    0.7843   0.281    8
56681.270   -0.592642097501    0.293698800080    0.3665    0.6439  -0.215   19
56693.791    0.264146509669   -0.023799599891    0.1991    0.6218   0.057   15
56695.271   -0.456293919112   -0.419101199944    0.3258    0.6286   0.214   18
56735.791    1.193531747143   -1.072800000035    0.2617    1.2339   0.523    8
56803.794   -0.331947961099    0.056098800005    0.2271    0.7580   0.175    8
56833.229   -0.446394053062    0.620197199996    0.2545    0.5752   0.120   11
56838.792    0.320694546180   -0.084401999989    0.1608    0.4505   0.249   17
56842.291   -0.143850455002   -0.178700400078    0.1917    0.3674   0.202   23
56850.498   -0.159600232597   -0.014900399914    0.1787    0.3769   0.043   27
56851.499    0.132298275044   -0.850302000011    0.1645    0.3937   0.074   28
56858.501   -1.463232933248   -0.620002799900    0.3908    0.3452   0.370   15
56875.792   -0.233248065644    0.006098399985    0.2109    0.4411   0.194   16
56878.498    0.125695925794   -1.136401199942    0.3815    0.6770  -0.108   10
56879.503   -0.082050088181   -0.232200000028    0.4770    1.0587   0.440    9
56885.496    0.000000000000   -0.301402799918    0.4405    0.6080   0.586    8
56886.501    0.559342585268   -0.199702799897    0.2748    0.3584   0.330   19
56899.496   -0.234749257647   -0.249102000027    0.2600    0.2896   0.175   34
56900.501    0.231145762475    0.664599599953    0.2280    0.2808   0.288   35
56901.790    0.284846220289    0.626497199918    0.1837    0.3511   0.090   33
56904.665   -0.519145488676   -0.764002800024    0.2023    0.4329   0.066   20
56905.662    0.275993975895    1.787598000025    0.2469    0.4921   0.123   25
56906.659   -0.196049771971   -0.485600399891    0.2132    0.4018   0.103   27
56907.656   -0.343647835350   -0.391802399924    0.2709    0.5398   0.125   26
56908.412    7.158504871646   -4.317901199991    2.1741    1.6724   0.682    3
56910.969   -1.336633396687   -0.222300000008    0.2362    0.4557  -0.148   20
56911.645   -0.070649030128   -2.095599600049    0.1959    0.4425   0.093   27
56912.642    0.324143338360   -1.577502000027    0.2241    0.4752   0.039   24
56913.639   -1.404283726212    1.864198799928    0.2157    0.4597   0.021   27
56914.636   -1.252783351464    0.257997600084    0.2197    0.4306   0.048   27
56915.399   -1.135036110455    4.627097999954    1.2753    1.4376   0.720    4
56916.959    0.859337420829    1.752897600071    0.3266    0.6955   0.014   12
56917.627   -0.679040956382    2.760699599924    0.2144    0.4397   0.134   27
56918.625   -1.668880173984    0.596898000027    0.2278    0.4877   0.036   27
56919.603   -0.049801727532    0.000000000000    0.2467    0.5231   0.079   18
56920.619   -1.297635145972   -5.698602000082    0.2424    0.4278   0.050   25
56921.616   -0.666592327833    1.946397600094    0.3092    0.6278   0.083   22
56924.790    0.109348566963   -1.048701599959    0.3459    0.7554   0.083   15
56934.498   -0.459443895094    0.034398000048    0.2541    0.7365  -0.059   17
56935.499    3.320055910337   -1.403402399891    0.2931    0.5148  -0.012   27
56939.250   -0.606444326078    1.875999600065    0.2552    0.5134   0.121   18
56941.496    1.644278151994    0.166698000004    0.4597    0.6042   0.167   20
56942.501   -3.667001262486   -6.309500399948    0.4738    1.1890   0.600   25
56945.792    0.321443351638    2.145200399917    0.2523    0.4782   0.059   32
56948.498    0.410243381044   -0.371800799948    0.4164    0.4425   0.227   27
56976.498    1.995723499066    0.204897600087    0.2203    0.4808   0.033   31
56977.499   -0.081448874698   -0.336600000073    0.2118    0.5034   0.153   26
56983.497   -0.055500466015    1.592100000036    0.3903    0.4548  -0.083   25
56984.501    0.044099459120   -1.257001199928    0.3690    0.4185   0.391   24
56986.167   -0.557844974352    0.526798799982    0.2887    0.6693   0.276   15
56990.498    1.131882553385   -0.252399600020    0.5243    0.5779   0.258   11
56991.503   -2.310420490566    0.209098800075    0.3972    0.5074   0.191   14
56997.497   -1.286684077179   -0.320201999915    0.4692    0.4752  -0.039   22
56998.501   -0.489744655566    0.294699599923    0.4666    0.4944  -0.005   21
57004.498   -0.491843428806   -0.188802000034    0.2837    0.3031   0.141   29
57005.499    0.384143696981   -0.660599999902    0.3420    0.4065   0.469   28
57006.792    0.757339957415    0.696499199915    0.1812    0.5556   0.233   22
57011.610    0.498593370031   -2.370502800053    0.3750    0.4599   0.256   30
57012.501   -0.379946150502    0.998100000049    0.3383    0.3592   0.208   28
57039.497    0.038548312613   -1.095001199913    0.5911    0.7980   0.195    6
57046.499    0.821689086736   -9.556001999900    0.5902    1.3035   0.449    7
57047.499   -1.798626054281    0.628200000019    0.4054    1.0759   0.295   11
57053.511    1.677127726125    4.532597999929    1.9718    4.0103   0.948   10
57054.501    1.717774811977    3.665498400007    1.3877    2.7304   0.903   13
57057.230    0.493492263943   -0.289299600076    0.4510    0.6442   0.551   14
57060.342   -0.240447996130    0.673099199977    0.4354    0.6562   0.558   13
57061.291    1.676976553061    0.376599600105    0.4523    0.6191   0.622   10
57062.230    1.222781356031    1.025798400023    0.3621    0.5110   0.579   14
57067.289   -0.041550645462   -0.405201600073    0.3837    0.5818   0.490   12
57068.289   -0.633742753702   -1.101099599898    0.4426    0.5719   0.541   10
57069.228   -0.520945445718   -0.848800800046    0.4446    0.6256   0.530   10
57072.249   -0.570142378680   -0.629301600030    0.4026    0.5534   0.548   10
57074.290   -0.037201874761   -1.251702000049    0.3697    0.5328   0.537   11
57075.291   -0.987736863274   -1.236401999982    0.6388    0.6721   0.423    8
57076.394    0.222595864207    1.517799600004    0.4693    0.6415   0.529   12
57078.228   -0.179850005115    1.125197999974    0.4008    0.5686   0.406   10
57079.229   -0.499194532355   -0.770900399916    0.3741    0.5388   0.541   13
57081.289    3.396702495144   -6.363399600051    0.6425    1.1779   0.258   10
57082.293   -0.281397428109   -0.002700000024    0.4808    0.6852   0.419   11
57093.251    2.125469379363    3.536899199919    0.5036    0.6602   0.584   12
57095.497    0.343043040779    1.235797199972    0.4227    0.4588   0.319   32
57096.501   -0.878089531272    0.007599599949    0.3296    0.3720   0.316   35
57102.499  -15.097601703756    3.211200000108    4.8109    0.9915  -0.643    5
57109.497    0.591590945916   -0.167799600015    0.1694    0.2823   0.196   59
57110.501   -0.152699169467   -0.567500400073    0.1809    0.3073   0.138   62
57123.497    0.538192885387    1.454299200065    0.2851    0.3233   0.324   46
57124.501   -0.519145488676   -0.449902800015    0.2691    0.2964   0.278   43
57130.499   -0.508345644105    0.756698399940    0.1716    0.3080   0.096   60
57131.500    0.645439046864   -0.686300399910    0.1742    0.2784   0.183   50
57137.497   -0.504144465380    0.186098400090    0.2866    0.2906   0.079   34
57138.501    0.120598400794   -0.417599999980    0.2471    0.2742   0.175   41
57173.500    0.026848489522    0.346197599987    0.2453    0.2752   0.375   51
57176.228    0.454641554045    0.131299199913    0.1455    0.2493   0.198   71
57177.229    0.111148524005   -0.349901999974    0.1530    0.2527   0.242   55
57179.289    0.032698401067   -0.299300400064    0.1367    0.2607   0.293   62
57180.293    0.192597449862   -0.456101999968    0.1517    0.3038   0.268   54
57184.227    0.149545612397   -0.482302799898    0.1809    0.2901  -0.026   64
57186.291   -0.249897872919   -0.120599999986    0.1350    0.2597   0.280   73
57187.291    0.170245374175   -0.606801599967    0.1561    0.3157   0.262   55
57190.246   -0.145348065917   -0.832100399983    0.1959    0.3605   0.121   47
57191.123    0.295944881057   -1.042700400022    0.1626    0.3043   0.137   67
57193.289   -1.426182231551   -0.916401600004    0.1534    0.3519   0.166   57
57194.290    0.163495432950    0.382298399937    0.1484    0.2725   0.231   73
57195.228    0.392693595248   -0.709700400048    0.1365    0.2594   0.255   63
57197.226   -0.110550891611   -4.591299599910    0.1447    0.3339   0.201   60
57198.227    0.131697061562    0.306097199987    0.1325    0.2603   0.246   73
57201.500    0.381292537195   -0.482000399993    0.2304    0.2808   0.276   56
57291.501    3.015107560664 -704.376900000026    0.9362    3.0385  -0.068   63
57442.236    1.715074825256    3.547400400028    0.2479    0.3640   0.284   46
57463.231    0.614839470195   -0.634100399988    0.2484    0.3028   0.333   78
57464.250  -22.245004333546   31.667299200100    1.8947    1.4376   0.130   14
57480.496   -0.451196394112    0.516398400041    0.3047    0.3611   0.139   54
57481.497    0.126448363498    0.287099999974    0.2842    0.3163   0.221   56
57491.231   -0.145348065917    0.359398799921    0.2521    0.3415   0.423   40
57619.269   -0.406196956470    0.834598800070    0.3412    0.3406  -0.100   18
57689.269    0.091946424301   -0.312001200076    0.2180    0.2390   0.137   25
57696.271   -0.492595815352    0.506397600053    0.2685    0.2955  -0.120   16
57758.272******************25755.689699999974    2.0174    1.4873  -0.711    3
57904.208    2.230019186365   -0.932101200024    0.2399    0.1953  -0.223   74
57967.228    0.141146938351   -0.590000399936    0.1475    0.1867  -0.050  104
58029.207   -2.378668350169   -3.203801999896    0.1426    0.1484   0.163   34
58102.268   -5.294482015230    3.661898400109    0.3112    0.2880   0.302   15
58170.230   -1.111337596916   -0.807001200065    0.1574    0.3392   0.055   84
58176.209   -1.301983865514    0.040798799938    0.3864    0.4562  -0.667    8
58241.209    0.767387415440   -0.930700800028    0.2947    0.2276   0.041   28
58337.208   -0.276148730046    0.283399200107    0.2806    0.3730  -0.220   23
58407.208    0.463191452313    0.118699200069    0.2563    0.3374  -0.573   17
58470.207   -0.133198202407  -17.705102399979    0.4806    1.5500  -0.173   16
58534.209   -0.364196321748    0.432597599942    0.1254    0.1396   0.103   70
58568.207    0.050399359927   -0.106902000052    0.2832    0.2324  -0.057   21
58613.271    0.619339413959   -0.046800000075    0.2846    0.2688  -0.368   19
58618.228 -272.216833314711  -11.964401999931   24.5509    1.3498   0.822    3
58680.207    1.058385944560    1.061899199972    0.2868    0.2887  -0.364   10
58704.270    0.567291270053    0.417599999980    0.2313    0.3771  -0.076   26
58746.270   -0.437696562819    0.972799199994    0.2581    0.3260  -0.179   17
59093.206    4.005695583723    0.071197199936    0.1688    0.1843  -0.009   55
59177.188    1.195781744604   -0.092602800028    1.0937    0.6347   0.029    6
59228.250   -0.889490538167    0.568897199948    0.5564    0.3122   0.019    6
59319.248    0.986534487468   -0.403801200077    0.5567    0.4970  -0.018   22
59480.083    1.998423485787   -0.024202799964    0.3046    0.7349  -0.044   22
59541.185    0.986836884753   -0.064202399996    0.3205    0.7399  -0.156   13
59592.251    0.217347114985    0.318697200030    0.4929    0.4060   0.311   17
59662.251    2.607265350144    2.417900400098    5.5425    4.5158  -0.685    3
59711.249   -1.589828837564    1.731798000004    1.1303    1.8779  -0.108   12
59760.248   -0.074101403395    3.625199999990    1.4890    2.9020   0.124    5
59802.251    0.646940238868    4.033198799935    0.2561    1.7922   0.139   11
59970.248    2.184720983684   -1.342601999976    0.9675    1.2936  -0.034   10
60026.248    0.746090123584   -1.572001200012    0.8730    1.3231  -0.041   13
60047.250    0.743987718098   -0.034700399953    0.3911    0.5339  -0.119   17
60173.250   -0.428696675291    0.368499600034    0.3986    0.5141  -0.284   10
