%-----------------------------------------------------------------------------
%                R.A. (mas)        Dec. (mas)        Err. (mas)     Corr. Del.
% Uncertainty in R.A. is in R.A. cos(Dec.)!!!!
%-----------------------------------------------------------------------------
52948.229   -1.840189826754    0.907797613081    1.7722    1.4172  -0.522    7
53095.001   -3.097402541012   -2.394601202127    3.2288    2.2580   0.075    9
53192.001    0.494941621854    1.227099599532    1.2013    1.1565   0.338    7
53396.230    1.138894596148   -3.608999998050    2.3481    1.5215  -0.025    6
53564.227    2.605987399044    1.444899598368    1.8904    2.8744   0.570    3
53752.166    0.113962891400    0.149400005967    1.1152    1.7998   0.223    6
53837.251   -0.857359578186   -1.321001983001    0.8502    1.0226   0.141    6
53929.082   -0.246795130987    0.331200001824    0.9077    1.8083   0.240    6
54123.998    0.021569627649    1.110898816137    0.7516    2.5217   0.151    3
54249.188    1.145014300634    1.185199215570    0.5359    1.1096   0.503    4
54439.231    1.123340164519   -2.681801993276    0.5997    2.6295   0.019    5
54552.195    0.802401458809    1.036699200085    0.7326    1.7372  -0.065    6
54670.230    0.936064956250   -0.231602385270    0.4421    1.0515   0.367    3
56526.251    0.685016631353   -1.416200379367    0.6626    0.8215  -0.065   13
56547.249    0.374239331443   -1.220601578211    0.2711    0.9543   0.012   36
56561.249   -0.541706914173    1.242900003717    0.5605    0.5538  -0.037   12
56568.251    1.909669565339   -1.296100788295    1.3520    0.7787  -0.287   14
56639.270   -0.160210521992    0.257997604081    0.2413    0.3101  -0.216   28
56713.208    0.341784095002    0.085698002295    0.3806    0.4459  -0.017    4
56776.206   -0.854455268491    0.966798020841    0.4235    0.3533  -0.004   13
56820.248    7.200038656397    0.142898403510    0.6204    0.9328  -0.351    4
56842.291   -0.096643946629   -0.147401988215    0.1269    0.1581  -0.141  114
56850.498   -0.515264398087    0.036496808775    0.1479    0.1389   0.053   89
56851.499    0.027791400301   -0.209203201962    0.1235    0.1351   0.066   89
56857.500   -0.478453934938   -0.205300787570    0.2938    0.2222   0.104   64
56858.501   -0.541293796278    0.087998421350    0.2347    0.1781   0.097   70
56875.792   -0.310050585887   -0.102002400126    0.1042    0.1103   0.126  113
56878.498    0.221599466317   -0.698702382351    0.3954    0.3089  -0.315   45
56879.503   -0.142891612587   -1.588499981153    0.3808    0.8908   0.057   40
56885.496   -0.445374052640   -0.069901179245    0.1313    0.1190   0.068  108
56886.501   -0.001450917015    0.218700014898    0.1448    0.1332   0.054   89
56896.227   -5.170391003637    2.983096803177    0.5815    0.7142  -0.087   15
56899.496   -0.664897920719   -0.092901584026    0.3046    0.2149   0.071   36
56900.501   -0.485815539508    0.146199622009    0.2812    0.2015   0.103   35
56901.790   -0.658365062971    0.013500010709    0.1258    0.1392  -0.017   77
56901.794   -0.644677177285    0.668998808351    0.3831    0.6740   0.452    6
56904.248    0.000000000000    1.335600020980    0.3139    0.9130  -0.478   19
56904.665   -0.793170867997    0.158698807695    0.2165    0.2520   0.087   28
56905.662   -2.398904565236    0.000000000000    0.3011    0.2705   0.129   41
56906.659    1.487107005066   -1.363402779475    0.2584    0.2548   0.132   40
56907.656   -3.251597831617   -0.565801178709    0.3435    0.3709  -0.048   31
56908.412   -9.862746176929   -6.407100002548    3.2791    1.7192   0.967    5
56910.969    0.282055119988   -1.061701178173    0.3084    0.3231  -0.215   35
56911.645   -0.073416860701   -0.998801988317    0.2616    0.2613   0.178   39
56912.642    0.781247460087   -1.419501597866    0.2718    0.2662   0.116   38
56913.639   -0.979512785612    1.548097202431    0.2637    0.2664   0.139   40
56914.636    0.604031624818   -0.395402392428    0.2625    0.2623   0.114   39
56915.399    2.773975154534    1.747497609017    0.5555    0.4618   0.420    5
56916.959    0.114480517760   -0.824201993055    0.3404    0.4173  -0.319   30
56917.627   -0.711976773799   -0.092401197094    0.3428    0.2780   0.349   37
56918.625    0.077047884419    0.241498801756    0.2790    0.2972   0.147   37
56919.603    0.194639288505   -1.584802791399    0.3146    0.3355   0.194   23
56920.619   -4.824669786518   -4.300401596424    0.3058    0.3255   0.226   36
56921.616    1.049612218723    1.499698797147    0.3862    0.4057   0.092   20
56924.790   -0.290245471381    0.122198417785    0.4235    0.5316   0.158   23
56931.229   -2.530183890376    3.121797604422    1.3324    3.0621  -0.341    5
56934.498   -1.098244021617   -0.173800788161    0.2282    0.2830   0.089   29
56935.499    2.260161638094   -1.073401182339    0.2984    0.2746  -0.166   29
56939.250    0.848960209863    1.189198806628    0.2218    0.2314   0.085   64
56941.496    0.187586293365   -1.894802394986    0.5221    0.3390   0.178   29
56942.501   -4.929608593005   -7.043500784221    0.4267    1.1128   0.396   30
56945.792   -0.725769203317    1.852398017377    0.2340    0.2380  -0.255   59
56948.498   -2.245331444823   -0.680399992348    0.3343    0.2600   0.036   63
56950.168   -1.306571231175    0.702799201235    0.3097    0.3258   0.098   62
56959.229    1.296409825375   -4.944801585793    0.2765    0.3697  -0.180   31
56962.502   -0.139263064535   -0.136501191150    0.1499    0.1406   0.129  110
56963.503   -0.723175978718    0.090097222483    0.1665    0.1648   0.129  100
56976.498   -0.135634516482   -0.865800001293    0.1729    0.1862   0.084   53
56977.499   -1.551397783420    0.274697998748    0.1513    0.1780   0.099   46
56986.167   -0.218590612791   -0.506502001940    0.1502    0.1939   0.236   52
56995.250   -0.845433694610   -2.459001578359    0.3229    0.8909   0.056   15
56997.497   -0.549588656136    0.546699607185    0.3891    0.2814   0.060   28
56998.501   -0.997038271648    0.729298810143    0.3835    0.2635   0.077   30
57006.792   -0.278735181366    0.463298417230    0.1172    0.1489   0.174   65
57009.250    2.352865986941   -1.920301178870    0.5888    0.7081   0.033   11
57039.497   -0.314405812597   -1.135601999636    0.2075    0.1999   0.056   69
57040.501    0.553115136022   -0.291402000130    0.2160    0.1940   0.051   63
57046.499   -2.524482255117   -6.638399986514    0.4088    0.7253   0.159   30
57047.499   -2.039184377336   -0.366001194152    0.2877    0.6399   0.185   32
57051.250    1.806905878858   -1.528401597284    1.1716    3.3395   0.765   14
57053.511   -1.976757633891    0.255600008359    0.8228    0.8151   0.363   11
57054.501    1.351679029848    1.470600000175    0.7163    0.6326   0.326   19
57057.230   -0.819717892548   -0.691603190717    0.2000    0.1782   0.177  162
57057.230   -3.593172874323   -3.024201586754    0.4720    0.4945   0.212   18
57060.342   -0.585468339663    0.210297622516    0.1956    0.1794  -0.086  149
57061.291   -0.237255895379   -0.354599984576    0.1277    0.1331   0.177  142
57062.230   -0.640737544136    0.734799613156    0.1574    0.2062  -0.356  125
57067.289    0.136154689241   -0.793000788235    0.1822    0.1474   0.183  150
57068.289   -0.163527949582    0.223999199989    0.1228    0.1425  -0.054  154
57069.228    1.199143708555   -0.065401201255    0.1845    0.1640   0.138  142
57072.249   -0.360653478555   -0.303901185816    0.1270    0.1482  -0.011  135
57074.290    0.103179315409    0.450198010071    0.1481    0.1374  -0.075  141
57075.291    0.641673310457    0.067197601084    0.1889    0.1760   0.136   89
57076.394   -0.592312282507    0.697197614841    0.2335    0.2756  -0.477  141
57078.228   -0.717471867794    0.014799604742    0.1699    0.1324   0.276  144
57079.229   -1.466470632705    0.141498000517    0.1672    0.1403   0.155  158
57081.289    1.223926255329   -1.392602385408    0.1893    0.2774   0.065  155
57082.293   -0.364179958442    1.001199609618    0.1811    0.2296  -0.164  135
57093.251   -0.733026264056    0.785898015465    0.1979    0.1782  -0.064  143
57095.497    0.906822638935    0.682297201138    0.3674    0.2966   0.124   52
57096.501   -0.448069310038    0.592398015442    0.3008    0.2443   0.125   49
57121.251    1.560730442398   -0.569800795347    0.4475    0.4296   0.185   17
57148.232    0.646961792454    1.870200020448    0.2778    0.5072   0.092  118
57149.251    0.889401696731    7.322698812118    0.1699    0.4871  -0.057   66
57151.497    0.244102349254    0.174196810576    0.4721    0.6123  -0.358   88
57198.249    2.641660541308    2.894896815064    0.8833    0.9786  -0.608    3
57291.501 3983.289136900672-1462.671802786986    3.7523    3.3298  -0.128    3
57303.247    2.780301435651    2.213100000859    0.3116    0.4576  -0.257   25
57352.290    0.471092330368    0.781398011895    0.4375    0.7908   0.216   14
57430.270    0.411467899185   -0.345301182847    0.2924    0.2973  -0.081   20
57434.208    1.506083408116    0.665197202920    0.6110    0.4151   0.250    4
57480.496    0.839421009622    1.386097201816    0.3593    0.2943  -0.078   32
57481.497   -1.769677311115   -0.373003183540    0.3367    0.2537   0.008   31
57491.231    0.158864113443    0.702198005342    0.1790    0.1672   0.084   75
57554.229    0.138123232616    0.947898016079    0.1757    0.1741   0.104   66
57568.229   -0.356818389238   -2.492600378901    0.4229    0.5500  -0.228   17
57583.248    0.670293422213   -1.819601979491    0.4747    0.7608   0.171   32
57589.227    1.238340819672    2.210097602529    0.4605    0.6221  -0.148   17
57625.248    1.009586325416   -1.021903202059    0.5557    0.6824   0.259    6
57637.082   -0.799288096817    1.013198408373    0.2538    0.2068   0.049   69
57646.250    0.026547024550    2.095498814469    0.2913    0.8695  -0.514   22
57653.248   -1.702897816627    2.045296821507    0.4888    0.3966   0.089   23
57669.345   -4.419217083353   -1.461502790789    0.4844    0.3938  -0.045   27
57670.313   -0.374861501634    0.531698410100    0.4465    0.4150   0.088   28
57685.189   -0.483742452302   -0.943502402606    0.3638    0.2637   0.212   32
57694.229   -0.273135614273   -0.076701601870    0.3126    0.2347   0.108   39
57699.186   -3.192389029362   -1.090303194928    0.4528    0.3250   0.098   27
57717.313    2.192344379853    2.982697199627    0.3463    0.2816   0.051   65
57722.229    0.257581182644   -0.354700793537    0.4776    0.6178  -0.295   18
57730.250   -2.235170039024   -1.950501584247    0.5329    0.4067   0.039   29
57732.292    0.344272811136   -1.320901199620    0.3964    0.3065   0.055   54
57736.229   -3.614847045803    3.576499199198    0.5911    0.7469  -0.184   10
57786.247    0.117384862822    0.825300020324    0.1636    0.2090   0.050   58
57805.189   -2.453242990088   -1.418302787215    1.2351    1.8671   0.118    8
57828.250   -1.090675875783   -2.125101579509    0.4009    0.3760   0.185    8
57834.230   -8.139523073036   -2.839201181359    0.6045    0.5326   0.059   33
57855.228   51.314962491245  -93.038201987383    1.3866    0.8706   0.342    9
58010.244    0.780209660968    3.650997609839    0.2674    0.5446   0.066   10
58036.187   -1.186491110955   -0.873100785270    0.3983    0.4663   0.435    6
58053.270   -1.854604426465   -0.132602383474    0.2117    0.2595   0.140   35
58101.249    1.359665315643    0.938199610800    0.2185    0.2571   0.181   25
58165.270    0.376832556041    1.323399604303    0.3064    0.3419  -0.402   14
58169.208   -1.623361216074    1.301896804762    0.2682    0.3063   0.333   27
58170.230    8.543318317922  -35.528500794157    0.6970    2.5337   0.139   27
58172.272    1.011246294727    0.199800010137    0.2096    0.2993   0.034   23
58177.229 -239.810881585634 -335.786601596055    2.4225    1.5686  -0.253   13
58178.251    0.739977226396   -0.026600392289    0.5310    1.0001   0.337    6
58185.249   -1.439094861331    1.445799614430    0.2353    0.6903   0.684   58
58227.250   -1.780460851740   -0.591400797134    0.5635    0.9901  -0.118    5
58241.209    0.963751812719   -0.157402794798    0.1488    0.2068  -0.210   75
58255.250    1.020578953704   -0.016700394667    0.8173    0.4636   0.097   30
58289.229   -0.626843081819   -0.851500783483    0.4637    0.4475   0.008  110
58352.231   -0.244722043780    2.694599999131    0.3819    0.6395   0.062   64
58431.267    0.840354264909   -1.069001987730    0.8068    1.0177   0.071    3
58431.271   -3.813321423625    7.050600001435    1.6857    1.9650  -0.363    9
58437.250    0.452738132876    0.046699207701    0.1956    0.8318  -0.653   23
58501.271   -0.030382149234    0.696798011290    0.2796    0.4650   0.001   53
58513.226    2.156984833718   -1.024801184712    0.3672    0.4898  -0.395   31
58520.228    0.455642442571   -0.695699984021    0.2840    0.3340  -0.115   40
58543.271    1.487107005066    0.035499616047    0.3377    0.2626   0.156   41
58550.269    0.099548291690    0.152596808789    0.3798    0.5017  -0.335   34
58618.228   -9.310770872825    0.458697604699    0.8401    0.6675  -0.066  119
58625.230    0.507905304550   -1.082300380517    0.5250    0.6178  -0.328    8
58639.226    1.445836771376   -0.444301184643    0.1549    0.2175  -0.219   71
58709.230    1.068899706869    0.673398002959    0.1155    0.1401   0.115   68
58744.228  -25.688536563764   -7.389701983129    0.8638    0.3820   0.208   32
58751.230    0.955352444396   -0.699400780491    0.3883    0.4961  -0.192    9
58764.182   -0.390415933263    0.966398417290    0.2374    0.2810   0.015   32
58793.226    0.838798804063   -0.078400799453    0.2427    0.2344  -0.145   22
58821.230   -0.573646964552   -2.357503197459    1.1004    1.6648   0.564   16
58900.270    1.413379059270    0.598298422005    0.4329    1.0355   0.065    4
58907.268    0.974744441008    0.334299602400    0.3251    0.4266   0.102   11
58914.270   -1.092955539620    0.295999205946    0.5931    0.5841  -0.009   10
58921.268    0.555708395988    0.158299204145    0.4556    0.4456  -0.284   12
58998.270   -0.797837179803    3.316298403888    0.8744    0.9018  -0.584    8
59005.269    1.034473416022   -1.015502382984    0.7102    0.5474  -0.566   11
59011.270    0.611186652758   -0.198899994075    0.4990    0.4716   0.014    7
59017.230    2.281731265744    0.108698407075    0.6309    0.5171   0.165   19
59047.269    0.447345107047   -0.334702787086    0.3569    0.3883   0.115   17
59053.248  -10.272138513242  -12.366403197461    1.1036    0.8627   0.392    5
59103.269    0.543058274054    0.124797605849    0.3190    0.4086  -0.169   12
59131.269    0.461344077830    0.266698816631    0.4534    0.4561  -0.271   11
59138.271    0.760093461365   -1.647100785362    0.4565    0.6324  -0.287   10
59145.269    0.291387778965    0.399999598244    0.4442    0.4480  -0.112   11
59152.271    0.325918578278    0.434797209437    0.4142    0.4234  -0.053   14
59159.269    1.171974478446    0.375199212499    0.5710    0.5480  -0.343   11
59257.269    0.336597645804    0.755100020911    0.5206    0.4570  -0.242   14
59278.271   -0.214339894546    0.612496805275    0.6771    0.5391  -0.221   12
59285.269    1.094097847204    0.724996817780    0.7458    0.6615  -0.131    4
59292.271   -0.076940864922   -0.407800794733    0.5188    0.5588   0.312    5
59618.209   -0.905784839816   -0.478900784628    0.3250    0.3641   0.105   10
60052.207    5.609132641396   -0.039301195898    2.9500    2.2551   0.684    3
60199.209    2.718083744503    2.316499197264    1.4292    1.0873   0.887    3
60262.207    0.349145699572   -0.209001584039    0.8133    0.7941   0.424    4
60276.207   -0.815569207103   -2.996099982511    0.7178    0.8603  -0.022    6
