%-----------------------------------------------------------------------------
%                R.A. (mas)        Dec. (mas)        Err. (mas)     Corr. Del.
% Uncertainty in R.A. is in R.A. cos(Dec.)!!!!
%-----------------------------------------------------------------------------
49694.334    0.051749032401    0.094701600162    0.5198    1.4160   0.146    7
49819.958    0.000000000000    1.793098799041    0.4177    0.5131  -0.323   81
49914.167   -0.150629927730    0.000000000000    0.4940    0.8905  -0.239  108
50255.288   -0.358374171647    2.256098399300    0.6368    0.9574  -0.105   12
51157.708    0.192682670262    0.720900002094    0.7604    0.7226   0.207    9
51288.208   -2.515480510483   -0.896900400349    1.0673    1.6454  -0.326    9
51385.843    1.559962796692   -3.647098798965    3.3272    2.1461   0.254    6
52340.245    0.733001721849    1.422298800335    0.0801    0.1680   0.029   90
57325.268    8.217697220407   -2.522498398960    0.3167    0.2752   0.133   14
57666.207   -1.159385578067   -0.754099199085    0.5136    0.3599   0.040   27
58002.208   -7.191048881196   -0.479800800690    0.6457    0.3288   0.622   35
58344.206    0.466346324228    1.454799599188    0.3196    0.2777   0.106   17
58347.271   -0.169120426470   -0.420199200235    0.2575    0.2481   0.007   38
58352.231    0.930459190510    0.210999601791    0.1550    0.3181  -0.456  213
