%-----------------------------------------------------------------------------
%                R.A. (mas)        Dec. (mas)        Err. (mas)     Corr. Del.
% Uncertainty in R.A. is in R.A. cos(Dec.)!!!!
%-----------------------------------------------------------------------------
48787.411    0.539351768593   -1.889701200319    0.8548    2.4475  -0.098   18
49184.423   -1.547159088518    6.278299200524    0.4230    1.3104  -0.123   18
49848.331   -4.647769685214  -16.591100399133    2.3414    6.0021   0.899    4
50458.831    0.988466192081   -0.037000799225    0.1573    0.2730  -0.221  111
50765.338    0.000000000000   -0.120002400017    0.8182    0.8679  -0.054   12
51288.208   -0.788045856735   -0.062701199433    0.4502    0.9663  -0.225   13
51575.072   -0.585074830621   -1.716800399443    0.4562    0.9498  -0.634   12
52403.251    1.002856965459    1.296997200839    0.1076    0.2084   0.052   88
57318.270    0.018287057056    1.332698399636    0.4830    0.5811   0.108    5
57428.229    0.721484944630    1.072198800145    0.0891    0.1769  -0.059   96
57785.231   -0.044672570082   -1.156100399413    0.1015    0.1995  -0.275  160
58123.270   -1.325901005348    0.838699199690    0.6103    0.6225   0.112    6
58127.208   -2.247658734842   -2.392801200379    0.3868    0.5073   0.074    9
58134.209    2.616569757274    2.049199200727    0.3907    0.4373   0.253   11
58137.270    0.070604746265    1.322298000694    0.2327    0.4494  -0.214   18
58165.270    0.612805834305    2.253499200044    0.3154    0.6731  -0.229    4
58214.269   -0.261584662698    0.000000000000    0.3091    0.5833  -0.281    7
58506.209    1.190983932479    0.636699600243    0.1457    0.1760   0.072   29
