%-----------------------------------------------------------------------------
%                R.A. (mas)        Dec. (mas)        Err. (mas)     Corr. Del.
% Uncertainty in R.A. is in R.A. cos(Dec.)!!!!
%-----------------------------------------------------------------------------
53561.356    3.350976995364   -3.936200396026    0.2969    0.5202  -0.074   72
56661.920    0.000000000000    0.000000000000    0.3103    0.4775  -0.342   25
57839.792   -0.576499267716    1.846799999328    0.1780    0.2504  -0.029  133
58258.146    2.103752448810    4.438699200193    0.2319    0.3455   0.205  100
58631.757   -1.185200014551   -0.820198795282    0.5489    1.0835   0.532   99
58868.913    1.193981332887    0.248598006181    1.7989    0.9138   0.795    8
58922.379    0.667520528824    0.198500403314    0.3221    0.9784   0.778   85
