%-----------------------------------------------------------------------------
%                R.A. (mas)        Dec. (mas)        Err. (mas)     Corr. Del.
% Uncertainty in R.A. is in R.A. cos(Dec.)!!!!
%-----------------------------------------------------------------------------
54943.228    0.590243922287   -2.740100421761    0.4276    1.1753   0.202   21
57373.248   -5.117455705062    7.423898398429    1.4787    1.2644  -0.057  201
57804.381    2.235811216290    2.899097998466    0.3054    0.9173  -0.236   23
58010.244    2.482380326188    4.012700392764    0.2854    0.6241   0.200   11
58080.996    2.613800413394    2.346901194983    0.5286    2.0152   0.792   12
58108.291    3.102452855549   -1.347001204977    0.7841    1.0778  -0.252   10
58159.408   -0.294338444130   -1.572400807959    0.6282    1.3041  -0.756   20
58528.270   -0.050167428824    0.206600381603    1.4878    1.1710  -0.684   11
59271.737    0.000000000000    0.000000000000    0.2079    0.7311  -0.034   25
