%-----------------------------------------------------------------------------
%                R.A. (mas)        Dec. (mas)        Err. (mas)     Corr. Del.
% Uncertainty in R.A. is in R.A. cos(Dec.)!!!!
%-----------------------------------------------------------------------------
53222.919   -1.385258369268    3.070098006219    0.7496    1.4303   0.295    5
53382.230   -0.768946426269   -5.832702001385    1.3638    3.4766  -0.299    8
53446.251    0.320279853620    2.221696797733    0.8662    3.4578  -0.039    8
53568.621    0.245850288626   10.853596805305    0.7803    4.0827   0.773   12
53850.956    6.037108079338   -7.349202002160    1.6610    1.2959   0.215    6
54213.999   -1.044110176068   -0.869601606723    0.6442    1.2318   0.517    4
54427.002    0.770339226024    0.466297208845    0.3765    0.7453   0.370    4
54515.126    0.479873624652    2.504397610892    0.5203    3.1781   0.375    5
54593.228   -0.657252020006   -4.348800001708    0.4815    2.6584   0.683    7
54726.237    0.029415985063    0.335098809501    0.3579    0.7213   0.269    7
55474.207    0.637280434015   -0.829900807275    1.1635    0.7948  -0.764   10
55614.207   -0.038457338152   -0.935701206117    0.2748    0.4284   0.286    7
55784.249   -2.102830565685   -1.975500006779    2.2229    2.7177   0.731    7
55840.253    0.252110787111   -1.363402805055    0.6953    2.0858   0.312   10
55943.170   -0.932017468729   -2.600600413416    0.7151    2.1658   0.475    7
56058.033    1.245540743805    5.364496789184    1.9051   11.0009   0.979    9
56139.207   -0.479573136451   -0.550702804958    0.5233    0.6618   0.555    4
56162.250   -1.766254327921    6.872299209704    1.1484    3.8861  -0.897   13
56183.248    2.233308839856   11.243699987062    1.0508    5.4861   0.594    6
56302.251   -0.124613704308    1.526497200643    0.8678    2.8390  -0.774   14
56306.834    0.826087480892    4.798897202818    1.6797   10.8123   0.960   17
56421.245    0.857389939424    0.074998797572    2.1828    4.3736   0.699    8
56538.187   -0.949806837958   -4.769503192392    0.6100    3.8818   0.917   26
56700.789   -0.411105954194   -0.651599989965    0.3244    0.9566   0.639   21
56834.792   -3.005534607133  -23.529401991595    0.4236    2.4210   0.897   19
56936.792   -5.364251347104  -27.122803203383    0.4474    2.3469   0.929   19
57050.231    1.211555209652   -0.662201992441    0.2608    0.7207   0.501   21
57162.228   -1.834821661614   -5.902199995944    0.5264    2.3083   0.926   17
57224.207    1.963809357046    1.417996804776    0.1899    0.3689   0.091   13
57252.207    0.472618627488   -2.087301595566    0.2354    0.3849  -0.206    6
57288.228    1.626040656291    3.199996785952    0.3048    1.3355   0.644   16
57428.229    0.868222393344    1.688299190050    0.2804    1.4175   0.150   12
57485.251   -3.527142504599  -27.492001200358    0.3989    2.3977   0.906   21
57498.229   -0.922677999893    5.256496805828    0.4974    1.7127  -0.679    6
57590.254    0.284307626777   -0.620402391860    0.2761    1.1900   0.698   18
57716.294    3.816022086812   21.903998410266    0.3766    2.0611   0.904   24
57723.248    0.374835611605   -2.011402807511    0.3165    1.5573  -0.355   29
57891.252    0.144191768023    2.106997200713    0.1995    0.7129   0.596   19
57981.232   -0.279833484217   -2.464801201540    0.7436    4.3780   0.962   23
58010.244    0.000000000000    1.743699610302    0.2606    0.5143   0.041   10
58080.996    0.836323669425    2.167498794847    0.5809    1.8915   0.892   18
58248.229   -1.518119230858    4.452199198113    0.3957    1.1761  -0.116   56
58268.209   -0.141804435696    0.811198788142    0.4537    0.5012  -0.337    4
58276.251    0.727510269202   -5.413402794829    0.9921    1.1302   0.351    3
58499.226   -0.051076114104   -4.983602394759    0.4886    1.6195  -0.155    7
58532.913   -0.035872041513   -1.762502412817    0.1909    1.4471  -0.191   23
58570.249   -0.007751111115   -2.714302792128    0.4370    2.3475  -0.837   40
58617.209    0.058729412344    0.185198391023    0.2822    0.5984  -0.734    4
58660.228   -0.693026282537   -3.052501202205    0.3006    1.7528   0.490   20
59177.188   -0.248929292869    0.448696798117    1.2235    0.9802  -0.230   10
59248.229   -0.022556882630    0.372898793444    0.2755    1.3107  -0.383   31
59368.228    0.249823640112    0.413596811200    0.4652    0.5171   0.138   16
59550.251    0.143595536528    0.000000000000    0.3408    0.4045   0.256   17
59634.247    0.965905223899    0.977399997737    0.5837    0.6640   0.058   32
59696.227    0.185034032156    5.355597591006    0.6459    0.6460   0.006   54
