%-----------------------------------------------------------------------------
%                R.A. (mas)        Dec. (mas)        Err. (mas)     Corr. Del.
% Uncertainty in R.A. is in R.A. cos(Dec.)!!!!
%-----------------------------------------------------------------------------
48434.247   -6.364559100329    0.925099200444    4.8200    5.0325  -0.037    6
48439.163   -9.805655460944   36.444898798038    3.2083    2.7870  -0.029    6
48810.082   46.184352928903   22.113000000701   10.9141    5.0222   0.405    3
49121.421    3.866825409521   -4.979699999552    9.1465    4.8227   0.395    5
49914.167    0.000000000000    1.592600400357    1.0304    1.4021  -0.041   21
50459.832    0.251156270337    1.640901600197    0.8053    0.9121   0.136   23
57322.208   -7.337214679460  -23.316901200232   91.0395   50.2707   0.415    5
57416.270   25.923668751961   -6.830301601113    2.5643    2.0378  -0.480    6
57661.269    5.506848315980   -1.606701600565    2.5189    2.0764  -0.494    7
57780.271-8734.163975379977 1324.546801200199    0.7386    1.1956  -0.097   13
58122.229    0.596290538981   -2.321899200908    0.9926    1.1653  -0.455   17
58456.714    0.212791366479    1.171799997834    0.3463    0.5022   0.225   27
58551.686   -1.080166560125    0.000000000000    0.8399    1.3308   0.482   17
