%-----------------------------------------------------------------------------
%                R.A. (mas)        Dec. (mas)        Err. (mas)     Corr. Del.
% Uncertainty in R.A. is in R.A. cos(Dec.)!!!!
%-----------------------------------------------------------------------------
57660.250   -2.075254793231    3.727097990236    1.0101    1.3274   0.126   51
57960.230    9.259539283093   -4.558899600227    0.4315    0.9408   0.385   25
58022.797    0.000000000000    0.000000000000    0.5684    1.8275  -0.641   56
58038.229   -1.586519488987   -1.187600405217    0.6802    2.0939   0.055    6
58048.076    0.235095396206    3.121801198347    0.3010    0.4717  -0.216   48
58279.305    1.078706974327    4.650400794048    0.1450    0.2627  -0.097  126
58310.227    0.606619193318    1.980799191870    0.5832    0.9645   0.138   29
58530.834    0.446101414536    2.233900795545    0.2067    0.7842   0.361   93
58712.722   -2.122894295529   -4.541202000041    0.1516    0.2728  -0.216  117
