%-----------------------------------------------------------------------------
%                R.A. (mas)        Dec. (mas)        Err. (mas)     Corr. Del.
% Uncertainty in R.A. is in R.A. cos(Dec.)!!!!
%-----------------------------------------------------------------------------
50458.831    0.557444361415   -0.190400399447    0.2212    0.4770  -0.057  100
50631.755    0.000000000000   -1.157198401103    0.3311    1.1335   0.634   70
50765.338    0.250945003692   -0.403200001386    0.9283    1.3455   0.062    6
51246.084    0.129152235992    0.239101199639    0.1652    0.4393  -0.036   30
52353.230   -0.246034130813    2.739301201871    4.2597    3.2961  -0.891    6
52619.230   -0.237666866085    2.438200796462    0.7125    1.3447   0.282    3
52815.231   -0.403612899985    1.370498396369    1.0796    1.1267  -0.329    7
53929.082    0.041417200015   -1.519498798785    0.9227    2.8968  -0.165    3
54362.229    0.259890655084    4.903498797404    0.7544    2.2596   0.155    5
54564.004    1.813021555258    0.252100797837    1.1745    2.2056   0.043    6
54684.230   -1.899603361462    0.000000000000    2.2975    0.9290   0.583    3
55810.065   -2.677973169264  -11.339100001351    2.9570    8.4443   0.837    5
58203.797    0.244738863606    1.149998400507    0.4395    0.8036   0.894   81
