%-----------------------------------------------------------------------------
%                R.A. (mas)        Dec. (mas)        Err. (mas)     Corr. Del.
% Uncertainty in R.A. is in R.A. cos(Dec.)!!!!
%-----------------------------------------------------------------------------
52306.248    0.708754161045    4.414298405209    3.0097   31.3745   0.411    5
52409.164    2.392589931514   10.769198397043    3.4740   18.2751  -0.060    9
56817.881    0.268388543006    0.000000000000    0.3461    1.0578   0.296   21
57809.367    0.000000000000   -0.834800388816    0.2532    0.7164   0.083   29
58216.836   -2.528519605367    4.509799202879    0.3314    0.9606   0.404   36
58540.733    6.992652088724   14.502797989735    0.3994    1.2698  -0.018   12
59193.248   -0.368382792651   -4.856201994130    2.0413    8.9820  -0.899    8
