%-----------------------------------------------------------------------------
%                R.A. (mas)        Dec. (mas)        Err. (mas)     Corr. Del.
% Uncertainty in R.A. is in R.A. cos(Dec.)!!!!
%-----------------------------------------------------------------------------
50084.998    0.190763013376   -2.410401599917    0.7961    1.2302   0.574   40
50155.831    0.809191591078    0.000000000000    0.4944    0.7821   0.158   67
52397.271    1.104203808781    1.442300403909    0.2772    0.5025   0.003   28
52401.205   -0.320679144593   -2.073200395358    0.3800    0.8310   0.534   21
53206.205    0.422620059004    1.516201206186    0.2679    0.7790   0.115    7
54125.251    0.000000000000   -1.230998394419    0.1662    0.3124  -0.169   50
57839.792   -0.790449288049    0.985500001605    0.1580    0.2274  -0.030  135
58245.742   -0.804433380266    3.349900804750    0.1081    0.1656  -0.128  125
