%-----------------------------------------------------------------------------
%                R.A. (mas)        Dec. (mas)        Err. (mas)     Corr. Del.
% Uncertainty in R.A. is in R.A. cos(Dec.)!!!!
%-----------------------------------------------------------------------------
52409.164    0.265194520786   -0.438800400815    0.3750    0.7683   0.507   68
57498.229   -0.485322040233    0.373197599224    0.1311    0.2443  -0.341   90
57849.249   -0.561691574056   -2.106900000065    0.2682    0.5536   0.400   18
57943.713    0.310566982691    0.000000000000    0.0887    0.1908  -0.103  126
58016.230   -0.025908173443    1.330797600119    0.1878    0.6812  -0.016   18
58085.500   -0.319106038092    0.999500399246    0.1702    0.1604  -0.173   14
58086.500   -2.217713528564   -0.738399600664    0.1340    0.1098   0.116   47
58087.498    0.304130349909    0.103697998988    0.1400    0.1229  -0.024   26
58088.498    2.346639593185    0.440697600013    0.2128    0.1287  -0.088   25
58089.499    2.858164440202    2.202397199014    0.2012    0.1542   0.255   23
58090.500  -24.037532422215   -3.475501200434    0.8158    0.2519   0.434    6
58091.497    0.000000000000   -0.799801199669    0.1362    0.1157  -0.121   28
58092.498    1.662307567912   -1.328702400905    0.2373    0.2189  -0.165    9
58093.499    3.893048803229   -0.021902399894    0.0901    0.1015  -0.041   47
58094.496   -0.616347003518   -0.856602000532    0.4080    0.1693   0.597   13
58095.500    3.128455060589   -2.047600800914    0.1980    0.2015   0.109   24
58096.497    0.645547062311    0.966499199073    0.1178    0.1202  -0.015   44
58097.498    0.248874775468   -1.195001999754    0.1732    0.1324   0.121   34
58098.499    1.365066602486   -0.530100000695    0.2582    0.3528   0.432    4
58099.500    0.190172670199    1.514897999044    0.2472    0.1729   0.306   36
58101.249    0.227609898854    2.817597600036    0.2159    0.5809   0.269   30
58305.026   -0.678193754075   -0.550101601071    0.1100    0.2398  -0.072  100
58750.207   -0.530694553210    0.190299600078    0.3750    0.9937   0.298   13
58893.272   -0.089548208880    0.315698400222    0.4051    0.4430  -0.286    6
59257.269  -21.512098245736    2.113099199619    7.4717    0.6834  -0.864    5
59305.270   -1.341559213245    1.228298398992    0.6832    0.5416  -0.382    5
