%-----------------------------------------------------------------------------
%                R.A. (mas)        Dec. (mas)        Err. (mas)     Corr. Del.
% Uncertainty in R.A. is in R.A. cos(Dec.)!!!!
%-----------------------------------------------------------------------------
49914.167    0.247330520954   -1.373900398249    0.4685    0.9514  -0.363  117
51520.251   -0.045873179320    0.339897601265    0.2317    0.5102  -0.084   18
51555.250   -0.498370098205    2.061000004261    0.3487    0.9585  -0.662    6
51653.250    0.307305952163   -0.558601197298    0.4771    1.7098  -0.566    6
51688.252    0.511880908170   -0.300599999292    0.5046    0.5930  -0.233    9
52401.205    0.087887733005   -0.372402000437    0.2929    0.7468  -0.305   22
52408.203   -1.506540298377    2.763799199101    0.9229    1.6884   0.422    6
52415.216   -0.145336991763   -0.345902397925    0.2324    0.5808  -0.526   12
52423.204   -0.001631845024   -0.791503195785    0.4395    1.0616   0.324   11
52429.205   -0.501338041975    0.816497998812    0.2331    0.6068  -0.399   15
52436.203   -0.958288673980   -2.282302801149    0.3587    1.0636   0.389   14
52443.216   -0.461849660742   -1.338501597559    0.5112    1.4133  -0.583    6
52450.207   -0.809684397239    0.831297603554    0.5955    1.3704   0.315    7
52457.205   -0.456505215123    1.483297203464    0.2510    0.6558  -0.541   15
52464.204   -0.601250764963   -0.851500796273    0.5910    1.2507  -0.199    4
52471.213    0.313541180911   -0.703501199695    0.8294    1.5651   0.275    7
52478.204    0.057306778013    0.121697998878    0.3299    0.6953  -0.142   16
52485.209   -0.632872123057   -0.066103199714    0.3804    0.7642  -0.146   25
52492.204    0.180524874776    0.489697204387    0.4223    0.8240  -0.014   22
52499.213    1.139408585609   -0.090403198527    0.3471    0.8200  -0.168    9
52506.204   -0.559831298764    0.940399201710    0.3657    0.7786  -0.678   10
52513.205   -0.637026545603    0.223398004096    0.4840    0.9363  -0.807    6
52521.204   -0.741838347960    0.788198402546    0.4204    0.8393  -0.677    6
52527.216   -0.559681628160    0.718498802854    0.3685    1.9128   0.197    4
52534.204   -0.471052833261   -0.400701596703    0.4206    0.8196  -0.379    6
52541.206    0.270340199084    2.474298001687    0.5091    0.8724  -0.303    4
52548.204   -0.164341867318    0.490698003830    0.7670    1.2876  -0.869    6
52555.206    0.267667950958    1.994598003563    0.4697    1.4117   0.588    6
52562.207    0.820227212802    0.958096801895    0.2337    0.6197  -0.200    6
52583.206   -0.058935028107    0.659296802752    0.2720    0.6678  -0.026    8
52590.204   -0.790533446010    0.744397203079    0.3642    0.8371  -0.538    4
52597.206   -0.284146654062    0.334897204368    0.4046    0.8596  -0.156    4
52604.204   -0.553150703766    1.398797999030    0.5051    1.1722  -0.830    5
52611.228    0.452201172606    0.451497604104    0.2640    0.5450  -0.213   13
52618.204    0.060570468062    0.483699601972    0.1963    0.4865  -0.265   11
52625.202   -0.153503305477    0.575099999622    0.2893    0.5297  -0.329   13
52646.204   -0.222535833532    0.492199202995    0.2412    0.4726  -0.617    9
52653.202   -0.282810555315    1.240999201002    0.3188    0.9490  -0.528    4
52661.205   -0.209174694170    0.556797603224    0.2785    0.6203  -0.724    8
52667.206    0.043350652431   -0.401900400959    0.1971    0.4948  -0.405   14
52674.208    0.846204834702   -0.534200395919    0.4221    0.6760  -0.811    7
52689.205   -0.055817464366   -0.388501199211    0.2317    0.5728  -0.354   10
52695.206    0.124557790439   -0.553903201705    0.2130    0.5068  -0.420   12
52702.204   -0.427556105155    0.397198798652    0.1467    0.4014  -0.413   18
52709.206   -0.168050923615   -0.498301195506    0.2390    0.5131  -0.660   10
52716.204   -0.171318157960   -0.395701199807    0.1894    0.4465  -0.553   14
52723.202   -0.035330363758   -0.104500798415    0.2510    0.6966  -0.276   11
52730.204    0.130493677980   -0.011401196787    0.2448    0.6286  -0.465   10
52737.202    0.150685032311    0.164397602731    0.4345    0.6714  -0.676    9
52744.204   -0.023009627497   -0.183002400433    0.1944    0.5149  -0.600   12
52751.202   -0.060570417429    0.090399598207    0.2451    0.4976  -0.599   12
52758.204    0.236196263468    0.484797603661    0.3453    0.7324  -0.473    9
52765.202    0.307751318411    1.200297602111    0.3842    0.7327  -0.201    9
52766.225    7.367030665046   -7.801300795762    1.6224    2.5219  -0.915    8
52772.204    0.233819761621   -0.903599998026    0.2436    0.5269  -0.722   10
52779.206    0.721800259164    0.616298404310    3.8185    1.9805  -0.505    4
52787.205    0.638661985557   -0.763801201487    0.3384    0.3597  -0.437   12
52793.206   -0.525238452603    1.021996803985    0.2411    0.4884  -0.597   14
52800.204   -0.139696850499    0.229096799131    0.7467    1.6025  -0.891    7
52807.206    1.199533636789   -1.358503197935    1.2428    0.7703  -0.818    4
52814.204    0.252525346601   -0.076003197336    0.2973    0.7353  -0.647   14
52821.206    0.620106020547   -0.472802398832    0.4867    0.9002  -0.861    9
52835.203   -0.777318382322    2.029597200703    0.3314    0.6829  -0.701   10
52842.204    0.764701950416   -0.964702800843    0.5743    0.6803  -0.416    8
52849.206    0.201753037278   -0.238100400196    1.9093    0.7434  -0.814    3
52863.206    0.099467356739   -0.993502796831    0.6575    0.6666  -0.449   10
52870.204    0.054780656194   -0.464000396505    0.4142    0.7668  -0.414    5
52877.203   -5.179364967515    3.287397598939    6.4991    3.2503  -0.653    5
52885.205    0.019004875555   -0.238301998934    0.2890    0.6103  -0.690   11
52891.203   -0.471498199509    0.374497201250    0.3169    0.6678  -0.526   10
52898.205   -0.249853098475   -0.068702400569    0.6863    0.8545  -0.746    3
52912.205    0.028803034294   -0.615002397808    0.3315    0.9223  -0.644    6
52926.205   -0.229661744145   -1.102903195971    0.3045    1.1947  -0.351    3
52933.203    0.162560402323    0.052498798908    0.2889    1.8019  -0.203    6
52940.205   -0.010984637514    0.197297998739    0.2946    1.1413  -0.270    5
52947.203   -0.291122944704   -0.867401996629    0.3245    1.0637  -0.227    6
52954.227    0.494511421937    0.108698400680    0.3306    0.7153  -0.322    6
52961.203    0.143559121697    1.229698800387    0.3237    1.3362  -0.474    5
52968.205   -0.207688924819   -1.489903196017    0.3891    1.0352  -0.387    6
52975.203   -1.168058354369    1.271199599984    0.8823    1.6342  -0.926    4
52983.227    0.187800455994   -0.542102401369    0.3259    0.7214  -0.831    8
52989.229    0.477437681980    0.005597998864    0.6783    0.6328  -0.564    6
52990.229   -1.627235817618   -2.380499995525    6.4340    6.9908   0.974    6
53017.203    1.200869735535   -1.290801596809    0.7185    1.4250  -0.946    3
53025.206   -0.215855238534    1.833598802392    0.3119    0.6074  -0.627    8
53031.203    0.440471878269   -0.332801997160    0.2557    0.4580  -0.540    9
53038.205   -0.219713965435   -0.422200795924    0.3447    0.7622  -0.392    4
53045.207    0.023458588676   -0.851000396551    0.3868    0.5091  -0.397    5
53065.873   -1.156033364386    1.580997598438    3.8688    4.4454   0.720    3
53073.203   -0.408255533955    1.828396800363    0.5151    2.5076  -0.637    3
53087.207   -1.776880446828    6.802099203895    0.5850    2.7748  -0.802    4
53109.246    0.118468687998    0.231098404413    0.8333    1.5007  -0.690    8
53122.205    0.861347439059   -0.660301196120    0.6696    1.2530  -0.901    8
53131.252    0.642524206122    0.034498803814    0.1283    0.2306  -0.013   87
53150.205    0.210215097271    1.039597201924    0.2962    0.5592  -0.396   14
53158.208    0.539198173114    0.157798804423    0.9399    1.0117  -0.769    5
53164.205   -1.523168672084   -0.289000797693    1.2891    1.6539  -0.880    4
53172.237    3.696728624063   -0.276703197954    2.0787    2.0763  -0.677    6
53178.205   -0.856594435364   -0.091702798954    0.4465    1.0486  -0.691   13
53185.207    1.346210322228    0.242798402184    0.2574    0.7900  -0.385   28
53199.225   -0.438244996392    0.968997598960    0.4038    1.0830  -0.683   15
53201.256    0.222984794710   -0.258299998990    0.1099    0.2456  -0.255  105
53207.228   -5.312680513592   20.950200000414    3.9424    6.5187  -0.860    3
53220.202    0.144449854195    1.899997202770    0.2750    1.3836  -0.208    7
53227.225   -0.172654256707    0.780598798400    0.3062    0.9305  -0.680    8
53235.228    2.903077563678   -3.266200801022    1.7922    3.1603  -0.761    5
53241.225    0.350061567741   -0.879400801779    0.3645    1.1628  -0.327   14
53243.249    0.365649588980   -0.477500400820    0.1343    0.2604  -0.477   53
53269.204    0.673254831718   -1.313802001590    0.3599    1.2224  -0.176    5
53276.205   -0.680227527430    1.443898798925    0.3999    1.3733  -0.585   11
53283.207    0.357337148959   -0.312800396784    0.2352    0.4744  -0.343    9
53284.226   -1.847249073628    3.568798798881    3.3031    4.7904  -0.803    7
53285.253    0.368621077048   -1.078603197158    0.1596    0.3034  -0.269   64
53290.205   -0.194477456061   -1.713902396006    0.2294    0.9541  -0.364    7
53297.204   -0.021228162502   -0.914399998919    0.2924    1.4616  -0.515    4
53304.224    0.442698760145    0.657799203907    0.1914    0.6585  -0.340   21
53318.206    0.064432739260   -0.074102401015    0.3043    1.0482  -0.525   14
53325.226    0.455468406952   -1.147201201235    0.4723    0.8593  -0.322   12
53326.223   -1.597841341401    0.441597600087    0.8683    3.2823   0.000    4
53332.206   -2.284899083800    2.754799198357    2.1492    1.8350  -0.715    4
53339.204   -3.634968132929    4.271497203945    1.2498    2.7222  -0.845   11
53341.249   -0.072000421192   -0.676501197461    0.1540    0.2891  -0.146   55
53346.228   -2.431130402990    5.294296802560    1.4623    3.2460  -0.918    8
53353.204    0.071558649873   -2.597500800050    0.3519    1.1382  -0.357    8
53360.206    0.811465912867   -0.171201600097    0.3847    1.0661  -0.686   12
53367.226   -0.544688694406    5.528897998630    0.4934    4.2520  -0.739    5
53374.206    0.812655935940   -0.693500399507    0.3706    1.3866  -0.125   10
53381.207    0.108969819833    0.719697600715    0.4481    1.9028  -0.847    5
53389.206    0.237532362215   -0.854801995587    0.2388    1.2855  -0.478   15
53409.204    0.501933078828   -0.198302398502    0.2952    1.4851  -0.473    3
53410.227   -2.119074991429    6.018796801754    0.7024    1.9845  -0.977    3
53411.253   -0.792165291034   -2.354101195579    2.2365    1.5762  -0.784   12
53416.206   -0.513213411987    1.738598404444    0.3021    1.0853  -0.426   10
53423.208    0.235455150942   -0.574502397654    0.5275    0.7388  -0.101   15
53437.204    0.083879386134   -0.180201600841    0.1955    0.6541  -0.477   13
53444.206    0.445965994491   -1.202500799735    0.2143    0.7438  -0.060   19
53451.208    0.247034825309   -0.308602800914    0.1705    0.4447  -0.491   13
53458.206    0.866246518429   -1.037502001111    0.7278    1.4094   0.539    9
53472.206    0.242281821613    0.341398800430    0.3428    0.7650  -0.640   17
53479.204    0.111788143633   -0.640202399893    0.3596    0.5404  -0.380   14
53486.206    1.134213759962   -0.553802399139    0.3900    0.6556  -0.208   21
53488.251    0.299143233378   -0.820000796864    0.4154    0.4595  -0.539   37
53493.204    0.476846240058   -1.288202395955    0.2589    0.6025  -0.452    9
53507.204    0.368026040195   -1.407200397807    0.4046    1.8614  -0.248   12
53509.246   -0.422657025786    0.546397199486    0.5824    0.9491  -0.872    3
53514.206    0.739910807291   -2.476800000295    0.3485    1.0698  -0.239   12
53522.205   -0.035925400610    0.907999199029    0.5889    1.1038  -0.839   17
53528.206    0.236046592865   -0.838303199657    0.2956    0.5998  -0.545   14
53535.204    0.158552055451   -1.341302397151    0.3725    0.7428  -0.496    7
53542.206    0.346202891473   -1.109502000674    0.3768    0.6933  -0.377   10
53551.250    0.516184950687    0.939196803529    0.1411    0.3735  -0.135  109
53564.223  -11.874626570194   15.528196801995    0.4599    0.7108  -0.636    3
53570.206    0.221944391609   -0.164300400485    0.2758    0.4682  -0.280   11
53577.204   -0.008907426241    0.927197998379    0.3306    0.7608  -0.210    5
53584.202    0.142073352347    0.569599203004    0.4225    0.5298  -0.275   15
53591.204    1.945084635976    0.867398402704    1.1944    1.3768   0.260   10
53598.210   10.593743264020    3.327199200953    8.4937    7.6980   0.955    3
53600.248    0.375597367690   -0.521002799303    0.5594    0.9565  -0.729    4
53607.250   -0.965710330871    1.204999204418    0.1551    0.3266  -0.226   36
53612.206    0.040528784335   -0.051001200063    0.3507    0.7110  -0.243   19
53620.205    1.467351258351   -3.973201198448    0.6782    1.5590  -0.336   12
53626.195   -0.243022883507   -0.063403196293    0.5860    0.9406  -0.923    8
53626.498    0.230110705324   -0.520300800844    0.9763    1.3139  -0.931    5
53627.196   -0.002077211273    0.267397201981    1.3134    2.1199  -0.958    3
53629.198    0.847986299697   -1.935899997108    0.3781    0.7776  -0.724    3
53629.501    0.829430385321   -1.563202796007    0.4862    0.7628  -0.680    5
53630.195   -0.153057939229   -0.466801196097    1.0004    1.3327  -0.935    4
53631.499   -0.445962399561    0.383497201994    1.1887    1.8738  -0.957    5
53632.196    1.200869735535   -1.454000401679    1.1569    1.8159  -0.964    5
53632.500   -3.160202648441    4.519897198918    2.3380    3.6071  -0.979    3
53634.205   -1.133914469387    1.643799598838    1.8489    2.9611  -0.973    3
53634.501    0.142372642922   -1.156003197167    0.8430    1.4037  -0.855    5
53635.195    0.489462671963   -1.539403196915    0.6614    1.1388  -0.892    6
53635.498    1.379613145317   -2.641003198534    1.0989    1.5054  -0.891    5
53636.499    2.036236008397   -2.241100796141    2.4725    3.0681  -0.957    3
53637.197    1.764859051775   -1.252202399371    1.8797    2.3984  -0.959    3
53637.500    0.401279243313   -0.747201596596    1.5772    2.3795  -0.949    3
53638.197   -0.928744527159    1.657897198726    1.2349    1.6019  -0.944    4
53638.497   -0.267518280354    1.062597600310    1.0274    1.3627  -0.921    4
53639.198    0.685279821701   -0.934700400279    0.8630    1.3456  -0.926    3
53642.248    1.569932634535   -0.418402797209    0.1127    0.2769   0.019  114
53647.208    0.042905286183   -1.472101199340    0.6950    1.1182  -0.691    9
53661.204    0.972989456385   -0.286801200389    0.5190    0.8102  -0.517   12
53662.227    0.617879189303   -7.283602796093    0.7530    8.3634   0.277    3
53668.206    1.051820143178   -0.288100800816    0.9477    1.0247  -0.639   10
53675.205    1.190031224328   -0.594601200277    2.2985    1.9531  -0.935    4
53682.203    0.105552914884    0.379799999450    0.5464    0.8839  -0.566   18
53689.216   -0.366686397152    0.965699999966    0.4480    0.8579  -0.861   12
53696.203   -5.521855207761    1.854399603474    2.1948    1.1766  -0.145    5
53703.205   -0.165082979844   -0.428702398381    0.3088    0.7660   0.144   12
53704.242   -1.163754311852   -1.587401998648    1.0688    1.9602  -0.205    6
53710.203    0.978034611429   -2.552601598893    0.7632    1.5407  -0.856    3
53712.248    0.379901460840   -1.867600800409    0.2588    0.6144  -0.528    5
53719.250   -1.211109716226    1.522699201928    2.0006    1.7548  -0.938    3
53724.203    0.677854620512    0.950799599053    2.7345    1.5885   0.138    3
53766.207    0.218531081590   -0.838303199657    0.3028    0.4954  -0.527    5
53768.252   -0.119359420495    0.145598400536    0.1816    0.3534  -0.679   57
53774.227    0.467493447568   14.324598000570    5.1017   25.9136   0.982    3
53780.207    0.195371783489   -0.120902398493    0.3094    0.9535  -0.270    7
53787.205    0.887923642109   -1.285401596363    1.2479    2.4690  -0.878    3
53801.205   -0.011875370012    0.686098800173    0.3223    1.1716   0.578    5
53808.203    0.741097286067    2.030400001729    0.3793    2.9009  -0.773   11
53815.205    0.027167644973   -0.365302796013    0.7056    2.2186  -0.891    4
53822.207    0.354814571437   -0.323200800523    0.3965    1.5081  -0.606    4
53829.205    0.566365767454   -4.665700798512    0.9092    2.4054  -0.791    3
53850.203    0.551518909375   -2.574403199418    0.4766    3.4281  -0.750    4
53851.229   -0.428742583931    0.330397200798    0.1527    0.3613  -0.295   80
53852.249   -0.008757755638    0.698997602200    0.8639    2.4476  -0.958    4
53858.202   -0.096941234921    0.368398802664    0.4751    1.4192  -0.744    5
53864.207   -0.900240783440    2.626397998284    0.5510    3.5140  -0.385    6
53878.207    1.148761378099  -11.454703195568    0.4713    5.4868  -0.806    4
53879.226    0.159592458552    0.996199199932    0.6701    2.8061  -0.205    3
53886.206   -0.282511264740   -1.970999996814    0.4864    3.8846   0.676    3
53893.204   -1.282518695495    0.833598003425    0.6432    1.3227  -0.009    8
53899.205   -0.101989934261    0.973097998980    0.5240    1.6609  -0.267   10
53906.203    0.034293555586   -4.279600801738    0.6785    1.8887   0.321    4
53913.205    0.813842414715   -0.064501197983    0.4073    1.2138   0.432   11
53915.247    4.730730319829   -9.883000798538    2.0169    4.0743  -0.982    3
53934.207    0.625005099917   -2.470701601709    0.4189    0.8886  -0.292   11
53948.203   -0.967641415837   -1.780801196105    1.2500    2.6434   0.687    5
53949.226   -0.485304705120    1.376398802932    0.8959    1.5489  -0.514   11
53955.205   -1.243771426788    1.050497998989    0.5948    1.5662  -0.630   10
53964.209    4.771558394738    2.721797999783    2.7520    2.1011   0.391    4
53976.207   -0.168795580439    0.197398801305    0.2537    1.0088   0.223    7
53978.249   -0.505642135125   -0.130500001205    0.1745    0.4328  -0.239   39
53984.210   -0.026572608120    0.341398800430    0.3705    1.0745  -0.233    4
53990.207    0.816364992237   -1.623801598782    0.9590    1.4355  -0.865    8
53991.230    0.173694659808   -0.966200399688    0.5492    1.8158   0.410    9
53997.205    0.110751284829   -0.253900797986    0.2613    0.7263  -0.452   14
54004.207    0.419094095796   -0.092901596815    0.4205    0.8832  -0.311   13
54019.230   -0.241091747908   -2.419502396833    0.5867    2.1494   0.566    8
54025.209    0.506240716274   -0.831801597201    0.2530    1.9906  -0.703   13
54032.207    0.305674107139   -1.822802395424    0.4036    1.2846  -0.040   13
54039.209    0.331355982761   -0.953600398645    0.3535    0.6700  -0.281   10
54046.207   -0.434087029549   -0.545900400084    0.2354    0.4644  -0.222   28
54048.249    0.095309389897   -0.525402000306    0.1223    0.1667  -0.542  162
54067.209   -0.079276002409    0.085096800007    0.2894    0.7298   0.071    6
54074.207   -0.006381253790   -0.425401199067    0.4842    0.4952  -0.382   24
54075.226  -10.652083305908    0.205200004189    0.4123    0.5179  -0.202   27
54076.249    0.128861883589   -0.628603198294    0.1440    0.3103  -0.184   61
54081.205   -0.661671613054    0.268696802408    0.6530    0.7102  -0.665   13
54088.207    0.241244962809   -0.416502000888    0.3587    0.4777  -0.194   21
54110.206   -0.520043626955   -0.925502401117    0.2906    0.6783   0.445    9
54123.209    0.449083558232    3.102796803489    2.8671   13.9132   0.995    3
54125.251    0.005198369944   -1.081101595446    0.2712    0.4677  -0.266   28
54130.207   -0.262914947263   -1.014101999175    0.2710    0.6258  -0.105   12
54137.209    0.080020709865   -0.184499999278    0.1376    0.3636  -0.176   25
54144.207   -0.980706859554    0.519300001400    0.3430    0.5002  -0.385   21
54152.206    0.623669001171   -0.025300798256    0.3490    0.8328  -0.346    3
54158.207    0.548846661249   -0.098301597262    0.2356    0.6155  -0.342   16
54165.206   -0.055967084337   -0.540802800941    0.2054    0.5210  -0.350   13
54172.208    0.058938623037    0.429497998766    0.3922    0.8975  -0.089    6
54179.206    0.277320034023   -0.290401200687    0.1805    0.4976  -0.136   15
54186.208   -0.016924069352   -0.339602400601    0.1757    0.6030  -0.456   17
54187.230   -0.050177272470    0.004899600725    0.1568    0.2767  -0.172   88
54193.209    0.007720947466    0.169397999628    0.1470    0.3896  -0.386   47
54201.208    0.180524874776   -0.632001599854    0.1517    0.3274  -0.193   49
54214.208    0.051367295542   -0.656902800955    0.1754    0.4018  -0.010   50
54223.207    0.906629176457   -0.382701601609    0.3336    0.4141  -0.062   28
54228.208    0.454577674454   -1.953899998597    0.3131    0.9120  -0.431    6
54235.206    0.101099201764   -1.776502797668    0.2349    1.1362  -0.029    5
54242.208   -0.209324364773   -1.524103198847    0.3264    0.9949  -0.492    5
54250.207    0.248370924055   -0.646199995913    0.1931    0.4910  -0.206   16
54256.208   -0.179185181100    2.369599198460    0.3430    0.8203  -0.035    5
54263.206    0.281029090320    0.294897603936    0.2894    0.7678  -0.079    9
54277.206    0.138510371724    0.746499604531    0.2907    0.9819   0.342    8
54278.229    0.166273002917   -0.487303196195    0.1323    0.2580  -0.430  136
54298.208    0.711257443601   -1.339700395420    1.0337    3.2357  -0.890    3
54314.250   -0.970164043992   -0.163400397213    0.3246    0.6830  -0.056   69
54326.208    0.121885592947   -0.041101196047    0.3139    0.6468  -0.278   10
54333.206    0.138510371724    3.174397199501    0.2764    0.9640  -0.048    5
54340.208    0.135246681676    0.539398804023    0.4400    0.9404  -0.279    5
54348.207    0.098131257993   -1.105102799670    0.4062    0.5456  -0.441   17
54355.227    5.480289665888   -1.961200801759    7.7368    2.9095  -0.150    4
54375.210    0.033107127444    0.456699599738    0.2096    0.6515  -0.350   10
54384.228    1.575576370728   -1.116302397719    4.3743    1.6320   0.121    6
54396.208   -1.736797079374   -5.430103195891    1.7978    5.9932   0.990    3
54431.206    0.484267896949    0.021099602066    0.3607    0.7565  -0.024    4
54438.208    0.154248012934    0.121996799862    0.4635    0.9201  -0.304    3
54440.250   -0.006530924394    0.500299200468    0.1819    0.3688  -0.329   88
54452.208    0.414048940752   -0.469601995690    0.1535    0.5007  -0.210   12
54480.208   -0.074077632465   -0.624401995708    0.3412    1.3657  -0.573    7
54489.248    0.288899657757   -0.367001999990    0.1580    0.2416  -0.242  123
54501.206   -0.075859148093    1.609199998853    0.3312    1.3600  -0.477    5
54502.225 -121.619229195820 -134.182900796986   15.2233   15.5723   0.932    3
54529.207    0.207692519749    0.774399603642    0.1591    0.5314   0.213    9
54543.207    0.087292696153   -0.297500398716    0.1418    0.5299   0.301   11
54557.207    0.980560783880   -1.574801997606    1.3777    1.1993  -0.853    8
54564.208    0.193440647890    0.252597603634    0.1960    0.3969   0.012   19
54571.207    0.159888204830    0.213397203908    0.1696    0.3956   0.209   14
54579.209    0.226547724701    2.110798799748    0.4287    2.1461  -0.172    3
54601.248    0.530290746873   -0.169901999669    0.1481    0.3913   0.095   51
54608.250   -0.002226831244   -1.611302400306    0.3215    0.6776  -0.225   19
54612.995    1.993035026569   -1.707800397099    1.0908    1.6084  -0.254    6
54614.207    0.066064533651   -1.826600400534    2.7226    6.5547  -0.760    3
54627.207   -0.043051311224    0.563598000269    0.3941    0.6772   0.441    8
54634.209    0.227438507831    0.808297198773    0.2129    0.4241   0.296   16
54641.207    0.543651886235   -0.466300796376    0.4375    0.8651  -0.563   14
54642.226    7.035378986640   -4.408102797981   11.6797    4.0767  -0.708    6
54648.209    0.868772690880   -1.711000800242    1.0142    0.8345  -0.232    7
54662.209   -0.071704725547    0.830797203832    0.2188    0.5174   0.135   21
54669.207   -0.275089607849    0.704199604229    0.5633    1.1243  -0.314    4
54676.209    0.928598451485   -1.427601601733    0.6718    0.6872  -0.506    5
54690.497    0.355555683964    0.040899603704    0.3420    1.1389  -0.444    7
54692.499   -0.053444506815   -0.353203201087    0.2304    0.4319   0.006   14
54695.501    0.404250782013    1.460296798683    1.2037    4.0447   0.931    3
54696.502   -0.846945896596    0.748998002820    0.2822    1.1555  -0.296    3
54697.499   -0.087738062402   -0.291700801114    0.6093    1.4159  -0.546    4
54698.500   -0.784889709817   -1.136401200341    0.3917    1.2888  -0.486    3
54702.499   -0.609117838736   -0.577799996648    0.4487    1.2407   0.281    4
54703.500   -0.206057079795    0.201697199742    0.3437    1.2902   0.064    4
54704.501   -0.118319017394   -0.004802398479    0.2408    0.8147  -0.239    5
54712.208   -0.990059652045   -0.901702795630    0.7881    2.5463   0.851    5
54713.249    0.200121192254   -0.565902000460    0.1664    0.3440  -0.290   60
54718.209   -0.074077632465   -1.007099996997    0.3124    0.7797   0.521    9
54739.207   -0.315618341551    0.714499199006    0.5539    0.7430   0.200   16
54747.228    1.381394660945   -6.586200001379   10.3521    7.2838  -0.940    3
54760.209    0.514553105663   -0.470102401806    1.1713    4.1091   0.944    3
54777.270   -0.480850992000   -1.936702798133    0.4696    1.6083   0.127    6
54781.207    0.509504406323    1.523897999789    0.6129    1.4808   0.906    6
54784.268    0.959182950775   -0.811303197423    0.8879    1.2984  -0.183    5
54791.273    0.245994422207   -1.300003196292    0.3448    0.9071   0.044    9
54796.270   -0.793946756029    0.094597200473    0.6584    2.3042  -0.357    5
54803.228    0.326161207747    0.977097602828    0.3367    0.8343  -0.369   12
54805.270   -1.291871487985    1.035298803487    5.3627    2.2535   0.318    4
54810.208    0.206356421003    0.978199198443    0.1755    0.5729  -0.156   11
54812.272    0.064878105508   -0.132501600092    0.3727    0.9030  -0.085   12
54817.228   -0.153057939229   -2.016302395447    0.3517    5.5004   0.076    5
54819.270    0.496887923784    0.691199999636    0.7803    0.9643  -0.127   15
54823.207   -0.123663463012    0.495597604555    0.2049    0.6441  -0.184    7
54824.266   -0.895491324042   -1.341100798413    1.0281    1.0888   0.152   11
54830.205    0.265145373436    0.469299600780    0.3177    0.9881  -0.154    9
54840.268    0.758912138549   -0.107902800295    0.5430    0.7251   0.125    8
54844.205    0.102880717392   -0.476099997826    0.6037    1.2791   0.543    4
54847.266   -0.273158472250   -0.271101598770    0.3430    0.5576  -0.256   29
54852.208    0.857934129040    0.692197198759    0.4023    0.5034  -0.181    7
54853.249    0.002080806203    0.364697999800    0.1023    0.2727  -0.141  121
54861.270    0.552260021901    0.330098399814    0.3277    0.7117   0.019   13
54868.272    0.068886401747    0.590598002503    0.2501    0.5196  -0.057   31
54875.270    0.744068774134   -0.501299999911    0.4348    0.5709  -0.281   19
54880.208   -0.424438490781   -0.598301996746    0.2842    0.8341   0.544   10
54881.249    0.125448522937   -1.223600401801    1.0836    1.5564  -0.800   10
54882.272   -0.244508652857    1.040896802351    1.0308    1.1503  -0.652    5
54886.187    0.239609573488   -0.931499997137    0.1912    0.7842   0.079   30
54887.206    0.006680594997    0.049500000898    0.1600    0.4244  -0.175   38
54901.206    0.110156298609    0.023598000354    0.2382    0.8028   0.144    3
54903.270    0.404250782013   -0.141400798270    0.2196    0.5300   0.027   22
54917.270   -0.194032089812   -1.108601997402    0.3124    1.1497  -0.153   21
54924.268   -1.953543101039    2.479597199567    0.9194    1.7181  -0.745    3
54930.269   -0.788156944162    1.005699600398    0.7078    2.0233   0.280    7
54936.208    0.193291027919    0.397699198373    0.1508    0.4127  -0.171   25
54938.272   -0.707395172403    0.004597199421    0.5000    0.7062   0.111   11
54942.209    0.135246681676   -0.063201597555    0.1994    0.4652   0.196   25
54943.228   -0.502378445076    0.471600000651    0.1641    0.8178   0.106   91
54945.270    0.344717122123    0.962099999668    0.5155    1.8726  -0.400    3
54949.207   -0.263064567234    0.529099202851    0.3800    0.4486  -0.050    8
54956.209   -0.319626688423    2.429697601514    0.5655    1.0621  -0.247   10
54958.269    0.225357701628   -0.892799997132    0.3265    0.6014  -0.056   15
54966.268   -0.096346198068    0.538599603317    0.6735    1.0098   0.223    3
54973.270   -0.694183653012    1.697698800740    0.4803    1.0150  -0.252   18
54976.999  -52.568171100720  -29.229202795733   12.1849   10.6723   0.937    3
54980.268   -0.031917053738    0.554597999525    0.4008    1.3901  -0.297   14
54993.271    0.443888783218   -0.698900399954    0.2546    0.4852  -0.161   28
55001.270    0.188541568520   -0.586101599254    0.5051    1.3433  -0.321    9
55005.208   -0.243617920360    0.130096803730    0.4890    0.9308   0.332    9
55008.268   -0.038152231854    0.788400001284    0.8123    0.8700  -0.438   20
55012.206   -0.975658109581    1.465099203557    1.2174    1.2015  -0.274    3
55014.269   -0.076008768064    0.922500002787    0.2878    0.5834  -0.110   24
55029.270    0.934388263352    0.516600004374    0.7522    1.8179   0.075   37
55032.999    2.114029887019   -6.681301195499    0.7664    1.2488  -0.523   29
55036.268    0.279247574692    0.200998801603    0.3934    0.9684   0.065   18
55043.270    0.578390808070   -2.228302796681    0.4582    0.8052  -0.087   29
55050.269    0.085215484880    0.304797601558    0.2239    0.6950  -0.139   18
55057.270    0.141777606070    0.564998403263    0.2555    0.7398  -0.306   45
55064.269    0.233374395372   -0.129103198532    0.3512    0.5235  -0.077   35
55068.210    0.127376114239   -0.188301598314    0.2107    0.5842   0.097   73
55078.269    0.335959366486   -1.183302000385    0.3155    1.6724  -0.354   24
55082.001   -1.484271732773    1.509897602148    0.5417    2.9194  -0.398    6
55085.270    0.061015834310   -0.313001995522    0.4549    1.2135   0.229   19
55092.269    0.677854620512    3.113398799570    0.6849    2.1946  -0.274   11
55096.206   -0.362977340855   -0.852400799545    0.1850    0.3597  -0.156   72
55098.248    1.098284815054   -1.562302799130    0.5637    1.0737  -0.599   11
55099.270    0.251338867826    0.121798801445    0.3234    0.6239   0.072   46
55103.208   -0.330019884015   -0.391100400066    0.2546    0.2861  -0.056   54
55106.269    0.641038487404   -0.461203197233    0.4095    0.7092  -0.476   38
55110.206   -0.542162521955    0.177098399945    0.2308    0.5642  -0.041   61
55113.270   -0.698191999884    0.232200000028    0.3689    0.5587  -0.426   41
55118.209   -0.588630738128   -0.440200797414    0.3365    0.3722   0.541   37
55120.269    0.325715841498    0.246797999637    0.3599    0.7100  -0.088   19
55124.210    0.921176794594    0.996397198350    0.4434    1.5432   0.278    4
55127.274    0.422065583863   -1.175101200346    0.4012    0.5831  -0.206   45
55134.269    0.769454954112   -0.721601997355    0.6648    0.8188  -0.643   20
55141.271    0.437058568249    0.101498400085    0.1900    0.4813  -0.089   36
55145.208   -0.394598648315    0.684496798442    0.6131    0.7510   0.370    4
55148.269    0.286968572791   -1.094302798776    0.4291    0.6822  -0.659   47
55154.248    0.091005347380    0.252997200789    0.0933    0.2388  -0.127  108
55155.271    0.113719228599   -1.464602397760    0.3913    1.0832   0.342   14
55159.208    0.280583724071   -0.387899996923    0.1300    0.5384   0.067   98
55160.271    0.443888783218    0.299397601111    1.2440    1.2619   0.058   27
55169.271    0.251488538430    0.397198798652    0.2363    1.0628  -0.151    8
55176.269    0.156325224207   -0.815500799689    0.2751    0.9151   0.045   27
55180.206   -0.104067145534    0.396496800192    0.1007    0.1843  -0.003   91
55183.271    0.093827215476    0.704998798540    0.3548    1.0405   0.469   28
55188.271   -0.181561682948    0.842997601325    0.4049    2.3874  -0.549   13
55195.273    1.010400626346   -2.675203201363    0.8310    2.8343   0.514    4
55204.273   -1.267376091138    1.045699200830    0.7849    0.8028  -0.723    9
55211.271   -0.008462059993    1.378598400237    0.2560    0.7870  -0.281   14
55218.269    0.020041683727   -1.212703198661    0.3514    2.0285  -0.221    9
55225.271    0.042310249330   -0.985500001605    0.2996    2.2078   0.065    7
55229.208   -5.205196463109    1.304197198237    5.3954    2.3949  -0.319    4
55232.269   -0.623519330567   -7.092302399769    0.8524    1.8886   0.274    7
55236.206    0.771236419107   -1.550001599071    1.1079    1.8233  -0.731    6
55246.269   -0.152316877335    0.022698003477    0.1380    0.4052  -0.082   24
55253.271   -0.233374395372    0.415198800141    0.7770    2.2939   0.767   13
55267.271   -0.039338710630    0.250999202223    0.2658    1.1536  -0.617   10
55269.707   40.045234056834   20.195798403222    5.2488    3.5178   0.418    3
55281.271    0.018409838703   -0.446000401411    0.2248    0.9756  -0.426   22
55285.208    0.508022181270   -0.447202799592    0.1770    0.4011  -0.148   14
55287.272    0.934983300205   -2.141999998173    0.4873    2.4479  -0.863   13
55295.271    0.341599558382    1.254196804013    0.3140    0.9708   0.237   28
55302.269   -0.136728856096   -0.077702401313    0.1743    0.4686  -0.217   22
55306.206   -0.053740253093    0.658897199202    0.7534    1.1360  -0.526    5
55309.271    0.305079120919    0.768398400908    0.1871    0.8022  -0.270   38
55316.269    0.370994034599   -0.383500795920    0.3703    0.5814  -0.395   38
55323.271    0.255347214698    0.373597204373    0.1909    0.5353  -0.105   39
55330.269   -0.183343198576    4.061296802860    0.4107    2.5634  -0.870   28
55337.271    0.491689553840   -1.415001600691    0.1712    0.5734  -0.289   54
55344.269    0.732339530429   -2.002600798789    0.2976    0.8628  -0.701   10
55349.207   -0.184679297322    1.063998003303    0.2381    0.6145  -0.444    9
55351.271   -0.362977340855   -0.066700801682    0.5140    0.6578  -0.106   14
55358.269   -2.319046563712   -1.605103199154    0.3440    0.6010  -0.138   33
55362.207   -0.065170256856    0.022899602214    0.1803    0.4325  -0.246   24
55365.271    0.552705388150   -1.661101195793    1.1103    4.2575  -0.957   10
55371.250   -0.281474456569    0.231199200584    0.1341    0.3747  -0.399  150
55372.269   -0.954576022753    0.499096802287    0.5169    3.4713  -0.268   17
55377.229   -0.232038245993   -0.020102396547    0.4156    1.0763   0.459    4
55379.271    0.343085277099    0.712497600119    0.3316    0.9191   0.574   14
55393.271   -1.313099650487    2.871900004209    0.4381    1.0397  -0.277   36
55397.209   -0.964819547741    2.888596798556    0.7564    1.6451  -0.395    6
55400.269   -0.164192247347    1.274997598699    0.2385    0.7736  -0.326   40
55407.271   -0.734712437347    2.326197602542    0.4838    3.2621  -0.449    7
55411.209   -0.492430615734   -0.258703196465    0.3132    0.6237  -0.397   13
55413.250   -0.324971134042   -0.282301196819    0.1321    0.3158  -0.284  127
55421.271    0.060869758636   -1.381701601133    0.1559    0.4600  -0.202   46
55432.207   -0.737235014869    1.642096800936    1.3461    3.9076  -0.886    6
55439.209   -6.903990930600   11.394597598269    2.4524    4.8740  -0.975    6
55449.271   -0.139401104222    1.015898399004    0.3489    1.0703   0.189   11
55454.228    0.061760491134    0.030196798662    0.0892    0.1843  -0.218  203
55456.269   -0.873073138467    2.200798800800    0.4042    1.1839   0.117   10
55467.209   -0.005194775014   -2.086502401255    0.4430    1.0701  -0.634   13
55470.269    0.354664951466   -1.732100395913    1.4855   10.1908  -0.905   11
55477.268    0.832102582814   -1.844301601039    0.3586    1.1436  -0.272    3
55482.206   -0.021228162502   -0.056001596960    0.2365    0.6614  -0.501   10
55483.229   -0.206206750399    0.791899199015    0.1120    0.4443  -0.155  207
55484.270    0.169094871013   -0.967302001698    0.2795    0.8729  -0.028   21
55488.207   -0.310719262182   -0.027899999111    0.3939    0.8855  -0.516    4
55505.271   -0.234411203543   -0.829202396346    0.4722    1.0364  -0.053    6
55512.270    0.747631754757   -2.881799995436    1.0171    8.5811  -0.954   11
55538.228   -0.107630126157    0.144698403659    0.1079    0.2109  -0.453  221
55544.207    0.053148811170    0.770896799196    0.1363    0.3626  -0.112   35
55547.271   -0.150385741736   -1.695200396057    0.6123    1.4288  -0.092   16
55551.209    0.135542427954   -0.490003199616    0.1146    0.2859  -0.071   52
55553.269    0.115500744227    0.910098000162    0.3559    0.6039  -0.018   43
55568.270    1.315330076661   -7.163402396060    0.9755    1.6245   0.465    6
55572.207   -0.606000224362   -0.115401595480    0.2320    0.3313   0.145   25
55575.272   -0.542607888204    0.683697604131    0.5983    0.9353  -0.520   18
55582.270   -0.354960647111   -0.548801995848    0.4029    0.6388   0.175   27
55586.207    0.286523155909    0.256399202669    0.2971    1.1846  -0.780    6
55596.270   -0.076899500561   -1.712401196841    0.5382    0.7187  -0.046   17
55600.207   -0.082838983032    0.044100000451    0.2683    0.6602  -0.060    7
55603.268   -0.013361139362    0.394498801626    0.5398    1.0956  -0.280   16
55607.209   -0.202344479201    1.305597601231    0.2816    0.5700  -0.231   20
55614.207   -0.058343586185   -0.575999996499    0.1973    0.3259   0.295   26
55628.207   -0.447002802662    0.265499999585    0.2465    0.4509  -0.065    9
55649.205    0.130197982335   -0.689399999487    0.2289    0.8029  -0.164   12
55650.228   -0.136429565521    0.080499600585    0.2105    0.3410  -0.348   25
55657.230    0.277466109697    0.083296799858    0.0781    0.1629  -0.074  138
55659.272    0.364313439601    2.858299203723    0.4688    1.1309  -0.051    9
55665.247   -0.072296167470    0.247096800621    0.1479    0.4748   0.032   16
55666.270   -1.526432362132   -2.224303199228    1.2316    1.6363  -0.044    6
55671.270   -0.060716543735    0.284799601502    0.1973    0.5323   0.168   44
55678.210   -0.069328223699    0.119397599008    0.2161    0.6299  -0.174   20
55680.270    1.157223387459   -0.708602399158    0.7260    0.7953  -0.272   10
55694.270    0.045281788030   -0.088001996090    0.3474    0.5994   0.255   29
55698.207    0.232187916597    1.825498798524    0.3030    1.0131   0.157   13
55701.272    0.055970679267    0.303897598286    0.3153    0.5499   0.356   38
55708.270   -1.158855232483    0.192297601842    4.5856    3.9997  -0.959    3
55733.209   -0.342190949672   -1.571702397030    0.2840    0.5530  -0.348   21
55734.228    0.264254640939    0.321498002620    0.2714    0.4443  -0.239   31
55736.270   -0.350802680268   -0.078703200757    0.5108    0.7654  -0.089   26
55741.230    0.054189163639   -0.306100795910    0.0775    0.2788  -0.206  299
55743.268   -1.930978839791    1.283299201305    1.3689    1.5993  -0.392    7
55755.230   -0.213183041041    0.595299598416    0.2652    0.4946  -0.269   18
55757.268    0.281474456569    0.676198802552    0.4765    0.7080  -0.630   42
55761.206   -0.281029090320   -0.351201595805    0.5039    0.6180   0.133   16
55763.247   -0.334619672809   -0.557600397855    0.3310    0.7447   0.034   24
55764.270   -2.420441511754   -0.394401599380    0.6886    0.9915  -0.081   25
55775.209   -0.119804786744    1.292497200467    0.4148    0.9930   0.610    9
55785.268    0.290827249059   -0.017600397939    1.1853    0.8483  -0.224   18
55791.251    0.505645679422   -3.739003199854    0.7508    1.8847  -0.038   23
55796.208    1.148315961218    0.704599201384    0.7114    0.6826   0.084    8
55799.268    6.536709547228   -6.185203197617    5.8794    4.4234  -0.912    3
55806.270    0.213778077894    0.794898003420    0.6593    0.6328  -0.561   12
55811.208    0.510694429395    0.357998398925    0.4958    1.0914  -0.386    3
55813.272   -0.266477927886    0.197697602289    0.3000    0.5985  -0.014   38
55819.500    0.048545427446   -0.600300001707    0.3936    0.5847  -0.647    5
55820.497    0.269748706528   -1.137599998202    0.6495    1.2499  -0.919    9
55821.498    0.045873229953   -0.773402398124    0.2041    0.4766  -0.362    8
55822.498    0.943890726446   -1.100602796100    0.5685    0.6532  -0.637   10
55824.500    0.797363660979   -0.769903200393    0.5049    0.6493  -0.690   10
55825.497   -0.087884138075   -0.321602399111    0.1833    0.3355  -0.158   15
55826.498    0.039638001204   -1.157702401144    0.2749    0.5755  -0.705    7
55827.499   -0.129303654908    0.042598801286    0.1245    0.2885  -0.132   21
55828.499   -0.262619200985    0.283597203321    0.2896    0.5764  -0.159    3
55829.500    0.031920648668    0.274197599026    0.2210    0.4106  -0.182   16
55830.501    0.071409029902    0.077299203838    0.3162    0.3760  -0.387    8
55831.498   -0.139101813647   -0.501202797665    0.1915    0.2483  -0.020   23
55832.499   -0.216746021665    1.373997600496    0.2302    0.9599  -0.560    4
55833.500    0.045281788030   -0.140101197843    0.1843    0.6062  -0.084   10
55841.272   -0.605704478084   -0.067201201404    0.3124    0.5933   0.066   18
55845.206    0.000595036853   -0.426401998510    1.1044    1.5080  -0.839    5
55852.208   -0.421616622684    0.958798800355    0.2261    0.4929   0.260   11
55853.271   -0.842492183475    0.665697602642    0.4404    0.6738  -0.432   25
55859.206    0.428596508257    0.684097201287    0.7183    1.9549   0.821    5
55861.251   -0.063538411832    0.404798402798    0.9281    0.6732   0.086   11
55880.208   -0.058935028107    0.242596803446    0.1495    0.3394  -0.275   16
55882.250    0.382277912055   -0.076100399582    4.9531   10.9997  -0.939    3
55887.206   -0.192991686711   -0.056001596960    0.3117    0.4864   0.115   17
55889.295    4.073362799925   -4.802601599607    0.8332    0.7405  -0.073   14
55895.231   -1.101402378796    0.330796804349    0.3836    0.4849  -0.340   18
55901.206    0.319925978998    0.498398404147    0.1944    0.3900  -0.193   22
55902.229   -0.453979093305   -0.392500796664    0.2381    0.4249  -0.185   21
55904.270    0.377083137040   -0.861299997723    0.2831    0.8716  -0.076    6
55911.269   -0.410632035803   -0.298702796897    0.3003    0.7403   0.164   14
55925.269   -0.193736343535    0.660398398367    0.2009    0.4448  -0.107   32
55932.271    0.167758772267   -0.031499999409    0.5860    0.7512  -0.364    8
55950.208   -0.592343389355    0.527399998873    0.4915    0.7446  -0.002    3
55951.227    0.262918542193    0.512100000805    0.2407    0.7096   0.012    7
55953.269   -0.045427813072   -0.451000798307    0.6206    0.9771  -0.739   26
55957.210    0.235750897220   -1.037502001111    0.2120    0.6677  -0.455   15
55960.271   -0.251039577251    0.431697602465    0.2540    0.4345  -0.126   59
55964.208    0.287709634685   -0.917999999217    0.1380    0.3828  -0.295   18
55971.206    0.513662373166   -0.281203201524    0.5596    0.4185  -0.622   18
55992.208    0.294244154008   -0.829702796068    0.2622    0.6872  -0.586   19
55995.273   -0.078531345585   -1.020200397761    0.9392    0.7940   0.179    5
56000.207    0.672510174894   -0.970001998724    0.4736    0.9573  -0.344    9
56009.273    0.298993562774    0.487598403254    0.2168    0.5026   0.177   19
56013.206   -0.079867494965   -0.299602800169    0.1751    0.3336  -0.436   42
56016.271   10.481509804771   11.748797998479   16.9812   19.0105   0.997    3
56020.208   -0.625596541840   -0.063302400122    0.2623    0.4898  -0.367   19
56021.249   -0.028799439364   -0.400402795719    0.1718    0.4317  -0.550   29
56030.271   -0.012915773113   -0.075700796032    0.1881    0.4429  -0.138   56
56034.208    0.171913194813   -0.703303201277    0.3562    0.3934  -0.334   10
56036.250   -0.419685537718    0.463500003178    0.1814    0.2316  -0.159  201
56037.269   -1.198938599936   -1.026702000217    1.1696    1.1369   0.328    3
56041.206    0.006680594997   -0.249299998245    0.1823    0.3534   0.051   29
56044.267   -0.104512511783    0.706399201533    0.3101    0.5140   0.087   37
56055.206   -0.494062460758    0.239198401886    0.2405    0.3295  -0.485   69
56058.267   -0.076158438667    0.185598000968    0.1203    0.2965  -0.244   86
56062.208    0.030730625596   -0.126100800202    0.2890    0.4749   0.103    8
56065.269    0.035038212410   -0.053301599934    0.4045    0.9892  -0.530   16
56072.271   -0.406623688931   -0.451101600873    0.4523    0.6307   0.150   11
56077.209    0.233078649094    1.103097600463    0.2556    0.5368   0.185    9
56078.250    1.050630120106    0.135198003193    0.4102    0.6402   0.276   14
56084.207    0.254901848449    1.804499999025    0.3352    0.7096   0.257    4
56085.252   -1.444929477847   -2.094703201294    2.1428    6.2146   0.740   18
56086.271    0.163750425395   -1.716101999705    0.3993    0.5888  -0.392   14
56093.269   -0.286669231583    0.586998002206    0.5402    0.6032  -0.429   14
56098.251    0.335959366486    0.768499203474    0.4635    0.6364  -0.079    9
56100.271    0.000000000000   -0.251701200682    0.4557    0.5247  -0.135   27
56107.273    0.557604467520    0.704397602647    0.2059    0.3800   0.040   37
56121.269   -0.594570220599    0.700599603931    1.5499    1.5739  -0.830    9
56125.207   -0.105848610529   -0.464202001638    0.2229    0.5084  -0.309   14
56132.208   -0.045128522497    0.000000000000    0.1671    0.3601  -0.044   22
56149.269   -0.730554470504    1.874397603530    1.9478    1.4884  -0.725    3
56153.207   -0.027463340618    1.477598402033    0.3483    1.0481   0.164    9
56160.208   -0.384946565250    0.318898801765    0.2150    0.4457  -0.035   26
56162.250    0.276874667774   -0.998503200123    0.1164    0.3376  -0.044  220
56163.269   -0.092191775522    0.504698401471    0.2370    0.6243  -0.050   22
56177.273   -0.141923681743   -0.844700399227    0.6458    0.9783  -0.384   12
56184.271    2.966915266085   -3.366100799695    1.2845    1.6524  -0.821   13
56188.209    0.428446888286    0.911498403156    0.3086    0.6934  -0.440    9
56191.269    0.309532834039   -2.604700800646    0.7503    1.2760  -0.141    5
56195.207   -0.122623110543    0.408798000251    0.1532    0.3663  -0.298   50
56198.271   -0.879903353436    0.352998002029    0.4095    0.7262   0.037   13
56205.269   -0.187055799170    0.005400000447    0.1846    0.4827  -0.253   39
56210.186   -2.222251455098   -0.227102400885    0.9573    2.4871  -0.306   20
56211.208    0.146676685439   -0.325702799131    0.6107    0.6643  -0.706   15
56212.271    0.115055377978    0.187498803683    0.1992    0.4861  -0.142   24
56230.209    0.354069914613   -1.453201200974    0.2687    0.4087   0.046   13
56233.269    1.677862051267    0.171298802343    1.0154    0.6217   0.035    6
56237.207   -0.018705584980    0.253299602093    0.7070    0.9734   0.101   11
56258.205    0.498965135057   -0.007300796767    0.3344    0.4614  -0.718   37
56261.269   -0.105848610529    0.711197999692    0.3133    0.5335  -0.118   16
56265.207    0.087146620479    0.447796801240    0.1685    0.4181  -0.036   21
56274.250    1.538311276441    0.646297204554    2.8509    1.8687   0.241    3
56275.270   -0.339518752179   -0.139100398400    0.2192    0.5136  -0.112   62
56282.271    0.486345108222   -0.039103197480    0.3470    0.5526   0.206   13
56289.273   -0.032212800016   -0.125002798512    0.1480    0.3659  -0.171   60
56295.209   -0.333582864638    1.364799601333    0.4122    0.6766  -0.637    8
56296.271    0.451014693831   -0.810500396398    0.4989    0.4454  -0.348   21
56300.209   -0.266777218461    0.055598399484    0.2983    0.5651   0.509   12
56303.270    0.269449415953   -0.232002001610    0.3775    0.4475  -0.236   35
56308.208   -0.154394088608   -0.582001199234    0.1964    0.3944   0.320   17
56310.271   -0.830467193492    0.331898399963    2.5087    1.5976  -0.803    3
56315.210    0.313245434634   -0.829000797609    0.5083    0.5702   0.516   19
56321.207   -0.091596789302   -0.332200801267    0.1977    0.3772   0.267   34
56322.230    1.619222718804   -1.529503199293    0.4642    0.7286  -0.547    9
56324.271   -1.255055354877    0.795398403142    1.2280    0.8988  -0.767    7
56331.270    0.169390617291   -1.506401998341    1.3251    1.0418  -0.061    4
56338.271   -0.039784076878   -0.768200396095    0.1617    0.3939   0.104   35
56343.228  -30.156213666459  -10.170302398649   49.9625   32.5958  -0.480    3
56345.270   -2.108532175867    1.255298399627    2.3480    2.0440   0.582    4
56349.207   -0.152167206731    1.029697204302    0.2890    0.7732  -0.569    6
56352.272   -0.273603838499    0.754797600422    0.5488    0.6719  -0.569   16
56364.208    0.073040824293   -1.747400400376    0.2631    1.0639  -0.432    6
56370.209   -0.434236700153    1.330200001348    0.3222    0.7366  -0.479    9
56373.270    0.178447663504    0.915897604159    0.1579    0.4114  -0.028   57
56377.207   -0.009498868164    0.741297602502    0.2748    0.4942  -0.431   16
56385.206    0.413899270148   -0.661701599114    0.4239    0.6042  -0.739   28
56391.207   -0.061906566808    0.069498000954    0.3845    0.4837  -0.807   44
56393.249   -0.288600367182   -0.169801197103    0.1563    0.3009  -0.189   95
56394.272    0.278356842195   -0.853603197726    0.4351    0.7478   0.313   10
56401.270    0.159296712274    1.116496802211    0.3411    0.7320  -0.294   19
56412.209   -0.479365222649    0.580399203898    0.3628    0.4319  -0.704   33
56426.209   -0.209769731022   -0.674701197312    0.8758    1.1147  -0.853   18
56429.270    1.010845992595   -1.374703199275    0.4728    0.8425   0.003   13
56436.268   -3.094583481039    1.237597199122    1.4276    1.7959  -0.801    5
56463.249    0.876935409665    0.879598800196    0.4183    1.2679   0.097  184
56464.272    0.617879189303    0.408398403096    0.3494    0.9057  -0.455    8
56468.206    1.044989928210    0.229597198853    0.3010    0.5657  -0.069   19
56471.270   -0.662266599274    0.160696799867    0.2071    0.5201  -0.313   36
56475.207    0.127080367961    0.023400001936    1.0446    1.4264  -0.945   24
56492.272   -0.493766765113   -0.312800396784    0.2837    0.8867  -0.148   12
56513.270    0.967940757045   -2.556403197929    0.7521    0.9387  -0.586   16
56562.272    0.234860164722    0.888299999957    0.8133    1.2346   0.768    7
56604.272   -2.009659855980    1.915199998592    0.9974    0.9537  -0.755   16
56618.272   -1.098876206344   -0.515102399135    0.8997    1.0131  -0.516   10
56623.272   15.853870003294  -17.949502799297    1.2965    1.4445  -0.699    4
56626.286    0.339076930227    0.112899603266    0.3198    1.0490  -0.151    9
56628.225   -0.774795804800   -3.874701596374    0.8833    4.2915   0.703    4
56632.269   -0.951312383338    1.423800002698    0.3645    1.0784  -0.093    9
56632.269   -0.458432806425    0.294098403231    0.2405    0.6834   0.127    9
56634.263    0.103180007966   -0.264301201724    0.3284    0.8597  -0.043   12
56636.257    0.747332464182   -0.462103200505    0.3378    0.9612  -0.118    9
56638.251   -0.150535361707   -1.885402797086    0.3471    1.1458  -0.092    7
56638.251   -0.282511264740   -0.231800396477    0.1368    0.3294  -0.253  158
56639.270   -1.421919799717   -1.252601996526    0.6877    1.0055   0.748    6
56641.243    0.395639051417   -1.533700801559    0.4096    1.0639  -0.098    8
56644.227    1.263221668592  -17.447702399664   37.0723   71.7596  -0.070    3
56645.250   -0.004599788795    0.537897598463    0.1144    0.3336  -0.375   38
56646.272   -0.133312001780    0.470098801486    0.2885    0.4254  -0.545   36
56650.206   -0.176812274182   -0.449701197880    0.5837    1.2838  -0.866    5
56653.270    0.035184338717   -0.158400000316    0.2192    0.5682  -0.219   21
56661.920    0.539643539363    0.905896803971    0.2548    0.5216  -0.163   25
56664.210   -0.317549477150   -0.215600401532    0.2499    0.5310  -0.466   10
56666.248   -0.691066089271   -0.444401999999    0.4541    0.8059  -0.033   30
56679.207    2.663913356439   -1.017500400735    6.5673    1.9273  -0.832    3
56688.269    1.193448078644   -1.350201601724    0.6515    0.7551  -0.402   10
56695.271   -0.135838123599   -0.271601998492    0.1629    0.3616  -0.022   73
56702.265   -0.400684206460   -0.152902797623    0.2796    0.7785   0.180    6
56728.209    0.169835983540   -0.732401998249    0.8221    0.9992  -0.371    3
56748.206    1.776289055538   -0.974401199727    0.9081    0.5234  -0.544    9
56751.271    0.369362189574    0.278798398767    0.2419    0.5660  -0.053   28
56756.227   -1.543801797733   -1.618102797352    3.7354    5.5658  -0.808    3
56800.269    1.283858389171    0.086896800156    1.9724    1.0639   0.451    4
56817.881    0.577945441821    1.733598001152    0.5367    0.4208   0.123   28
56828.269    0.933796821430   -2.548101601718    2.2495    3.1799  -0.957    4
56835.271    0.324974728971   -0.249299998245    0.4676    1.4994   0.302    3
56840.253   -1.138813548756    0.906897603414    1.0978    1.4393   0.520    5
56891.271    0.558495200017   -1.185800398673    0.4647    1.0932  -0.119   17
56904.248    0.301220444651   -0.209501996551    0.1065    0.2189  -0.417  191
56910.227  -20.899178312206   35.870698801688    3.0217    4.5166  -0.721    4
56912.269    0.440176182624    0.838799999059    0.3690    0.9050   0.246   12
56940.273    0.171172082286    0.410799599138    0.2764    0.5889  -0.327   38
56947.271   -3.281047838287    3.717900003863    3.8599    4.2839  -0.944    3
56975.271    0.127080367961    1.214999998211    0.2251    0.7760  -0.112   18
56996.269    0.047063253026   -0.235202398358    0.1652    0.4203   0.282   26
57007.209   -0.937801573372    1.101196804143    2.3895    1.4619  -0.562    7
57015.270   -0.762029702291   -4.966401600370    0.2040    0.4628  -0.040   15
57038.269   -0.088033808679    0.403200001386    0.2877    0.3401   0.270   29
57043.208    0.977738915784   -0.645102000618    0.3768    0.3687   0.102   32
57045.271   -0.105403244280    0.351298804446    0.2439    0.7536   0.121    4
57049.209   -0.180375254805    3.084098403860    1.7510    1.9275   0.342    6
57056.207   -2.083890703345   -1.867701596581    0.9034    0.9061  -0.459    7
57059.271   -0.663157331771    0.065998803223    1.1767    1.7107  -0.850    7
57077.209   -0.297653869098    1.596398399073    0.9435    1.0032  -0.647    5
57092.232    0.066360279929    0.210599998240    0.3196    0.5008  -0.037   47
57098.207   -0.947004745891    2.132197202798    0.5138    0.8750  -0.604    8
57112.207    1.198493233688    0.056199601772    0.4925    0.4920   0.051   24
57114.274   -0.079721368658   -0.317300400354    0.1973    0.5506  -0.199   40
57122.270    0.138809662299    0.829799998314    0.1741    0.5035   0.052   19
57133.209   -0.065765243076   -0.408401997021    0.5546    0.5398  -0.608   22
57140.207   -5.156059593740    0.192600003146    0.3969    0.4293   0.208   33
57183.208   -0.559681628160   -0.217702796590    0.3161    0.4344  -0.024   27
57199.272    0.343976009597   -0.241001995960    0.3499    0.4863  -0.538   36
57204.363   24.699681930455   19.916899201888   20.8933   20.7654   0.987    5
57205.269   -0.133461621751   -0.265903197061    0.2049    0.4270  -0.072   26
57210.207   -0.852290342214   -2.074701600918    0.3909    0.5127  -0.441   33
57217.209    0.514403485692    0.022499998664    0.9090    0.7295  -0.470   30
57219.251    0.001485769350    0.512499604355    0.2014    0.3117  -0.419  143
57246.206    3.966919152543    1.464699600007    0.5255    1.0508  -0.220   24
57248.270    0.220757912834    0.021196804312    0.2952    0.9691  -0.637   24
57255.272    1.900843251047    3.153297603831    0.2406    0.8069  -0.362   32
57260.228   -1.778811582427   -0.792302396491    0.6416    4.2900   0.026    5
57267.230  -12.698712509896   42.534698400232    3.3737    7.4711  -0.802    8
57287.206    1.701466715617   -2.703902401180    0.3883    0.4510  -0.470   19
57290.270    0.077494537414   -1.290103198670    0.2024    0.4082  -0.138   52
57301.209    6.784335814460    0.851997602069    1.3465    0.7983  -0.064    6
57303.247   91.495823315597 -136.200902396411    4.3274    6.5699  -0.991    3
57304.241    0.944040346417   -1.904803201569    0.3044    0.3802  -0.623   33
57311.272    2.261002268103  -11.350000798416    1.8977    3.2473  -0.921    4
57315.209   -1.157519133737    1.743598801340    0.5285    0.7352  -0.395   25
57318.270   -2.893275810010   -5.766400796858    2.6895    1.8176  -0.054   10
57339.268   -0.517966415682    1.704600000352    0.1819    0.3469  -0.361   27
57343.209    0.972839836414    1.296097200765    0.2809    0.3762  -0.205   17
57346.270    5.548730701386   -1.209502795518    0.3638    0.3731   0.059   23
57351.270   -0.242873263536    0.777099600668    0.1007    0.3199  -0.461   24
57352.290   -1.088041239434   -2.552702401459    1.2008    0.7676  -0.680    8
57359.251   -0.669688256165    5.089798803226    0.1283    0.2447  -0.601   99
57367.268   -0.244209362282    0.461898001447    0.1998    0.5230  -0.367   19
57371.209   -0.391035718325   -0.768801598383    0.3584    0.3683  -0.505   41
57372.225    1.177115451215   -1.008802801294    2.4097    4.2452  -0.751    9
57373.248   -0.714375007343    1.020099601590    0.8757    1.7705  -0.560   67
57374.270   -0.174585392306    2.339398799478    0.2981    0.9882  -0.334   12
57378.208    0.093082558653    2.641597200181    0.5685    0.7177  -0.643   24
57385.209   -2.368183483714    2.007597601761    1.7356    1.0529  -0.707    6
57386.269    0.178743409781    0.330897600520    0.1352    0.2936  -0.264   51
57395.272   32.099666508044  -30.811701599731    8.0864    6.4673  -0.963    3
57406.208    1.177115451215  -11.386400398550    1.3107   10.2832   0.435    6
57409.269    0.286523155909   -0.134100001503    0.5449    0.7627  -0.588   12
57414.207   -0.685126606800    0.107298004082    0.3273    0.3665  -0.096   42
57416.270    2.667625957034   -2.012101199256    0.3041    0.3210  -0.488   49
57427.206   -2.344578819364    2.136697199973    0.5365    0.5998  -0.527   20
57437.269    0.820227212802   -3.338200800584    2.5517    4.4508  -0.977    4
57441.206    4.640765375550    9.240098401619    0.6096    1.3422   0.806    4
57443.251    4.787887477871   -4.569501596308    0.2448    0.3577  -0.152   35
57444.270   -5.387798549158    5.894197200718    2.1809    1.8069  -0.801    3
57451.269    2.374272586156   -0.483202796175    3.0226    4.6066  -0.974    4
57458.270   -9.077251592003   19.026698399216    3.9248    6.9681  -0.983    3
57471.270  -12.386507427731   -9.446400001423    0.3533    2.3567  -0.302    6
57479.269   -1.890599726060    2.540296798514    0.4389    0.7043  -0.607   18
57483.206   -1.854225364270   -0.404002796017    0.4696    0.4249  -0.035   29
57485.251    1.058946053792    2.429197201792    0.4458    1.8252  -0.533   28
57486.271    0.834625160335    0.359100000935    0.2508    0.3372  -0.422   35
57493.269   -0.497479365707   -4.179103201096    0.1641    0.3901  -0.199   48
57497.206    5.016362743241    0.014198402454    0.7589    0.8036   0.028   12
57500.271    0.199230459757    5.251298404119    0.1809    0.4429   0.147   42
57507.269    1.312062842316   -0.773200799387    0.1321    0.3230  -0.213  113
57512.207    0.244212957212   -5.581800001409    0.3912    0.7251  -0.053   16
57521.269    1.610760709445    3.638296799835    0.7858    1.0068   0.087    5
57528.271   -1.928456262269    0.684698403575    0.4234    0.5207  -0.237   35
57532.208    2.202509061947   -0.021401996975    2.0632    4.0800   0.750    9
57535.269   -1.429786873489    0.950799599053    2.3105    2.3016  -0.815    4
57547.209    2.318455121790   -5.414101199364    1.6576    2.9219  -0.887   13
57549.269   -4.775712766651   -2.034302396936    0.9822    1.0887  -0.592    5
57563.269   -1.562507382714   -0.590803201561    0.2226    0.5348  -0.074   38
57570.271   -0.218527486660    3.205396799189    0.1179    0.2966  -0.217  113
57574.208   -6.287152195030    2.340399598921    3.8972    1.2590   0.166    6
57581.206   -1.973734455369   -2.856200396195    0.7952    0.6375  -0.364   38
57584.271   -1.478332300935    2.349899999388    0.3054    0.5583  -0.413   13
57591.269    4.084646728014   -2.836101599968    2.4637    1.9277   0.866   10
57595.206    0.679340389863    1.323399604303    0.8579    1.4349   0.735   18
57605.269    2.793516301922  -57.788600400954    0.8922    5.1925  -0.874    7
57609.206   -0.299585004697    0.038498401267    0.4072    1.7490   0.738   15
57618.228 -207.022374228151  -39.749601600647   19.0571    3.9369   0.925    3
57624.229   -1.355263824143   -3.711502797898    1.6266    2.6736   0.592   10
57626.271   -1.372187893495    4.370997599068    0.5791    0.8341   0.155   12
57638.207   -3.662876839795    0.576698401034    0.4027    0.3982  -0.153   43
57639.230    6.219605436327  -21.849202799018    1.6157    2.7469  -0.732    5
57646.250   -0.344863197797    0.397699198373    0.1109    0.2258  -0.496  163
57647.269   -0.335364329633    1.025398799470    0.1675    0.4346   0.129   51
57651.206   -1.996598007193   -4.587501597797    0.4185    0.5072  -0.046   32
57660.250   -0.562503496256    6.197097599880    2.0916    6.7690  -0.491    6
57661.269   -1.924743611042   -5.298501599071    0.1849    0.4946  -0.224   54
57667.230    4.618496860580   -0.097300797819    1.1902    1.0838   0.184    6
57668.271   -3.032085472309   12.013898400909    2.0634    3.2802  -0.967   18
57673.209   -0.295131291576   -2.846800798295    0.6441    0.9493  -0.500   26
57675.269   -0.186460762317   -2.402701199600    0.2006    0.5758   0.008   24
57680.229    1.176969375541    0.219099599263    1.1676    3.6021   0.754    4
57686.208    0.473728625683   -5.354600398277    0.7806    0.6227   0.091   24
57689.269   -0.175921541685    0.408398403096    0.7523    0.9782  -0.773   11
57696.271    1.269456897341   -0.440200797414    0.7148    0.3965  -0.537   11
57703.269    6.526615692844   -0.044301599189    0.6932    0.3530  -0.348   17
57707.207    8.797412575389  -39.333103200079    8.1029   17.3408  -0.099    8
57710.267    0.035779324936   -2.041603200098    0.1739    0.4282  -0.158   49
57715.271   -1.252383106752    0.810597598644    0.2339    0.8746  -0.223   15
57724.271   -3.040843227946   -1.101401996806    0.3507    0.4571  -0.285   22
57728.208    1.755801954929   -1.072303199834    0.3784    0.7650  -0.113    5
57737.270    0.978333902004    0.205099201622    0.4908    0.7362   0.496    8
57744.272   -0.506832158197   -1.408903195710    0.1704    0.6676  -0.479   36
57750.207   -0.368913228396    0.191699999874    0.2961    1.0165   0.262    9
57752.271    1.055678819447   -2.363900397029    0.3539    2.4576  -0.399    3
57770.475   -0.316658744653    0.408898802817    0.2035    0.4120  -0.465   45
57771.209   -0.844868685323    1.516197599472    0.4478    0.5961  -0.025   10
57777.207  572.924905617515 -560.970201599531    0.2464    0.2882   0.351   42
57780.271 1182.448169816909 1220.307300003043    0.2088    0.4003  -0.525   44
57784.209-1940.074939347013******************    0.5054    0.5031  -0.021   36
57787.269 1352.790091136972-1304.824100396473    0.1262    0.4353  -0.319   44
57793.249   -0.418499058943    2.162700003083    0.4401    1.0291   0.023  112
57801.269   -1.171621334992    0.030398403794    0.2655    0.3809  -0.202   36
57804.381   -0.407514421429    0.373197600823    0.1622    0.2805  -0.182   75
57806.208   -0.659149035532    0.559396804078    0.7852    1.2779  -0.248   19
57815.269  -26.917030711254  -24.226902001345    4.3464    4.1001   0.736    3
57843.270  -23.843229975835   -2.055200400264    0.4509    0.6136   0.178   16
57850.271    1.130055793119    0.383299203577    0.1843    0.2480  -0.271   57
57864.271    1.997043373441   -4.183801196689    0.3523    0.4151  -0.339   38
57868.209   -0.032362419987   -1.176101999789    0.5084    0.6399  -0.253   22
57870.247    3.214687608991    9.307998001162    0.4320    0.5769  -0.044   36
57878.271    1.603780823872    0.902700001149    0.1744    0.4192  -0.225   55
57885.270   -1.047808201377    2.663398800706    0.1756    0.4332  -0.095   50
57892.271    1.729525093087    3.943497598868    0.1797    0.4774  -0.072   36
57896.209   -0.819628631652    1.499198403820    0.5624    0.7966  -0.604   26
57899.270    2.281934734960   -1.690300801727    1.2924    1.7090  -0.911   15
57904.690    1.158559536838    2.819998800874    0.5844    0.9879   0.743    6
57906.271   -0.027759086896    1.441699201621    0.4474    0.6104  -0.469   16
57913.270   -1.723881306261    0.691099203465    0.7523    1.0132  -0.663   13
57917.207    9.379957755372   -7.447201198119    0.7983    0.9653  -0.817   13
57927.270    0.592197313681   -0.614800799070    0.1819    0.5774  -0.229   48
57931.207   22.661219040181    2.620396801944    0.9047    0.9816   0.279   19
57941.270   -1.524059404582   -3.717701999051    0.1562    0.4807  -0.102   80
57945.207    8.791922003464    0.452998803269    0.9259    0.9374  -0.346   31
57948.268   -1.735165234350    2.562598798761    0.2451    0.6846  -0.383   23
57952.187   -0.173694659808    0.282499201631    0.1375    0.3823  -0.124  167
57954.251   -0.308492430938   -2.455700398230    3.6180    3.5043   0.141    4
57959.207    5.755828184283    9.026697603787    1.2419    1.4254  -0.270   16
57973.207   -0.305969853416   -0.169102798964    0.1851    0.6049  -0.129   48
57980.209  -20.247009162246   58.326098402262    1.7051    4.9129  -0.827    7
57983.270   -1.387180877882   -9.835801197511    0.3002    0.7526  -0.014   19
57987.207    7.053934901017    6.772597203053    0.2791    1.1939   0.224    9
57990.272   -0.057153563112    1.938600000528    0.2299    0.8101  -0.388   25
57997.270    0.550777796848   -4.040002796302    0.1777    0.6089  -0.454   43
58004.268    2.432470096667   -2.859101998354    0.1994    0.3356  -0.507   44
58008.209   -0.468380585135   -1.032001198098    0.4764    0.6125  -0.301   22
58009.228    4.933078393960    3.136697998940    1.8228    3.9402   0.013    6
58015.207    3.367895218823   -3.592400399555    0.7043    0.7982  -0.062    9
58018.268    4.318466489634   -7.198801196751    0.4267    0.5824  -0.506   28
58022.209   -0.085956597406   10.736697598190    0.9385    1.2392  -0.882   24
58022.797   -0.899649341517   -1.366001999514    0.6593    1.8611  -0.500   28
58025.270   -2.476558266695   -1.249102798795    0.2197    0.3020   0.139   72
58029.207   -3.032381218586   -2.567001600084    0.8382    0.5583  -0.454   17
58032.268   -0.528505686948   -0.705103201426    0.1414    0.3072  -0.123   49
58037.206   -0.578091517495    1.094997602991    0.5433    0.5560  -0.284   13
58038.229   18.317662167479  -65.407600801137    5.7370   22.1958  -0.992    3
58043.207   -0.148753896712    1.433797202566    0.5677    0.4947  -0.524   13
58046.268   -1.820972211786   -1.939201196421    1.0165    1.0933  -0.800   11
58071.207    1.237240553027    1.246798798604    0.7290    0.8423  -0.268    4
58074.272    4.035951629964   -3.969302397167    0.9277    1.3985  -0.723   18
58079.272    1.715868207447    2.943097202746    1.3683    1.3052  -0.883   13
58081.000    0.673254831718   -0.566200801444    0.8735    1.6865  -0.246   42
58085.500    1.368329217227   -0.651401997942    0.0858    0.2229  -0.230  110
58086.497    0.055525313018    1.572199202826    0.0922    0.1690  -0.160  163
58088.498   -0.504305985746    2.571699602072    0.1360    0.2889  -0.527   99
58090.496   -0.495252483830    0.978300001009    0.1151    0.2988  -0.755  121
58093.499   -0.463481505766    0.693698404319    0.0610    0.1779  -0.424  139
58095.497   -0.004154422546   -0.289601999981    0.0936    0.1743  -0.157  128
58096.497    0.342639910850   -0.467503200952    0.0540    0.1554  -0.478  124
58097.498   -0.116387881795   -0.098200801091    0.1081    0.1624  -0.368  126
58098.499    0.063392336158    0.695498404468    0.0731    0.1570  -0.439  143
58099.496   -0.088479174928   -0.825300001139    0.0714    0.2249  -0.483   98
58102.268   -6.558678822257    5.034099601176    1.2999    0.8620  -0.523   12
58109.000    0.073486241175   -3.872699997487    1.1030    2.1468  -0.517   33
58116.268   -1.830175333672   -2.413702799231    0.4475    1.2678   0.023    6
58123.270    4.480581475075    2.974798800892    1.7750    1.1594  -0.504    6
58127.208    8.378763845842   -8.421703200412    3.5621    2.2624  -0.840    3
58137.270   -1.142226858776    2.908396800194    0.5887    0.8428   0.255   14
58143.856   -1.361499002259    2.493198000053    0.2841    0.5536  -0.435   28
58144.268  -11.990868376315   25.404199198675    0.3793    0.3931  -0.174   41
58149.228    1.477295492764    1.968098401051    0.9641    0.8787   0.513    7
58159.408    0.358968993983   -0.161801995802    0.1787    0.3622  -0.241   53
58162.206   -3.233838509587    2.313698404066    0.5418    0.6238  -0.818   34
58163.229    3.665256936573   -2.677100397364    5.4880    8.9400  -0.980   10
58165.270    1.918066661607    3.935199602978    0.9014    1.0284   0.546    4
58169.208   -0.294090888475    0.126900000907    0.6446    0.5648   0.024   19
58170.227   -3.294854343897    6.041098802001    4.0552    6.5098  -0.924    6
58170.230   -2.854232845658   -0.811202401252    0.1609    0.3363  -0.194  129
58186.272   -1.844726496106   -1.196002797599    1.3252    1.6568  -0.895    6
58197.208   -0.274793861572   -2.711001599209    0.3657    0.4312  -0.119   28
58213.231   -0.277466109697    0.287697603341    0.1068    0.2091  -0.146  204
58214.269   -0.779694884170    1.004097598667    0.5798    1.0436   0.382    8
58216.836   -2.044844144064    2.628597601984    0.1307    0.2622  -0.109  126
58232.210   -2.478785097939    1.641398402796    0.6856    0.5020  -0.613   34
58235.270    3.431583250626   -5.502103195454    0.6398    0.7933  -0.562   20
58238.207   -0.542461812530    1.622898001585    0.1546    0.3074  -0.096   63
58241.209   -1.303005796103    0.339199203125    0.5452    0.5849  -0.236   25
58246.082   -0.221794721005   -0.341999996323    0.1202    0.5258  -0.105   84
58249.270    0.000149670604    0.015098399331    0.1229    0.3217   0.128   70
58256.272    0.246735534734    2.951398798956    0.4337    1.2460   0.303    4
58258.146    0.807161819717    4.863196802063    0.2103    0.2937   0.111  108
58268.209    0.077939903663    1.608397204222    1.3068    0.7877   0.124   10
58291.271    3.786989263986   -1.082800799423    0.1573    0.3163  -0.122   95
58298.269   -0.921027123990    1.859597998788    0.3195    0.8760  -0.028   22
58302.210   -0.367131763401    0.022899602214    0.9545    1.0433  -0.213    7
58304.233    0.057007487438    0.201398398758    0.2114    1.0383  -0.098   27
58305.271    1.277623211055    0.184698004091    8.5898   17.5529  -0.995    7
58323.208   -3.147286925961    0.309797998455    0.9531    0.9694   0.180    6
58332.248   -2.608388043421   -1.742399997084    1.2305    1.7318   0.364    6
58333.271    1.136736337483   -4.007800798433    1.2787    1.8625  -0.537    9
58340.269   -1.251047008005    3.965997603927    0.6826    1.5861  -0.012   17
58347.271    0.347538990220   -1.396601995651    0.2774    0.8338  -0.489   39
58352.231    0.622927888644   -0.409402796464    0.1597    0.4600  -0.441  166
58366.227   -3.496607381176    4.446097199207    1.4579    2.2694   0.113    6
58368.269   -0.028058377470   -0.170402399391    0.1746    0.3974  -0.326  135
58375.271    7.850108538923  -15.899000401021    0.7698    1.0910  -0.672   28
58389.271    6.762811956313    0.304999200296    4.0565    2.5093  -0.132    6
58396.269   -0.513067336313    0.407998799545    0.4857    0.6923  -0.763   41
58401.229    0.335809695882   -1.286100000897    0.1684    0.6428  -0.253   28
58421.208   -1.083733601987   -0.263102397469    0.6030    0.7217  -0.056   11
58428.206    0.643265318648   -0.621601196116    1.0560    0.8204  -0.415    6
58436.227   -0.882279855283    0.206197203312    0.2901    0.6091   0.077   70
58452.269    0.487235840719   -0.249299998245    0.3778    0.4087  -0.500   51
58459.271   -0.532959400069    0.268498803990    0.4139    0.6233   0.287   18
58463.208    0.841605045908   -0.621500399944    1.3956    0.8138  -0.257   10
58464.227   -0.277761805342   -1.052701196613    0.1138    0.6281  -0.114  125
58465.250    1.079728850045   -8.334100801477    2.7112    3.5090  -0.282    3
58473.271   -0.195368188559    1.313100003131    0.2508    0.4955  -0.040   17
58481.840   -3.752396417825   -0.183801601139    0.2303    0.4455  -0.148   64
58498.207    1.861504540418   -2.463299995981    1.2137    1.3794  -0.894    8
58501.271   -0.759653200443    1.033797604322    0.2427    0.4486  -0.116  115
58508.269   -0.060420797458    0.752097603396    0.1458    0.2728  -0.105  139
58512.207   -0.326602979066   -0.081201599045    0.8029    0.9119   0.176    4
58514.248    0.185274334175   -0.492102000749    0.1318    0.4003  -0.164   74
58515.271   -0.516035280083    2.156896798766    0.3810    0.7714   0.229   12
58522.269   -0.106294027411    0.821397599537    0.5712    0.5860   0.186   17
58529.271   -0.247180850350    0.602499599012    0.2546    0.4651   0.013   29
58554.207   -0.313541130278    0.645397201282    0.3873    0.4647  -0.128   13
58561.209    1.786236834248   -0.258602400294    2.2280    7.1158  -0.765    3
58562.228    6.633209010830  -25.111202397454    7.3008   26.9617  -0.990    3
58564.269   -0.060866163706    0.192099603424    0.2420    0.3974  -0.081   38
58568.207   -0.215409872285   -0.547700400233    0.8938    0.8373  -0.741   10
58578.269    0.942404957096    2.072098799744    1.0901    1.6790   0.658    3
58585.271   -0.148308530463    0.171197999776    0.6909    1.1611  -0.634   17
58590.228   -0.169091326716   -0.143999999125    0.4154    0.5477   0.114   13
58599.271   -0.824381635348    1.230300002675    0.8640    0.9274  -0.617   11
58603.209    0.102139604865    0.029199599538    0.1249    0.3557  -0.385  122
58606.269    6.208916545090   -1.404302395969    5.0293    2.8894   0.077    6
58620.269   -0.808348298493    0.232297202274    0.5515    1.0598  -0.239   11
58624.207    9.711463408737    2.150100002041    3.2396    1.5368   0.547    6
58648.270    1.379167779068   -0.628300796990    0.6824    0.7955  -0.095   12
58655.271   -0.396080873369   -0.027601198127    0.2448    0.5091  -0.258   34
58659.209    0.048399351772    0.818197202790    0.2052    0.4777  -0.727   51
58659.249    0.815623879710    7.069899603351    0.7337    3.1803  -0.858   10
58662.270   -0.627082311190   -1.446602396271    0.4735    1.1285  -0.041    8
58666.207   -1.461112485305   -0.968302801141    0.5680    0.6522  -0.185   48
58669.271    2.215129088782    1.486497600212    1.2492    1.7011  -0.612    6
58673.209   -0.074822289288    0.618699600352    0.0987    0.2868  -0.434  154
58676.270   -0.244654728531   -0.722901597783    1.0709    1.6541  -0.930   13
58687.249    0.511285871318   -4.729499998035    0.4798    1.9576  -0.818   17
58701.209   -1.917913396073    0.386499600324    1.0477    1.0767  -0.334    7
58701.209    0.469420988237    0.717699602149    0.0651    0.1443  -0.251  393
58701.249    0.504013834398   -4.946101199010    0.0654    0.1876  -0.593   25
58704.270    0.240649976589    1.452999602236    0.1897    0.4367  -0.098  103
58711.272   -0.101544568012    1.504598404267    0.2961    1.4815  -0.505   10
58715.209   -3.027927505466    4.027996803302    1.8011    2.6649  -0.573   13
58715.249   -0.221349354756   30.285198003810    0.1986    1.7651  -0.694    9
58729.209    1.990662119652   -3.531801596779    1.3518    1.8172  -0.931   14
58730.228    0.721946334838   -0.910900801188    0.0386    0.1147  -0.345  141
58732.270   -0.224317298527    0.036496802380    0.2327    0.4579  -0.141   75
58739.272    0.100507759841    0.509598002196    0.2750    0.4345  -0.247   49
58746.270   -0.370398997746    0.115297198988    0.2227    0.4290   0.099   79
58771.209   -0.272862725973    0.976197599556    0.0719    0.2822  -0.481  303
58792.207    8.107087548012    7.525299602662    3.0342    2.5028   0.919    6
58802.270   -0.211401576046    0.894297602372    0.1446    0.2942   0.028  158
58809.272    0.272271284050    0.091800001201    0.2663    0.3328   0.005   40
58813.209   -0.221050064181    1.006696799521    0.0549    0.1177  -0.195  273
58813.249    1.739173581222   -3.629401195582    0.3145    0.4649  -0.933    5
58827.209   -0.326157612817    0.385599603447    0.4157    0.5565  -0.177   14
58830.270   -0.445221287034   -0.931301998719    0.4994    0.6575   0.058   15
58851.268   -1.458589857151    1.300698000506    0.8534    0.9501   0.053   13
58856.206   -2.543068166594   -1.186700395550    2.1059    1.1687  -0.416   13
58857.229   -0.874708578421    0.462599999906    0.0682    0.1355  -0.298  277
58858.248   11.808715251444   -1.920402000621    0.7370    0.7638  -0.297    6
58862.207    0.205911054754   -0.155001598756    0.1118    0.2415  -0.053  106
58870.250    0.306415219665    0.178297204201    0.1728    0.5662  -0.497   11
58876.207   -0.058935028107    0.963000002940    0.1945    0.3955  -0.081   32
58883.249    0.030285208714    1.389398401130    0.2104    0.6744  -0.043   11
58890.208    1.102442781897    0.753897603545    0.3937    0.7159  -0.146   11
58897.209   -0.287559964081    0.671698798982    0.1177    0.2989   0.019   71
58900.248    0.023159298101    0.270799203861    0.0634    0.1794  -0.376   16
58904.208   -0.085065864909    2.699697598274    0.9265    1.1164  -0.907   19
58907.268   -0.123513843041    1.098698399460    0.7308    0.8869  -0.270    4
58911.209    1.367288864759    0.173898003197    0.8256    0.8796  -0.588   19
58911.250   -0.267814026632    1.263297600929    0.0610    0.1825  -0.223   36
58914.270   -1.290685009210    0.813600003369    1.6969    1.9946  -0.604    5
58925.209    0.075713072419    0.435697199919    0.1613    0.4481  -0.098   51
58925.250   -0.445816323887    0.109598403952    0.0811    0.3091  -0.329   23
58928.270   -0.103326033008    0.010997999311    0.1935    0.4245  -0.164   52
58932.208   -0.498961540127    0.338698803404    0.7431    1.1376  -0.860    6
58939.209    0.082393616783    0.267199203563    0.4858    0.5584  -0.733   24
58939.250   -0.174435772335    2.095599604246    0.1729    0.4546  -0.611    8
58942.270    0.261286697168    0.170197200333    0.3090    0.7355   0.066   16
58948.271    1.368329217227    4.470498000586    0.7827    1.9595   0.497   10
58956.270   -1.169544123720   -2.026400397881    1.4123    2.2693   0.871    6
58967.210   -1.777325863709    3.443198398401    1.2447    1.1689  -0.809   16
58969.270   -0.239014536635    0.250999202223    0.2940    0.6999  -0.336   34
58974.208   -0.069623919344    0.290397600367    0.2016    0.4796  -0.041   40
58977.272   -0.055521718088    1.269298803663    0.2426    0.5227  -0.085   32
58984.270   -0.045427813072    0.277498798340    0.2031    0.4270  -0.133   80
58988.208   -0.631090658062    0.665100000674    0.4569    0.3854  -0.008   29
58989.230    0.687207413003    0.412696801533    0.0764    0.1751  -0.482  228
58996.207   -0.587590385659   -0.135900001652    0.9326    1.0104   0.476   17
58998.270    1.267080395493    1.785600000659    2.0028    1.5117   0.546    3
59009.210   -2.085522548369    3.072798003245    1.6739    2.1049  -0.874    6
59009.250   -0.151572220511   -0.454201201450    0.2617    0.6886  -0.466   31
59016.208    1.164199678101    5.216299200583    0.8711    2.5505   0.117    7
59019.269   -0.624855429313    0.546796803036    0.3039    0.5912   0.021   87
59023.206   -2.183354515788    0.668998801956    0.7838    0.7747   0.366    5
59023.250   -0.380938218379    1.577998800428    0.4371    0.9650  -0.823   20
59030.208   -0.013656835007   -1.405303201807    0.7606    0.5622   0.061   15
59038.229   -0.277166819122    0.381196802124    0.1573    0.1937   0.072  199
59044.208   -0.190319489218   -0.839901601069    0.1465    0.3403  -0.182   51
59047.269    0.179188776030   -0.518803195604    0.4584    0.5769  -0.545   39
59051.250   -0.348280102746   -2.947100400519    0.0804    0.2299   0.005   55
59054.270   -0.582545230616    0.618397199048    0.1815    0.3945  -0.221  126
59065.206    2.366255892412    4.158799199416    3.0882    2.0634   0.252    6
59068.271   -0.767669894187   -1.565099998402    0.4459    1.5158   0.055   10
59080.251    2.609132750878   -7.892600397241    0.2661    1.2453  -0.769    6
59081.252   -0.152762243584    0.691696799038    0.1028    0.2285  -0.378  182
59093.206   -2.030741942808    3.011598004576    0.9027    1.0627  -0.539   10
59101.209   -0.447002802662    1.287097200020    0.5197    0.9012  -0.369   10
59107.250    0.567256550585   -1.270601998016    0.5248    1.2978  -0.918   10
59115.231   -0.049731906221    0.711399598430    0.0835    0.1882  -0.449  191
59124.271    0.549142407527   -0.014400001191    0.4033    0.6341   0.149   35
59130.250   -1.183051338755   -1.006300796291    0.4972    0.3667   0.393   19
59163.250   -0.303297605291    0.416898004119    0.0529    0.1018  -0.131   87
59172.250   -0.135392757350    0.762796801723    0.0656    0.1695  -0.417  223
59187.269    0.003712600594    1.899496803048    0.4844    1.1576   0.071    8
59194.249   -0.243913616005   -0.004201196191    0.0299    0.0940  -0.112  146
59198.208   -1.625750048268   -0.266803200333    0.7038    0.7801  -0.235   10
59206.251   -0.075267706170   -0.310100399759    0.0409    0.1054  -0.079  119
59222.271   -9.852941724231   -3.339899998167   23.3322   12.4669   0.986    4
59231.585   -3.124868740386    5.663397603684    2.9420    4.9847  -0.975    7
59233.206    0.684089798628    1.885499999332    1.9256    2.9535   0.087   10
59236.249    0.713929641094   -1.904201999281    0.1945    0.6312  -0.860   23
59240.208    0.892377304597   -0.765899996225    0.2620    0.4398   0.014   49
59242.250    0.063242665554   -0.260999996016    0.1087    0.2804  -0.472  163
59247.207    0.305969853416    0.091800001201    0.4034    0.7495   0.210   11
59262.207    1.757583470557    0.072597601530    0.5733    0.4051   0.379   55
59268.208   -3.781644818368   -0.705301199844    2.9821    1.1019   0.902   19
59275.207    5.993802368450  -18.902300396917    4.2509   12.4489  -0.954    3
59278.271   -0.757276698595    0.348796799443    1.0237    0.7082  -0.157   48
59289.207   -0.936465474625    0.285300001224    2.0277    1.5858   0.359    9
59289.250   -6.650425231530   -3.935001598165    0.0589    0.0562   0.076   47
59292.271   -2.426972436147    1.628798401754    4.6251    1.5186  -0.470    6
59305.248   -0.950421600207    4.969800001930    0.0586    0.1328  -0.381   71
59320.249    1.359126095341   -2.428700395996    0.0552    0.1368  -0.343   62
59334.249   -2.218093437623    2.804997603789    0.0325    0.0752  -0.385   63
59338.209    0.160778937328    0.037699200561    0.2783    0.3910  -0.185   68
59340.250   -0.991691497069    2.210598002250    0.7740    1.4924  -0.642   42
59348.249   -0.165232599815   -0.781603198163    0.1894    0.5132  -0.454   34
59353.209    1.194930303697    0.622699204200    0.5422    0.5999  -0.330   18
59362.271   -0.768856372962    2.486296800441    1.0697    2.1069  -0.878    9
59368.228    0.584180619937    2.094699600974    2.6243    0.9052  -0.454    6
59383.269    0.264104970335   -0.384703200496    0.5695    0.9399  -0.704   20
59390.271   -0.056708196864    1.328698802183    0.2302    0.8634  -0.330   27
59394.209   10.520406693449    2.546899203537    3.3286    2.8556   0.519    5
59402.208    1.444637326499    2.273598001068    0.1417    0.4314  -0.173   59
59404.271    0.105552914884    2.369199601304    0.5978    1.5471  -0.005    7
59408.209   -0.357483224633   -0.624600000521    0.4180    1.0670  -0.457   13
59422.209    0.116241806121    1.076896798935    0.2864    1.3964  -0.187    9
59425.251   -0.127671809884    0.723697204563    0.9503    0.7279  -0.750   30
59431.249    0.074376973672    0.549900003932    0.3213    0.5911  -0.900   74
59444.208   -0.115351073623    0.582796799620    0.2574    0.3629  -0.536   62
59446.249   -0.328238368387    0.821199601120    0.1272    0.4547  -0.636   67
59460.250   -0.147863164214    0.638499601990    0.0826    0.3181  -0.716   84
59465.206    0.021972819326    0.271497602000    0.1400    0.3564  -0.141   79
59466.251    1.297069908562   -2.585401198729    0.1262    0.4446  -0.038  334
59471.207    0.407514421429   -1.160402398170    0.6982    1.8750  -0.733   27
59474.224    0.591156910579   -0.217202396868    0.3111    0.7172  -0.676   48
59481.270    0.421470597643   -0.890100000106    1.6662    7.1944  -0.773    3
59485.207    0.508763293796   -0.290401200687    0.2343    0.4507  -0.229  100
59492.209    0.476251203205    0.844398004318    0.2465    0.8718  -0.258   28
59499.189   -3.347408118215   -0.513500397403    8.9212    5.0235  -0.818    3
59500.208   -0.354661356536    0.036496802380    0.1961    0.7348  -0.404   31
59506.209    0.234564418444    0.226396802105    0.2273    0.4472  -0.473   68
59521.210   -3.390609100043    4.307497200529    1.8718    4.7077  -0.434    3
59527.207   -0.032362419987    1.182297600621    0.5019    0.8396  -0.649   22
59530.272   -1.263072048621    1.286499604447    0.9578    1.8139  -0.715    5
59534.209   -0.046910038125   -0.245800800514    0.5791    1.5169  -0.768   13
59542.208   -0.009798158739    0.200599204447    0.3054    0.4707  -0.633   50
59542.248    0.082838983032   -0.456299996188    0.1090    0.3993  -0.707   22
59548.209   -0.322744302798   -0.503503197535    0.2860    0.3971  -0.627   60
59558.250   -0.020337430004   -0.435301196688    0.1358    0.3400   0.403   49
59562.209    0.052258078673   -0.822002395751    0.3768    0.5391  -0.686   71
59578.269   -1.055824895120   -0.565199995606    0.8970    1.2928  -0.447    8
59583.207    0.179188776030   -0.631601996304    0.1884    0.3099  -0.345   78
59593.248   -0.220903988507   -0.136400401374    0.0483    0.1459   0.008  158
59600.250    0.004307637447    0.097398000065    0.1016    0.2686  -0.833   40
59604.209   -0.113569608628   -0.465101998515    0.1780    0.3632  -0.151   74
59607.248    0.525241996900    1.192698004360    0.2939    0.3960  -0.484   77
59611.207    0.279842611545   -0.373903199602    0.1191    0.3202  -0.292  115
59614.250   -0.163151844245   -1.002902401126    0.0493    0.1217   0.272   66
59621.248   -1.809987574271   -9.352702797827    0.1162    0.2056  -0.754   90
59628.250   -0.231147513495    0.557100004528    0.0357    0.1174  -0.197  136
59634.247    0.173103217885    1.154998803798    0.3136    0.3966  -0.125   71
59635.248   -0.364609185879   -0.658000796250    0.0290    0.0700  -0.517  148
59635.270   -0.131085119903    0.218498403370    0.4712    0.9134  -0.672   22
59639.207   -0.104808258061    0.041400003425    0.2619    0.4656  -0.707   73
59642.250    0.370994034599   -1.093600800317    0.0521    0.0860  -0.783  109
59642.272   -8.567747185681   10.485298798812    2.6949    3.0448  -0.941    5
59649.248   -0.088183428650    0.787798798996    0.0924    0.1708  -0.440  106
59649.270    0.925035470862   -1.373702399832    0.7862    1.6135  -0.660   11
59656.250    0.005494116222   -0.366300001531    0.0537    0.1595  -0.603   90
59656.272    0.226693851007   -1.521802798976    0.6008    0.9181  -0.726   33
59661.206    4.651899683668   -0.284302795706    2.9729    2.9126   0.733    4
59670.272   -0.231443259773    0.663199204354    0.1780    0.7375  -0.150   28
59674.209   -0.795282854776    2.576296801493    0.6410    1.0899  -0.764   12
59677.248    0.203534552906   -0.196901995508    0.0863    0.1568  -0.022   82
59683.249   -0.084025461807   -0.353700000488    0.3162    0.7252  -0.322   57
59689.206   -0.107480455553    0.850298404487    0.1711    0.6919  -0.496   39
59691.248   -0.061161909984    0.636796804088    0.0351    0.0804  -0.066  149
59696.227    1.483680341483    6.585199201936    0.6564    0.5620   0.145   51
59698.272    0.291126539634   -0.006400799890    0.2761    0.5800  -0.388   46
59705.248    0.100208469266    1.796497203799    0.0538    0.2633  -0.203   48
59709.208    0.754608045400   -1.138003195678    0.4949    0.7787  -0.630   16
59723.208    4.713955870447   -7.282501200478    2.0755    2.2788  -0.923    7
59726.250    0.455764153230    1.068796801462    0.1199    0.3018  -0.257   97
59733.248    0.261732063417   -1.099900797641    0.2867    0.8450  -0.426   78
59740.250    0.207988266027   -0.198900000470    0.0971    0.2637  -0.601   35
59744.209   -1.391930337280   -0.090899997929    1.0350    1.3580  -0.437   10
59747.248   -1.056419881340   14.384998798533    0.0799    0.1763  -0.480   96
59752.208   -2.887040631894    1.484298002907    0.9000    1.0185  -0.570   12
59758.210   -0.542607888204   -0.223300795454    0.3228    0.4897  -0.412   56
59772.210   -3.704445976599    6.645398401162    0.4020    0.6423  -0.536   31
59775.248   -0.503119506970    0.262497601256    0.0729    0.3979   0.018   32
59779.208   -0.367281383372    0.309600000037    0.3575    0.6451  -0.040   29
59786.210   -0.116537552399   -0.619200000074    0.2332    0.5374  -0.045   59
59795.250    0.622332902424   -2.357301598721    0.2290    0.8472  -0.808   62
59814.210   -0.047209328699   -1.463803197055    0.3967    0.6950  -0.620   22
59821.208    0.219567889761   -0.235800000326    0.2222    0.3617  -0.488   70
59824.250   -0.552259971269   -0.556001996443    0.0982    0.2428  -0.512   48
59828.206    0.004603383725   -0.623501998831    0.1971    0.6367  -0.376   42
59831.249    0.472392526937   -1.648501201146    0.5889    1.0416  -0.918   23
59838.269    0.693592211089   -2.586902397894    1.0349    1.6380  -0.628   13
59845.249   -0.786525099138   -3.980901598766    0.1268    0.2952  -0.661   32
59852.269    0.333436788964    1.871899198846    0.5505    2.4978   0.574    4
59857.207    1.113726709986   -1.515902398808    0.9167    0.5964  -0.600   18
59859.249    0.909597170860   -3.164000396083    0.0798    0.1511  -0.512   82
59864.209   -1.860759832961   -1.142301600510    3.2759    2.6696   0.905    4
59870.210   -0.081203593711    0.263998800420    0.2099    0.6375  -0.300   18
59877.208    1.092644623158   -2.291803201615    0.8962    1.2799  -0.200    9
59879.250   -0.884506737160   -0.065102400271    0.1643    0.4048  -0.295   22
59898.206    4.610034800587   -1.737802797663    3.1591    1.2213  -0.608    3
59919.208    0.344866792727    0.922996802188    1.3802    1.6266  -0.407   11
59948.209    2.288911025602    2.557299600880    1.2204    1.0242   0.480   16
59968.206    0.072449382370   -0.317300400354    0.2630    0.4515  -0.254   35
59975.208   -0.210215097271    0.200700000619    1.0642    0.7473   0.337   29
59996.206   -2.559247579123    0.819597599389    1.4059    0.9393  -0.734   14
60024.206   -3.433660461899    0.618098404459    2.0606    1.3164  -0.766   12
60040.248   -0.491390263265   -0.850499996830    0.0637    0.1296  -0.616   58
60055.249   -0.001336098746    0.796197603847    0.0159    0.0489  -0.333   72
60059.208   -5.621026868856    1.498499999286    5.0423    5.8578   0.747    3
60062.269    0.285037437192   -0.483501597159    0.2376    0.8701   0.003   19
60067.207   -0.544834770080   -0.704001599416    0.6260    0.4483  -0.144   33
60069.271    0.027021569299   -3.073402799458    2.6673    4.1280  -0.712    3
60087.208  -11.439499137544    2.852697604538    3.5658    1.5171  -0.820    7
60108.207    0.615801978031    0.893797202650    1.1814    1.2201  -0.325    5
60167.249    0.670432963621   -0.743302801709    0.0758    0.1093  -0.654   56
60185.209   -4.486962779498   -2.016899997415    2.5305    1.3118   0.281    9
60193.208    1.855269362302   -0.298303199742    0.8770    0.5523   0.110   49
60195.238   -0.223722312307    0.824198399130    0.5249    0.3701  -0.104   16
60199.209    0.440621548872   -1.502503197059    1.5036    1.0436  -0.533   11
60208.249   -1.148462036891    1.801800001999    0.1361    0.2754  -0.735   30
60220.207   -2.533416083529    0.984499202161    2.0923    1.3006  -0.369    7
60223.249    0.315176570233   -0.308203197363    0.0893    0.1621  -0.682   87
60230.251   -0.383314720226    1.820397599062    0.1458    0.3101  -0.615   30
60235.211   -0.539639944433   -0.143200798419    0.7236    0.5412  -0.051   26
60241.209    0.068886401747   -0.026902799988    1.0983    0.6838  -0.135   11
60244.251   -0.507573220091   -0.091303201799    0.0529    0.0683   0.110  156
60244.270    0.186909723496   -4.154101197429    1.8710    2.1588  -0.564    3
60248.211    2.571425834639    2.194797604460    1.7723    1.2711   0.602    8
60251.250    1.239617054875   -2.244103200866    0.1780    0.3649  -0.712   21
60258.270    1.311617476067   -9.544499999947    1.0972    3.0516  -0.807    3
60262.207    0.495997191287   -0.836902796664    0.2334    0.7843  -0.177   25
60272.270   -1.596654862626   -1.348199996443    0.9219    1.1252  -0.612   15
60276.207    2.048856085865    2.157397198488    3.0818    2.9641  -0.097    4
