%-----------------------------------------------------------------------------
%                R.A. (mas)        Dec. (mas)        Err. (mas)     Corr. Del.
% Uncertainty in R.A. is in R.A. cos(Dec.)!!!!
%-----------------------------------------------------------------------------
53134.021   -1.532585162044   -6.621901196979    0.2577    0.5034  -0.058   51
56661.920    0.739095020192    0.000000000000    0.2604    0.5038  -0.279   30
57809.367    0.576882311698    2.043597598345    0.1312    0.2749   0.033   80
58170.227    0.021839119766    0.178797597528    1.3072    1.0472  -0.284   12
58332.248    0.000000000000   -3.241501198659    1.3242    1.8373   0.338    5
58456.714    0.016620794079    2.491797603454    0.1752    0.3713  -0.112   68
58712.722   -3.637243038500   -7.141100395813    0.1830    0.4288  -0.177   89
59271.737   -0.632098216204    1.557698392674    0.4870    0.8524  -0.643   21
