%-----------------------------------------------------------------------------
%                R.A. (mas)        Dec. (mas)        Err. (mas)     Corr. Del.
% Uncertainty in R.A. is in R.A. cos(Dec.)!!!!
%-----------------------------------------------------------------------------
50084.998    0.224280360073   -0.269402394792    0.3039    0.6272   0.078   81
50155.831    0.950612680818    0.820699207793    0.2758    0.5066   0.041  123
52996.205    0.381876880401    1.058000407284    0.3203    1.0528   0.789    5
53020.267    0.508173004766    0.000000000000    0.3523    0.4923   0.117    4
57904.690    0.082198455994    0.025200002085    0.1299    0.2021   0.012  134
58425.726    0.000000000000   -1.088701199592    0.2564    0.4136   0.707  122
58540.733   -1.264175909297   20.440699206858    0.2119    0.3217   0.055   74
58747.059   -0.285796869470   -0.863701200160    0.1800    0.3694   0.029  124
59230.577   -0.778458414289    1.539399609385    0.1756    0.2415   0.119   56
