%-----------------------------------------------------------------------------
%                R.A. (mas)        Dec. (mas)        Err. (mas)     Corr. Del.
% Uncertainty in R.A. is in R.A. cos(Dec.)!!!!
%-----------------------------------------------------------------------------
57428.229    0.565636938359    0.463597211819    0.1342    0.1890  -0.122   70
57920.301    0.040903388955    0.457199999460    0.1382    0.1950  -0.117  151
58456.714    0.264656230299    0.811699200653    0.1319    0.2349  -0.173   93
58481.840   -3.094849424184   -0.051501599785    0.2369    0.3919  -0.070   86
58861.959    0.037134963811   -0.661201192997    0.2272    0.3545  -0.005   89
58871.905    0.000000000000    0.000000000000    0.2039    0.3254  -0.018  112
59230.577   -0.811722428655    1.379098806353    0.1535    0.1829   0.115   57
