%-----------------------------------------------------------------------------
%                R.A. (mas)        Dec. (mas)        Err. (mas)     Corr. Del.
% Uncertainty in R.A. is in R.A. cos(Dec.)!!!!
%-----------------------------------------------------------------------------
57011.551   41.739932922771  -75.009801608417   17.2145   52.4678  -0.157    4
57836.293    0.000000000000    0.116297985642   18.3993   37.7438   0.274    4
58022.797   42.387349501511    0.000000000000   24.8008   78.6260  -0.877    4
58159.408   33.498095087708  -27.011901605078   15.0008   29.6027   0.364    5
58472.708   -4.925668951591    3.270499186669    7.9637   18.4677   0.275    9
58747.059   29.663945892936   24.513098392731   11.0140   38.6202   0.355    4
58981.988   -4.828857723124   29.159298003378   16.5331   26.8773   0.206    6
