%-----------------------------------------------------------------------------
%                R.A. (mas)        Dec. (mas)        Err. (mas)     Corr. Del.
% Uncertainty in R.A. is in R.A. cos(Dec.)!!!!
%-----------------------------------------------------------------------------
47363.473   -2.570665179845   -2.391199200247    2.9793    3.5250   0.737    7
47914.255    0.275676277351   -0.541699191103    0.6595    0.8234  -0.440   14
48754.257   -0.244025187078    1.136199588814    0.7324    0.9959  -0.562   12
49121.421    1.849021171978   -1.191200405515    0.8012    0.9395  -0.483   24
49547.332   -0.081608398305   -0.182199599408    0.2384    0.2109  -0.078   38
49576.501   -0.084082602713   -0.935100010224    0.2925    0.5652  -0.038  135
49694.334   -0.649319168268    0.214199985749    0.4448    0.4102  -0.176   13
49750.334   -0.120155869736   -0.344098791061    0.3068    0.3409  -0.073   94
49750.334    0.213167651505    0.331599605374    0.1769    0.4467   0.385   34
49751.415    0.408476914743    0.056300385154    0.1137    0.1703   0.035   72
49771.336    1.321005868105    5.972198403015  117.3617  176.5710  -0.038   16
49783.086    0.067372148795    0.079898404692    0.1745    0.1711   0.182   31
49790.168   -0.066930802595   -0.388400403040    0.3451    0.4731  -0.487   60
49790.168    0.119977624492    0.231001189377    0.1956    0.2932  -0.262  115
49800.417   -0.204947201592    0.014198408849    0.2539    0.2662   0.046   29
49819.958    0.427309304258   -0.075499210084    0.3975    0.2667  -0.633  244
49821.419   -0.267190585488   -0.354200406605    0.4361    0.8897  -0.489   37
49827.336    1.811443419807   -2.384899190133    0.6180    0.7670  -0.723  111
49828.421    0.119094871782    0.266000392912    0.3083    0.4264  -0.648   84
49828.421    0.481153962842   -0.025401607218    0.2830    0.2761   0.065   44
49832.000    0.174707176780    0.611301601339    0.5497    0.5965   0.076   14
49869.332   -0.110961448730    0.061300801235    0.1195    0.1544  -0.720  292
49869.336   -0.016975665712   -0.072799213058    0.1861    0.1949  -0.303   80
49876.331    0.158085860562    0.219999608930    0.0685    0.0721   0.023  511
49897.332   -0.162684171716    0.317300387565    0.3654    0.8795  -0.862   52
49897.336   -0.065958942341   -0.061801213747    0.1492    0.1924   0.143  160
49946.334   -0.052783720940    0.603100801300    0.1984    0.2482  -0.059   65
49993.167    0.277711246398   -0.131000413717    0.1291    0.1609   0.517  598
50059.419    0.093277023719   -0.334400411361    0.0843    0.1117   0.487  427
50112.085    0.124399771086   -0.012801612570    0.1301    0.1599   0.002   92
50153.877   -0.793701434369    0.196401589392    0.4275    0.3767   0.022   20
50153.877    0.147563088813   -0.108601204829    0.2061    0.1931  -0.117   99
50163.337    0.240842223371   -0.049500013688    0.0950    0.0921  -0.388  423
50170.335    0.129174186491    0.133801194124    0.3355    0.3336   0.024   29
50177.333   -0.305740197913    0.325598389850    0.1980    0.2982  -0.264   38
50197.250    0.053048932735   -0.201200413130    0.1370    0.1692  -0.002  181
50233.337    0.135185704101    0.601498805963    0.3356    0.3779   0.010   24
50248.520    0.515105294267   -0.249998396384    0.1484    0.1674  -0.436 1684
50255.288   -0.337656590446   -0.135399608325    0.2502    0.2199  -0.035   31
50276.166   -0.148891439555    0.876499206015    0.1949    0.3674  -0.057  509
50276.170   -0.227580005265   -0.254998812466    0.5210    0.5011   0.112   46
50282.335    0.508561181920   -0.186800411939    0.4733    0.3358  -0.007   27
50287.083   -0.358169539204   -0.497498413665    0.4535    0.5484   0.068   77
50287.083    0.285403353405   -0.120898798173    0.1258    0.1660   0.007  117
50322.082   -0.425630825699    2.725801203951    1.6634    1.5030  -0.473   32
50322.085    0.206095166097   -0.365698792848    0.1489    0.5532   0.037  385
50324.332   -0.056762380341    0.244799994675    0.0938    0.1219  -0.263  584
50351.254    0.242964189124    0.259801191760    0.1490    0.1586   0.248   53
50387.334    0.789985875924    0.154699191057    0.0940    0.2602  -0.544  610
50413.168   -0.497777420054    0.822499188757    0.2607    0.2651  -0.836  378
50422.332   -1.428873490827    2.128798794843    0.0937    0.1771  -0.552  385
50470.253   -0.113348656432   -0.421300805442    0.1818    0.2000   0.188   42
50477.251   -0.174089696174    0.170499595242    0.1596    0.1819  -0.098   73
50491.251   -0.051457481037   -0.293198399959    0.1656    0.1827  -0.027   66
50491.251   -0.260648614134    0.230399993484    0.1735    0.3249  -0.071   52
50505.251    0.322272376432   -0.786499211358    0.2805    0.4285   0.280   20
50519.251   -0.381600209719    0.062701204229    0.2905    0.2443   0.374   68
50533.251    0.073118424455   -0.114598813639    0.1929    0.2461   0.059   66
50547.251    0.032359849572    0.116200808975    0.1494    0.1680  -0.126   60
50575.251    0.449589839120    0.302900386373    0.4821    0.4130   0.168   22
50589.251    0.034127435675   -0.040500006548    0.1600    0.1822  -0.179   57
50603.251    0.102471474880   -0.045698408258    0.1756    0.2137   0.098   72
50617.251   -0.194513537388   -0.001198810651    0.1768    0.2413   0.085   72
50617.251    0.354012604404    0.100299595829    0.3335    0.3961  -0.365   46
50631.251    0.491144139853   -0.343598404129    0.2737    0.2786  -0.042   69
50645.251   -0.014236219354   -0.019299608311    0.1861    0.2157  -0.096   67
50659.251   -0.061095419391   -0.417499200012    0.2601    0.2589   0.231   75
50673.251   -0.166221484917    0.154699191057    0.1882    0.2168  -0.062   60
50687.251    0.378945619074    0.027601191732    0.2002    0.2193  -0.049   70
50701.251    0.148624056612   -0.407001613212    0.2177    0.2643  -0.113   56
50707.000   -0.153754962505    0.196898395188    0.5013    0.8571  -0.453   31
50715.251   -0.105656549425   -0.104799599399    0.2441    0.2260   0.111   63
50728.167   -0.195398400937   -0.029098796972    0.2548    0.2544  -0.097   48
50729.251    0.378415135174   -0.437698798805    0.4364    0.3403   0.328   68
50736.253    0.620937947943    0.100699199379    0.4450    0.3275   0.011   85
50742.167    0.426954924609   -0.281599204754    0.2170    0.2284  -0.123   68
50743.251   -0.431731481007    0.038599191043    0.3581    0.2828   0.483   74
50757.251   -0.108663348572    0.131000388137    0.3089    0.2283   0.338   74
50757.251    0.247649466829    0.271501195925    0.2784    0.2597   0.276   66
50770.002   -0.186997564787   -0.165398395779    0.1256    0.1876  -0.260   62
50771.252    0.446406905568   -0.115099200571    0.2464    0.2202   0.377   80
50771.252    0.132533254448   -0.367200004803    0.2042    0.2315  -0.044   68
50777.001   -0.196105019242   -0.207900001215    0.1735    0.2119   0.147   72
50785.252    0.257022163234    0.275799607152    0.2708    0.2218  -0.144   75
50785.252   -0.869385311770   -0.253900810776    0.3886    0.3407   0.347   35
50797.999    0.320946136528    0.090399598207    0.4089    0.3140   0.365  111
50799.219   -0.041202062077   -0.183700811363    0.3267    0.2073   0.307   60
50799.252   -0.010522801903   -0.033400814914    0.2317    0.3068   0.124   71
50813.168    0.106893621475    0.302101204852    0.3396    0.2317   0.580   75
50813.168    0.213432893455   -0.478299614315    0.3212    0.4123  -0.318   59
50827.252    0.225899385712    0.008099991078    0.2889    0.3318  -0.193   93
50827.252    0.048274547485   -0.841100398929    0.2873    0.4552   0.095   58
50841.252    0.124665013036    0.210999601791    0.2769    0.2518   0.259   92
50841.252   -0.300257083519   -0.881798391106    0.2961    0.4923  -0.429   33
50843.001   -0.143056056351   -0.181598403515    0.1820    0.1555  -0.279   98
50855.252    0.463469567987    0.239900387555    0.3759    0.4660  -0.489   69
50857.001   -0.210604339552    0.072298800546    0.2211    0.1415   0.079  103
50868.167    0.398928114087    0.145000785778    0.2272    0.3630   0.010   38
50869.252   -0.274441316140    0.204299988127    0.3627    0.4280  -0.132   92
50869.252    0.033507844231   -0.280000790553    0.2281    0.2628  -0.341   39
50883.252    0.044295857929    0.398998798801    0.3479    0.3617  -0.317   93
50883.252    0.138103395703   -0.233301608432    0.2281    0.2442   0.062   24
50884.271   -0.275854552750    0.062798406475    0.2055    0.4472  -0.618   55
50895.999    0.156494408863    0.424501189400    0.2510    0.2336   0.065   73
50897.252   -0.450474732823    0.608198394048    0.3299    0.6497  -0.671   87
50897.252   -0.201144646441   -0.053798399335    0.2325    0.2324  -0.033   31
50911.252    0.072498802856   -0.005101199463    0.2439    0.3618  -0.318  124
50911.252   -0.324748721834   -0.163000800057    0.3622    0.3144  -0.279   19
50912.271   -0.086824159910    0.169300810171    0.0970    0.1217  -0.060  157
50917.001   -0.348620738549    0.122500793509    0.2470    0.2306  -0.071   64
50925.252   -0.237748427519   -0.138898812452    0.2414    0.5143  -0.208  116
50925.252    0.304322739626   -0.304498800574    0.3138    0.2938  -0.001   26
50937.999    0.083197709010   -0.052700397646    0.2527    0.3241  -0.085   88
50939.252   -0.873894485225    0.314200786988    0.5415    0.5662  -0.574  120
50939.252   -0.161181827562    0.210398405898    0.2894    0.2977   0.095   32
50953.252    0.076301358007   -0.786301200151    0.6036    0.8411  -0.667  103
50953.252   -0.273556482746    0.033998404092    0.2922    0.3210   0.067   36
50954.271    0.076212250462    0.267400795906    0.1185    0.1952  -0.399  315
50967.252   -0.077805843154    0.337201191769    0.3957    0.4807   0.115   91
50967.252   -0.113437763977    0.465998388677    0.2433    0.2162   0.043   39
50979.999    0.337832694696   -0.185799612495    0.2272    0.2388  -0.046   72
50981.252    0.755504060599   -0.386398804153    0.7833    1.1423  -0.746   98
50981.252    0.111402794930    0.027601191732    0.2756    0.3031  -0.241   31
50994.167    0.338804554950   -2.715501602779    0.6667    1.4520   0.043   96
50995.252   -0.541453686539    0.690098397627    0.7197    0.5683   0.064   96
50995.252    0.308390506572    0.310798785108    0.2388    0.2429  -0.067   26
50996.271    0.328549105836    0.380098794039    0.2804    0.2638   0.034   51
51007.959    0.378325997475   -0.159699607138    0.3776    0.3066   0.263   70
51009.252   -0.621203220047   -1.476201612149    1.0310    0.7759  -0.639   98
51009.252    0.396010422485    0.163400403608    0.3310    0.2795  -0.002   34
51015.169    0.229171456963   -0.507099591118    0.5222    0.6274   0.198  179
51023.252   -0.835168738395    0.956401191843    0.4868    0.5070  -0.488   95
51023.252    0.159057720816    0.427899610145    0.2242    0.2261   0.051   51
51037.252   -0.252602127478    0.191800802440    0.6512    0.5298  -0.197   53
51037.252   -0.212550170900    0.225601195325    0.2355    0.2616  -0.068   37
51049.999   -0.300787567419   -0.655498797641    0.2899    0.3015   0.349   57
51051.249    0.696974094155    0.044200803018    0.9692    0.6564  -0.398  102
51051.252   -0.066576453101    0.019000788143    0.2436    0.2607   0.163   57
51052.271   -0.009727076054   -0.059799614860    0.1883    0.1866  -0.207   93
51065.252    0.131117907000    0.349898388663    0.4586    0.4815  -0.458  108
51065.252   -0.302733398766    0.101699998822    0.2051    0.2013  -0.036   43
51065.811   -5.276868272291   87.389798386539   41.5585   34.4216  -0.007    6
51079.249    0.118916626538    0.277898408285    0.4385    0.5827  -0.519   97
51079.252   -0.127937114442   -0.372700807816    0.2019    0.1934   0.075   58
51080.717   19.889908415202   -2.324498404960   53.4732   54.1284   0.225    9
51085.001   -0.134568223495   -0.028101604244    0.2204    0.2072  -0.246   66
51091.999    0.228286593414    0.089200787556    0.2909    0.2312  -0.422   81
51093.252   -0.086028434060   -0.638899211935    1.0442    1.2540  -0.756   90
51093.252   -0.688753644242   -0.157798791633    0.2856    0.2654  -0.106   35
51107.249   -0.172498214321    0.100101610201    0.2281    0.2506  -0.146   49
51107.252    0.685303327747   -0.512701203093    0.7490    0.5359  -0.287  100
51120.000   -0.177803113626   -0.555001190605    0.4483    0.5713   0.213   36
51121.249    0.164186485715    0.655401595395    0.2673    0.2563   0.367   30
51121.249    0.006011487454   -0.056800797665    0.2834    0.2762  -0.095   69
51122.268    0.038106125231   -0.040298414206    0.1353    0.1528  -0.276  272
51123.353    0.469835465245    0.297201597732    0.3828    0.4441  -0.426   73
51130.457    0.014588458010    0.144201604257    0.2175    0.2069  -0.105   72
51135.249    0.637204884512    0.660301202515    0.6326    0.5966  -0.036   33
51135.252    0.030679260174    0.438598789287    0.2127    0.2270   0.135   57
51149.249    0.405470085441    0.973501190060    0.4746    0.4991  -0.270   86
51149.249    0.115733692986    0.084398408262    0.1490    0.1844   0.060   89
51155.001    0.111668036880    0.409100388765    0.2529    0.3974  -0.303   90
51163.249   -0.004598281000    0.613101607883    0.4244    0.3725  -0.230   59
51163.249   -0.405117876940    0.535798810120    0.2134    0.2360  -0.423   72
51177.249   -1.017833264132    0.336999599426    0.6902    0.6696  -0.036   51
51177.249   -0.282398665097    0.452098799997    0.2211    0.2730   0.124   50
51191.249   -0.151632996752    0.340099200002    0.4305    0.8288  -0.497   65
51191.253   -0.285051114749    0.150001201860    0.1775    0.2259   0.102   56
51192.272    0.140401465706    0.387899990528    0.1400    0.1754   0.258  143
51205.249   -0.158529377910   -0.754898402988    0.5552    0.6756   0.406   36
51205.249   -0.131120047994   -0.117399594046    0.2442    0.2604   0.094   48
51206.272   -0.832251046793   -0.275101209013    0.4715    0.5194   0.206   34
51207.042   -0.032625121676    0.456998407117    0.3158    0.1966   0.059   85
51214.000    7.377074113460   -8.264998797358    1.6613    2.1262   0.143    4
51219.249   -0.437832106161    0.435801590015    0.5568    1.2097  -0.422   89
51219.249   -0.116707694234   -0.030898803516    0.1536    0.1826   0.140   59
51221.002   -3.593625067882    2.534000401511    1.2445    1.7471   0.724    3
51228.000   -1.858039518888   -2.050999191283    0.8012    1.0648   0.691    6
51233.249   -0.341989629496   -0.184298400541    0.3426    0.6121  -0.251   39
51233.253   -0.034747057274    0.091699192240    0.2636    0.2493  -0.191   36
51247.245    0.479119023950    0.177901188181    0.4029    0.4504  -0.537   80
51247.249   -0.342520113395    0.026701201250    0.1758    0.2071   0.092   55
51248.272   -0.131385289944   -0.104601613771    0.1363    0.1548   0.087   73
51253.082   -0.550472003295    0.952200008442    0.1790    0.1761   0.226   89
51261.249    0.171435105529   -0.018399592250    0.3110    0.4928  -0.360  118
51261.249   -0.004067797100    0.063799205918    0.1700    0.1997   0.052   45
51262.268    0.097255683120   -0.032601607813    0.1145    0.1823  -0.065  262
51275.249   -0.560551287850   -1.400400000762    0.5281    0.6308  -0.182   81
51275.249   -0.032007610916   -0.044499597607    0.1784    0.1919  -0.059   60
51276.268    0.178951078130   -1.085799610223    0.3319    0.4852   0.162   29
51288.084   -1.483337801165    0.376498806531    0.1589    0.1481   0.019  110
51289.249    0.695293504757   -0.112399203545    0.5104    0.3903  -0.211   21
51289.249    0.206182162803   -0.005198401709    0.1959    0.1922   0.209   54
51302.084   -1.056204631312   -0.718898400009    0.1801    0.1705   0.142   84
51303.249   -0.344287699499   -0.350600393517    0.3250    0.3965  -0.023   59
51303.249    0.152161369813   -0.235000806015    0.2249    0.2668   0.329   37
51304.272    0.132622361993   -0.701798401792    0.1606    0.2386  -0.282  228
51317.245    0.406620190940   -0.422301604885    0.5781    0.4536  -0.017   84
51317.249    0.073738046054    0.362998795822    0.1722    0.2006   0.116   52
51318.272   -0.102208373924   -0.296200798289    0.2948    0.3028   0.190   31
51331.249   -0.374790855422    0.530200804860    0.7737    0.8008  -0.372   32
51331.249    0.117325174840   -0.187498810078    0.2195    0.2388  -0.080   45
51344.080    0.211134823452   -0.246801593562    0.1598    0.1582  -0.046  123
51345.249    0.061447658047   -0.225601195325    0.6275    0.8192  -0.271   39
51345.249    0.054551276889   -0.082598401718    0.2228    0.2261   0.072   37
51354.373    1.789341100034    0.199101586418    2.0921    1.6406   0.105    7
51359.249    0.415284158201    1.044900000124    0.9206    1.3704  -0.652   65
51359.249    0.494150969154   -0.297399608939    0.2144    0.2484  -0.193   57
51360.268   -0.282220419853   -0.665398795263    0.1395    0.1955   0.038   58
51373.249    0.024489497321   -0.255898802948    0.2470    0.2202  -0.168   71
51373.253   -0.059769209643   -0.039301195898    0.2002    0.2134   0.119   40
51374.268   -0.446230801318    0.037101585804    0.1717    0.2387  -0.300  180
51379.082   -0.053138070435    0.709401587073    0.1832    0.1904  -0.002  106
51387.249    0.507234972171    0.667900806661    0.8713    1.0536   0.386   75
51387.249   -0.006189762853   -0.173700004780    0.1706    0.2003   0.043   50
51400.084    0.338717528090   -0.833299202441    0.2965    0.2781  -0.162  121
51401.249    0.573900502662    0.086299198188    1.0475    0.8336   0.046   57
51401.249    0.250478050887   -0.389098801179    0.1864    0.1886   0.109   65
51402.268   -0.197165987041    0.255301188190    0.1865    0.2552  -0.332  166
51414.165   -0.731723292422    0.672998399409    0.2460    0.2931   0.025   30
51415.249   -2.323987543115   -0.288298792839    0.9391    0.8365  -0.184   47
51415.249    0.069935490903   -0.254998812466    0.1825    0.1959  -0.017   59
51417.167    0.256756921284    0.864399598299    2.9875    2.4667   0.423    8
51418.164    3.220688795270    2.117098790677    1.6417    1.5954  -0.035   13
51429.249   -0.625890638747   -1.495799989470    1.0709    1.0916   0.425   26
51429.249    0.131030910294    0.103500005366    0.2176    0.2391  -0.146   63
51442.084    0.444106724727   -0.041698791620    0.2102    0.2019  -0.008   95
51443.249   -0.000178245244   -0.159598798177    0.3014    0.3074  -0.096   27
51443.249   -0.432614203562    0.162201592957    0.1766    0.1865   0.042   69
51456.165   -0.169315280769    0.642999586375    0.1656    0.2517   0.033   36
51457.249    0.608027968492   -0.645300005431    0.6936    0.5916  -0.544   72
51457.249    0.096194715321    0.281199601204    0.1804    0.2129   0.185   56
51470.165    0.189471739040    0.219898799969    0.3520    0.3935   0.322   18
51471.250    0.591052302780   -3.207398404470    1.0711    1.3158  -0.151   66
51471.250   -0.515018327716    0.338000398870    0.2206    0.2287   0.096   53
51473.083    0.822523970739   -0.005601611974    0.8414    0.9552  -0.233   19
51475.088    1.509594884590   -0.572400008991    0.9788    0.9598  -0.038   30
51477.083    0.709175344462    1.292799595376    0.1586    0.2949  -0.079   87
51484.084    0.429165997906    0.242600410161    0.3975    0.4003  -0.047   43
51485.250   -0.725709663974   -0.323200794128    0.4744    0.8996  -0.597   93
51485.250    0.314136782231   -0.068299209488    0.3463    0.2948   0.035   55
51487.291    0.441367248214   -0.567399592910    0.2183    0.2882  -0.285   72
51491.126   -0.129617703840    1.830898798971    0.7523    1.2162   0.620    6
51493.292   -2.102949539359    0.036601198872    1.2477    1.9038   0.805    5
51494.333   -1.304386723035    0.354600010155    0.9252    1.4191   0.638    6
51498.084   -1.232770642734   -0.494301610843    0.1564    0.1682  -0.165  100
51499.250   -0.374969100666    0.056998808873    0.2283    0.2214  -0.151   75
51499.250   -0.230497696867    0.114501585813    0.1746    0.1950   0.139   59
51513.246   -0.697328473804    0.905299208398    0.5494    0.4296  -0.092   83
51513.250   -0.552152592693    0.182401191751    0.2276    0.2150  -0.270   66
51519.083   -0.512276740365    0.422200795924    0.3448    0.1996  -0.367  108
51527.250   -0.249949677826    0.026200788739    0.2958    0.6143  -0.632  102
51527.250   -0.033509985225   -0.220701613785    0.1251    0.1594   0.118   70
51528.269    0.385842000231   -0.244799994675    0.4232    0.3889  -0.860  210
51541.250    0.224397041558   -0.228301192351    0.4879    0.6800  -0.242   89
51541.250   -0.316791372877    0.205401596531    0.2150    0.2550  -0.021   33
51554.085    0.053931685445   -0.191498401136    0.1724    0.1827   0.027  103
51555.250   -0.068346150043    0.138099605351    0.1739    0.1942   0.069   33
51555.253   -0.050926997137    0.053999991678    0.3323    0.5507   0.532   42
51556.269    0.419793301501    0.228801604862    0.2696    0.3117   0.056   76
51569.250    0.200170645194    1.377799199531    0.2981    0.6103   0.042   96
51569.250    0.128554564893    0.028598410040    0.2012    0.2166   0.158   29
51578.001   -0.768414070205   -1.005501601981    0.8514    1.7015   0.687    3
51583.250    0.231380419422    0.454798797023    0.5984    0.2663  -0.268   97
51583.250    0.333854005140    0.283798789269    0.2150    0.2568  -0.024   35
51589.083   -0.310955989673   -0.014500810153    0.1864    0.2046   0.056  150
51597.250    0.104682548177    0.217598406493    0.2140    0.2399  -0.057   30
51611.250   -0.348355496599    0.549899991142    0.2045    0.2211  -0.245   58
51625.250   -0.120510249385    0.173700004780    0.1940    0.1593  -0.162   63
51625.250    0.160294823020   -0.139600791726    0.2281    0.2275   0.236   64
51631.083    0.956029085442    0.066999589876    0.4413    0.2952   0.054   44
51639.250    0.071437835057    0.151599590481    0.2603    0.3005  -0.272   43
51653.246    0.167634661217    0.325400404222    0.1889    0.1679  -0.065   69
51653.250    0.191417570388   -0.394700413153    0.2858    0.3081  -0.079   37
51659.083    0.096283822866   -0.061898390413    0.2857    0.3405  -0.154   63
51667.250   -0.303883504265    0.728301591835    0.2940    0.3644  -0.197   40
51673.083   -0.905810847603    0.199101586418    0.2866    0.2827   0.003  121
51675.267   -0.764435380649   -0.212198412441    0.4548    0.3032   0.138   94
51681.250   -0.340928631542    0.159598798177    0.2940    0.3668   0.233   27
51695.250   -0.057116759990    0.111200392894    0.3293    0.4087   0.051   24
51704.001   -0.338452316295   -0.607100392358    0.2232    0.4490  -0.129   21
51709.250   -0.009107454455    0.407998805940    0.4007    0.3926  -0.173   25
51711.208    1.386521323252    0.152798401132    1.9730    1.5133  -0.211   14
51715.079   -0.377708547024    0.012099607716    0.6160    0.6129  -0.207  123
51715.708    1.427634247629   -3.662600411758    3.0103    2.6096   0.183   24
51723.246   -0.075153393502   -0.088898411832    0.2243    0.3141  -0.589   89
51723.250   -0.232532665913    0.097599598803    0.2088    0.2524  -0.070   50
51736.227    0.030944502124    0.157600806006    0.4525    0.1891   0.040   85
51737.250   -0.166397589167    0.557600404250    0.1731    0.2237  -0.010   56
51738.266    0.058529966445   -0.063100807779    0.2598    0.4412  -0.476  140
51750.085    1.046036178904    0.096400788152    0.5623    0.6047  -0.081  132
51751.250   -0.450033356468    0.102301194715    0.2261    0.2401  -0.076   60
51765.250   -0.219181310108    0.183301207812    0.1589    0.1961  -0.180   61
51766.583    2.986125442296   -2.350699193698    1.9518    1.2285  -0.366   22
51771.083   -0.489996205503   -0.557899198839    1.1309    1.6287  -0.122   49
51778.224   -0.399458597987    0.263401204847    0.4802    0.2232   0.095   78
51779.250    0.131826636144   -0.018799195800    0.2155    0.2679  -0.621   67
51780.273    0.028292052471   -0.798098406563    0.1548    0.3340  -0.401  121
51793.250    0.209278099649    0.000100808961    0.2521    0.3467   0.051   22
51794.708   92.272460422807    2.281399210347    5.9829    6.2353   0.168    7
51802.075   -0.122808319388    0.461998797618    0.6099    0.3360  -0.085   81
51806.228   -0.149863299810    0.127800004179    0.3161    0.1709  -0.257   94
51807.250   -0.179394595479    0.293900404813    0.3309    0.2973   0.344   86
51808.266    1.604817769811   -0.542699990547    0.4892    0.4173  -0.590  224
51808.478    3.582482644380   -7.971998408607    0.4899    0.6433   0.011   34
51813.226   -0.770890385452    0.497401185839    0.4853    0.2681  -0.072   93
51820.166    1.510655882543   -0.766799999496    0.2577    0.3605  -0.010   61
51821.250   -0.187882428335   -0.119001614962    0.1549    0.1827  -0.159   76
51827.083  -11.606669104644    5.183100003592    5.1466    3.6121  -0.069    3
51829.271   -0.277004658248   -0.098398805903    0.2059    0.2149  -0.486  147
51834.162   -0.708557863857    1.659301202039    0.1502    0.2114  -0.467   93
51835.250    0.000000000000    0.330501603685    0.2384    0.1984  -0.348   71
51836.266    0.070555082347   -0.059400011310    0.2026    0.2947  -0.266  195
51848.228   -0.112552900428    0.446198393433    0.2194    0.1481  -0.161  106
51849.250   -0.487167621445    0.527601591216    0.2015    0.2272  -0.298   86
51850.266   -0.261000852790   -0.203698792234    0.2354    0.5134  -0.474  140
51851.288   -0.465328432783   -0.135799211876    0.2506    0.2912   0.102   91
51861.709   82.481569918014  -12.510698397250    4.8440    3.3114  -0.095   16
51862.082   -0.892107253142    0.126399601186    0.2469    0.1467  -0.201  142
51863.250   -0.283459663051    0.062499586306    0.1566    0.1892  -0.052   49
51876.228   -0.383898279722   -0.014601593534    0.2173    0.1805  -0.083   79
51877.250   -0.215291758251   -0.384998401159    0.1627    0.1922  -0.157   52
51890.228   -0.386285487425    1.458601201421    0.6674    0.4926   0.044   46
51891.250    0.349768703054    0.262198787482    0.1558    0.1686  -0.097   55
51892.266   -1.126142233054    1.853600409163    0.2065    0.4705  -0.734  235
51897.084   -0.941266634020    0.062600395268    0.4115    0.2611  -0.054   94
51906.248   -0.137131535448   -0.368099995285    0.1798    0.1919  -0.250   29
51918.085   -0.570895844509   -0.059698805899    0.3853    0.2694  -0.016   99
51919.251    0.031651120428    0.142599608921    0.1514    0.1753   0.076   96
51920.266    0.510507013268   -0.261000002411    0.3659    0.5079  -0.379  139
51932.224    2.081021212998   -0.225698397571    0.1056    0.1094  -0.183   65
51933.251   -0.081695395010    0.125701203046    0.1633    0.1928  -0.088   89
51934.266   -1.629752895319    0.335199592882    0.7664    0.9954  -0.248  101
51939.084   -0.613069766840    0.385300802463    0.1093    0.2048  -0.462  452
51946.224   -0.486813241796   -0.710701206685    0.1569    0.1699   0.214   35
51947.251   -0.207069167345   -0.093700791126    0.1388    0.1895  -0.090   77
51948.266   -0.661520418576   -0.127400400629    0.2582    0.3118  -0.597  119
51953.080    0.041995677087   -0.353199607162    0.4183    0.4708  -0.685  116
51959.709  109.828921631938  -61.291101602023   11.6563    8.6340   0.551    6
51960.082    0.791046843723    1.217901606765    1.5590    2.6884   0.870    3
51961.251   -0.153046233362    0.343699187511    0.1706    0.1680  -0.088   87
51962.266   -2.099236121908    1.679500800833    0.3158    0.3380  -0.657  138
51967.168   -0.034660060568   -0.221198394001    0.2108    0.7443  -0.296   25
51974.224   -0.401845805689    0.767998810147    0.0944    0.1928  -0.206   87
51975.247   -0.168519554920    0.089798402314    0.1761    0.1819  -0.047   77
51976.266   -0.418910609101    0.459899996486    0.6817    0.7056  -0.449  134
51988.082   -0.022634944666    0.181000788757    0.1887    0.1964   0.100  134
51989.243    1.669450472248    0.716101200737    0.4869    0.2903   0.016   40
51990.266    0.629071431305    4.137800399917    0.5390    0.5077  -0.640  139
51995.223    0.315021645780    0.205498798778    0.1610    0.2170  -0.200   47
51995.223    0.710325449960   -0.742701593026    0.2506    0.4497  -0.022   68
51996.249   -0.371342679921    0.124401609014    0.1594    0.1685   0.118   34
51996.274   -0.058001623539   -0.581799594102    0.2092    0.3714  -0.567   72
51997.264    0.198668301040   -0.489600014930    0.2464    0.3075   0.057   77
51997.268   -0.202029509990    0.240199207724    0.1309    0.1519  -0.193   54
52002.082    0.464530565940   -0.229298410659    0.6473    0.3219  -0.353   72
52003.247    0.038636609131   -0.084499191644    0.1763    0.1683  -0.006   75
52004.266    0.868852686877   -0.164001599501    0.8466    0.5894  -0.809  128
52016.228    0.581768744074   -1.227200408493    0.1093    0.2206  -0.331   59
52017.251    0.054196927395    0.170099991692    0.1708    0.1668   0.148  103
52018.266    2.455457688771   -1.712401203235    0.8943    0.5600  -0.726  143
52032.266    0.062419518301   -2.304399589548    0.2792    0.7743  -0.179  133
52037.226    0.721200490519   -0.095799592259    0.4580    0.5403  -0.276   22
52044.228   -0.407681188893    2.664100799166    0.2197    0.3433  -0.069   41
52046.266    1.340546986763    0.448999199421    0.3720    0.6816   0.014  135
52051.226   -0.076744875355   -0.231098391623    0.2272    0.2353   0.021   41
52054.079   -1.325341048148   -0.047300403594    0.8230    0.3461  -0.299  122
52060.266    0.140049227050    0.055799998222    0.1511    0.2469  -0.091   93
52065.080   -0.036869023027   -0.170301609614    0.2437    0.2722  -0.229  112
52072.228    0.293536806612   -0.002599213644    0.2180    0.2168   0.039   73
52074.266   -0.189297775783   -0.377600414936    0.1943    0.2601   0.134   74
52074.708  -85.463981973014    4.510400398772    5.8360    4.9961  -0.313    7
52081.264    0.058619073989    0.084099588094    0.1778    0.2130  -0.001   60
52086.225    1.352482995121   -1.634601599676    0.3847    0.6614  -0.231   50
52088.266    0.075681736408    1.968199197222    0.4101    1.1674  -0.450  100
52094.267    0.152072232114   -0.226101607836    0.3135    0.4474  -0.560   56
52100.225   -0.186025704532    0.279399594660    0.3143    0.5401  -0.073   68
52102.266    2.472433354484   -1.113901214467    1.5504    2.1452  -0.708   84
52107.226   -8.522757465173  -18.793000793949    0.5262    0.6460   0.222    9
52109.268    0.406620190940   -0.095799592259    0.2159    0.1962  -0.271   93
52114.079    0.776901872906   -0.141901210782    0.3887    0.4919  -0.132   55
52116.263   -0.072235701900    1.295798386991    0.5916    0.4291  -0.094   73
52123.265    0.389644525227   -0.292600810781    0.1729    0.1805  -0.373   81
52128.082    0.867702581379   -0.383299203577    0.3054    0.2949  -0.101  122
52130.266   -2.255995772721    0.285098408881    0.8803    1.3275  -0.335   33
52135.223    0.471161674994   -1.121000406101    0.5199    1.3247  -0.813   18
52137.268   -0.077629708749   -0.153298813643    0.1903    0.1633  -0.432   70
52142.228   -0.192037222141   -0.484401613221    0.2542    0.4187  -0.380   44
52144.266    0.869913654676    1.036299596535    0.6040    0.6813  -0.590   85
52149.227   -0.734906225974    0.175499985744    0.2447    0.2000  -0.243   47
52151.268   -0.127317492843    0.713098802407    0.1264    0.1836  -0.301   72
52158.266   -0.261796578639   -1.084100412641    0.6744    0.5981  -0.602   99
52163.227   -1.289974369275   -2.945901596263    0.1794    0.3802  -0.179   33
52165.265    0.145619368304   -0.684799212536    0.1287    0.1770  -0.330  102
52172.267    1.033480548947    0.052300794096    0.5915    0.3344  -0.318  109
52177.081   -0.345172563047   -0.173098808887    0.3650    0.3184  -0.013   13
52179.268   -0.127671872492   -0.103399196405    0.1581    0.1657  -0.273  113
52184.082   -0.098140576823    0.273999600608    0.2839    0.3094  -0.109   13
52186.267    0.145795472555    0.709099185769    0.2707    0.3915  -0.435   45
52193.290    0.249330056227   -1.053799198303    0.5973    0.6982   0.123    8
52198.166   -2.402145624925    0.189601192346    0.3108    0.2770  -0.084   62
52200.267   -0.202646990595   -1.547499613253    0.2957    0.4628  -0.470   36
52201.289    0.677169844385   -1.035000002503    0.3333    0.5867   0.179    6
52205.227    0.354897467953    0.577400399493    0.1830    0.3402  -0.276   31
52207.265    0.192832917836   -0.144399589885    0.2182    0.1860  -0.222   47
52213.459    2.729986001617    1.071100788863    8.6387    9.1792   0.214    4
52214.267   -0.478236301395    0.375800408392    0.7791    0.7643  -0.753   50
52219.227    0.367716229021   -0.533700008987    0.3517    0.5279  -0.008   23
52221.268   -0.256846058984    0.184600801845    0.2153    0.1761  -0.237   48
52226.137    0.005922379910   -0.416599209530    0.8324    0.7739   0.052    6
52228.267    0.061182416097    0.231001189377    0.1770    0.2588   0.150   38
52242.267    0.134479085796    0.053100001196    0.2943    0.2323  -0.230   71
52247.227   -0.087974265408   -0.264099602987    0.1713    0.2299  -0.207   84
52249.265    0.065956801347   -0.053701197089    0.1340    0.1778  -0.248  115
52257.081   -0.471339950392    0.622501192993    0.4041    0.3787   0.002   22
52263.269    0.013968836411    0.122000406577    0.1435    0.1928  -0.225  122
52282.203   -0.103269341723   -0.176101207217    0.2242    0.2031  -0.291   74
52289.205    0.483452063000   -0.308199597043    0.3171    0.4784  -0.431  207
52297.204    0.035277541174   -0.096901200664    0.1069    0.3733  -0.404  104
52303.205    0.105123924532   -0.608101191801    0.3021    0.4418  -0.356  217
52304.224   -0.214141652753   -0.113698797577    0.1655    0.2073  -0.089  128
52310.203    0.738617502432    1.136599192364    0.3733    0.4952   0.594  134
52317.205   -0.311486473572   -0.566899205978    0.1755    0.3837  -0.226   92
52318.228    0.019893357314   -0.337399202976    0.3091    0.2811   0.043   55
52325.204   -0.008842212505   -0.888699597112    0.1225    0.3410  -0.200  104
52331.201    1.180073918499    0.198899994075    0.4062    0.2886  -0.094  140
52338.203    0.694410752047   -0.056599205323    0.3372    0.2988  -0.483  145
52345.205   -0.107778515178    0.150800408960    0.1291    0.1804  -0.555  112
52346.228   -0.029000811769    1.167699588223    0.1463    0.1843   0.010   43
52347.250    2.648203609901   -0.476600391153    0.3911    0.3270  -0.166    8
52352.203   -0.004598281000   -0.270201601893    0.2069    0.3996  -0.635   89
52354.249   -4.737980068853   -8.128400403962    2.0860    2.3655  -0.541    6
52359.201   -0.147741334057   -0.072500392889    0.3535    0.3809  -0.356  221
52360.250   -2.888693624771   -3.383200791518    2.3214    2.4831   0.384   18
52367.208    0.027496326622   -0.251301597132    0.6100    0.5218  -0.485  137
52373.205    0.112109413234    0.417200405423    0.2739    0.3285  -0.433   82
52374.228   -0.024050292114   -0.759200395350    0.2711    0.3362  -0.159   18
52380.203   -0.385665895981    0.155199603569    0.4412    0.2095  -0.594  105
52382.252    5.908413908005    5.967899991788    1.0692    1.9070  -0.443   15
52387.205   -0.238189803874    0.061099208892    0.1653    0.2821  -0.481   94
52394.207   -0.520499331271    1.257800391841    0.3542    0.3239  -0.529  163
52402.228    0.018832359361    0.222699605956    0.1655    0.2642  -0.362   62
52424.249    4.383345671702    1.383998400684    1.4480    0.7773   0.684    3
52444.228   -0.682474773844   -4.141501196386    0.7819    0.8874  -0.177   64
52445.251   59.140031493328   34.936599610091    1.4331    1.0142   0.697    4
52451.226    0.541540653090   -0.043099194613    0.3750    0.8968  -0.824  116
52465.226    1.042677110947   -0.195800393499    0.5297    0.5150  -0.078   22
52473.251    3.969652995354    1.911700800861    0.5096    0.4447  -0.188    7
52493.226    0.160207826314   -1.559498412007    0.5881    0.8985   0.256   23
52501.251    0.372934101464   -0.348400809003    0.4845    0.3923  -0.056   12
52519.999   -1.125081265255   -0.700801209064    0.7742    0.8008   0.156   77
52529.251   -8.624611459448   -0.224200792331    1.0020    0.5299   0.107   11
52535.226   -0.008576970556    0.440499604792    0.2355    0.3001   0.121   30
52556.228   -0.586190920824   -0.040798801137    0.3029    0.2458  -0.034   37
52557.251    0.307418646317    0.082699185100    0.4258    0.4116  -0.340    5
52563.226    0.894405292990   -0.190101604858    0.4611    0.3700   0.136   13
52570.707   48.541646822005  -45.192898792834    3.6334    3.4557   0.047   10
52584.228    0.092392160170   -0.280000790553    0.2715    0.2952   0.255   27
52592.249   -1.076276233871    0.280699188693    0.2647    0.2859  -0.157    9
52598.225    0.129439428441   -0.075301198876    0.3001    0.4747   0.069   15
52612.228    0.871415998830    0.177400801249    0.9136    1.0352   0.481   38
52626.225   -0.036516784371   -1.414800001953    1.2832    1.7708   0.520   16
52627.291   -4.726574544395   -3.248701199254    0.4426    0.4345   0.065   12
52646.204   -0.133596363241   -0.020001613166    0.0722    0.1014   0.015   73
52648.249   -1.130651406509   -0.112298394583    0.3640    0.3103  -0.089    9
52653.202    0.217765932505    0.256499998841    0.5252    0.1843   0.370   28
52661.205    0.189649984284    0.250401606650    0.1426    0.1432  -0.344   33
52667.206    0.179922938385    0.198399607143    0.0948    0.1335   0.123   49
52668.221    1.520204683199   -0.376898410082    0.2522    0.2850  -0.236    7
52674.208    0.240398736177    0.015501609596    0.1627    0.1865  -0.690   58
52675.227    0.187969394886    0.034700408946    0.2464    0.2982   0.064   12
52681.206    0.128819806842   -0.023400008331    0.1212    0.1472  -0.517   63
52683.584   48.746326670809  -14.973699592247    6.1649    6.3134  -0.545    4
52689.205   -0.016623427057    0.079300789935    0.0745    0.1040  -0.030   76
52695.206    0.012642626662    0.141501607231    0.0743    0.1072  -0.069   90
52697.251   -0.908641542499   -3.831098408114    0.4998    0.5092  -0.132   11
52702.204    0.112729004678    0.168901206621    0.0605    0.0796  -0.061  108
52709.206    0.106363137575   -0.024501591156    0.0637    0.0914  -0.006   99
52716.204    0.032625091521    0.216500404804    0.0556    0.0839  -0.077  128
52723.202    0.247560359285    0.094701590569    0.1096    0.1406   0.208   45
52724.229   -0.276032797993   -0.560800813787    2.9178    3.9245  -0.992  152
52730.204    0.043765374030    0.193201205434    0.0953    0.1384   0.066   68
52737.202    0.099642890822    0.230900405995    0.0996    0.1345   0.067   48
52739.303    6.539431170657   -0.668001590043    0.3269    0.3120   0.036    7
52744.204    0.143849641207    0.307501198904    0.0564    0.0888  -0.025  145
52751.202    0.020069461565    0.063399602368    0.0882    0.1106   0.046   78
52758.204    0.069670248953    0.096998402910    0.1190    0.1579   0.137   32
52765.202    0.383013416174    0.051001200063    0.2519    0.1880   0.229   30
52766.225   -2.375886400507    4.426801197610    0.5595    0.5491  -0.383   35
52772.204   -0.036073297178    0.001299594032    0.0713    0.1019  -0.134   76
52779.206    0.013527460056   -0.551401203097    0.2851    0.3555   0.549   12
52780.225    0.167721688077   -0.081900003579    0.4562    0.4660  -0.541    6
52787.205    0.225545036218   -0.069901204824    0.2516    0.1175  -0.364   43
52788.250    0.848163603713   -0.370101594172    0.7700    0.8277   0.174    9
52793.206   -0.101588752325    0.139201188176    0.0632    0.0941  -0.062  131
52800.204   -0.218916068158    0.291200407787    0.1306    0.1986  -0.049   51
52807.206    0.159057720816   -0.179099998832    0.1396    0.1589  -0.010   30
52809.248    0.206977888652    0.187099206528    0.1991    0.0990  -0.106  260
52814.204   -0.007426865057    0.026398799946    0.1227    0.1922  -0.006   60
52821.206    0.015029834365    0.196999204150    0.0934    0.1353  -0.140   86
52828.204   -0.153046233362    0.318600007176    0.1631    0.1543   0.048   61
52835.203   -0.171791596016    0.525301197740    0.0949    0.1285  -0.175   57
52836.222    0.733136498877   -0.052099201753    0.4392    0.6654  -0.051    7
52842.204    0.157642373368   -0.377301594767    0.4482    0.2359  -0.530   58
52849.206   -0.283016175857   -0.183801594744    0.2100    0.2294  -0.149   17
52856.208   -0.076390495706   -0.361699201790    0.1751    0.2339  -0.166   29
52863.206    0.609619450345   -0.426200412562    0.6124    0.3057  -0.691   48
52864.225   -0.780084836613   -0.466200006599    1.1438    2.0854  -0.092    5
52870.204   -0.226697282709   -0.030898803516    0.3805    0.1757  -0.321   36
52877.203    0.121392971940   -0.017600410729    0.4516    0.2841  -0.362   32
52885.205    0.069935490903    0.011700004166    0.0877    0.1179  -0.149   77
52891.203   -0.212639308599   -0.087800410142    0.1080    0.1831   0.366   65
52898.205   -0.266749239288    0.051199185691    0.1124    0.1646  -0.002   37
52899.224   -0.082934608053    0.629798395835    1.2623    1.5034   0.526    4
52905.206    0.060297552549    0.158299204145    0.1256    0.1470  -0.228   31
52906.225    0.326338032538    0.120801595926    0.5534    0.5752   0.023   18
52912.205    0.002121935598   -0.055900807183    0.0848    0.1248  -0.039   81
52919.203   -0.453038044776    0.150998394588    0.1511    0.1977   0.061   26
52921.241    0.119094871782    0.777499204219    0.5475    0.4643   0.530   13
52926.205    0.048450651735    0.041299188069    0.0872    0.1318   0.081   37
52927.238   -0.485310897642   -0.436201193565    0.3389    0.6182   0.220    7
52933.203    0.019628115365    0.109299602968    0.1085    0.1691   0.112   23
52934.240   -4.045071630805   -2.687900411047    2.1740    2.3298   0.799    3
52940.205   -0.009548830810    0.059399985730    0.1252    0.1710  -0.036   27
52947.203   -0.208747645904    0.406198799396    0.2077    0.1741  -0.222   17
52954.227   -0.160473098419    0.261399605961    0.1440    0.2076   0.067   22
52961.203   -0.094870616411    0.248500791145    0.1007    0.1255   0.007   44
52968.205   -0.166308481623    0.047098785672    0.1580    0.2039  -0.036   21
52975.203   -0.256669924579   -0.349599594074    0.1403    0.1825   0.145   29
52976.229   -0.168430417221   -0.078001195902    0.5164    0.8142   0.522    8
52983.227    0.091950783815    0.227699996458    0.2828    0.2016   0.049    8
52989.229   -0.028115948221    0.145501198290    0.2408    0.1561   0.100   15
52990.229   -0.293273705656   -0.185000405395    0.3251    0.3444   0.127  159
52996.205    0.184786461334   -0.015501609596    0.1459    0.1404  -0.017   18
53003.203   -0.136424947298    0.453499202990    0.0983    0.1325   0.076   28
53010.205   -0.175681147873   -0.173800813741    0.2569    0.3042   0.500    4
53017.203    0.155168168960    0.445298402951    0.1535    0.1611   0.083   13
53018.226    1.452921641948   -0.693500399507    0.7603    0.7030  -0.130    5
53025.206   -0.067106937001    0.437698798805    0.0770    0.1147  -0.225   34
53031.203    0.016886528013    0.122698804716    0.0650    0.0958  -0.205   50
53038.205   -0.280807213398    0.141199205927    0.3155    0.2811  -0.422   30
53052.205   -0.088680883713    0.289598386871    0.1128    0.1400  -0.241   48
53059.203    0.087530748060    0.197701209004    0.1010    0.1324  -0.276   69
53066.205   -0.047302687231    0.066700795287    0.0813    0.1198   0.128   25
53066.585   -8.745119567839   -7.425298801422    3.2270    2.7101  -0.117    6
53073.203   -0.069228902753   -0.152899210093    0.1440    0.1901  -0.317   57
53074.237   -0.400697841184   -0.952700395374    1.1642    1.9741   0.786    6
53080.205    0.174087555181   -0.640900810822    0.3225    0.3744  -0.314   13
53087.207   -0.102914962074   -0.355100397087    0.1771    0.2074  -0.136   38
53101.583    1.278831945773    8.346499197387    2.7684    2.0999   0.074    9
53102.230    1.314905242951   -0.323798408886    1.9733    0.5340  -0.411   66
53108.205    0.041199921083   -0.267998410663    0.1829    0.2089   0.172   30
53115.229    0.092392160170    0.129801603066    0.1710    0.2360  -0.279   26
53122.205   -0.272319380542    0.274798807709    0.0931    0.1775   0.086  146
53125.576    0.581238260175    0.463701601916    0.4194    0.3835   0.156   36
53129.207    0.011670766408    0.042299987513    0.1308    0.1301  -0.125   40
53131.252   -0.279037486301    0.240598785695    0.0990    0.1070   0.044  177
53134.021   -2.283139860687   -9.177098402802    0.3345    0.3025  -0.178  135
53136.227    0.000795725849   -0.058701613170    0.0986    0.1037  -0.045   51
53143.207    0.215996235563   -0.201898811270    0.1103    0.1229  -0.160   55
53145.581   40.749462543756    8.428600793309    7.8537    5.6728  -0.397    4
53150.205    0.065071967954   -0.074098807090    0.2328    0.3790  -0.316    8
53152.747    3.556666907156    3.089401195666    0.3487    0.5188  -0.092   90
53158.208    0.054816518839    0.038901592347    0.1482    0.2042   0.113   14
53164.205   -0.023165428565   -0.683600401885    0.1375    0.2425  -0.213   42
53171.203   -0.158970754265   -0.541000792964    0.1658    0.2084   0.307   34
53185.207    1.465122892255    0.894898798265    0.3596    0.3884   0.229    6
53193.206   -0.766470349696   -0.003200409537    0.3151    0.3727  -0.475   62
53199.225   -0.149598057860    0.314499607157    0.1870    0.2516  -0.040   33
53200.230    0.413868810753   -0.642499199444    0.3618    0.3560   0.200  141
53206.205   -0.058001623539   -0.003600013088    0.1693    0.1785  -0.118   35
53213.207   -0.181075184877   -0.025099205914    0.2185    0.3500  -0.224   15
53220.202   -0.072942320204   -0.098499614865    0.1835    0.2228   0.061   32
53227.225   -0.084082602713   -0.345600003016    0.1408    0.1986   0.102   23
53234.205   -0.049955136883    0.101001600683    0.1456    0.2054  -0.018   34
53235.228    0.386813830331    1.288400400767    0.3263    0.4110  -0.403   84
53243.249    0.185936566833    0.047300403594    0.1172    0.0999   0.169  127
53248.205   -1.355665958828   -1.541001591931    0.3095    0.3728   0.047   27
53254.995   -0.660372454071    2.720300400938    1.4425    1.6518   0.360    4
53256.204   -0.206449545746    0.745898395849    0.2674    0.7148  -0.590   51
53262.224   -0.163214655616   -0.293601610224    0.2273    0.3034   0.067   17
53263.228   -1.456902442342    0.770000409034    1.1008    1.7558   0.781    4
53264.247   -0.162153687817   -0.414100804846    0.2565    0.2951  -0.131   20
53276.205    0.190887086488    0.119699987522    0.1672    0.2034  -0.037   43
53278.247   -0.123693182937    0.074700002983    0.2779    0.3132   0.000   22
53284.226   -0.059414829994    1.146700807908    0.7352    1.6630   0.790  184
53297.204   -0.185936596988   -0.002498404683    0.1505    0.2110  -0.024   41
53304.224   -0.060919315141   -0.004701595913    0.1219    0.1816  -0.247   66
53311.204   -0.194248295439    0.485398805949    0.1390    0.3503   0.425   32
53326.223   -0.061891145241   -0.183398410059    0.3389    0.5165   0.259   16
53353.204    0.281776932659   -0.269798391628    0.1787    0.2492  -0.563   76
53354.223    1.438687533432   -1.939798798389    1.1748    0.7673  -0.267   67
53381.207    0.225810278167    0.267400795906    0.1923    0.2479  -0.059   18
53389.206   -0.084260847957    0.220499995862    0.1049    0.1752  -0.285   90
53390.247   -0.009018316756    0.082501199472    0.1751    0.1685   0.260   44
53395.204    0.377178032970   -0.170099991692    0.1560    0.1752  -0.012   38
53402.206   -0.046948337736   -0.351900013129    0.1333    0.2304   0.093   41
53410.227    0.812266440941   -1.095598798884    0.1196    0.1609   0.084   56
53411.253    0.101234372676    0.226501185807    0.0964    0.1236  -0.208  227
53423.208    0.239250771673    0.492998410095    0.5989    0.3053   0.127   63
53452.223   -0.242698947174    2.721801587313    1.5000    1.0695   0.262   13
53458.206    0.079129942064   -0.452599212508    0.1167    0.1903  -0.043   48
53465.204   -0.133596363241    0.574700402467    0.2704    0.4412  -0.228   20
53466.227    0.225988523411   -0.255898802948    0.8176    0.6011   0.574    5
53467.246    2.127528174379    3.069698402669    0.1283    0.1633   0.139   23
53472.206    0.108041616134    0.201999594651    0.0972    0.1643  -0.025   62
53486.206    1.127024955609    0.128098798768    0.4481    0.2279   0.325   65
53509.246    0.000882722555    0.012898789237    0.1996    0.1593   0.264   35
53514.206   -0.003182933552    0.359200797106    0.1712    0.2660   0.062   20
53523.418    4.141088100883   -0.619200000074    0.3375    0.3763   0.209   45
53535.204   -0.032890363626    0.230000389934    0.1942    0.2357   0.380   32
53542.206    0.081695364856   -0.243000013711    0.1937    0.2069   0.369   65
53543.225   -0.109546101282   -0.256798793430    0.3002    0.3194   0.301   38
53550.223    1.685717408817    0.879400795384    0.8562    0.5677  -0.219    3
53555.994    3.439870105377   -0.693201604918    3.1103    1.6700   0.646    5
53557.207    0.129174186491    0.408700785215    0.3278    0.2466  -0.573   73
53561.356    1.634349035325    2.360199587770    0.3532    0.4175   0.138   45
53563.204   -0.040406336228    0.342799197028    0.1157    0.1800  -0.059  104
53564.223   -0.230852076516    1.707501596115    0.1712    0.2034   0.228   33
53570.206   -0.057647243890    0.245300407187    0.1521    0.2206   0.223   35
53598.210   -0.279215731545   -0.017899205318    0.2279    0.2767   0.519   28
53600.248    0.207686647950   -0.296899196428    0.2015    0.3208   0.168   76
53605.208   -0.012290388007    0.011800787547    0.1668    0.2726  -0.331   32
53612.206    0.173115694926   -0.119700013101    0.2081    0.2068  -0.153   36
53620.205    0.100792996321    0.099698399936    0.2677    0.4377   0.056   19
53626.195   -0.105215173070    0.071899196996    0.0561    0.0728   0.006  222
53626.498    0.009635797361   -0.094298405884    0.0645    0.1036  -0.178  207
53627.196   -0.236511325314    0.022899595820    0.0853    0.1856  -0.149  149
53627.499   -0.054553417883   -0.430401595963    0.0844    0.1263  -0.049  150
53628.197    0.108926449528    0.034401588778    0.0739    0.1063  -0.061   97
53628.500    0.005215761605    0.221601604267    0.0870    0.1402  -0.040   96
53629.198   -0.227580005265    0.099799208897    0.0650    0.1029  -0.124   94
53629.501   -0.078955948652   -0.218901607241    0.0990    0.1325   0.239   72
53630.195   -0.101323510375   -0.078001195902    0.0681    0.0878   0.300  148
53630.498   -0.125815148689    0.147200395872    0.0812    0.1064   0.308  212
53631.196    0.037045127277    0.276199185123    0.0549    0.0695   0.004  138
53631.499    0.093277023719    0.268700389938    0.0773    0.1167   0.001  145
53632.196    0.043941508435    0.110498388040    0.0563    0.0841  -0.113  201
53632.500    0.047124441987   -0.169300810171    0.0656    0.1215  -0.227  177
53633.197    0.030590152629   -0.042800400024    0.0559    0.0824  -0.014  183
53633.500   -0.298400359716   -0.168501603071    0.0899    0.1259   0.217  138
53634.205   -0.186114812077   -0.006901206007    0.1649    0.2040  -0.692   85
53634.501   -0.103180204023   -0.116798398153    0.0994    0.1168  -0.134  113
53635.195   -0.131120047994    0.011001606026    0.0650    0.0863  -0.185  119
53635.498   -0.129439458596   -0.118799997040    0.0767    0.1114  -0.114  136
53636.196    0.005039627200   -0.021801594130    0.0656    0.0907   0.011  140
53636.499    0.039521472679    0.018601210172    0.1176    0.1406   0.088  130
53637.197    0.184786461334    0.155098794608    0.0828    0.1137  -0.327  134
53637.500    0.064719699143    0.189601192346    0.1174    0.1590  -0.203  122
53638.197   -0.014412353760   -0.077799603559    0.0763    0.1040  -0.006  119
53638.497   -0.029796537619    0.021898796376    0.0810    0.1044   0.015  140
53639.198   -0.070644250201   -0.091101603061    0.0703    0.0989   0.298  138
53639.501   -0.042528301980    0.052700397646    0.0733    0.1153  -0.022  130
53640.199   -0.098760168267    0.350999997067    0.0733    0.1707   0.030   94
53647.208   -0.611389177443   -0.161899191653    1.0095    0.3721   0.198  108
53689.216   -0.222718593154    0.411299998859    0.3121    0.3122  -0.530   45
53690.227   -0.903688881850    0.605498397022    0.2710    0.2626  -0.352   88
53703.205   -0.377443305074    0.460400408997    0.1586    0.2565  -0.061   68
53704.242    0.347557629756    0.669700787626    0.2105    0.3191  -0.027   77
53710.203   -0.003182933552   -0.011401209576    0.1940    0.1830   0.563  144
53711.225    0.841178115011    0.051098402309    0.1376    0.1270   0.072   37
53712.248   -0.051281376786   -0.416699992911    0.1488    0.2031   0.020   48
53717.205    0.103621580378    0.325501187604    0.2593    0.3375  -0.042   22
53718.224   -0.774073319004    1.504000789510    0.7997    0.7873  -0.588   84
53725.226   -0.498129658710   -0.339098400559    0.4313    0.3336   0.350  201
53739.207    0.266392718645   -0.060901197685    0.1668    0.1703  -0.066   31
53753.204   -0.482393206040    0.093099595233    0.2304    0.3243  -0.291   65
53759.201    0.153663713967   -0.249098405902    0.1991    0.2165   0.107   27
53761.246   -0.269047309291    0.126698395775    0.1641    0.2237   0.302   59
53766.207    0.015384183859    0.068399992870    0.0935    0.1303  -0.223   60
53768.252    0.019804219615    0.181900804819    0.1939    0.2275  -0.773  192
53774.227    1.271494218415    0.441799198825    0.6694    1.0597  -0.510   14
53801.205    0.036603781077   -0.063500411329    0.1039    0.1541   0.029   92
53815.205   -0.025111259913    0.169599604760    0.2180    0.2020  -0.233   51
53824.248   -0.014057974110    0.001000799443    0.1767    0.2102   0.050  112
53829.205   -0.096992582164    0.195998404706    0.2580    0.1842   0.046   63
53836.207   -0.265422999384    0.387201592389    0.2720    0.2214  -0.119   95
53852.249    0.324746580840    0.385300802463    0.2038    0.2171   0.075   60
53858.202    0.083728223064   -0.280400394104    0.2529    0.2081  -0.485   52
53864.207   -0.353925637853    0.184701585226    0.2381    0.3082  -0.088   41
53871.205   -0.225458039512    0.197499591081    0.3119    0.3581   0.073   43
53878.207    0.106539271980    0.338799605970    0.1121    0.1990   0.008   60
53879.226   -0.273645590291    1.797800385361    0.2878    0.4059  -0.054   32
53884.997   -0.665942595325    1.164499204265    0.7987    0.9304  -0.262   25
53893.204   -0.481332238241    0.350398801174    0.1820    0.3360  -0.299  294
53899.205   -0.058708211689   -0.033598800542    0.2979    0.2669   0.164  194
53915.247   -0.045711235532    0.257500798284    0.2087    0.2232   0.340   44
53927.205   -0.221657625355   -0.688399200044    0.1711    0.2271  -0.281  168
53928.228    0.076655737656   -0.232801195921    0.1042    0.2039  -0.249  267
53936.245   -0.038284370475    1.011700803133    0.3881    0.4090  -0.360   21
53941.205    0.050218237839    0.122198392205    0.1728    0.2073  -0.113   63
53949.226   -0.074888151552   -4.479901198806    0.5230    1.6000   0.324   12
53969.238   -0.121836459134   -0.204199204745    0.4484    0.2701  -0.776  105
53982.993   -7.368677529142   -0.690199206588    0.6711    0.5148   0.325   15
53990.207   -0.088326504064   -0.071301607818    0.1660    0.1695   0.580  271
53991.230   -0.013440493505    0.465098398195    0.2644    0.2741   0.155   32
53992.249   -0.134126847140   -0.779299210762    0.1207    0.1563   0.362  176
53998.228   -2.077486040791   -5.870599213154    0.1485    0.1758   0.146   25
54011.205   -0.084171710257   -0.421999203581    0.2220    0.2471   0.743  212
54013.251    0.630662883003    1.917298806120    0.1512    0.2259   0.290    9
54018.218   -0.132446257743   -0.157201202455    0.2144    0.1522  -0.148  168
54019.230   -0.325898827332    0.506901605490    0.3438    0.2847   0.157   26
54046.207    0.023076290866    0.063601194711    0.1114    0.1122  -0.086  224
54053.205    0.350564428903   -0.561801613230    0.1921    0.2131  -0.147  156
54054.224   -0.262416200238   -0.590500806652    0.6357    0.7743  -0.305   36
54055.251   -0.064013110993    0.531601207854    0.2256    0.2796   0.247   18
54075.226   -5.277044406697    2.244398407925    0.2250    0.2290  -0.167  142
54082.228   -0.265864375739    0.451598387485    0.2184    0.2832  -0.356   15
54088.207   -0.275324068850   -0.033001211364    0.1554    0.2383  -0.393  160
54097.207    0.061358520348    0.455101198327    0.2195    0.2622   0.184   36
54116.207    0.772657971556   -0.094499998227    0.2395    0.1775   0.360   44
54138.225    0.990158662111   -0.597398405944    0.4103    0.3407   0.080   18
54144.207   -0.718637178566    0.462099606580    0.2080    0.1334  -0.404  141
54152.206    0.069935490903   -0.085499991087    0.0935    0.1039  -0.057  104
54158.207    0.434736139160   -0.016700394667    0.1576    0.1034  -0.097  128
54172.208    0.122277835489    0.223599596438    0.1407    0.2109  -0.675   74
54179.206    0.168695659171   -0.103100401816    0.1149    0.1416  -0.053  141
54187.230    0.106097895625   -0.045201602461    0.1106    0.1479  -0.300  226
54188.249   -0.004333039050    0.407401191183    0.1455    0.1363  -0.318   47
54193.209    0.003269930258    0.060699605342    0.1088    0.0990   0.303  289
54201.208   -0.038373508174   -0.174599995262    0.0774    0.0986  -0.037  163
54208.207    0.138988229096   -0.046101592943    0.0936    0.1307  -0.137   92
54214.208   -0.123251806582   -0.005900406563    0.1164    0.1187  -0.112  379
54216.249    0.551000346201   -0.528400798316    0.2751    0.2319   0.091   68
54235.206    0.094427129217   -0.005799597602    0.1187    0.1330  -0.089   70
54243.227    1.946100750847   -2.408299198464    0.8935    0.8456  -0.549   38
54250.207   -0.089652743967    0.084398408262    0.1185    0.1124  -0.159   85
54256.208   -0.053579446790    0.071499593446    0.0852    0.1038   0.102  113
54263.206    0.017506149612   -0.057600004766    0.1271    0.1674  -0.308   86
54270.208    0.042615268531    0.101498406480    0.1086    0.1460  -0.091   68
54278.229    0.205386436954   -0.052999192235    0.1152    0.1101  -0.170  236
54285.223   -2.266251191681   -0.917200804906    1.8495    2.4073   0.481    5
54291.206    0.094514125923   -0.145299605947    0.1206    0.1830  -0.099   33
54298.208    0.119536248137    0.037400405972    0.4387    0.4656   0.186    9
54305.206   -0.280983317649   -0.143600408364    0.2065    0.2664   0.119   26
54312.208   -0.043500162235   -0.135601200668    0.1482    0.1969   0.098   32
54321.248    4.614373882622   -0.797698803012    0.3672    0.5686   0.143   24
54333.206    0.349414323405   -0.232300808989    0.2503    0.1366  -0.201  113
54340.208   -0.001060997954    0.060098409449    0.1016    0.1183   0.048   70
54346.994   -2.097379398105  -10.926298790537    2.6065   13.1002   0.966    4
54354.208    0.010962037265   -0.362700001233    0.1471    0.2091  -0.295   48
54355.227    0.039167093030    0.273898791647    0.3708    0.4356   0.150   15
54361.206   -0.534998681737    1.277999990634    0.3967    0.4446   0.033   17
54384.228   -0.463471708980   -0.543499197647    0.3767    0.2554   0.197   28
54390.207    0.371784026121    0.066200408355    0.2807    0.1769  -0.718   65
54396.208    0.347205360946    0.458600402453    0.1119    0.2039   0.335   89
54403.206    0.240487873877    0.088199988113    0.1695    0.1716  -0.664   82
54410.208    0.166043209518    0.066301191737    0.0785    0.1138  -0.074   69
54417.206    0.007337727358    0.149900392898    0.1017    0.1360   0.024   58
54424.208    0.109898309782   -0.112201192337    0.1326    0.1484  -0.387  122
54431.206    0.241018357776   -0.078199207110    0.1367    0.1814  -0.199  146
54433.288   -0.033775227174    0.555501603117    0.1323    0.2275   0.067   17
54438.208    0.203973200344    0.111099609512    0.1071    0.2148   0.287  109
54445.206   -0.059062591338    0.141800401821    0.0753    0.0924  -0.220  156
54447.248   -0.822258758944   -1.959001204455    0.2639    0.4182   0.287    3
54452.208    0.086026293067   -0.002699997026    0.0639    0.0844  -0.007  157
54461.208    0.152426611763   -0.068698813038    0.0991    0.1330   0.033  127
54486.995   -2.855007535296    1.536998394158    1.6001    1.4505   0.020    6
54501.206   -0.013881869860   -0.118799997040    0.1176    0.1533  -0.230  108
54508.208    0.274969689201   -0.112100408955    0.2322    0.2501   0.332   33
54516.207   -0.406178844739    0.033400789334    0.1073    0.1183  -0.062   71
54517.248    0.023163287572   -0.578098797632    0.3395    0.5382   0.287    3
54529.207    0.008753074806    0.022100388719    0.0630    0.0846   0.082  118
54537.205    0.308125264622    0.298799986354    0.2961    0.3950   0.914  114
54543.207    0.030944502124   -0.071099989896    0.0651    0.0821   0.026  139
54559.230    0.277622138853   -0.214498805917    0.1186    0.1959  -0.134  176
54579.209   -0.013351355806   -0.360399607757    0.2902    0.3763  -0.125   16
54585.207   -0.149776303104    0.286401609628    0.1338    0.1460   0.102   75
54599.207    0.248710434628    0.109900798861    0.2084    0.1511   0.099   53
54601.248    0.627479949452   -0.105598806499    0.3692    0.2316   0.794  176
54606.209    0.094692371167    1.152100801960    0.3094    0.4172  -0.071   19
54612.995   -0.394949454686   -0.634201197158    0.4100    0.5010   0.169   52
54614.207    0.357460810061   -0.138898812452    0.3191    0.3883  -0.602   99
54620.209   -0.055790520087    0.016099198774    0.0676    0.0883   0.130  202
54641.207    0.338008798946   -0.585799210739    0.3450    0.3199  -0.104   32
54657.249    0.467891744736   -0.347400009559    0.1358    0.2203  -0.057  121
54683.207    0.329255724140    0.358300806624    0.2187    0.2931   0.183   68
54690.497   -0.154726822759   -0.302500808402    0.1451    0.2229  -0.209   35
54691.502    0.438271311368   -0.418798794044    0.2863    0.4645  -0.757   40
54692.499    0.029442157970    0.223999199989    0.1127    0.1568  -0.480   73
54693.500   -0.269577793191    0.297000005389    0.1190    0.1762  -0.039   56
54694.500    0.103621580378   -0.278100000628    0.1577    0.1752  -0.111   58
54695.501    0.057558106190   -0.471499191690    0.1743    0.2254  -0.303   98
54696.502   -0.432083719663    0.450399602414    0.2167    0.3253  -0.625   60
54697.499    0.047389683936   -0.075301198876    0.1573    0.1696  -0.352   81
54698.500    0.108485103328    0.385099210121    0.1832    0.3200   0.059   16
54699.501   -0.097257824113   -0.135100813736    0.1125    0.1824  -0.502   88
54700.501    0.033686089475   -0.119901605444    0.1129    0.1552  -0.084   85
54701.499   -0.121925596833   -0.380901607855    0.1396    0.1593  -0.206   55
54702.499   -0.140049227050   -0.219999608930    0.1501    0.1978  -0.246   44
54703.500    0.170108865625   -0.042400796474    0.1683    0.1645  -0.380   61
54704.501   -0.062863005495    0.020401191136    0.1149    0.1501  -0.246   94
54710.999   -0.651619379265   -5.317599595855    0.5997    1.1355   0.078   26
54713.249    0.553652795853   -0.285098408881    0.1938    0.1909  -0.681  120
54718.209    0.006365867103   -0.123400809571    0.0862    0.1079   0.066  180
54719.239   -1.217297321175    1.270598397696    1.2494    1.0281  -0.651   10
54720.251    0.518464362224    0.275198385680    0.4483    0.3847  -0.411   67
54732.209    0.128554564893    0.063500385750    0.0962    0.1692  -0.110  128
54739.207    0.018212767917    0.068601585212    0.4500    0.1639   0.705  189
54748.247    0.010255418960   -0.087098405288    0.2355    0.2843   0.169   25
54754.208   -0.030061779568    0.116100000014    0.1966    0.2154  -0.237  123
54777.270    0.630486778753    0.320299204759    0.3522    0.3775  -0.010   23
54781.207    0.127934973449    0.082000786961    0.0922    0.1539   0.053   64
54784.268    0.316171751278   -0.120600003584    0.3591    0.3373   0.082   13
54789.228    0.467626502786   -0.634298399405    0.5987    0.7624   0.372    5
54791.273    0.171258971123   -0.088599591663    0.1498    0.1804   0.156   70
54796.270   -0.046065585026    0.065800804805    0.1861    0.2356   0.143   47
54797.998    3.327847688849    1.647000001981    3.6374    3.7329   0.919   77
54805.270    0.301318021163    0.439801206653    0.2586    0.2725   0.071   70
54812.272    0.048626786141    0.191901585822    0.1808    0.2697  -0.226   80
54819.270   -0.098760168267    0.116301592357    0.2289    0.2542  -0.096   98
54824.266   -0.646049238011   -0.878698790530    0.3995    0.5030   0.017   26
54831.294   -1.100854868891    0.838000798353    0.6960    0.5894  -0.184   20
54840.268    0.182840629987   -0.264099602987    0.1273    0.1817   0.311   94
54847.266   -0.029089919314    0.651999593515    0.2860    0.3581  -0.603  128
54850.999    3.898832640902   -5.081698799358    0.3318    0.3370  -0.464  129
54854.272   -0.249684435876    0.227599187497    0.2623    0.3574  -0.627   95
54861.270    0.042615268531   -0.151599590481    0.1626    0.1595   0.047   75
54868.272    0.016621286063   -0.044099994057    0.1310    0.1626   0.071   69
54875.270    0.128465457348   -0.267001192356    0.2477    0.1584  -0.274  132
54882.272    0.062597763545   -0.266500805424    0.1446    0.1733   0.069   80
54889.270   -1.226050395981    0.522601200714    0.5922    0.4123  -0.369  106
54895.581   -2.582157701009    5.669301597777    2.2399    1.9641  -0.262    9
54896.268    0.166130206224    0.052898408853    0.2659    0.3030   0.428   73
54903.270   -0.117503450238    0.008398785667    0.1235    0.1502   0.093  105
54910.268    0.045709094539    0.109101591761    0.2777    0.2663  -0.152   85
54915.999    0.941529734977   -1.310198413762    0.5104    0.5097   0.065   25
54917.270   -0.227493008559    0.028900785765    0.1708    0.2171  -0.273  136
54924.268    0.041995677087   -0.267199203563    0.1604    0.2268   0.013   81
54929.228   -0.199464057044   -0.417200405423    0.4856    0.3334   0.007   20
54930.269   -0.696445721094    0.171000007754    0.3166    0.3872  -0.070   41
54938.272    0.084878298407    0.312699600613    0.1916    0.2090   0.171   68
54943.228    0.139605739857    0.035398807086    0.1843    0.7649   0.834  357
54945.270   -0.177361737271   -0.204998411846    0.2994    0.3385  -0.199   46
54951.267    0.040493302779   -0.198100812554    0.2560    0.2563  -0.126   70
54956.209    0.372844993920    0.379501204861    0.3432    0.5474  -0.296  268
54958.269    0.119977624492   -0.256201204252    0.1642    0.2384  -0.190   97
54966.268    0.237924531769   -0.134301606636    0.2405    0.1838   0.044   91
54973.270    0.214848240903    0.349199990524    0.2142    0.2759   0.087   64
54976.999    1.095991315786    1.230501601412    3.5213    1.2562   0.363   16
54980.268    0.026346221124    0.013298392787    0.2944    0.2818  -0.462   85
54987.270    0.075329497752    0.992800798372    0.3257    0.3113  -0.087   62
54993.271    0.455159980374    0.017499601768    0.1606    0.2038  -0.320  118
55001.270    0.419793301501    0.190299590486    0.2535    0.2769   0.264   83
55005.208    0.139340497907    0.166701596527    0.2143    0.2112  -0.518  153
55006.227    1.750615383359    1.504699187649    0.6333    0.8893  -0.045    7
55008.268   -0.268251583442    0.088199988113    0.4275    0.4270   0.186   36
55012.206   -0.094251024967    0.297201597732    0.1563    0.2075  -0.023  277
55014.269   -0.261531336689   -0.118598404697    0.2022    0.2110   0.141   75
55022.268    0.530754750231   -0.646300804874    0.6387    0.4370  -0.426   54
55029.270   -1.402172920209    1.476900010289    1.3676    1.8293  -0.411  178
55032.999    2.541575230376    0.487299595875    0.5135    0.4907  -0.645  119
55036.268   -0.198226954839   -0.016401600078    0.2268    0.2610   0.127   77
55043.270    0.682474743689   -0.591300013753    0.4702    0.3059  -0.202   47
55050.269   -0.144293158556   -0.055900807183    0.1777    0.1975  -0.043   62
55057.270   -0.231913044315   -0.538401604899    0.1832    0.3121  -0.130  172
55064.269    0.102119236224   -0.318099594665    0.2462    0.2818   0.163   52
55078.269    0.268162445743    0.191998788068    0.3534    0.3771   0.175   24
55082.001   -0.840295392456    0.420001185830    0.6331    0.8697   0.021   39
55085.270    1.116945640900    1.265299187025    0.4661    0.7217   0.610    9
55092.269    1.176712709549    0.149601598309    0.7984    0.4132   0.297   30
55098.248    0.201851234591    0.523900794747    0.2944    0.3377   0.055   32
55099.270    0.330405829639    0.047199594633    0.3039    0.3264  -0.026   58
55106.269   -0.072942320204    0.216500404804    0.2789    0.3927   0.159   47
55113.270   -0.517581639669    0.192499200580    0.3090    0.4111  -0.720  125
55120.269   -0.195928884836   -0.396298801775    0.2907    0.3232   0.299   24
55125.229   23.464964224680  -18.660099590306   61.1289   43.7832  -0.999    3
55127.274   -0.303353020365   -0.239198408281    0.3557    0.3851  -0.238   41
55134.269    0.175944248829    0.068500801831    0.2263    0.3187  -0.041   42
55141.271    0.153046203207   -0.194399990505    0.1746    0.2340   0.071  137
55148.269    0.661696522826   -0.436399204773    0.3310    0.4414   0.184   44
55155.271    0.336417347248   -0.132001213160    0.3398    0.3947   0.248   30
55160.271   -0.232443528214    0.054399595228    0.6767    0.7423   0.454   76
55161.998    2.666857754173    1.445698805469    2.8013    1.8741  -0.352   24
55168.252    0.317408853482    0.071798388035    0.2216    0.1588  -0.128  293
55169.271   -0.284962007205   -0.303299989923    0.1821    0.2193  -0.129   77
55176.269   -0.003006829301   -0.418298407112    0.2290    0.2884  -0.035   60
55181.229   -1.170259875894   -0.020199598794    0.6118    0.8719   0.544   15
55183.271    0.266481856345    0.550900790586    0.2827    0.3732   0.305   43
55188.271    0.134300840552   -0.325598389850    0.1759    0.2428  -0.186   98
55195.273   -0.277889521796   -0.148399206523    0.2950    0.3588  -0.002   26
55204.273   -0.157203138006    0.240800403617    0.2293    0.2892   0.303   28
55211.271    0.417229989548   -0.468201605486    0.1965    0.2351  -0.467   83
55218.269    0.162771138267   -0.172598396375    0.1662    0.1959  -0.132   55
55225.271    0.306888162418   -0.132598802338    0.2331    0.2287  -0.149   53
55232.269    4.903314519073    2.199398397806    0.3769    0.4876   0.108   38
55239.271   -0.373995099418   -0.489700798312    0.3023    0.6146  -0.136   20
55244.209    0.180542559984    0.206301587014    0.1940    0.1247  -0.340   73
55246.269    0.029618292375   -0.157701614967    0.1017    0.1197   0.085   91
55253.271   -0.393092730883    0.068299209488    0.4850    0.5590  -0.506   52
55267.271   -0.409450915990   -0.116701195907    0.2321    0.2883  -0.546   77
55269.707  -16.404681484096   14.310899985048    2.9436    2.2758   0.112    6
55278.206   -0.123427940987    0.035301604839    0.1020    0.0973  -0.083  194
55281.271    0.189649984284   -0.312998395202    0.1199    0.1845  -0.062  136
55287.272    0.086380672716    0.164401203051    0.2258    0.5167  -0.532   34
55295.271   -0.147919579301   -0.061401610196    0.1903    0.2523  -0.014   79
55302.269   -0.321211408633   -0.661399204205    0.1757    0.1681  -0.196   91
55309.271   -0.140492714244   -0.138801610206    0.1274    0.1485   0.020  148
55316.269    0.124399771086   -0.512301599542    0.2014    0.2195  -0.239  151
55323.271   -0.023341532816    0.234799188092    0.1599    0.1801   0.038   98
55330.269    0.202381748646   -0.485499614911    0.2575    0.4633  -0.582   97
55337.271    0.316523989934   -0.714801606705    0.1633    0.3451  -0.126  180
55342.209    0.504317280569   -0.157298404702    0.1585    0.1594  -0.204  132
55344.269    0.352686394656   -0.197701209004    0.1995    0.2440  -0.146   39
55351.271    0.114850970431   -0.061898390413    0.3498    0.2766  -0.001   41
55358.269   -3.959751956043    1.276700396602    0.5040    0.2964  -0.527   81
55365.271    0.119271006187   -0.439401603103    0.3332    0.4580  -0.264   44
55372.269    0.644190373214   -0.540298813689    0.6552    0.6358   0.369   55
55384.209   -0.200790296947   -0.446198393433    0.3523    0.2968  -0.294   87
55398.228   -0.201409888391   -0.696700809044    0.6440    0.7715  -0.024   13
55413.250   -0.301496296562    0.024800385745    0.1537    0.2483   0.171  160
55428.269    0.199729298993    0.133498792820    0.3329    0.3396   0.287   35
55435.271    0.367540094615   -0.391600812577    0.4912    0.3966  -0.121   69
55454.228    0.232884874414   -0.256798793430    0.0904    0.1520   0.031  204
55460.207    0.361174227512   -0.100699199379    0.2469    0.2936   0.216   18
55467.209    0.256402541635   -0.058100391698    0.1446    0.2054   0.039   79
55505.271    0.011936008358   -0.198100812554    0.5573    0.8721   0.434    5
55516.207   -0.109015617382    0.203299188684    0.1070    0.1183   0.023  133
55525.999   -0.620672736148    0.983998802440    0.4407    0.4265   0.019   49
55533.271   -1.174238535295    0.897199191741    0.4519    0.5265   0.317   53
55540.270   -0.145354126355   -0.182998806508    0.2576    0.2251   0.180   52
55593.209    0.017682253862    0.044899201157    0.0856    0.1528   0.297  312
55610.270    0.445611179719   -0.394801196535    0.2893    1.0011  -0.374  194
55615.230   -0.017595287311   -0.112100408955    0.0825    0.0977   0.228   65
55617.272    0.616781043298   -0.581900403063    0.7020    0.6285   0.408   10
55621.209    0.258170127739   -0.533199596475    0.1868    0.2332   0.130   51
55631.272   -0.681502913590    0.118299610108    0.4239    0.3457   0.174   17
55645.272   -0.207069167345   -0.270500396482    0.1768    0.2253  -0.113   51
55708.270    0.311484332579    0.877399196497    0.5821    0.6536   0.396   22
55715.272    0.277622138853   -0.221000408374    0.7318    0.7563   0.795    5
55722.270   -0.138546882896    0.481298405930    0.5374    0.4770   0.321   14
55755.230    0.258613614933   -0.069998407071    0.1567    0.1930  -0.007   58
55761.206   -0.113790002632    0.123300000610    0.3057    0.2955   0.655   60
55868.209    0.294156428211    0.246999604769    0.1429    0.1460   0.390  115
55883.269   -0.433144687462   -0.318398414834    0.3189    0.2511  -0.148  230
55894.208    0.166130206224   -0.167601612588    0.0922    0.1170  -0.017  108
55895.231   -0.088680883713    0.039700799448    0.2751    0.1898   0.602   83
55902.229    0.044206750385    0.003398395165    0.1287    0.1846  -0.086  104
55946.384    0.736230294729    0.327599988736    0.3326    0.4009   0.226   68
55957.210   -0.133331121291    0.166600787566    0.1020    0.1565  -0.091  200
55972.229    2.559081379988    1.335099608468    4.9043    1.9085   0.595    6
55974.271    0.353127771011   -0.266101201873    0.1881    0.1671   0.086  233
55979.209    0.014057974110    0.042901208985    0.2262    0.1910   0.271   38
55985.206    0.127404459394    0.510998398795    0.2723    0.3223   0.797   80
56002.271   -0.765409381897   -0.756298805982    0.5645    0.5823   0.570   23
56051.269   -0.900505948299   -0.654699590541    0.4464    0.4257   0.257  150
56079.269    0.288762421362    0.109198794007    0.3227    0.2727   0.463   31
56112.229    3.217949348912    1.219798789975    3.0415    2.6054   0.794    3
56118.208   -0.372668889669   -0.140698793416    0.1777    0.3041   0.190  266
56121.269   -0.646579721910    0.718999208971    0.5073    0.5221   0.567   17
56125.207   -0.120864629034    0.393800397092    0.0818    0.1062  -0.026  243
56135.273    0.144114883157    0.540500406032    0.1612    0.2287  -0.094  103
56142.271    0.058529966445    0.140000395277    0.1832    0.1890   0.075  184
56148.247    0.376204061877    0.425498407708    0.8223    1.1604   0.596   16
56156.271   -0.618374666145    0.079999188074    0.2319    0.2426   0.336  107
56181.207    0.135892292251    0.204800400638    0.1857    0.2813   0.120   94
56198.271   -0.241550982669    0.065098799951    0.1919    0.2522  -0.125   61
56212.271    0.322537618381   -0.079498801142    0.1776    0.1743   0.061  142
56233.269   -0.040406336228   -0.623199591132    0.2431    0.4447   0.188    8
56240.268    0.254987194187   -0.204199204745    0.8273    0.5690   0.223   18
56252.266    0.243051185830   -0.237200390529    0.4963    0.5611  -0.404   10
56268.271   -0.485310897642   -0.776699997118    0.3444    0.3297   0.116   31
56275.270    0.173470074576   -0.153601214947    0.2035    0.2622  -0.251  161
56310.271   -0.361528607161   -0.184100414913    0.3893    0.3280   0.334   19
56315.210    0.190621844538   -0.106898400531    0.1317    0.1430   0.289   85
56317.270   -0.074712017147   -0.220298403519    0.2662    0.4599   0.094  147
56322.230    1.655303390593    0.315399597639    0.4819    0.4120  -0.741    6
56345.270   -0.478501543345   -0.156801598905    0.4141    0.5228   0.421    7
56406.230    1.743895136607   -0.306201604872    1.0814    1.1989   0.444    7
56433.185   -0.662935766024    0.149198388044    0.4900    0.5763   0.275   10
56450.268    0.016090802164   -0.557499595288    0.4590    0.6456   0.130   17
56457.270    0.402641531539    0.152499606543    0.3456    0.4848  -0.001   19
56464.272    0.021926185368   -0.285098408881    0.1575    0.2111   0.256  109
56527.270   -0.060388801087   -0.542300412576    0.2848    0.3419  -0.360   12
56534.272    0.034303570080   -0.211201194134    0.1464    0.1980   0.211   89
56539.206   -0.010433664204   -0.250099205346    0.1543    0.2279   0.304   75
56548.272   -0.394331974081   -0.758800791800    0.3077    0.3233   0.066   40
56569.270   -0.031564123722    0.423500389957    0.5268    0.5584   0.592    9
56573.208   -0.301761538512    0.833299202441    0.7481    1.1599   0.284   10
56576.268   -0.649584410218    0.327999592287    0.2484    0.2066  -0.375   49
56596.269   -0.021308704762    0.276299994084    0.3301    0.3284  -0.054   22
56604.272   -0.024050292114   -0.022399208888    0.2161    0.2289   0.092   49
56611.270   -0.667444939479   -0.011300400615    0.4749    0.3003  -0.331   76
56618.272   -1.416496136269    1.097899192359    0.6164    0.4923  -0.474   37
56622.210   -0.041291199776    0.072899996439    0.1652    0.1567  -0.538   76
56629.208   -0.095401130465    0.155998785090    0.1074    0.1121  -0.121   58
56643.208   -0.048805031385    0.263401204847    0.0901    0.1048  -0.216  137
56650.206   -0.302557264361    0.145598400536    0.1847    0.2529  -0.375  185
56660.269    0.073294528705    0.119199600590    0.2199    0.4879   0.577   58
56671.208    0.161444928519    0.822099585207    0.2028    0.4497   0.442   16
56681.270   -0.366303022566   -0.224999999432    0.2611    0.2642   0.109  118
56686.209   -0.182047045131   -0.209199595247    0.1347    0.1699   0.154   35
56688.269   -0.319267688124   -0.135799211876    0.2993    0.2542   0.273   19
56743.250   -0.301407158863   -0.010101589965    0.0555    0.0707   0.052  512
56744.269   -0.123338833442   -0.170499595242    0.1229    0.1764   0.183   30
56751.271    0.035453675579    0.476600391153    0.1466    0.1769   0.034   88
56758.272   -0.502462697760   -0.104698790437    0.2545    0.2060   0.665  142
56763.273    0.230232424762    0.437799607766    0.5126    0.4071   0.675    5
56783.497    0.008574829562    0.177299992288    0.0928    0.1610   0.375  209
56784.497   -0.328903515640   -0.593301612639    0.1220    0.2084   0.715  152
56785.498   -0.165247483669   -0.444801597155    0.0670    0.0855   0.167  245
56786.499    0.039873711335   -0.047599198183    0.0628    0.0877   0.176  248
56787.500    0.131472256495    0.078901186384    0.0564    0.0803  -0.232  263
56788.501    0.018654114117   -0.591501606095    0.1873    1.4910  -0.918  146
56789.498   -0.044826371984   -0.162601196507    0.0628    0.0971   0.047  173
56790.498    0.116088072635   -0.029199605933    0.0764    0.0826  -0.269  235
56791.499   -0.111402794930    0.176799605356    0.3783    0.3379   0.939  182
56792.500   -0.813064307783    0.816699591155    0.5973    0.5951  -0.979  212
56793.497    0.076920979605    0.097099186291    0.0706    0.0975  -0.357  214
56794.498    0.093187886020   -0.133498792820    0.0512    0.0684  -0.065  245
56795.499    0.070200732853   -0.197600400043    0.0526    0.0700  -0.238  219
56796.500    0.059060450344    0.094798792816    0.0909    0.1114   0.505  249
56797.500    0.050307375538   -0.122400010127    0.3366    0.3508  -0.963  297
56807.271    0.428722510713    0.538401604899    0.5781    0.7193  -0.146   12
56821.271    0.035453675579   -0.014601593534    0.3874    0.3253   0.253   16
56835.271    0.270901892101   -0.236901595940    0.1567    0.1990  -0.096  142
56841.272    0.290353873060    0.344401192365    0.2921    0.2772   0.106   22
56846.206    0.011846870658   -0.077101205420    0.5052    0.5137   0.698   12
56849.267   -0.015738563508   -0.062200791717    0.1403    0.1468   0.004   90
56881.208   -3.730136981732   -0.953099998924    2.3686    1.3630  -0.139   30
56891.271   -0.149067573961    0.020599202344    0.1967    0.2319  -0.155  199
56912.269   -0.037488644626   -0.298800011933    0.2209    0.2550   0.144   59
56919.271   -0.720139522720    0.765298787542    0.4302    0.3730   0.040   11
56923.208   -0.039964959873    0.096001210181    0.2644    0.2882  -0.306   51
56932.270   -0.091509437615   -0.291398393415    0.1680    0.2133  -0.205  156
56945.229   -1.599338877095    0.436701606077    0.1843    0.1803  -0.368  379
56952.271   -0.098671060723    0.067899605938    0.3472    0.3938   0.482    7
56993.205   -0.466300293038   -0.580201205480    0.1530    0.2294  -0.364   14
57001.208    0.397247524690    0.549201593003    0.1169    0.1248  -0.035  138
57014.207   -3.970626996602   -1.011398401829    0.4670    0.4970  -0.205   17
57022.268    2.596657021320    1.545300003158    0.2773    0.3962  -0.158   72
57036.209    0.129880804796    0.122198392205    0.0981    0.1099   0.027  112
57041.999   -1.284493365720   -4.879598395746    1.4815    3.4861   0.969   11
57045.271    0.004154793806   -0.022798812438    0.1103    0.1405   0.389   57
57052.270   -0.168519554920    0.069699586902    0.1851    0.1825   0.035   36
57056.207    1.524979098604   -1.635699601366    0.1952    0.4271  -0.456  121
57059.271   -0.025817878218    0.014799604742    0.1672    0.1588   0.259  110
57066.273   -0.072590081549    0.021301207198    0.1509    0.1378  -0.133   44
57073.271    0.128200215398    0.153900009536    0.1692    0.1424   0.259   50
57077.209    0.169932761375   -0.547099210735    0.1566    0.1735   0.426   66
57080.273   -0.012997006311   -0.802400398925    0.2596    0.3231   0.362   22
57087.271   -0.085321815756   -0.230101198895    0.2294    0.2219   0.308   32
57094.270   -0.747018368737    0.311299197620    0.5149    0.6860   0.599   13
57108.270   -0.255785061030   -0.168501603071    0.1262    0.1562   0.087   63
57114.274   -0.186201838937   -0.241099198206    0.1620    0.2082   0.156   67
57122.270   -0.045622097833   -0.031701591752    0.1216    0.1548   0.068   70
57129.272   -0.072677078255   -0.561599995308    0.1453    0.2164  -0.037   41
57133.209   -1.051343219202    0.027201588182    0.1648    0.1665  -0.247  218
57136.273   -0.591143581472    1.193500798990    0.1751    0.2003   0.149   65
57142.271   -0.097610092924    0.000000000000    0.1297    0.1947  -0.038   47
57156.760  813.961970974916  452.843200787356   82.3152   98.0762   0.576    4
57161.209   -0.227403901014    0.294501600706    0.1665    0.1859   0.530   88
57164.270   -0.081430153061    0.212198386862    0.1426    0.1424  -0.151   80
57177.583  170.191996722100  174.174800406490   62.8222   69.5245   0.342    9
57199.272   -0.329433999539   -0.637700401285    0.2372    0.2572   0.409   57
57203.209    0.529339402783   -0.227300392908    0.1198    0.1001   0.104  208
57204.363    4.267522841016   -3.159899989669    2.3111    0.8395  -0.101    9
57213.272   -1.465742513854    0.090298789246    0.1428    0.1998   0.258   52
57224.207    2.007724543299    0.622699204200    0.1817    0.1953   0.072   44
57231.205    0.141462433505    0.819000010210    0.1332    0.1861   0.324   65
57248.270    0.393444969539    0.622198791689    0.1459    0.1741   0.155   72
57255.272    1.339751260914   -0.518500800695    0.1632    0.1627   0.058   98
57269.272   -0.179040215830    1.030399189972    0.1719    0.1949  -0.057  105
57274.206    3.018485291868   -1.709398804906    0.1657    0.2001   0.201   82
57276.270   -0.412633849542    0.112100408955    0.1241    0.1770   0.068  100
57280.207   -0.098318822067   -0.603201610261    0.1233    0.1302   0.116   79
57283.268    0.324746580840   -0.176299192844    0.1873    0.2155   0.247   89
57297.272    0.918894820466    0.902998789343    0.1279    0.1449   0.461  107
57304.241   -0.608914973034    2.008000805631    0.0958    0.1093  -0.134  202
57311.272   -0.244379536572    0.355201206048    0.1201    0.1552   0.246   91
57315.209    0.219533518608   -0.156999610113    0.1263    0.1661  -0.054   52
57386.269   -1.547703150814   -0.084999604155    0.1229    0.1613  -0.019  180
57416.270    2.124432237534    1.623999597200    0.1573    0.2094   0.553   70
57434.208    1.469986415205    0.470199597657    0.1890    0.1547   0.362  162
57444.270   -0.837201566449   -2.502601211063    0.1511    0.2462   0.200   45
57455.206   -1.053906531154   -0.205498798778    0.1540    0.1236   0.395  147
57458.270   -0.848430986656   -1.262699998961    0.3656    0.3589   0.268   31
57464.250 -118.820810085045   53.344598396166    3.8273    1.8619   0.264    4
57465.269    6.206196756961   -7.081099201400    0.1763    0.1741   0.083  117
57469.206    0.633756709010   -0.033400814914    0.1151    0.1285  -0.174  124
57471.270   -0.967436750894  -11.240798397694    0.2100    0.2570   0.073  238
57478.228    2.613897928982   -1.650398397146    1.2463    1.0937  -0.733    3
57490.208   -0.105745656970   -0.143701191746    0.1224    0.2030   0.104   55
57505.209   -2.832461758484    2.410099205008    0.1773    0.2745  -0.175   40
57521.269    1.605437361255    3.010298391359    0.4004    0.4619  -0.018   23
57528.271    0.631282504602   -1.485399604917    0.2904    0.3406   0.007   68
57535.269    1.550707839122   -0.781200000688    0.7725    0.5143  -0.052   36
57549.269    1.451949781693    0.239000397073    0.3566    0.3872   0.266   30
57553.206    2.354312423640    0.314798401746    0.4347    0.2846   0.571  132
57556.271   -2.712923369354    1.239001196041    0.4138    0.4290  -0.612   17
57574.208   -0.029176946175    4.189899601670    0.2311    0.2825   0.143  110
57577.269    6.560120253821   -5.090799589880    0.3071    0.3838  -0.557   56
57598.271    3.342790526508    4.552300808314    0.1989    0.2412   0.143   57
57612.271    2.549354334089    0.878299186979    0.1688    0.2100  -0.018   58
57617.209    1.822231463660    3.165901205193    0.3294    0.3380  -0.009   57
57633.269    0.631369501308   -2.176300790779    0.2061    0.2759   0.318   39
57640.271    0.046417823682   -0.931798791726    0.1031    0.1138  -0.099  167
57651.206   -5.408605800890   -2.319998401390    0.3363    0.1557   0.677  182
57654.271   -0.540568822991   -0.846698404189    0.1844    0.2145   0.194   62
57661.269   -2.641485534297   -5.606899213717    0.2691    0.3341  -0.128  131
57682.271    3.892732015749    1.689800402005    0.7505    0.6666   0.801   13
57708.229    0.809083507389    0.719701188245    0.7225    0.7831   0.485   15
57729.228   -0.371962271365   -0.393598804749    0.3321    0.3485  -0.339   19
57764.207    1.020307438385   -0.052999192235    0.1900    0.2319   0.134   40
57773.269  854.180150395380  409.420900791702    0.0771    0.0896   0.080  144
57793.249   -0.435621032864   -0.275101209013    0.6261    0.5788  -0.490   17
57794.271   -1.102622454994   -0.172000807197    0.1415    0.1548   0.440   55
57840.209    0.643394647365   -0.416800801872    0.3425    0.4009   0.763   10
57868.209    1.430021455332    0.113698797577    0.3095    0.4784  -0.083   21
57869.228   -1.051873703101    0.807098388123    0.4201    0.4219  -0.604  271
57871.270   -0.475142475388   -1.235700003122    0.1272    0.1595   0.358   66
57876.208   -0.606703899737   -0.155599207119    0.0993    0.0845   0.087  157
57896.209    0.238720257618   -0.296701210800    0.2010    0.1630   0.001   65
57897.228    0.323420340937   -1.880398812659    0.3572    0.5667  -0.085  247
57899.270   -1.653183565834   -1.598198412012    0.2580    0.2068   0.422   52
57906.271    1.177421468847   -0.387698398185    0.4194    0.2908   0.657   15
57917.207    1.251511753556   -4.491201599421    0.1512    0.1732   0.411   63
57927.270   -0.535442168930    0.763801207881    0.1604    0.1457   0.254  112
57934.272    3.621473633160    1.506398385231    0.2830    0.2139   0.333   30
57939.228    1.083790065479    0.915598809570    1.1130    1.2391   0.696   12
57941.270   -1.356109446021   -0.003898807677    0.1535    0.1436   0.292  118
57946.230  -84.025824893327    6.144299993593    1.2658    0.8786   0.651    3
57994.209    0.432259823913    0.957600002494    0.2463    0.2868   0.346    9
57997.270    2.353603694497   -2.685898812160    0.1261    0.1578   0.003   81
58011.270    6.362778162530    3.574699192654    0.1560    0.1360   0.425  107
58025.270   -0.460730151783   -0.446198393433    0.2021    0.1782   0.197   41
58029.207   -0.538005480883   -0.597999601837    0.1864    0.1602   0.298   47
58037.206   -0.142614679997   -0.619801195967    0.1329    0.1479   0.400   33
58039.270   -0.803604614673   -0.420199197038    0.1448    0.1908   0.169  101
58043.207   -0.006631139208    0.302500808402    0.1006    0.1203   0.303   70
58053.270   -0.186467080887    0.715798799433    0.2728    0.3093   0.622   18
58072.226    3.140143505758   -1.766901607425    1.7151    1.5670   0.415    4
58106.209   -5.955540490985   -2.256098412090    1.7412    0.4549   0.559    4
58123.270   -2.987716924150   -3.637598408091    0.7290    0.7776   0.832   11
58127.208    5.169972509823    3.879201599943    0.6085    0.3917   0.569    8
58137.270    0.324216066786    0.060901197685    0.4053    0.5161  -0.229    8
58144.268   -1.806140661496    0.381301185826    0.2101    0.2057   0.462   56
58162.206   -0.299019981315    0.798901194798    0.1357    0.1034   0.571  197
58163.229   -2.497368510146    1.359899994213    1.3398    2.5532  -0.367   15
58200.272    1.225517771088    0.878900408452    0.2460    0.3070  -0.090   22
58205.269    1.079722268379    1.153000792442    0.3922    0.9909   0.666    6
58214.269   -0.236067838121   -0.206099994671    0.1791    0.2692  -0.007   28
58219.229   -0.566651913003   -1.060898389937    0.6722    0.4504   0.637   19
58256.272    0.637913613655    1.992099592485    0.1854    0.1831   0.263   20
58268.209    0.720404734515    0.304898404124    0.2051    0.2255   0.045   33
58277.271   -2.031953080657   -0.511498811306    0.1751    0.1868   0.275   85
58288.206   -1.031802100543   -0.110800814923    0.3263    0.2764   0.535   16
58291.271    0.872655242027   -1.007301608524    0.1149    0.1480   0.257  127
58298.269   -0.598657413081   -0.618800396524    0.2588    0.3138   0.230   33
58303.229   -0.303174775121   -1.000198810175    0.3554    0.5092  -0.038   58
58304.233   -0.180455563278   -0.379598407108    0.2353    0.2669  -0.071   48
58309.208   -0.078866810953   -1.025798403020    0.4844    0.5843   0.674   10
58326.269    0.028911674070    0.366098396398    0.5555    0.5862   0.694   13
58333.271    0.692023544344    1.330099192387    0.2735    0.3072   0.486   85
58365.208    0.664083730529    0.400600794137    0.8913    1.1642   0.756    7
58375.271   -2.385611335567   -5.736200404272    0.5565    0.4690   0.213   53
58382.269   -0.083906468308   -0.594000010778    0.3604    0.3224   0.243   47
58387.207    1.135512788466   -0.692200805474    0.5577    1.1967   0.676    7
58401.229   -0.072059567495    0.290901587618    0.1419    0.1434  -0.013  123
58403.271   -0.402111047639   -0.109299602968    0.1802    0.1991   0.095  168
58414.206   -0.971326302750   -0.249001203656    0.2667    0.3617  -0.056    8
58464.227    0.004596140006   -0.267501604867    0.1273    0.2146   0.404  211
58480.269   -0.683448744937    0.352299591100    0.2117    0.1807   0.046  120
58494.386   -0.603520936030   -1.742299207308    0.4648    0.8719  -0.198   20
58501.271   -0.082669366104   -0.088700400624    0.2891    0.3559   0.333   62
58508.269    0.274084825652   -0.443901606673    0.1624    0.2280  -0.179   63
58510.833   -0.061360661341   -0.176000398255    0.1581    0.1714  -0.098  122
58512.780    1.605702603205    1.848898787671    0.3017    0.2291   0.130   85
58522.269    0.228727969769    0.844199999506    0.6581    0.5628   0.482   11
58526.207    0.219357414358   -0.442699214886    0.1365    0.1683   0.207   38
58530.834   -0.051546618736   -0.115999191053    0.3077    0.9079   0.662   91
58536.269   -0.143940919900    0.527601591216    0.5373    0.4908   0.682  109
58547.209   -0.434914414559    0.248299198802    0.1633    0.1714   0.226   32
58550.269   -0.766205107746    0.238600793523    0.3788    0.5566  -0.088   15
58551.686   -1.475115210259   -0.705600007223    0.2304    0.3219   0.076   74
58557.436   -1.219773636422    0.071899196996    0.2427    0.7286   0.018   45
58564.269   -0.775930042807   -0.432100793546    0.2207    0.1621   0.025  419
58578.269    0.629512807660   -0.653000392958    0.6296    0.4734   0.051    7
58617.209    1.991809845386    0.192999587512    1.3689    0.8040   0.787    3
58632.210    0.302644261067    0.212101210195    0.1646    0.1957   0.447   37
58638.207    1.079722268379   -0.371901600715    0.6490    0.9577   0.583   10
58662.270   -0.487698105345   -0.384901198913    0.2578    0.3330   0.373   14
58676.270   -0.268516825392   -1.123498810784    0.3369    0.5160   0.266   24
58687.209    0.110694065786   -0.149601598309    0.5723    0.4088   0.682   12
58689.251    0.816423345586   -0.263800808398    0.4468    0.4694  -0.023   22
58690.270   -0.477971059446   -0.096501597113    0.4250    0.2906   0.256   38
58711.272   -0.126256525044   -0.132400791131    0.1758    0.2059   0.246   56
58718.270    0.004950519655    0.217000791736    0.2200    0.1578   0.181  109
58743.209    0.288055803057    0.110700005962    0.1809    0.1548   0.335   43
58746.270    0.018654114117    0.108899999418    0.1581    0.1884   0.365   71
58750.207   12.198958509628   -5.609199607193   11.8200    4.6635  -0.967    4
58767.272   -0.199994540943   -0.418899603005    0.2084    0.3057   0.585   26
58876.207    0.257374401890   -0.054399595228    0.2361    0.3701   0.162    9
58893.272   -0.717134834412   -1.806098413226    0.6773    0.9605   0.824    5
58900.248    0.860275716321    1.559800787732    0.2156    0.1971   0.748    4
58939.250   -0.878049279031    0.367300788184    1.1869    0.3357   0.693    3
58942.270   -0.132446257743    0.146001585222    0.2021    0.2105   0.265   60
58942.891   -0.123869317342   -1.345499993022    0.2180    0.2300   0.012   90
58981.988    2.415405732193    0.311698801170    1.4586    0.7606   0.400   28
58988.208   -0.277004658248   -0.189500408965    0.1355    0.1719   0.076   47
58998.270    0.181249148134   -0.223599596438    0.2201    0.2275  -0.123   71
59005.269    0.142258189509   -0.126601193529    0.2003    0.2216   0.005   84
59047.269   -0.573637401706    0.206200803632    1.8996    0.9037   0.628    4
59136.207   -0.124223666836   -0.060300001792    0.1098    0.1444   0.394   53
59145.269   -0.289205908555    0.492998410095    0.3052    0.3673   0.199   23
59152.271   -0.157203138006    0.577101604904    0.2843    0.3455   0.166   27
59159.269   -0.282840041452    0.303800402435    0.3019    0.3985   0.181   24
59194.271   13.051544259936    9.523900797603    1.8377    1.3704   0.941   14
59201.269    0.080721393763   -0.235900796497    0.2097    0.2715   0.350   36
59222.271    2.248921146319    2.467501198566    1.7858    1.9498   0.411   15
59230.577    1.308717621091   -1.118998807215    0.2667    0.2174  -0.622   43
59292.271    0.352862529061    0.033800392885    0.2042    0.2635   0.067  118
59305.270   -0.495566346757    0.291599985758    0.2784    0.4675  -0.323   78
59375.270   -0.229436729068   -0.177299992288    1.0113    0.5161   0.891   13
59394.209   -0.042793543930   -0.035798410636    0.1706    0.2681   0.226   14
59402.208    1.634614277275    1.248400806730    0.3693    0.2890   0.396   18
59408.209   -0.232974012114    0.338799605970    0.2150    0.2732   0.384   25
59415.207   -0.026083120167    1.065700794811    0.2311    0.2881   0.410   21
59450.209   -0.362148228760    0.197600400043    0.2397    0.2218  -0.339   56
59453.270    1.546376910911   -0.719899199453    0.8823    0.9330  -0.609    9
59460.250    0.272051997599   -0.050799607720    0.0474    0.0581  -0.154  243
59460.271    0.199640161294    0.232401592370    0.2579    0.2773  -0.277   11
59465.206   -0.499899385807    0.077101205420    0.1310    0.1528   0.045   56
59467.270    0.683092224294   -2.304799193098    2.6603    8.2108  -0.979    4
59502.272   -0.017595287311    0.381801598337    0.4600    0.3363  -0.124   18
59537.270    0.108130723679   -0.928800000111    0.1785    0.4960   0.082   12
59544.272   -3.452160493384  -10.510599597069    4.1148   11.5851  -0.612    3
59571.271    0.026700600773    0.916401597806    0.3809    0.6618   0.300   13
59576.209   -0.171526354067    2.152101600927    0.5403    1.1880  -0.322   22
59583.207    0.465326291790   -0.131000413717    0.5138    0.6975   0.836    9
59607.270   -0.162684171716    0.058701587591    0.1977    0.3169   0.529   41
59618.209   -0.033951331425   -0.002998791615    0.2772    0.3574   0.242    8
59628.272   -0.359141399459    0.006300010114    0.2733    0.4463   0.341   17
59639.207   -0.138636020596   -0.294400791745    0.1841    0.4072   0.553   21
59689.206   -0.363650572914    0.357901203074    0.2050    0.1989  -0.373   52
59691.270   -0.492472520750    2.128100396703    0.2637    0.8328   0.252   10
59705.248    0.500162486763    0.991000791828    0.2414    0.4525   0.771    8
59779.208   -0.053403312384    0.136900794701    0.2299    0.3217  -0.095   18
59789.270    1.465122892255   -1.769799590079    1.2793    1.1648  -0.459    9
59795.250   -3.720766426320   -1.598000400804    0.3290    0.1937   0.703    9
59810.272    0.378680377124    0.479498399386    0.3363    0.4326   0.268   23
59817.270   -0.478766785295    0.428799600627    0.3851    0.5511   0.276   17
59831.270   -2.774638380189   -1.044799191163    1.0591    0.6256  -0.099   12
59845.271   -0.935872627171   -1.158901199005    0.5944    0.5284   0.775   19
59948.209    1.876163149105    1.541300386521    3.3934    4.1689   0.960    4
59957.271   -0.417408264947   -0.206398814839    0.3715    0.7789   0.589    5
59964.269   -0.177627009375    0.248698802352    0.4165    0.3589  -0.377    8
60061.250   -0.148184821251   -0.164401203051    1.4606    0.5322   0.609    6
60062.269   -0.231736909909    0.114001198881    0.3741    0.4634   0.318   11
60108.207    0.074355526659   -0.197100013111    1.4688    2.0834   0.967    4
60167.249    0.190180468183   -0.068799596420    0.2084    0.1705   0.753   16
60201.250    0.047389683936   -0.487699199425    0.3108    0.3393   0.131   35
60237.271    1.040555175349   -0.220100392312    0.4891    0.4782   0.613   17
