%-----------------------------------------------------------------------------
%                R.A. (mas)        Dec. (mas)        Err. (mas)     Corr. Del.
% Uncertainty in R.A. is in R.A. cos(Dec.)!!!!
%-----------------------------------------------------------------------------
54125.251    0.000000000000   -0.904697999715    0.1465    0.3419  -0.437   51
56497.228   -8.773239590188   16.924701600196    6.5495   13.4089  -0.982    3
56498.251    0.172703352276   -1.808999999398    0.1931    0.4625  -0.224   56
56526.251   -1.395119123800    1.081900800148    0.2835    0.4613  -0.203   68
56561.249   -0.378385799651    0.015703200340    0.3880    0.3934  -0.268   11
56568.251   -1.248051458932    0.810100800042    0.4059    0.5636  -0.204   15
56771.250   20.871619392325  -35.967099599432    0.2658    0.3568  -0.157   27
56820.248    1.154806067493    8.810200800102    0.2373    0.4879   0.051   99
56904.248    0.121734260736    0.000000000000    0.1401    0.3055  -0.393   64
56931.229   -0.628445855409    1.490302800367    2.5013    0.5025  -0.215   10
56959.229    3.207007427373   -3.550399199437    0.3554    0.3806  -0.228   17
57009.250    0.228173509277    2.401401599972    0.4179    0.4295  -0.045   21
57046.458    0.291289357243   -0.405496799338    0.1415    0.3135  -0.288   97
57051.250    1.167399039437    1.536101999999    0.4570    3.0278   0.221   55
57057.230    2.147400497299   -1.043398799361    0.4548    0.3303   0.230   13
57121.251    1.285081978232    1.215900000684    0.2381    0.2829   0.049   70
57126.207    1.142360658054    0.326001600115    0.3041    0.6057  -0.200    8
57135.251    0.460092478086   -0.978699599763    0.1337    0.2557  -0.212   72
57149.251   -1.868254317350   -4.159799999659    0.7802    0.6525   0.108   81
57198.249   -0.039876491793    2.447002800388    0.3295    0.3890  -0.095   33
57266.207   -3.103712855469   -1.668898799956    0.4720    0.4724  -0.660    5
57303.247   -0.902342522235    1.339902000552    0.2797    0.3577  -0.398   42
57423.269    0.228324599784   -0.491399999891    0.3474    0.2047   0.139   35
57428.229    0.150816805794    0.049100400545    0.0968    0.1746  -0.051  140
57478.228   -2.175130181536    8.278102800041    0.5947    2.1207  -0.285   18
57568.229   -3.168775240020   -0.322397999497    0.2652    0.3661  -0.130   56
57589.227   -4.078015107819    4.906303200514    0.3180    0.3783  -0.095   56
57625.248    4.355063660677   -6.044497199564    0.3592    0.5672   0.134  119
57700.208   -0.429657123336    5.404003200127    0.6070    1.8030  -0.363    6
57722.229    0.397879696291   -0.219898799969    0.3221    0.4414  -0.260   41
57736.229   -0.897697524533    1.829401200126    0.3983    0.3137  -0.040   36
57798.209   -1.154201603203    0.384602400327    0.2841    0.4347  -0.463    6
57805.189    1.100836282689   -2.620299599698    1.1531    1.4602  -0.258   23
57904.208   -6.262442494156   -3.001996799945    1.4773    0.3135  -0.056    5
58347.271   -0.732039080326   -0.626299199702    0.6483    0.4089   0.244    3
58870.206    1.456137395806    3.272803200449    0.7688    1.7698   0.758    4
58960.208   28.010772402702   -0.464097599551    1.9391    0.3466  -0.007    4
59338.209   -0.201336102684    0.171302400265    0.5863    0.3181   0.233    9
59480.083    0.453047621147   -0.960098399982    0.2694    0.7086  -0.162   30
