%-----------------------------------------------------------------------------
%                R.A. (mas)        Dec. (mas)        Err. (mas)     Corr. Del.
% Uncertainty in R.A. is in R.A. cos(Dec.)!!!!
%-----------------------------------------------------------------------------
50084.998   -0.133981899114    1.679598003079    0.5661    1.4422   0.227   28
50155.831    0.507633250918    0.301499996169    0.3572    0.6798   0.242   62
57011.551    0.047850691770    0.018899991971    0.1633    0.3167  -0.091   68
57970.691    0.000000000000    0.000000000000    0.1273    0.2073   0.159   80
58159.408    0.185440914061   -0.424799996779    0.1605    0.3138  -0.057   53
58635.004   -1.038704211551   -0.580701605202    0.2299    0.5512  -0.067   61
58942.891    0.407354894459    0.476200800392    0.1710    0.2665   0.165   80
