%-----------------------------------------------------------------------------
%                R.A. (mas)        Dec. (mas)        Err. (mas)     Corr. Del.
% Uncertainty in R.A. is in R.A. cos(Dec.)!!!!
%-----------------------------------------------------------------------------
47931.082   -1.023844238083    4.180302005352    1.8087    1.4915   0.098    4
48188.346    4.499806375919   -5.865598797072    1.8839    2.7246  -0.042    5
48810.082    0.737712812863   -1.929398388256    1.6701    1.8273   0.299    9
49176.292  -12.988811954755   -5.179100386954    1.8182    1.1968   0.037    6
49576.501    0.927590523497    0.373302003709    0.7381    0.7484   0.129   55
50003.416    0.061736894438    0.633801593608    0.6186    0.4017  -0.116   91
50905.916   -2.232644864656    0.927302394871    6.1547    2.4975  -0.319    7
51169.166    1.839661889723   -0.062297993964    0.2579    0.2416  -0.196   83
53341.249    0.000000000000   -0.071697604653    0.2895    0.2097  -0.079   72
53607.250   -1.486367476167    0.000000000000    0.2896    0.2636   0.211   67
53724.203   -2.797187761563   -7.951399206263    1.5660    2.8836   0.574    5
53948.203   -3.327047007960    0.344102397776    2.0053    1.3878  -0.524    4
54067.209   -0.525617740625    2.188202412867    1.1274    1.1681   0.039    6
54284.208    0.873909325803   -2.117998806739    1.3180    2.3793  -0.729    3
54440.250   -0.194457215645    1.053000016782    0.3141    0.2796   0.001   95
54655.207    0.384163930942    1.396702811007    0.4596    0.5217  -0.105   14
54844.205    0.117878782128   -0.805399190540    0.6725    1.2435  -0.321   12
54991.208    0.850163418605    0.566200807839    0.3702    0.3818   0.053   22
55180.206    1.823379443052    1.029902409755    0.4089    0.4667   0.017   11
57872.197    0.733218863367    0.575200814978    0.1711    0.1658  -0.043  121
58551.686   -0.811492672840   -0.300297591593    0.2810    0.3276   0.151   74
