%-----------------------------------------------------------------------------
%                R.A. (mas)        Dec. (mas)        Err. (mas)     Corr. Del.
% Uncertainty in R.A. is in R.A. cos(Dec.)!!!!
%-----------------------------------------------------------------------------
47279.337    2.687800385598    1.811901643123    1.7868    1.3146  -0.370    6
48713.258   -0.709422614927    0.355302040589    0.6450    0.6362  -0.140   13
49022.175   -0.328641904712    1.418702441924    0.7655    0.9697  -0.711   17
49694.334   -0.769710423695   -0.381297604690    0.4715    0.6471  -0.372   10
49706.168   -0.084443701404    0.259401639369    0.1550    0.1420   0.211   92
49826.960    1.048029179075    0.422701208436    0.3252    0.3117   0.046  131
50458.831    0.386475327572    0.024602400117    0.1475    0.1463   0.033  122
51284.084   -0.021455297897    0.011502044117    0.0947    0.0806  -0.159  927
52039.272   -0.054692150483   -0.834497961932    0.0713    0.0969  -0.067  637
52991.252   -0.066769510749   -0.078699594042    0.0456    0.0399   0.130  488
53220.202    0.214299369139    0.000000000000    0.1922    0.1857  -0.020   20
53339.204    0.000000000000    0.540900009582    0.3222    0.4684   0.311   19
53557.207   -0.102167354851   -0.083797186790    0.3069    0.2675  -0.604   39
53682.203    1.341322702476   -0.147499190462    1.3222    0.3252  -0.755   24
53893.204    0.180718453777    0.340401601306    0.2291    0.2652   0.545   53
54018.218    0.184301575898   -0.149698774976    0.2173    0.2006  -0.198   47
54235.206    0.183222268988   -0.090399572628    0.1219    0.1233  -0.062   43
54361.206   -0.184253318699    0.877903215724    0.4782    0.4316  -0.132   58
54368.208   -0.043596310159    0.001303226327    0.1337    0.1567  -0.301   67
54489.248    0.224657621120   -0.121899597616    0.1336    0.1196   0.231  256
54725.207    0.299724556997   -0.059997574908    0.2392    0.2262  -0.016   49
54818.251   -0.824599320217    0.522702009675    0.3494    0.2104  -0.839  322
55083.207   -0.114342502084    0.200700026198    0.2237    0.1821  -0.404   33
55166.206    0.146940725399   -0.053697590374    0.1844    0.1625   0.249   65
57102.499   11.146514065759   -9.882496766522    1.2667    1.2627  -0.770   10
57464.250   22.264994516778   56.134202412750    1.2427    1.6799   0.295   12
57499.251   -4.368664120559    4.027500023085    0.5007    0.7931   0.487   19
57834.230    4.805264545365  -17.650396779345    0.7776    0.7106   0.054   30
58618.228    9.604884003142   -7.267197582905   33.2046   40.6773  -0.444    8
58712.722   -3.707404835551   -7.184797192394    0.1827    0.2093   0.040  117
58891.230  -19.606897357925    0.109000808379    0.4530    0.7590   0.305   12
59017.230    4.768050978114   -0.371098786900    2.5974    3.5610   0.766    4
