%-----------------------------------------------------------------------------
%                R.A. (mas)        Dec. (mas)        Err. (mas)     Corr. Del.
% Uncertainty in R.A. is in R.A. cos(Dec.)!!!!
%-----------------------------------------------------------------------------
57597.248   -4.408149971998   -0.541897202311    1.7011    1.2429   0.365   24
57610.229    8.638906715539   -5.657198408926    0.7804    1.0849   0.106   11
57988.230    0.949133492176    0.825800356097    0.2761    0.5265  -0.234   11
58528.270   -1.018918713157    0.000000000000    1.2273    1.4205  -0.450   18
58555.229    0.000000000000    4.738499973200    0.2738    0.5104  -0.079   62
58619.250    0.634978316170    1.179100797799    0.5315    0.7207  -0.021   25
58654.249    3.094514578802    5.844002350841    0.5427    0.6813  -0.070   12
58674.228    3.090339450946  -13.263897602656    0.4519    0.9775  -0.594    6
58716.228  -27.771375734877    2.603800771794    2.2867    3.3594  -0.874    4
58745.251   -1.143970369539   13.004301558794    0.3954    0.6151   0.337   19
59535.228   11.646315041076  -11.041797620237    1.0698    1.2671   0.019    3
