%-----------------------------------------------------------------------------
%                R.A. (mas)        Dec. (mas)        Err. (mas)     Corr. Del.
% Uncertainty in R.A. is in R.A. cos(Dec.)!!!!
%-----------------------------------------------------------------------------
46840.289   -0.304010652893    3.601198801562    2.2289    2.3786  -0.040    7
47822.314    6.206225380811  -15.110100000015    1.9627    8.4200  -0.925    6
48071.229   -3.745487214919    0.389501998654    2.7824    0.7131   0.405   13
48145.334   -8.168383174023    8.419798797377    4.0253   14.2507  -0.706    3
48580.256   -1.686383503092   -4.669200002638    5.2641    1.1797   0.543    5
48635.134   -6.698477535024   -9.658299606485    4.6110    5.6397   0.652   12
48755.017   -0.000535629025  -17.787600000929    2.0269    9.6465   0.783    5
49105.083   -4.469684438501    8.360801996332    0.3178    0.9705  -0.251   79
49188.167   -3.497949287574  -39.239298006066   77.6900  164.2610   0.806    5
49218.333   34.254905853634  -12.636799203847    2.0459    2.9605  -0.044   38
49230.002   -1.618480600893    0.867898802426    1.0676    1.4692   0.218    3
49254.007    0.613807383302    0.005500803013    0.5484    0.7041  -0.149   16
49258.003   -0.500319699536    1.119898797697    0.4451    0.7088  -0.102   17
49261.005    1.425266279349   -0.207601206625    0.9585    0.9818  -0.229    8
49300.003    0.345426241207   -1.682100001688    0.7728    1.3428   0.004    4
49363.173  -21.641173133425   -1.983797996274    9.4551   14.0809   0.650    3
49367.289   -0.087665136863   -0.660898804483    0.4011    0.7053  -0.111   32
49368.268    0.299980136196   -0.817898401806    0.5960    1.9872  -0.158    9
49369.265   -2.278944207247    3.435199197099    2.6507    3.7371   0.768    6
49370.255   -0.219033658342    0.835401597499    0.4954    1.7556  -0.240    9
49372.267    0.043161335380   -2.005700399366    0.3024    1.0560  -0.297   16
49373.268   -0.677269884194   -3.129498004739    0.5494    1.7695  -0.113    9
49374.269   -0.006586310947    0.270799203861    0.4498    0.8838  -0.052   27
49375.270    0.442640066053    2.788498801465    0.5471    1.7573  -0.122    9
49376.267   -0.329962337753   -0.578800802487    0.4798    0.8630  -0.001   21
49377.257    0.223874222223    1.542700802304    1.1176    1.6569   0.335   11
49429.418   -0.531650787407    0.946198805707    1.1200    1.9024  -0.819   16
49435.335   -9.098973761255  -45.898801201361    5.8109   31.9243   0.986    3
49470.333    0.782147881683   31.184301604981    1.4687    3.1689   0.070   31
49471.418    0.263137297250    0.798001204316    0.2512    0.6104  -0.403   32
49471.418    0.857176025677   -0.657601205489    1.6047    8.4480   0.839    5
49484.333    1.757784411351    4.865500795859    1.0533    3.0566   0.222   15
49484.333    6.559715865519   12.058401598836    1.5319    8.6978   0.876    7
49534.416    1.429032191639   -3.245299197374    1.4639    2.4940  -0.851   10
49534.420    2.721180900620   19.765400401184    1.2864    5.7236   0.768    6
49541.751   -0.316112016737    0.010299601172    0.1860    0.4311   0.272  142
49562.084    1.235411287309   -1.172898002721    1.1943    1.9712  -0.362    4
49562.084   -4.882606815686   16.506601205890    1.6244    4.9874  -0.883    4
49589.332   -1.365966643216    0.692701205196    0.9130    1.7459   0.629   29
49589.335   -4.378385645692   -4.202798403696    2.1156    4.9163   0.561    6
49590.417    0.694482836537   -2.199099603217    1.1564    5.1208  -0.557    3
49596.334   11.622232124511    4.924799998207    0.6592    1.8546   0.225   67
49603.335    0.339375559285    2.700399596733    1.3828    2.2185   0.365    7
49603.335   -4.773291718714    6.129900005192    1.5422    6.9248   0.692    6
49615.078   -0.366130687683    1.495501194881    5.2793    3.9830  -0.709    3
49622.040   -3.150506274682   -3.378099604845    3.4632    3.0821  -0.427    3
49639.156    2.197597658536   -1.661598001590    0.5727    1.2097  -0.051    8
49639.159    0.688028781935   -1.501199996312    0.2544    0.8404  -0.386   36
49642.998   -1.282335324874    0.198298798182    6.1380    0.7999   0.419    3
49653.419   -0.084709180039   -3.073100404549    0.4134    0.9448  -0.357   36
49653.419    1.065318529933   -2.721301200381    0.9485    3.6700   0.625    6
49685.166    0.745172786393    1.354302001744    0.2583    0.4510   0.062   56
49685.170   -0.039395423089    3.113600398308    1.7335    5.2822   0.718    4
49685.170   -0.691655925952    2.204499597269    1.0492    1.6116   0.227   23
49699.166    0.155571249167    0.242600397371    1.3552    4.6772  -0.321    4
49715.000    0.131368613196    0.735300000088    0.1808    0.4951  -0.017  112
49715.332    7.336084181616  -10.069398000212    0.6724    2.3436  -0.060   25
49716.417   -0.240544941896   -6.928999198408    1.0399    4.1291   0.695    6
49716.420   -0.003359329505   -1.705201202640    0.9437    0.9360   0.214    8
49741.166    0.656565346001   -2.242198797830    0.5982    1.6351  -0.615    9
49741.166  -23.299320273743  -11.343301197542   12.6042    8.2634   0.929    3
49750.334    0.810923175305   -4.044301201134    0.5824    2.2781   0.251   20
49750.334   -1.532429046469    6.416499600448    0.8180    3.3778  -0.248   29
49751.419   -0.398400868977   -1.154599206643    0.6860    0.8277   0.393   11
49771.336   39.703050430565  -10.217998799078  163.6377  197.2185  -0.053   22
49790.168   -0.049076459134   -1.567799995428    0.5181    0.8049   0.341   14
49790.168    0.683188218054   -1.230001201691    1.5057    2.9669   0.532   10
49820.334   -2.845420970198    0.245699997947    0.9681    1.8865  -0.162   16
49821.419   -0.620526042311   -3.163201195377    3.0022   22.0732   0.381    3
49826.960    0.636260970383    0.142498799960    0.3685    0.6618   0.015   43
49828.421   -0.759691084496   -1.239199194458    2.9058    2.6586   0.875    8
49828.421  -15.066935667980  -18.685998003320    7.6853    9.0103   0.939    7
49828.421   -0.791557893110    2.712600000621    0.5905    1.8561  -0.024   13
49869.332    0.177485905401    0.326901603387    0.1414    0.3850  -0.514  119
49877.415    6.342834628747   11.905300796400    0.6582    2.1785  -0.266   50
49897.332    3.720077762731  -10.509699606587    3.8648   25.4338   0.944    3
49897.336    0.372316927772    0.242499601200    0.1994    0.4711   0.332   82
49909.115   -0.550070647686   -2.688098396675    0.3580    0.8603  -0.046  110
49911.329    0.842386611238    0.109101604551    3.4407    1.7798   0.237    5
49914.167  -80.987602973194   94.163201997333   86.3931  100.1821  -0.999    3
49956.320    2.113695223858   42.337198796361   12.3615   19.8383   0.398    3
49960.334   -0.798550786843   -0.378601201589    1.9611    2.5631   0.686    5
49960.334    0.947803539575    2.623600805407    0.5133    1.0135   0.453   99
49979.083    0.126795863828    3.603801596341    0.3862    1.0986  -0.534   84
49986.085    1.308422476184    0.096901200664    1.3347    0.9107  -0.540    8
49996.085   -1.897214057943    0.858801605830    2.0572    1.2880  -0.880    4
50003.083    5.026751190025   -4.177900802915    1.8952    1.7797  -0.753    4
50029.253    8.195544976924  -15.306400806026    0.7999    1.7047  -0.530    4
50031.416    0.858521701885   -2.095999201401    0.6056    1.9632   0.078   24
50035.002    2.655969350838   -1.830099604661    2.7853    2.2066  -0.952    4
50058.335   -0.872233254628   -2.571800398243    0.9993    3.5737   0.154    9
50058.397   -8.673275531210  -13.264801199853  167.4864  198.1815  -0.036    8
50084.998    1.269966146517   -1.088798401838    0.3824    0.7597  -0.099   40
50108.082    0.405664879045    0.726598800327    1.5978    1.2281  -0.801    5
50119.083    4.020325713439   -7.261099203504    6.8057    5.1206  -0.751    3
50121.333   -0.565937832103    4.346100004682    0.7688    2.9560  -0.404   23
50129.084    4.997033592875   -0.102700798266    2.7283    1.4178  -0.731    4
50153.877    0.154493387471   -1.222700404924    2.9978    1.6365   0.823    6
50153.877    0.316115226843    0.556002002838    0.8395    1.5877  -0.796   12
50155.831   -0.511614226302    1.096001996359    0.6394    0.6944   0.050   80
50163.337    0.639084670863    0.246801593562    0.1969    0.3596  -0.316   69
50219.333    0.505702404370    0.791499601860    0.4275    0.8283   0.158   26
50226.401   98.566502477663   29.665501197940  174.5304  200.7643  -0.016   21
50242.333   -0.045446013294    1.311501601720    0.4404    0.8437  -0.113   43
50247.436   -1.041248150307   -5.234000394694    0.8131    2.6828  -0.606   23
50248.520   -0.349188851675    2.392498794279    0.2528    0.6994  -0.159   29
50276.166    0.358198700527    1.084302004983    0.5972    1.1119  -0.132   21
50276.166    0.475716992708    2.598001199772    0.2666    0.7396  -0.514   51
50282.335    1.470176663618    0.106901994457    1.1083    0.6388  -0.457    3
50305.832    0.630613752859    1.750899598107    0.5678    1.1300   0.153   43
50322.085    0.152208617840    0.218998796697    0.1777    0.6312  -0.209   87
50324.332   -0.361961402712    1.072501204646    0.1847    0.4762  -0.667   99
50336.104   -0.712363674250    4.118101200845    0.7358    2.4319   0.092   24
50349.874   -0.161886443779    1.253700004611    1.1652    0.9182  -0.854    7
50366.956    0.430942166606    0.531201604304    1.8580    0.8947  -0.818    4
50387.334    0.040608751236    0.800801997514    0.0800    0.3211  -0.285  159
50391.096   -2.123376259903   -3.034998006513    1.7829    4.7681  -0.107    9
50395.322    0.436589384131    1.064699995368    0.1749    0.5048  -0.133   66
50396.333    0.231673953034    0.380998797311    0.1454    0.3888  -0.004   95
50399.164    0.499919536961   -0.016300803907    0.1151    0.2834   0.044   68
50402.323    0.273489612205   -1.350799203692    0.1716    0.5107  -0.045   62
50403.335    0.684801800492   -1.073199602786    0.1563    0.4352   0.048  115
50413.168    0.429193117717    2.177899204980    0.2122    0.6095  -0.155   64
50422.332    0.022724611700    2.685999595542    0.1130    0.2820  -0.162   65
50539.172    0.008067545324    0.432702002229    0.1514    0.2874   0.180  125
50588.082   -0.669202338870    3.104100004236    0.1434    0.3273   0.236  134
50616.086   -2.412729846420   10.437699600629    2.6265    6.1663   0.546   13
50631.755    0.844000101959   -1.092200403718    0.2671    0.7724  -0.503  108
50654.331   -0.440352086316    6.788300404992    0.1282    0.3887   0.259  158
50687.836   -0.048537528286    0.313801196228    0.2053    0.4288   0.025  115
50700.090    0.320013487196   -1.795698003093    0.3096    0.9945  -0.607   43
50752.196   -3.858836130412   23.757800398982    1.0612    3.2198   0.066   11
50791.085    1.622785444032   10.441299600927    0.8751    2.8905   0.037   16
50793.272   -0.064672618933   -1.214600401056    0.7348    1.8311  -0.852    5
50800.340    0.279540202410    0.195800393499    0.0910    0.2379   0.028   98
50835.273    1.079572223629    5.044399202347    2.6712    8.9576   0.519    7
50847.001    0.917011382552    2.637500394087    0.5885    1.9875  -0.436   35
50854.079   -0.398804241657    1.599400803798    0.4191    0.9651  -0.769   40
50884.271   -0.174662204921    4.478000396091    3.1011   11.2510  -0.922    5
50897.252   -3.304867314091   -2.070000005006    6.7610   18.0432   0.946    3
50911.252   -1.390843676485   -2.546398803815    4.6571   11.6651   0.956    3
50912.271    1.246031416776   -4.847799601748    0.3972    1.4027  -0.306    5
50919.324   -0.060909916748    0.542199603615    0.1105    0.3428  -0.196  138
50923.999   -6.106588018061    7.431199195196    2.5484    4.7327  -0.419   12
50925.252    0.562307477980   -2.112098400175    4.9711   12.8727   0.926    3
50940.271    0.038995260515   -0.136000804218    0.5949    5.6238   0.122    3
50953.252   -2.379520571703  -14.683100405932    7.7659   21.2459   0.893    3
50954.271    0.528020433284   -7.660501199780    0.9477    3.9891  -0.813    3
50967.252    2.240491087686    0.223999199989    6.5663   16.2604   0.893    4
50981.252   -7.351948247645  -41.713498805507    9.0217   31.1387   0.920    3
50986.997   -4.248230452360   -8.289601197475    3.6072    5.9863  -0.461   10
50989.324   -1.623053258545   -1.434099597475    0.2614    0.6677  -0.387   67
51023.252  -12.227697636048  -44.880001206593    6.8900   19.0819   0.831    3
51036.087    2.115308714580   -0.855399603950    0.1441    0.3675   0.259  102
51042.998   -4.905331519103   -9.382399203162    7.5811   10.8891   0.077    6
51051.249   -8.936680734690  -29.648300403551    9.0699   28.5465   0.743    3
51052.271    0.336687416973   -0.614098800611    0.8906    2.0669  -0.107    5
51065.252   -5.749331621063  -12.410899201143    5.2692   15.7359   0.940    5
51079.249   -5.674706849749  -31.002598798580    5.8441   17.7684   0.896    4
51088.084   -0.988002406202   -3.023100003929    0.2027    0.4810   0.356   83
51094.271    0.206800038153    0.477100803664    2.4431    0.8368   0.293    3
51098.998    0.485130214240   -8.091298805368    1.0393    3.1009  -0.200   14
51122.268    0.904238831515    0.837601194803    0.5562    1.6380  -0.386    4
51123.353    0.829881966431   -2.996600395022    0.8740    3.0062   0.715    5
51130.457    0.962189581333    0.359301593278    0.9034    2.8317   0.744    5
51135.249   -8.757581338568  -12.477797994848    5.5368   14.8119   0.866    3
51149.249  -18.422492931926  -45.367398004714    6.9874   19.0626   0.956    3
51164.271   -0.361022401006    5.294700000036    1.0765   10.1428  -0.515    3
51169.166    1.235814659989   -7.826500804242    0.1002    0.2983  -0.107   94
51191.249    7.452256797588   13.145698801509    5.1420   14.7555   0.923    3
51211.002   17.066071858304    2.561000397350   14.0533   11.8064   0.454    3
51219.249   -9.365202573498  -27.710600406294   17.1618   42.8767   0.985    4
51233.249  -11.542631322866  -27.798998405615    5.5266   15.0898   0.945    3
51246.084    0.002823608762   -0.372999602405    0.0923    0.3170  -0.164  120
51247.245  -10.773255900503  -20.331799194651    4.7466   12.2800   0.934    5
51248.272    0.013179133823   -0.508600803073    0.4399    1.0905  -0.282    6
51261.249    3.590997129271    0.316501193254    8.7460   22.8017   0.968    5
51275.249    8.291952056409   15.608001598366    7.1643   17.8520   0.893    5
51284.084    0.156645809040    0.507801595973    0.1276    0.3613   0.052   54
51295.002   -6.998051088434    7.351001995914    3.1427    6.3842   0.850    3
51309.086   -0.276042104632   -0.199198801454    0.1031    0.3578  -0.162  120
51331.249    2.307855059037  -17.289399595199    7.9047   22.5585   0.888    4
51351.086    0.403376991026   -0.567698400289    0.2884    0.4930  -0.576  141
51358.000  -45.064465662234  -61.625401204424    1.9856    3.4288   0.008   19
51359.249   -2.667935156515    4.757299194580   15.6649   42.2805   0.957    5
51360.268    1.064782809190    1.045602004979    0.5435    1.0576   0.051    5
51387.249   -0.009813384107  -14.750499599359   13.8659   34.9633   0.966    8
51393.082   -0.194156625073   -0.773701205503    0.2035    0.5094  -0.741  149
51401.249   -2.959576631052    5.018601598294    5.2481   15.1451   0.889    7
51406.998  -24.580984319707  -65.829398405981    1.5370    3.4304   0.284   17
51414.165    0.421261038844   -0.093700803916    0.4260    1.4558  -0.265   10
51415.249    3.584678632836    4.423399195730    8.3740   25.1870   0.950    8
51418.164   -1.807261033060  -13.926700803779    2.5935   19.2516   0.568    3
51429.249    4.516208313491   13.381300803417    8.8252   20.5128   0.940   10
51456.165    3.864754555989   -4.112899205211    2.2374    2.3340  -0.908    7
51457.249    5.008060305129   14.643899993416    6.6985   20.3538   0.945    4
51470.165   -0.186360104368    1.180198799489    0.9061    2.1388   0.469    4
51471.250    5.536887483773   29.711998800508    6.8627   19.3502   0.947    7
51485.250   -2.353836793074    2.124601205367   12.5873   26.6867   0.976    9
51486.272    1.106195095681   -2.681600400933    2.5026    2.8644  -0.836    3
51513.246   -7.495414831145  -17.929000799199    4.3564   13.4626   0.918    5
51526.000  -16.064754668394    0.643302000469    0.8720    2.2206  -0.046   19
51527.250   -1.024038499787    8.905500004630    7.5527   20.5403   0.929    4
51533.086   -0.432148982825   -2.100700797314    0.1098    0.2393  -0.123  121
51541.250   -8.302572094159  -21.554099996024   10.8931   22.2233   0.815    3
51542.269    1.202334360654    2.878200001533    1.4531    2.5422  -0.279    6
51569.250  -16.130772963536  -36.735299998725    6.3476   17.5705   0.918    5
51570.999    3.168661438836  -10.047499203836    1.5584    3.1836   0.289   15
51575.072   -0.492926643228    1.416999599257    0.2021    0.3567  -0.328  123
51582.001   13.058925278688   29.596100405627    2.8011    4.8552   0.243    7
51617.079   -1.076074125851   -1.585699200746    0.2588    0.5649   0.076   23
51680.001   -4.528174027450   -6.526598397727    1.4093    3.4700   0.068   26
51687.087   -1.443415023292   -0.080099997035    0.0997    0.2972  -0.343  126
51715.708    3.591132687439    0.568699199732    4.9475    7.4642   0.578    8
51732.286   -0.402973526628   -0.234799200882    0.1357    0.3857  -0.203   94
51738.266  -10.483631289368   -7.899400800682    5.8099    8.0558   0.836    9
51764.001  -16.885087855126   -8.350300802817    8.4972   10.0506   0.300    5
51780.273   19.871829590901   38.438301604060    7.2976    8.7871   0.816    4
51792.001   -1.966327078182    4.861101601250    2.2733    7.6888  -0.565    9
51794.708 1131.252764703086  917.928100800225   94.3292   71.8958   0.990    3
51808.266   36.721152468777   30.499002005513    8.3276    9.3343   0.831    5
51836.266   -5.535809622077    4.958999994642    4.9627    7.0159   0.780   10
51841.083    0.953450848817   -2.695100398853    0.1082    0.2419   0.063   42
51850.266   -7.793646010169   -1.357397995605    6.5612    9.0530   0.672    6
51861.709 1462.982029981486 1034.552998801530   54.5895   42.0152   0.985    3
51883.083    0.008874290684    0.444200401262    0.0715    0.1834  -0.229  141
51885.998    1.051200302687   -4.895899199653    2.6895   11.2463  -0.426    4
51892.266  -35.094197648057  -44.409798002221    6.7070    8.6194   0.817    6
51920.266  -33.135667090580    5.711101198358    8.7744    6.7705  -0.378    5
51934.266    1.128380868251  -11.463498003650    7.9383    7.7473  -0.326    8
51939.084    0.153686642110   -0.168299997938    0.1170    0.3308  -0.233  129
51948.266   11.722940837029   18.954899998391    6.6144    8.3626   0.881    3
51962.266  -52.832024429376  -52.602098395482    7.2275    8.9997   0.852    3
51974.224    1.338001305061    0.770202001377    0.6917    0.6084  -0.065    4
51976.266  -12.592753763858   -2.434697998410   13.7740   10.7053  -0.364    4
51981.080    0.010084408725    0.243399604472    0.0861    0.2343  -0.157  117
51990.266    5.830949286109  -28.903798803981    6.7832    6.3244  -0.205    6
52004.266    1.283816559250    0.943901993367    7.7977    7.9052  -0.362    7
52009.168   -0.238124705814   -0.219600005380    0.0746    0.2074  -0.102  143
52016.228   -5.404847683384   38.793898794154    0.8602    3.2843  -0.802    5
52018.266    3.817962774769    8.078601595685    8.6596    8.3828  -0.367    5
52032.266  -45.396848236069   18.977799594211   10.7204    9.9853  -0.567    7
52039.272    0.434840335242   -2.666599203849    0.0725    0.1936  -0.367   93
52044.228    1.790457965326  -13.652798405417    1.3068    3.5845  -0.853    5
52046.266    6.723219101842   -3.576798006577    8.4329    9.2295  -0.535    8
52072.228   -0.905581205901    0.942501603163    1.5259    1.7849   0.723    3
52086.225   -4.430556829924    9.792899994920    2.4768    7.6599  -0.911    4
52088.266   -9.602388185888    9.528800404723   20.7159   21.1070  -0.855    5
52094.267    0.077851752756   -3.744900006097    1.0868    4.2334  -0.138    5
52096.083   -1.148278661083    0.399499198522    0.1211    0.2599  -0.201  131
52100.225    2.322644473475  -10.054699204431    1.7918    5.3592  -0.837    5
52102.266    2.184421734819  -12.784100395891   10.6268    9.2338  -0.474    6
52116.263  -66.039663529948  -25.927397994963   12.3215    7.2433   0.495    5
52130.266  -19.686137371903   33.713301603200   16.9022   19.3505  -0.787    5
52142.228   -2.700473152322    4.674599996690    1.8769    5.6329  -0.843    5
52144.266   19.720695532934  -16.378700405539   11.4625   10.5867  -0.596    4
52158.266   13.810819934196   -7.342300796154    6.8163    6.4097  -0.362    9
52186.267  -16.451593196093  -17.163899997286    7.4809    8.2221   0.795    4
52200.267   -8.250672026263   41.602100401406    7.1478    8.0281  -0.677    6
52205.227    3.518253754909  -14.265399600788    1.0963    3.1526  -0.821    5
52212.082    0.050422135343   -1.576097997713    0.1200    0.4038  -0.318   68
52213.459  -11.333682073249   -7.358598006135   13.2324   11.8266  -0.614    4
52214.267  -18.007956972302   17.264998800215    8.9068    9.8357  -0.665    6
52219.227    0.170764036286    3.409902005558    2.1492    6.5272  -0.821    5
52247.227   -0.803659165236    0.596401200426    0.8877    2.9160  -0.852    5
52289.205   -5.173309288518   -0.118900806001    6.7318    5.7536  -0.427    4
52291.250   -0.194963370434   -0.436100397394    0.1032    0.2770  -0.165   82
52303.205  -13.273925118510   24.025100398717   13.8890    8.4145   0.482    3
52331.201   -0.792364638470    3.924000004929    5.3057    6.0012   0.798    3
52339.222    3.330147811758   15.182100005973    2.3404    6.4615   0.748    5
52340.245   -0.426501765300    0.000000000000    0.0958    0.2717   0.013   62
52352.203   -0.505160263417    6.536599204310    8.9724   10.2466   0.912    4
52359.201    5.111996090806    0.073699203540    3.0619    4.8164   0.728   11
52368.241    1.832944811690    9.885801604526    2.8511    8.3910   0.436    4
52373.205  -12.045506816652  -13.165599605713    6.9926    8.1967   0.735    3
52387.205   -2.684605876187   -1.313798401270    7.4811    8.2160   0.794    3
52394.207   28.036582319084  -15.980500801049    6.0214    5.3504   0.428    4
52403.251    0.174797763089    2.269900798524    0.0992    0.2397   0.061   80
52421.710  -52.186892378414   -0.388998005008    2.8350    3.4408   0.311   18
52424.249  -58.358559689911 -763.267201199369   25.6313   81.9987   0.505    4
52445.251  -23.241637338437   -8.888400006413    5.8024    1.3200   0.416    4
52480.253   -7.199604071637    2.199600002939    0.1720    0.4684  -0.206   67
52543.244  -25.228133234070  -54.127501201151    7.5243   13.2320   0.917    3
52620.246    1.133356898582   -0.881100005756    0.1674    0.3214  -0.608   52
52711.248   -0.443311253246   -0.109501195311    0.1107    0.2669  -0.263   67
52767.244   -0.724193921759   -0.380498397590    0.0956    0.2322  -0.293  114
52809.248   -0.459714158405   -0.324900004500    0.1761    0.5892   0.160   41
52830.246   -0.102186645072    0.154602001601    0.1458    0.3244  -0.352   62
52900.250   -0.563517596021   -0.249299998245    0.0722    0.1753  -0.088  178
52991.252   -0.602374088262    0.039898797866    0.0719    0.1888  -0.161  132
53068.250    0.758619734728   -6.032699997149    0.1361    0.3276  -0.223   93
53411.253   -0.634511921494   -0.031399203237    0.1306    0.3030   0.061  160
53416.206   -0.768836491515    0.166798798773    0.3494    0.4610  -0.114   12
53423.208   -1.646852521835   -0.700599603931    0.7979    0.8730   0.065   13
53552.287   -3.846870416453   -9.388900805618    0.3129    0.5009  -0.224   43
53560.315   -1.703864178230   -6.931000797294    0.4105    0.7088  -0.242   43
53561.356   -3.450754225390   -4.776998406442    0.3849    0.7177  -0.032   43
53572.467   -9.020583077651  -13.812300001348    0.4105    0.7123  -0.148   75
53703.205   -7.380991355779  -10.100998795792    3.1388    3.8351   0.690    6
53766.207   -0.966491122649    0.073900795883    0.8115    0.2828   0.418    7
53992.249   -0.238799103112   -0.350999997067    0.2217    0.2903  -0.139   46
54354.208   -0.494136761269   -0.456901204871    0.2559    0.9824  -0.055   20
54468.206   -0.066286109655   -0.694198797646    0.2156    0.5815  -0.038    7
54473.206   -1.332757460216    0.239000397073    0.3745    0.3519   0.344   15
54482.250   -1.806589754150    4.242599999316    0.9376    8.2436  -0.574    5
54601.248   -1.053620538769    0.650001601343    0.2718    0.4586  -0.295   78
54713.249   -0.580727246541    0.135601200668    0.1558    0.3077   0.409  290
54942.209   -0.292580567960    0.841100398929    0.3738    0.3426  -0.052   17
55054.206   -3.858971688580    1.860501602380    2.2534    1.2977  -0.924    4
55334.207   -0.888100530762    0.482799605095    0.3942    0.3796  -0.323    7
56511.787   -0.790751147749   -0.423298797614    0.2885    0.5076   0.175   18
56671.208    0.338836628437    0.532601994507    0.7915    0.8684  -0.353   11
56748.206    1.109422168841    0.515800803669    0.3249    0.2526  -0.034   58
56751.271    0.761979064233    0.718002003453    0.4261    0.3159  -0.109   31
56758.272    0.714380537652   -0.300600005687    0.3174    0.3281  -0.323   27
56783.497    0.073550119723    0.244699198504    0.2696    0.2120   0.342   44
56784.497   -0.346229684745   -0.837298806289    0.3407    0.2452   0.671   57
56785.498    0.114291219021   -0.287999998250    0.1687    0.1325  -0.071   63
56786.499    0.754853822437    0.227998803837    0.2453    0.1695  -0.266   56
56787.500    0.157720368914   -0.028501195004    0.1879    0.1330  -0.063   79
56788.501   -1.534849282551   -0.864100803710    0.4743    1.4873  -0.128   59
56789.498    0.456622735131   -0.023900395263    0.2265    0.1315   0.047   47
56790.498    0.549670485111   -0.451198796725    0.2623    0.2740  -0.223   31
56791.499    0.464557932392    0.524700001847    0.3452    0.2034  -0.345   68
56792.500    0.843328914766    1.202799600719    0.4640    0.8214   0.404   59
56793.497    0.829746408263    0.231400805717    0.2202    0.1341  -0.047   61
56794.498    0.088071719649   -0.054899994950    0.1726    0.1462   0.115   55
56795.499   -0.242965177977   -0.144500398847    0.2144    0.1760   0.077   35
56796.500    0.566744577463    0.037400405972    0.3303    0.1582  -0.262   47
56797.500    0.000000000000   -0.006901206007    0.2180    0.4903   0.404   79
56857.500    0.964609817415    0.134100001503    0.4464    0.3250  -0.014   27
56858.501    1.119103204886   -0.321199195241    0.6242    0.2999  -0.273   12
56885.496   -0.284109649956   -0.749998795868    0.2771    0.2668   0.179   20
56886.501    0.145215724107   -0.182098803236    0.2643    0.2336   0.262   30
56899.496    0.387241900378   -0.340599599724    0.3042    0.2438   0.071   34
56900.501    0.731190117315    0.028198793700    0.2838    0.2389   0.143   34
56901.790    4.277544676830    1.673200803509    1.1243    0.8420   0.345    3
56904.665    1.104581604960    1.373400004923    0.5765    0.6630  -0.141   12
56905.662    0.763460298609   -4.360698004291    0.4838    0.7531  -0.175   13
56906.659    1.768136726306    0.834001194505    0.5732    0.6726   0.024   11
56907.656   -1.355614328261   -2.858000402739    0.4995    0.7304  -0.066   13
56910.969   -3.168929253349    8.128501200133    0.4696    1.0020  -0.268    6
56911.645    1.761011484511    0.523602000158    0.5939    0.7638  -0.075   11
56912.642    3.176864542328    2.065798796025    0.4339    0.8323  -0.300   13
56913.639   -4.129905506536   -0.680000401587    0.7239    0.8316  -0.134   10
56914.636    0.887296995507    1.068400804627    0.4391    0.7363  -0.252   13
56916.959    2.963610449572   -0.488401204279    0.5362    1.0025  -0.260    7
56917.627   -1.606379328767   -0.156200403012    0.4197    0.8701  -0.261   11
56918.625   -0.020436723680    1.373101197544    0.4631    0.8361  -0.297   12
56919.603    0.983300702312    0.335098796711    1.0055    1.3196  -0.128    3
56920.619   -0.234090887293   -5.802998401805    0.6656    0.8020   0.006   10
56921.616   -1.276820363694    5.862301198079    0.6462    1.2840  -0.304    5
56935.499   -3.246913354167    3.714001202582    2.2153    1.2108   0.709    5
56939.250    6.643350485685    0.476999994703    1.5325    0.7452  -0.303    8
56941.496   -3.878872691517   -0.585399594399    0.9957    0.8823  -0.482   12
56942.501    6.521934024869   -8.530099199788    0.9745    0.9116  -0.467   11
56945.792   -2.204454994102    2.116299596366    1.5955    1.1125  -0.463    6
56948.498    4.789162204954   -2.215198801991    1.1683    0.6582  -0.184    6
56962.502   -2.080214924523   -1.421200795448    0.5125    0.4239   0.469   13
56963.503    2.440969419299    1.810299596627    0.5507    0.4475   0.433   12
56983.497   -0.264883136034    1.328500803766    0.7932    0.6825  -0.007    7
56984.501    1.447048679237   -1.164301205847    0.5535    0.3722   0.134   17
56990.498   -3.586556727965    0.790599598588    0.4541    0.3444  -0.017   25
56991.503    0.000135558168   -1.828000803528    0.3626    0.3182   0.234   25
57004.498    0.125853652017   -0.040201199170    0.6281    0.3750  -0.221   12
57005.499    2.758966043093    0.091101603061    0.5344    0.3365  -0.009   19
57011.610   -1.156078300176    0.001299594032    0.7961    0.4274  -0.136   14
57012.501    3.192999632975    0.563000398301    0.5294    0.3551  -0.065   17
57039.497    0.508526013132    1.165399194747    0.6199    0.4109   0.267   15
57040.501   -1.515351652294   -0.607697994326    0.6805    0.3926   0.327   11
57102.499    2.159547911655   -0.878399995941    0.4743    0.4382   0.011   44
57109.497    2.209163209920    0.159102005171    0.4229    0.3479   0.280   21
57110.501    0.591621702450    0.427499993805    0.3744    0.3288   0.290   30
57123.497    0.135805712680   -0.155401195912    0.4867    0.3012  -0.126   24
57124.501    1.184853593798    0.786499198568    0.3487    0.2513  -0.037   33
57137.497    1.243343274464    0.201499194930    0.3805    0.2688   0.017   31
57138.501    0.480018534023    0.160401599203    0.3686    0.2507  -0.009   28
57173.500    0.521837495017    0.632401203404    0.2952    0.2379   0.154   43
57176.228    0.361157867457   -0.666899994428    0.3734    0.5050   0.324   15
57177.229   -0.944841070822    2.369098798738    2.0047    0.9472  -0.302    4
57179.289    0.879229450183    0.758699995629    0.3729    0.5766   0.392   11
57180.293   -0.978189113813   -0.521398796138    0.7131    0.7659   0.119    6
57184.227    0.438741805700   -0.119300396761    0.5006    0.7353   0.421    7
57186.291   -2.149460201108    1.527901197562    0.4561    0.6436   0.238    8
57187.291    0.207335758896    0.621500393549    0.5305    0.9081  -0.204    8
57190.246   -0.942959765588   -1.149699599523    1.7728    1.0481  -0.319    4
57191.123   -0.626980096913    0.095500797670    0.3997    0.5198   0.071   14
57193.289    1.799332256010   -1.360799997485    0.8954    0.8442  -0.080    7
57194.290    0.115233522549    0.240199194934    0.4718    0.6154   0.231   10
57195.228    0.328081032519   -1.158998401252    0.5315    0.8242   0.340    6
57198.227    0.827597196800    6.025100405793    0.5680    0.7915   0.216    8
57201.500    0.796401667096    0.900601193621    0.4411    0.6294   0.135    8
57421.227   31.323968958036  -15.379801202187    0.3282    0.3221   0.056   24
57442.236   -0.214728815204   -0.966099597122    0.4660    0.6124   0.371    9
57491.231    2.220590084749    0.523602000158    0.3534    0.3549   0.077   17
57553.206   -3.154004372460   -1.005299996848    0.3144    0.2344   0.111   75
57617.209   -1.084277229342   -0.303001195334    0.6179    0.3562  -0.100   19
57646.250    0.046120502310    0.984801603465    0.1392    0.3258  -0.107   95
57757.209    0.087668346968   -2.866499997367    0.2745    0.3232   0.172   18
57828.250   -2.479690353373    2.247299997293    0.4287    0.3827   0.444   17
57833.207    0.430674260376    2.097399604395    0.2836    0.2861  -0.181   55
57849.249   -3.718596528354   -1.696298397746    0.4825    0.3484   0.239   15
57994.209    1.251949750636   -2.951297996390    0.4232    0.2434  -0.002   13
58003.231    0.714919468500   -0.993898800061    0.1925    0.4364  -0.270   91
58016.230   -1.557570684145    2.082599999653    0.5789    0.5599   0.311    9
58142.227   -0.158391556106    0.303901198606    0.3251    1.0546  -0.417   60
58186.272   -2.285398261850   -0.797399995633    0.3322    0.2929   0.158   10
58221.270  -24.919953296206   15.535501205477    1.8454    1.7900  -0.597    4
58324.227   -2.062330784987    2.719900797388    0.4804    1.0631  -0.061   23
58486.208   -1.063972853724    0.126799204736    0.4125    0.3666   0.223   10
58577.250   -0.580591688374   -3.282598794385    0.3860    1.1940  -0.407   39
58618.228    8.074531888788  -15.451099203290    4.1160    1.8131  -0.736    5
58701.209    0.409295324885   -0.426398398190    0.1294    0.3475  -0.205   72
58715.209   -0.576557961570   -1.138698006287    0.6357    2.1486   0.118   16
59044.208   -3.958873655737    0.616701595391    0.8752    0.2775   0.195   14
59102.228   -0.737908776324    1.147100398668    0.5340    0.6978   0.043   19
59177.188    0.439951923741   -0.741999600962    2.7872    0.9750   0.438   15
59228.250    0.225623271112   -0.958298400633    0.4451    0.5038   0.171   22
59271.737   -2.205261739462    0.583099200924    0.1521    0.3817  -0.170   33
59340.250   -0.335609646995    4.772501996797    3.3238    2.7366   0.463   19
59389.249    8.345601173194    1.080298794420    5.9394    2.1059   0.570    4
59452.251  -13.157349221575   -7.913098797019    5.2447    3.2376   0.739   21
59494.251    2.484266312847    2.988201596565    2.7043    2.0205   0.520   23
59541.185   -1.018794654943   -0.699098404766    3.2754    1.7621   0.615   23
59592.251    0.443446811413   -0.357001199802    0.2879    0.6033   0.215   35
59837.250    3.722765813325   -5.415800403341    5.0596    3.4300   0.639   26
59970.248    4.474257096152   -2.567599202052    5.0419    3.5111   0.675   23
59996.206   -3.240998230413    0.088300797074    1.4896    0.4673   0.761   15
60087.208    0.183404239261    0.895899597708    6.5670    1.8786   0.962    6
60201.250   -0.546843574526    1.275001199019    0.4746    0.6881  -0.018   24
60235.211    4.000021337821    1.009900796589    2.1943    0.6139   0.868   11
