%-----------------------------------------------------------------------------
%                R.A. (mas)        Dec. (mas)        Err. (mas)     Corr. Del.
% Uncertainty in R.A. is in R.A. cos(Dec.)!!!!
%-----------------------------------------------------------------------------
47685.554    3.388483373915    0.057499195805    0.8866    1.7242   0.149   17
48161.906   -2.512229398256    2.662599587211    2.6452    2.1155  -0.410    5
48756.865    0.139741550895   -2.881501194452    0.4085    3.1465  -0.051    3
49020.002   -0.173295934464   -2.634400806301    0.7326    3.3509   0.132    3
49790.168    1.472335346899    1.001699996550    0.7592    1.2200   0.345    4
49897.336   -2.225966971174   -3.202700389693    0.4389    1.7616   0.489   11
49911.329   -2.292733573809    1.526799601947    2.4404    1.3308  -0.175    8
49979.086    0.332459573479   -1.633600800233    0.5441    1.6872   0.362    3
49982.081   11.559749621263  -10.712700000681    9.5110    9.0393  -0.949    3
49986.085   -3.746107441665    1.203800400162    1.5412    0.8722  -0.005    9
49996.085    4.322079808969    1.615500002572    4.3755    1.5556   0.580    7
50003.083   -7.373732212912    0.875699998915    3.1861    1.4793   0.231    6
50048.999   -1.296507551888   -1.663999191237    0.7296    1.5614   0.001   12
50108.082    0.256497642768    0.166298386262   11.1360   11.1835   0.935    3
50119.083    2.064163766222   -0.018298808868    3.2688    5.4657  -0.844    4
50122.662   -0.303613263731   -0.825299994744    0.7629    2.1572  -0.165   28
50129.084   -1.294899653081    1.117900805525    2.1471    1.2801  -0.560    4
50149.333   -0.287293937437    4.533501586934    0.3948    2.8768  -0.218    3
50163.337    0.444965535408    1.594400387717    0.3998    1.3524  -0.648   29
50248.520   -0.553215880220   -0.933199194719    0.5255    3.1500   0.614   10
50259.083    4.587425284912    0.884498388132    3.7902    2.9596  -0.152    3
50276.166    0.604242366987    1.185501591294    0.4253    0.8409  -0.174   12
50276.166   -0.674914348251    2.606101190850    0.5271    1.3167  -0.787   24
50322.085   -0.312576954670    0.515901587050    0.2788    0.9718  -0.159   36
50324.332    0.222711700449   -1.593698408442    0.3336    0.9068  -0.805   66
50355.334   -0.009192584490   -0.346100389947    0.1277    0.3131  -0.325  125
50366.956    0.326254049828   -0.393800397092    0.5590    1.0060  -0.436    6
50372.252    1.536115045471    3.672601192761    0.8250    2.1613   0.077    3
50387.334   -1.367411248678   -0.918298806596    0.1377    0.5134  -0.225   64
50395.322   -0.255808218528   -0.886298394676    0.1641    0.6351   0.020   66
50396.333    0.071364227479    0.061099208892    0.1413    0.4532   0.023   78
50399.164   -0.186167669231    0.451800005408    0.2358    0.9296   0.374   27
50401.323   -0.163413847346   -0.148499989905    0.2311    0.5654   0.350   74
50402.323    1.880064604874   10.244599204157    0.9674    4.6786  -0.408    6
50403.335    0.225011923859   -0.732801595404    0.1884    0.5714  -0.179   47
50413.168    0.468866725410    2.241900003241    0.3660    1.2927  -0.587   28
50422.332    0.723295860295    5.471798399981    0.1433    0.6717  -0.177   39
50539.172   -2.635535843482    7.978798805652    0.2886    1.0475  -0.305   30
50588.082   -3.344812600892    3.828301208841    0.1806    0.7131  -0.323   55
50639.272   -2.336978070085   -4.909798801123    2.0431    7.4048   0.870    3
50654.331    0.756392378373   -5.425700413753    0.2684    1.5150  -0.465   25
50700.090   -0.826145963458   -0.010800013683    0.3691    1.9838  -0.519   24
50793.272   -4.120856039324    7.601101188470    0.8821    2.4038  -0.832    4
50800.340    0.305684593590   -0.611701204889    0.1228    0.2978  -0.193   34
50835.273   -5.824748176261    4.443400808896    2.3359    4.4536  -0.150    5
50854.079   -0.991054673824   10.409198392836    0.6033    2.3760  -0.256   22
50919.324   -2.803660429849   11.558199594219    0.2354    1.1396  -0.605   31
50989.324   -2.968340246663   -4.954701608995    0.5032    2.2129  -0.276   24
51036.087   -2.036580603967   12.707701208114    0.4805    1.6321  -0.950   21
51088.084   -0.324527471283   -4.090399212942    0.2599    0.7401   0.005   34
51169.166   -0.199613127251   -9.407498396286    0.1330    0.3569  -0.221   43
51246.084    0.386930908186   -0.965800802533    0.1855    0.5530   0.002   31
51284.084   -0.259139873904    0.043099194613    0.1972    0.4720  -0.514   35
51309.086    0.272588075511   -1.685998796574    0.1762    0.5653  -0.503   55
51351.086    0.709966260038   -1.976101202672    0.3250    0.6475  -0.590   77
51393.082   -0.055734482200   -1.707098411430    0.2826    0.7417  -0.554   71
51486.272   -0.512305861296   -1.375999192987    1.7152    3.3762  -0.827    3
51533.086   -0.708010866330    0.038498407662    0.1774    0.4321  -0.191   29
51575.072    1.134475453384    9.238600796380    1.6954    7.2846   0.957    4
51617.079    0.565398112359    4.260301193426    0.2643    1.1431  -0.155   21
51687.087   -1.667234991543   -1.970100012727    0.1434    0.5884  -0.142   50
51715.708  -57.620733280460  -81.717300011519    7.4274   16.2685  -0.262    3
51732.286   -1.317537617202    0.949798806005    0.2479    0.9432   0.342   40
51841.083    1.724006471272   -4.456699201683    0.1603    0.5981   0.074   37
51861.709 1634.852497253971 1546.716499186118   70.7028   73.0364   0.986    6
51883.083    0.455076516077   -1.434898791786    0.1314    0.3433  -0.253   32
51939.084    0.287067787473   -0.892101598993    0.2182    0.6361   0.162   30
51974.224   -7.189175186075   10.559998801796    0.9403    3.4990  -0.496    4
51981.080   -0.166400829797    3.489199201567    0.2433    1.0328  -0.754   37
52009.168   -0.286836150335    0.218098793425    0.1464    0.3877   0.131   36
52016.228    3.242765114532  -12.041398790075    0.8535    3.7605  -0.597    4
52039.272    6.756623519944   -9.329101203548    0.5431    1.1154  -0.954   21
52044.228   -4.947117860546    3.430198793808    1.1549    4.1710  -0.474    4
52048.082    0.058150484985    0.892799997132    2.5684    2.8042  -0.790    4
52051.226    0.974853948879    5.113400391110    0.4424    1.3370  -0.064    7
52081.264    0.473348570880    0.800999995931    0.4389    1.3921  -0.234    8
52086.225   -2.768840155200   10.546099187536    2.5285   11.2537  -0.754    3
52096.083    0.368429959832    0.276098401741    0.3647    2.1283   0.707   20
52100.225    4.080061878163  -32.837299190192    1.6598    6.3927  -0.679    4
52142.228   -2.671161478522   -2.037898809704    1.6312    7.0890  -0.567    4
52149.227   -0.414395469091   -0.262198813061    0.8953    3.2352   0.760    3
52177.081    1.442799456136   11.897200792532    0.6243    4.1590  -0.182    3
52205.227    1.479919954194  -12.582500392000    1.1713    4.4009  -0.724    4
52212.082    0.262934960333   -1.919098812664    0.2481    1.1096  -0.711   30
52219.227    1.844210076284   -4.306600797577    2.1736    8.8722  -0.671    4
52247.227   -1.009671479941    2.430899999695    0.9499    4.3962  -0.677    3
52291.250   -0.596081371241    0.836499586399    0.1679    0.4189  -0.174   21
52340.245   -0.250176261354   10.327701599522    0.1799    1.5008  -0.114   45
52403.251    1.035875558552    2.358698401395    0.1499    0.4443  -0.011   39
52421.710  -93.249205737771  149.259499198706    5.9291   15.2838  -0.294    3
52480.253  -11.364847233033  -30.123799211879    0.5314    2.0658   0.753   20
52543.244   -0.849131500869    6.955801208619    0.4325    1.0608  -0.345   30
52620.246    1.934996470271   -0.329198402937    0.2446    0.6747  -0.732   58
52711.248    0.120664214089   -2.328901206283    0.1894    0.6047   0.115   13
52767.244   -0.384514905402   -0.952401600784    0.1572    0.4333  -0.061   74
52809.248   -0.243510128626   -2.732198390731    0.2196    0.9478  -0.315   44
52830.246    0.088257277026    0.407998805940    0.1518    0.4483   0.090   33
52900.250   -0.640210009754    0.340401601306    0.1070    0.2964   0.137  136
52991.252    0.022753821884   -0.752900410816    0.1091    0.3620   0.011   43
53068.250   -1.372008951910    2.556799188369    0.1907    0.4186  -0.310   69
53125.576   -0.428530429739   -1.001498404207    0.7437    2.0911  -0.074   28
53152.747   -8.906973311721   -2.243300406235    0.3533    0.7379   0.089   82
53493.204    0.307292492397   -0.204501606049    0.1656    0.3134  -0.083   11
53719.250    0.578498819065   -0.449600395314    0.2176    0.5881  -0.231   43
53864.207    1.338915177418   -0.314301595949    1.0339    1.3105  -0.880    9
54201.208   -0.057113487456   -0.909500391799    0.5831    1.8832   0.824    7
54250.207   -0.059181995340   -0.533599200025    0.2599    0.4700   0.116    9
54256.208   -0.092394371182   -0.607600804869    0.2200    0.2580  -0.191   16
54314.250   -0.128706686874    0.222098410063    0.5331    1.1873   0.414   37
54489.248   -0.283846424297   -1.901401199689    0.1439    0.5434  -0.176  118
54662.209   -0.662503222561    0.464000396505    0.3884    0.4493  -0.091    8
54810.208   -0.343949637791   -0.782099991170    0.4440    0.2950  -0.038    8
54816.209    3.287125468571    0.049899591659    6.4817    0.6719   0.775    4
54818.251  -10.852770343676   -1.206298804846    6.1849    1.1346   0.525    4
54965.249   -0.717548202134    0.292899605370    0.3617    0.4570  -0.184   32
55042.251    0.206050366428   -3.506698803335    0.3536    1.6517  -0.242   19
55047.208   -0.367853571380   -0.554198402369    1.7889    1.4363  -0.871    5
55061.208   -0.827296075163   -0.135601200668    0.4311    0.4848  -0.176    8
55075.208   20.430523653080    1.512601193099   11.0692    0.9614   0.849    3
55089.208   -0.703644878624    0.298000804833    0.4231    0.4477  -0.049    8
55103.208    0.502652746117   -0.790300791209    0.4781    0.6251   0.086    7
55112.251   -0.978182939057    0.638100004835    0.4296    0.5518  -0.428    8
55119.250   -2.709542302097    0.952898406581    2.3063    1.8682  -0.876    8
55131.208    0.296260371963   -0.465800403049    0.4577    0.7406   0.462    7
55152.206   -1.229740949253   -1.779400793112    1.1814    0.5366   0.022    3
55166.206    8.303078439635    0.506699987568    7.0862    0.6354   0.793    3
55180.206   -0.900613031151   -0.108201601279    0.5782    0.3977  -0.209    5
55216.209    0.245697159471   -0.929998810761    1.0075    0.6393  -0.559    3
55222.206    1.140565197660   -2.428099193708    0.9717    3.7953  -0.752    4
55229.208   -1.548639285337   -1.637600391291    0.6758    0.7733  -0.009   14
55244.209    0.082512284064   -0.203698792234    0.4206    0.4839  -0.064    5
55250.206  -12.848212035167    0.576899986982    9.0929    0.7917   0.694    5
55285.208   -0.139281020206    0.235900796497    0.4032    0.3918   0.170    7
55306.206    0.446689370366    0.996199193537    1.1987    0.6647   0.416    3
55327.208    1.499226262939    4.538498396300    0.6423    2.5782   0.761    3
55349.207   -0.658021377092   -0.521200797721    0.5120    0.5366  -0.266    3
55355.208   -0.008731975413    0.060199192831    0.4900    0.6123  -0.323    7
55371.250   -1.234567546037   -1.360501190106    0.3331    0.6035   0.022   36
55376.207    0.137328291697   -0.272599197615    0.5169    0.4094  -0.055    9
55397.209   -1.532204101280  -11.176599613805    1.9536    6.3053  -0.533    3
55413.250   -0.254773964586    0.507999607180    0.2128    0.7571  -0.048   78
55447.208   -0.631935821443    1.359000003731    0.3050    0.4578   0.168    6
55454.228    0.415316608857   -0.895201199569    0.2176    0.5860  -0.345   76
55474.207   -0.196049756348    0.610401585277    0.5934    0.5605  -0.093    4
55482.206   -3.690485995253    3.595798807510    0.8677    0.8001  -0.631    3
55483.229   -0.512650612610    1.192499999547    0.2976    0.9266  -0.055   26
55488.207   -0.192946916135    0.080200805996    0.2591    0.4451   0.195    5
55518.249    0.077456793730   -0.558100791181    0.1711    0.3526  -0.064   47
55523.209    1.501407806611   -0.061700404785    0.6036    0.7497  -0.255    4
55537.209    0.230412165507    0.492800398888    0.4677    0.7320   0.673    4
55538.228    0.198923624623    0.988599589391    0.1811    0.4384  -0.231  102
55539.251   -0.838099302047   -4.211701195800    1.2596    5.0444   0.468    5
55551.209    0.052979136888    4.467801591090    0.6576    2.3585   0.749    3
55614.207    0.119056315282    2.185199988958    0.2553    1.4549   0.391    5
55616.249   -1.434638460389   -7.742599214566    0.2494    0.8318   0.006   37
55642.207    0.220874829703   -0.414601191778    0.6243    1.3261  -0.186    4
55649.205   -0.634233301266   -7.631600414015    0.3082    2.4578   0.125    3
55650.228    0.106529253441    0.072000005957    0.1957    0.3562  -0.131    9
55657.230    0.343491772301    1.406001587156    0.2285    0.3914  -0.070   12
55678.210   -1.216524463172   -3.917098811712    0.9655    2.9617   0.758    3
55691.206   -1.751123537276    0.814701598983    0.7312    0.7538  -0.156    4
55733.209    3.350905088755    8.836898393838    0.5686    1.4423   0.807    5
55740.207   -3.291949321767   26.491899592429    1.9302   12.1394   0.177    5
55754.208   -2.533717329061    4.248100802329    1.9702    7.2492  -0.255    4
55755.230   -1.382467427479  -10.778500805486    0.4794    2.1638   0.548    7
55761.206    0.931643706545    1.612800005546    0.4024    1.7314   0.514    3
55763.247   -0.955084365858   -3.416198396167    0.5371    3.4300   0.347   11
55768.208   -2.066000636967    0.418201204866    7.7462   16.0853   0.971    3
55775.209    0.817990454886    6.426799188830    0.7915    3.1204   0.845    4
55776.228    2.067840251300   -6.541599594811    0.4802    2.0347  -0.698   32
55782.208   -2.215740132743   -0.591400797134    3.6193    0.8092   0.377    9
55783.227    0.691694283623    0.228398394597    1.4188    0.7664   0.163    8
55799.268    0.574593440436    0.283701587023    2.0835    2.1716  -0.887    4
55811.208    0.097797278029   -0.681001213820    0.4782    0.7578   0.018    8
55813.272   -0.901418391542    0.986900391808    0.7553    0.8780  -0.439   22
55817.206    0.609526750872   -2.021500790761    0.4984    1.2017  -0.818    5
55820.497    0.081822781436    0.423601198918    0.2991    0.5140  -0.061    6
55821.498   -0.283043807494   -0.003398395165    0.2549    0.3134   0.268    9
55822.498   -0.213861202075    0.146098787468    0.5249    0.7156  -0.224    3
55823.499    0.000000000000    0.115300792913    0.3469    0.5378  -0.134    4
55826.498   -0.517016600316    0.162100809575    0.4701    0.7176  -0.181    3
55827.499    0.427383061621   -0.340300792345    0.5259    0.7077  -0.315    3
55828.499    0.193983913664    0.287999998250    0.7611    0.7173  -0.664    3
55829.500    1.651492053700   -0.222501594749    0.6556    0.5236  -0.443    3
55830.501    0.184675549799    0.204001193538    0.4870    0.4618   0.091    3
55831.498    0.444965535408    0.189698394593    0.5311    0.5832  -0.291    3
55832.499   -0.258679343215    0.412099205960    0.2182    0.4471  -0.102    7
55838.208   -0.299247354413    0.416300389361    0.2045    0.5275  -0.428   10
55845.206   -0.283733310121    0.549500387592    0.3589    0.4762  -0.286   15
55847.251    0.220069469312    0.573598794062    0.1304    0.4519   0.240  100
55852.208   -1.110800491734   -1.858499990703    1.0857    4.8951   0.835    4
55862.270   -1.042078417004    1.081799993585    1.0208    1.3186  -0.152    3
55869.269    3.178640743034   -6.042999598321    2.6326    5.3115  -0.757    4
55876.270   -1.641723159147    0.508798788701    1.3078    1.7018  -0.156    4
55880.208    0.025282938845   -0.393098392237    0.1289    0.3346  -0.172   10
55882.250   -0.234546437687    1.915599608537    1.5035    4.2870  -0.563    6
55889.295    2.046697071809   -2.529500397941    0.4945    0.5062   0.004   21
55894.208   -0.035622891452   -0.210499214859    0.3977    0.5579  -0.195    5
55902.229    0.981633195783    0.437601596559    0.4963    2.6045   0.345    3
55916.229   -0.449673530841    2.151100801484    0.2982    0.6460  -0.725   72
55923.209    1.037022926669   -9.037400408829    1.2205    4.0892  -0.707    5
55957.210    0.543794402180    0.892400393582    0.6058    1.9394   0.820    3
55959.248    1.266745511160   -1.356699610255    0.8532    5.2393   0.506    4
55966.250    0.110666347597    0.254901610219    0.1312    0.2805   0.310  101
56007.541    0.533680677924    1.408499991840    0.7347    1.3188  -0.126   15
56029.230    0.670319466994   -1.456599602534    1.3665    2.6483   0.663    3
56034.208    0.073777565064   -0.970199997141    0.6106    0.7137  -0.773    3
56041.206    0.607229271050   -0.362401206644    0.2947    0.5241  -0.547    5
56044.267   -0.079751451577    0.925099203641    0.8312    1.1338  -0.580    6
56058.033    2.444657435231    8.013700806941    1.0084   16.8830   0.712    5
56069.206   -0.127327681618    0.934199994163    0.2426    0.6350   0.133    6
56075.540   -1.507613487038   -2.536700398537    1.7033    3.7149   0.576   14
56078.250    0.734214944941    0.398001606072    0.8503    3.3163   0.824    3
56079.269    0.117677231638    0.032299206509    0.2672    0.4099  -0.342   29
56085.252    0.540691640354   -2.156799590125    2.6031    2.7301   0.501    7
56086.271   -1.177682952131    0.930999610205    0.7977    1.1157  -0.828    3
56097.206    4.377585397618   -1.274000399576    5.3133    1.2574  -0.930    3
56106.250    0.187891425800    0.669999607794    0.1758    0.4111   0.026   69
56111.543   -0.244544382568    0.289800004794    0.4543    0.4138  -0.283   52
56118.208   -0.720650963959   -1.699700399627    0.3961    0.6699   0.317    3
56121.269   -0.293499539476    0.099201594139    0.5467    0.5343  -0.319   12
56134.250   -0.425540703701    0.951501610302    0.6280    1.7940   0.134   10
56148.247   -0.516787706765    1.753498798962    1.1182    3.4548   0.665    6
56156.271    1.622648487540   -2.362399197864    1.7629    1.5536  -0.810    5
56160.208    5.890599047916    0.171399585724    5.5048    0.6542   0.517    3
56162.250   -0.962784752528   -4.468298396887    0.4402    2.3618   0.008   11
56184.271    0.796615638257   -0.167799598216    2.7073    2.6785  -0.977    4
56191.269    0.864071743520   -0.997300801941    1.5791    0.9931  -0.430    4
56195.207   -1.626322229031   -0.151700399442    1.0041    0.6562  -0.318    3
56204.250   -0.738465153272    2.903900403339    0.4966    2.0395  -0.798   15
56260.258    3.801268200612   -0.370598399968    1.4273    5.2993   0.407    9
56274.250    2.785620090571    8.055899985493    2.3064    2.4051   0.131    8
56280.540   -1.905344800132   -0.456098391055    0.8168    0.9870   0.167   20
56302.251   -0.411637458580    1.227999590014    0.2030    0.6833  -0.355  107
56313.540   -0.297981384945   -2.113999190101    0.7788    0.9318   0.049   22
56376.831    1.202047416410   16.399699185854    1.6511   19.4141   0.856   19
56393.249   -0.079406700263   -0.449701204275    0.1855    0.4739   0.016  126
56439.541   -0.688359806271    0.083300406573    1.6108    0.9326  -0.687   14
56463.249   -0.988180805549   -0.030499199966    0.6902    1.0442  -0.662   43
56483.239    0.857176638853   -0.023799611881    3.7089    4.4129   0.287    4
56498.251   -1.485317452255    0.180799196414    0.4522    1.4393  -0.494   25
56504.230    0.974966984667    9.127598389114    0.5324    7.0662   0.733   30
56513.270    3.516155806847   -1.027299589396    6.4681    2.0586  -0.879    3
56525.228    2.406389569055   -2.746699200884    2.6122    1.8466  -0.031    3
56545.208    0.667561456482  -19.700398803479   44.8063  144.1866   0.131    6
56547.249   -0.173524828015    1.076000395983    0.4378    1.4589   0.399   16
56581.207    5.126393168697    0.558698405939    0.8449    0.9382  -0.119    3
56583.270   -0.495526004312    0.135399608325    0.5580    0.6758  -0.037   11
56590.272   -0.005171348097    0.093499198783    0.4653    0.7317  -0.309   13
56594.206   -0.346936620242   -0.394599604192    0.4408    0.9514  -0.116    4
56596.269   -1.563463748613    0.227098800565    0.6880    0.7000  -0.182   14
56602.208   -1.128956688774    0.380401195343    1.3559    0.9510  -0.066    4
56603.249   -1.466011143510   -0.222300002406    0.2825    0.4778   0.060   18
56604.272    0.395549769423   -2.299100404457    0.3779    1.6825   0.308    5
56611.270   -0.304876489612    0.555998408913    0.4660    0.6066   0.019   19
56615.208    0.015629823667   -0.523699202404    0.5424    3.5114   0.870    3
56623.272    1.406487140444    5.758300792991    1.0163    1.1424   0.441    3
56624.291   -0.326022334302   -0.864201612671    0.6713    8.1838   0.836   34
56626.286   -0.103081740302    0.142300788752    0.2585    0.4811  -0.197   19
56628.225   -0.265574447882   -0.058399211866    0.2763    0.5448   0.050   24
56632.269   -0.616879721029   -0.571499992930    0.2694    0.4209  -0.035   23
56634.263   -0.116640234110    0.343101598332    0.2642    0.3685   0.084   27
56636.257   -0.270172072727   -0.127598411837    0.2324    0.3923  -0.019   30
56638.251    0.337859815127   -0.167101200077    0.2426    0.4022   0.001   31
56638.251   -0.488057176392   -1.370998802486    0.2717    1.2043  -0.514   37
56639.270   -0.816263954729    0.582699610163    0.4769    0.6890  -0.380   12
56641.243   -0.512879584549   -0.442598405925    0.2632    0.4093  -0.018   24
56645.250   -1.751468288589   -7.249201200921    0.5871    2.9535   0.805    3
56664.210    0.364982446693    1.121500793033    0.4160    3.8945  -0.158    4
56666.248   -1.918790258152    0.166100400634    0.6877    0.8813  -0.226   22
56701.250    0.046084110609    0.044301586399    0.1142    0.3045  -0.013   87
56743.250    0.079293664476    0.955101597810    0.5285    1.1156   0.536    4
56749.229   -0.378196189187   -2.495800814017    0.1937    0.7382   0.639   48
56754.795   -0.487712425079   -7.428999597892    0.6324    6.8350   0.643   24
56809.214    1.338915177418    2.281600802689    0.5838    1.5573   0.714   59
56834.248    0.857405610792    0.857001586496    0.1869    0.4990  -0.001   45
56840.253   -3.351131317107    3.814200002239    0.9880    1.4924   0.220    5
56875.043   -1.129875084953   -1.466099996605    0.4912    1.7368   0.490   28
56890.792    3.706002704743   81.145501198421    0.2422    3.8971   0.684   42
56899.496   -2.221256232154   -0.656398813703    0.8284    0.5942   0.450    9
56900.501   -0.230180449981   -0.036698401118    0.7951    0.6482   0.444    6
56904.248    0.972898476783    4.339101596429    0.3554    1.7133   0.733   31
56935.499   -1.382580463267   13.343799588483    0.8224    1.6835   0.170    6
56941.496   68.674614357992 -277.113099596704    4.2672   14.5923  -0.934    4
56942.501    8.920189797802  -35.280799210113    3.8784   13.1775  -0.925    4
56945.229    1.400049901267    2.851200005693    0.2223    0.4807  -0.056   92
56951.208   -6.086993555578  -30.866601613866    1.8772    8.2018   0.966    4
56975.271   -0.158932080265    1.091300387657    1.0683    0.9941  -0.590    7
56979.209    1.239625779958    2.042600405616    0.1853    0.3647  -0.232   24
56982.269    0.823619590085    2.261498406142    1.2889    1.3660  -0.542    5
56995.250   -0.401752627875    0.850899587590    0.1514    0.3663   0.097  113
57000.185  -19.888224113919  289.237399189801    0.8860    4.9421  -0.211    6
57001.208    2.242057325530   31.688301595523    0.3647    5.1068   0.783   31
57007.209   -0.940146788407   -0.993099592961    1.4646    2.1249  -0.608   11
57010.269   -0.356360841869    0.212799608335    0.4061    1.1181   0.571    4
57011.551    1.366150844772    0.264301195330    0.3188    1.2077   0.231   28
57014.207    4.725211442099  -27.713599197909    1.2168    5.8210   0.096    7
57021.209   -8.012563139022    0.550000800104    1.3327    1.9077  -0.766   10
57028.207   -3.606365812382   17.173699185946    0.6481    2.2603   0.801   12
57036.209   -5.261305457609  -12.196900794947    0.4329    1.6997   0.740   11
57045.271    0.102163265735    0.269600406000    0.3644    0.7517  -0.141    3
57046.458   -0.060100469907   -0.685101613840    0.2648    0.6978  -0.194   28
57049.209   -0.952786886036   -3.437301592157    0.3246    1.2873   0.581   23
57051.250    0.422556464838    4.065199198067    1.4796    2.5340  -0.912   73
57056.207    8.842046245031   25.004998801137    1.3389    7.0331   0.266    5
57063.209    0.081593809497    0.418899603005    0.2302    0.5096   0.154   30
57087.271    0.070101079986    0.295999205946    0.5792    0.6853   0.318    4
57091.209    0.931298955231   -0.376999193463    0.2758    0.4541  -0.173    5
57092.232    0.047920902966   -0.172900797679    0.3892    0.4300   0.008   46
57098.832   -0.686062404837    1.559599195389    0.5909    2.0079  -0.380   21
57105.209   -0.685372902209   -1.632398408447    0.4649    0.7002  -0.389   16
57107.251   -0.161229481700    0.520700385209    0.1689    0.5007  -0.012   23
57112.207    3.265863687730   -0.906400791223    0.5098    0.7239  -0.310   11
57113.230   -0.186857171859  -12.108599997873    0.4206    5.9407   0.777   50
57120.206    0.853500153774    0.134798386853    0.3965    0.8815   0.307   25
57122.270   -0.373369670792   -0.038098804112    0.4514    0.6298  -0.433    5
57126.207    3.820116643867   -4.499301590499    0.3466    0.6669  -0.315   13
57129.272   -0.075501321634   10.617998410112    0.8476    6.2533   0.549    3
57133.209    4.725787908939   -1.954299608542    0.8994    1.8503  -0.870    3
57135.251   -0.041944272866   -1.062500410853    0.1828    0.6448  -0.183   50
57135.583  185.927499928970 -255.175200010171   51.9822  137.4760  -0.696    5
57136.273   -2.631627721266  -33.372900014683    0.3601    3.0771   0.710    3
57140.207    8.546130702771  -11.369901602620    0.9838    1.3551  -0.751   12
57147.209   -2.201260420781    1.698199187672    0.3201    0.4227  -0.163   15
57150.270   -8.127827111463    1.233399609646    4.1223    5.9558  -0.950    3
57154.207   -2.245733810608    8.377199989695    0.2662    0.8302  -0.227   13
57161.209    0.024132827140    0.869500797762    0.2723    0.5107  -0.531   16
57169.208   -3.952155064506   10.785801589464    0.7751    2.0067  -0.809    7
57175.209    0.354868644049   -0.146098813048    0.2847    0.8595  -0.135    5
57183.208    0.255808140140    0.421898394620    0.3429    1.1190  -0.691    8
57184.581  222.282484122578-1722.631499998784    9.9654   39.3849   0.345   15
57189.209   -3.072685134457    2.479798791910    1.0404    1.3039  -0.609   10
57196.207    0.177548807994   -0.116999990496    0.2029    0.5461  -0.184   11
57203.209   -0.164103349974    0.731098791107    0.2242    0.4094  -0.267   23
57205.269    0.272011687059   -1.036198813154    1.2643    2.4213   0.919    5
57210.207    0.551379009475   -0.453099599440    0.1705    0.3582  -0.237   34
57213.272   -2.494531066706   10.163001601882    0.8716    1.0364  -0.473    4
57217.209   -0.338317680617   -0.340498803553    0.3887    0.5837  -0.448   11
57219.251    0.145831373559    1.748001602664    0.2471    0.6097  -0.131   47
57220.270   -0.510121495649   -4.675100396412    0.9766    0.7592   0.057    5
57231.205    0.526440821943    1.643399988893    0.2062    0.5774  -0.404   15
57234.270    0.857292496616    0.173199592268    0.3577    0.7893  -0.434   10
57239.208   -0.582980664535    0.947001606733    0.2678    0.5340  -0.416   11
57241.268   -0.022982793823    0.381301185826    0.3009    1.5327  -0.161    4
57246.206    2.191033582350    5.662101597181    0.2348    2.1149  -0.430    6
57247.229    3.388483373915   69.381399595159    0.2887    4.8729   0.734   31
57248.270   -0.731225297291    0.863200787649    0.2667    0.6938  -0.043   12
57252.207   -0.481391043665    0.843199200062    0.1520    0.3389  -0.110   20
57255.272    0.704221267076    0.767800798940    1.0258    1.7001  -0.882    5
57259.209    2.252973666589   -1.727600411527    0.3063    0.5386  -0.349    8
57261.251   10.358394451069   -6.530000399607    1.2151    1.1676  -0.009    5
57267.230    6.219034719803    4.541198393326    1.1008    1.4826  -0.407   15
57274.206   -0.959797848466    0.409798786905    0.2216    0.4093  -0.150   14
57275.229   -1.344773284556    4.200098393881    0.1851    0.6056   0.030   94
57276.270   -0.316829828200    1.073401207918    0.4621    0.9617  -0.536    9
57280.207    3.845973227577    3.353900402203    0.3073    0.5812   0.126    5
57283.268   -0.583899060713    0.051400803613    0.3009    0.5726  -0.260   14
57287.206    0.450710528370   -0.312598791652    0.8395    0.9760   0.484    5
57294.207   -5.698338890822    3.224998789619    0.5113    0.5510  -0.343    5
57295.230   21.200361489473   -5.996599210789    0.7919    1.1656   0.069    7
57304.241    2.717245510742   -1.341201607374    0.8433    1.1214  -0.717    5
57307.795   -0.277183035157   -5.717700003061    0.2996    1.7073   0.295   21
57309.208    0.229606805116    3.412198805108    0.4919    1.2561  -0.200    4
57311.272   -0.671927444189    0.976500007255    0.3014    0.6465  -0.194   15
57315.209    1.532780568120    0.808599600077    0.1979    0.3467   0.014   18
57317.207   15.396872350466 -203.145699609308   46.9655   77.9108  -0.648   12
57318.270    1.965219120075   -3.675099597444    0.4846    0.7857  -0.079   11
57322.208   -0.563097967338    0.410101188209    0.3575    0.6537   0.053    8
57324.249  103.001749844657   85.776901204326   76.1551  159.6918  -0.498   21
57325.268    1.138036080700    5.786499599481    0.3707    0.7744   0.084    7
57330.206   -0.295110260258   13.573198808103    0.3366    0.7956   0.021    4
57330.583   38.107144728412  -18.150501594505   57.1318  145.5852  -0.767   50
57332.270   -2.279748724866    2.353298407343    0.9278    0.7814  -0.270   11
57337.227   -5.614447601502  -37.756900812269   18.6377  112.1540   0.999    3
57338.582  -45.091764411078 -677.558001589773    6.4419   23.5594   0.436   31
57339.268    3.749325982865   -2.445598795475    1.3164    0.8267  -0.224    5
57343.209    0.640899433993    2.007100789569    0.3053    0.7750  -0.164    8
57345.580******************55253.403298797821   50.9321   91.6738  -0.705    9
57346.270   -1.536341195435  -11.139098398871    0.4133    1.8830   0.320    3
57350.584  -53.214075423130 1121.267199587805   52.7929  130.3712  -0.763   52
57352.626  -85.790087372520    7.398698409133   54.2371  134.8888  -0.732   43
57357.209   -0.004137094155   -0.650199612551    0.3476    0.3527  -0.222    8
57359.251   -2.059566141377    8.493699593259    0.1324    0.5231  -0.441   54
57360.270    0.752026390667   -7.008598808511    1.0328    2.1924  -0.848    5
57360.833 -161.779596621011  804.088799998226   53.3931  146.4690  -0.668   36
57361.647   -0.289594160847 -682.811798398575   56.2176  145.8891  -0.753   35
57365.227    4.897933731698   14.165600404681    0.4309    1.8669   0.224    9
57367.268    0.627914585051   -1.062500410853    0.3857    1.4324  -0.523    9
57371.209   -0.249486758726   -6.602400009115    0.2997    1.4843   0.328    3
57374.270    0.976690819625    1.267200002530    0.2760    0.5578  -0.174   11
57378.208    0.254200241333   -0.378500405418    0.1702    0.6201   0.369    8
57385.209    2.126793353089   -1.745398807884    0.6499    0.9903  -0.551    7
57392.208    2.370995649541   13.593898793829    1.2997    3.3413   0.820    6
57395.272   -6.472887466236   10.647100788219    0.5268    0.8290   0.035    6
57400.207   -2.751028787862   -3.098998791984    0.1855    0.4086  -0.260   21
57402.270   -0.541149427456    1.723798806097    0.3294    0.4740   0.019   15
57406.208   -0.175938087212    1.318701589526    0.2062    0.5139  -0.096   23
57407.230   -1.296507551888    2.996798406230    0.2253    0.5216  -0.214   49
57409.269   -0.341652157968   -1.226800804943    0.3596    1.0101   0.052    4
57414.207   -1.722050999176   -3.913801199928    0.1807    0.4373   0.220   15
57415.229   -1.320640457416   11.742199200171    0.3418    3.2083   0.497   20
57416.270   -0.073088062437   -6.378001205576    0.4349    0.8318   0.407    9
57420.208    0.629983171322   -1.549299594217    0.2276    0.5965  -0.261   17
57423.269    0.242362760508    0.724899589954    0.2854    1.0141   0.249   10
57428.229   -0.412784748309    1.063800004886    0.1472    0.4171   0.226   32
57430.270   -0.387044022362    1.880899199591    1.0618    0.9845   0.516    3
57434.208    2.270900891690  -10.972101614470    0.5590    0.9054   0.055   13
57437.269   -5.424603447193    3.049599587257    1.6237    1.1238  -0.205    4
57441.206    1.351094665970    0.096998402910    0.1425    0.1981   0.021   56
57443.251    0.477372550859   -5.811800397737    0.3128    0.3765  -0.003   48
57448.208    0.195707748621   -4.026200403473    0.4031    1.1683   0.710    5
57451.269    0.493576019391   -0.422398807132    1.9103    1.0944  -0.446    3
57455.206    6.423016578347   -2.900800802763    0.2747    0.3080  -0.219   23
57458.270    1.655513290092   -0.297000005389    1.1447    0.7774  -0.282    7
57469.206   -0.450249997681   -1.710100809760    0.3334    0.3791   0.023   26
57477.209   -3.684741002291  -41.849398800764    1.6225    5.6482   0.087    3
57479.269    5.157994745369   -2.113599612130    1.7127    0.8963  -0.390    5
57486.271   -1.541512543532   -0.878799599491    0.3907    0.4953  -0.151   18
57490.208   -2.223782605527    0.658299603629    1.2698    1.1354   0.086    3
57493.269   20.956619723710  -17.091000000846    2.2817    1.7372  -0.743    3
57497.206   -6.481738042998   15.495199210136    0.7023    2.7246  -0.380   11
57512.207   -1.664361123268    1.628099997220    0.7484    0.8091  -0.270   11
57525.082   10.994235651141    0.412898387481    0.5656    3.0475   0.245   17
57526.207    0.244202374841  -16.756700398446    0.9855    1.4369  -0.049    7
57532.208    8.338359244972   -5.278499992301    1.5463    1.2710  -0.018    5
57535.269   -0.967150740234    5.148601186988    0.9017    1.1365  -0.071    9
57540.207    3.464903170116   -4.341398408769    0.5542    0.9886  -0.548   18
57556.271   -0.354981758225   -0.463701601916    0.2133    0.2858   0.067   28
57570.271    1.697115555232    1.512601193099    0.8702    0.8670  -0.650    8
57574.208    1.438662440369    6.615201596105    0.3925    0.7687   0.392   18
57576.250    0.838559911124    0.171100791135    0.1919    0.5590   0.234   53
57581.206   -1.083793796319   97.019798403153    1.0987   10.1348  -0.352    6
57584.271    6.807531405361  -22.013798400167    1.9870    2.5610  -0.924    4
57588.208   73.635522349484 -265.573501212657    5.2746   19.9618  -0.835    4
57596.229   19.040013831204  172.641301190879    1.1524    6.5536   0.688    6
57605.269   -7.763076380296    2.478999610389    0.8384    0.8343  -0.475    8
57612.271   -5.567103086988    0.251600391721    2.7435    0.7712  -0.250    3
57618.228    5.437706897486    1.702299587691    1.5506    1.9085   0.146    6
57619.269   -1.100915661029   -1.315400396606    0.8823    0.6223  -0.265    7
57623.206   -0.910726755406    2.107699205567    0.8530    0.5476  -0.228   17
57626.271  -54.627915533731  -39.673598396917    1.9620    1.6082   0.478    3
57630.208  -11.659036353525    1.409000404351    3.4004    1.7286   0.350    3
57633.269   -1.050813136003   -2.308298397224    0.7582    0.8230   0.176    4
57638.207    3.078777622321   -1.670601602655    0.6835    0.5703  -0.393   10
57639.230    2.243091579471    1.655701188952    0.2802    0.9711   0.214    9
57644.208   16.140969382524   -2.254899601439    2.3112    0.8620  -0.378    4
57651.206    2.082551600400    1.484099985305    0.3899    0.7578   0.187   17
57654.271   -1.311447872926   -0.840099599486    0.3061    0.4450   0.082   21
57658.208    0.021030065315   -6.049198799474    0.5590    0.8857  -0.506   13
57659.231   -1.512668977372  -11.818900802041    0.2096    1.9696   0.397   43
57673.209    0.505526614392   -0.377899209525    0.4810    0.7546  -0.088   10
57675.269    5.445865149645   -2.477098794884    0.3155    0.4785   0.342    8
57682.271   -4.854149844499    3.393399609308    0.6196    0.6127  -0.340    8
57693.207    2.048765658081   -1.699700399627    0.2861    0.9293  -0.348    8
57696.271   -6.613202740384  -11.364800403157    0.3880    0.8469   0.436    6
57700.208   17.345656286484  633.916699203496    3.9831   55.6093   0.097    5
57710.267   -1.094481165439   -2.369001609281    0.6275    0.9672   0.439    3
57721.207    1.783188466612    0.920998803622    0.2491    0.6727   0.442    6
57723.248   -0.061134723848    0.678200407833    0.1559    0.5985  -0.131   85
57758.272   -1.429009325190 -699.512101209621    0.3711    0.7614   0.635    6
57771.209    0.886941423167    2.366301586676    0.1917    0.7539   0.402    6
57775.461    1.263642749335    0.083599201162    0.2825    0.8947   0.206    5
57777.207  981.552880485248 -242.380000793219    0.1472    0.2395  -0.155   32
57778.229    0.771103727473    0.333100791750    0.5423    1.9343   0.589    4
57785.231    0.594702287597    0.155001592361    0.1544    0.4453  -0.218   50
57786.247   -0.227883048546    1.790200806795    0.1695    0.2966   0.049   52
57787.269******************16240.906000788869    1.0671    1.2335  -0.637    3
57791.207   -1.788472928885    2.332198792487    0.1607    0.3391  -0.053   29
57794.271    4.158205430933    5.720900387018    1.0019    1.7405   0.776    3
57804.381   -0.820400970496    0.675201590639    0.9002    2.2796   0.912   21
57809.367    0.134799174737    1.030499998933    0.2146    0.5730   0.155   37
57836.293    0.130549044794   -0.730198800625    0.3287    1.5173  -0.038   43
57839.792   -0.275227563061    1.470398407832    0.1892    0.5234  -0.097  125
57840.209   -2.616229534737    8.752100407605    0.3294    1.5179  -0.144    3
57843.270   -0.827869720028    2.124799203784    0.5770    0.4861   0.203    7
57847.207    0.049644737924   -0.046598398740    0.2753    0.4112   0.154   12
57848.230    0.716977222468  -12.944599197340    0.2672    4.2387   0.676   52
57854.209    5.311410726223   21.323599193579    1.0381    4.8484   0.701    4
57862.208   -7.164236998544    3.886700395128    1.0025    1.0745  -0.070    7
57864.271   -2.835838473361    0.294001188195    0.7526    0.6325  -0.239   10
57869.228   -2.015782254178    2.858000402739    0.4015    0.6149  -0.410   66
57870.247   -3.502249818138   -4.553200798796    0.4555    0.5782   0.219   40
57872.197    0.373830201480   -1.189101604382    0.1734    0.4472  -0.042  130
57875.189    0.994733902489    0.542199603615    0.2424    0.4213   0.281   88
57878.271   -0.085383408752    0.433101592989    0.1676    0.3297   0.008   14
57882.209    5.236943658530    8.413498787263    0.5040    1.1735   0.523    3
57885.270   -5.498036260943    3.233300398620    0.7859    0.6694  -0.584    3
57889.002  117.731866099032  142.607498392522    6.2447    7.4841   0.990    3
57892.271    1.562200522732    0.365299189298    0.2722    0.5048  -0.247    7
57901.417   -1.188025569938   -0.887698797669    0.1798    0.4584  -0.106  173
57904.208    0.082628063439   -3.294500390894    0.3051    0.8056   0.117    4
57904.690    0.312119089180    1.610200791902    0.2019    0.5146   0.030  113
57914.628    0.749497273707   -2.098598389466    0.4249    1.6441  -0.581   25
57919.271    2.294115322651    1.944201599713    0.8392    1.7791  -0.422    3
57920.301    0.419337845249    0.608500795352    0.1924    0.4682  -0.094  140
57925.228   26.775625650596   19.509001185725    1.0344    0.7102   0.332   12
57927.270  -16.488940256708  -28.474599599804    1.0681    2.1808   0.863    4
57934.272   -0.290628414788    2.585699999713    0.4470    1.1025   0.565    3
57938.209    2.743559959942   -2.473099203826    0.4069    1.1606   0.078    3
57943.713    0.494610273333   -1.272499213201    0.1807    0.4389   0.011  108
57945.207    6.565629253930  -11.153699992406    0.9463    4.0358  -0.871    3
57948.268   -0.664800623996    0.633200397715    0.7763    1.1842   0.696    3
57950.916    0.225585568724   -1.878800398458    0.2414    0.5937  -0.120   43
57954.251    0.908084524270    5.693299195286    1.9738    5.6847   0.600    3
57961.249   -1.672979984505  -46.819198809089    0.3752    6.5426   0.728   42
57967.228   -0.076535575576   -0.695998804190    0.2682    0.6739  -0.224   23
57969.270   -1.273408978689    3.146198386617    0.2802    0.6906   0.116   11
57970.691    1.043115414533    1.117000789463    0.1916    0.4478   0.005   71
57973.207    0.029420033000    0.111898791033    0.2250    0.5480  -0.101    8
57976.272   -1.582998950909   -3.170098807459    0.3329    0.6152   0.032   11
57978.131   -0.615271743834    1.026399598913    0.2731    0.7535  -0.064   44
57980.209   -6.582519559890  -31.730601608615    0.7318    4.4919   0.270    4
57983.270    2.879509246384    1.018501200178    0.4977    0.7296  -0.099    5
58008.209   -7.440385701371   -5.647798798236    0.5689    2.3715   0.224    5
58010.244   -0.169274698072    9.291099601683    0.3202    0.9455   0.229    8
58015.207    4.642815015798   -3.891398409905    0.8481    1.0148  -0.292    3
58015.324    7.751470536609  -11.581999206101    1.8604    5.7947  -0.709   40
58018.268  -35.828888122978   -4.076301613054    2.9940    2.1985  -0.802    3
58022.797    3.473637889116  -12.095600399675    1.5849    3.1456  -0.671   25
58024.251   -0.732027835707  -14.922399597594    0.2193    1.9742   0.425   34
58025.270    7.155276129581   -8.982799195678    1.7845    1.4454  -0.426    3
58029.207    1.446362905426    0.986299195915    0.1433    0.5433   0.524   16
58030.230    5.677195711331    0.191199606547    0.6157    0.7541   0.167    6
58032.268   -3.567179550027   -3.870399604011    0.5495    0.9812   0.504    6
58033.499   75.641538374307   11.311498809619    4.5233    1.8083   0.270    3
58036.001   -0.626303942657    1.192201204958    1.9748    5.5251  -0.792   15
58039.270    0.822816973281   -1.996099209123    0.6353    1.0300  -0.294    7
58043.207   -2.224703745293   -7.079900390750    0.1807    0.8087   0.569    8
58048.076   -1.437972937741   -1.334901597261    1.0434    2.3978  -0.780   13
58053.270    0.372795947539    1.417399190018    0.4322    1.2495   0.316    4
58057.207   -0.321079958144   -0.018900004761    0.6504    0.9363  -0.738    3
58074.272   -2.572445647538   13.688499601017    0.9360    3.3550  -0.798    3
58085.500    8.940646218252    7.833200405116    0.2668    0.7508   0.363   44
58086.497   -0.674453817562    4.678898395127    0.1253    0.4804   0.160   43
58087.498   -2.319856126986   -5.991501592462    0.1505    0.5707  -0.014   47
58088.498    1.697805057860   -4.842601200039    0.1004    0.4100  -0.284   58
58089.499   -0.512650612610   11.835100809776    0.1103    0.4581   0.009   48
58090.496   -0.786730807553    9.561700807126    0.1350    0.6115  -0.139   38
58091.497    0.766621960392   12.731399985455    0.0929    0.2840  -0.255   53
58092.498   -0.518511463335  -14.409201614285    0.0967    0.3562  -0.170   61
58093.499   -0.498973517452    4.031798408732    0.0942    0.2919  -0.233   40
58094.496   -0.800405159123   -1.556099991262    0.1361    0.4985  -0.426   59
58095.497   -1.146999771638    2.489601587286    0.1341    0.4465   0.009   34
58096.497   -0.893717926484   -0.158198395184    0.0984    0.4870  -0.239   42
58097.498    0.061366360986    2.722201190863    0.0807    0.2853  -0.129   66
58098.499   -0.391641647207   -2.049299993701    0.1168    0.3821  -0.268   40
58099.496    0.480359454922   -2.363500806268    0.0984    0.2983  -0.224   43
58102.268   -1.966595381744   -5.336398791655    0.4814    1.0036  -0.095    4
58108.291    0.500815875372   -3.612200407588    0.3454    1.0434   0.031   10
58122.229    6.185364556860   37.441400405669    0.5410    1.4793   0.393   48
58123.270    0.767885107885    0.802598410132    0.3701    0.6489   0.262    9
58130.268    3.264484682474   -0.652798800616    0.5095    1.0550   0.249    4
58137.058    0.414395469091   21.786001201463    0.4129    1.4989  -0.666   30
58137.270   -0.470819453919   -0.381999609544    0.2591    0.4573  -0.240   15
58143.231   -2.605771059168   -8.378499609307    0.5256    1.9567  -0.139   15
58151.270    0.479669952294    3.648301193948    0.2579    0.4980   0.062   18
58158.272   -0.227193545918   -1.100599189385    0.1752    0.2537  -0.354   45
58159.408   -2.712071419058   -2.093799591307    0.3851    1.3613  -0.609   32
58169.208   -0.998868174669    0.135698402914    0.3682    1.8486   0.335    4
58170.227   -0.059526746654   -3.650900407592    1.0859    1.4715  -0.108   14
58170.230   -1.289728304984   37.687298402034    0.6034    1.6134  -0.453   38
58171.249    0.230527944882    0.167900407178    0.3579    0.5272  -0.151   16
58185.249    5.217063704920    6.208898406612    0.5997    1.5636   0.597    9
58191.229    0.540462668415   -1.045000809086    0.3890    0.7841   0.118    4
58197.208    2.352150028261   -5.263700413138    0.5142    0.8002  -0.604    6
58198.227    1.560705659713    1.134698402439    1.0328    0.7972   0.101    8
58203.797   -0.506329231196   -0.554101200123    0.3672    1.1982   0.513   46
58205.269   -1.314090104063   -5.006998796375    0.5012    1.3508   0.605    3
58213.231    0.249947367803   -0.754999211949    0.1493    0.4848  -0.123   90
58214.269    2.703684194959   10.632999607196    0.7402    1.4366   0.809    4
58216.836   -1.872822005306    2.684498409167    0.3591    1.1580   0.195   26
58220.248    1.155273881561    0.199299597625    0.2018    0.3550   0.085   29
58221.270    0.678248825603    2.315998810332    0.4330    0.6797   0.501    9
58225.208    1.313287487259   -0.587001602526    2.3716    1.0538  -0.218    3
58227.250   -0.101242125969   -2.094800390751    0.7072    1.0869   0.522    6
58238.207   -0.909808359227    4.181101186873    0.2605    0.6462   0.031   38
58241.209   -0.377390828796    0.284698805331    0.5136    1.0287   0.449    4
58242.272    1.328685595400   -2.868098411568    0.3585    0.7644   0.266    5
58245.742   -0.426690815406    3.292401589761    0.1829    0.5623  -0.117  119
58256.272   -1.813295258653   -1.155600006086    0.4705    0.7146  -0.354    3
58258.146   -1.631380462952    2.376900008016    0.2453    0.5112   0.021   87
58268.209   -1.200549888192   -2.473801208680    0.4759    0.8842   0.674    7
58272.782    0.063666584396    5.221101605457    0.2801    0.8654   0.115   43
58276.251    2.502576204690   -4.272199208799    0.5079    0.9436  -0.313    6
58277.271   -2.505334293589    0.784400410225    0.2223    0.5001  -0.026   10
58279.305   -0.980712056017    2.884399202685    0.2328    0.7823  -0.100   79
58281.208   -0.796384001119   -0.300099605965    0.5741    0.9809   0.732    3
58282.227    0.929230447347   -3.444901196303    0.2239    0.4263   0.140   10
58290.248   -0.113424358108    2.008501192563    0.4659    1.3381   0.075   14
58291.271    1.227904078508    5.556499209547    0.3025    0.7780  -0.165    3
58298.269   -0.373714422106   -1.513000796649    0.8094    1.6863   0.893    4
58301.297   -0.590104662753    2.365801199744    0.2673    0.8630   0.092   48
58305.026   -0.552642235355   -1.930899600211    0.2707    0.8965   0.101   30
58309.208    0.069756328672   -1.160100009656    0.3807    0.8151   0.430    7
58310.227    0.459329467995   -3.352499999210    0.5196    0.6266  -0.510   37
58319.271   -0.394973380971   -0.181598403515    0.4857    1.5239   0.746    4
58326.269    0.200647381193    0.790300791209    0.5416    0.8622  -0.361    4
58330.955    0.393941792228    0.984700807294    0.4375    1.3456   0.380   14
58332.248   -0.358889958830   -7.079698798407    1.1614    1.9975   0.113    5
58332.255    2.330775211633    1.486501187742    1.4382    1.1931   0.383    3
58340.269   -0.158010862111   -0.506998807737    0.9502    1.3471  -0.796    6
58340.948    0.988299406899    4.312000791629    0.5415    1.6657   0.709   30
58345.225   -4.421482398993   13.766198395615    0.6173    1.4071  -0.065   20
58347.271    0.152842257601   -1.232200798995    0.3540    0.7262  -0.308    8
58352.231    1.243418044411    1.016398792331    0.3540    1.6056   0.369   47
58366.227    0.889583654304    1.745099987716    4.1320    2.1597   0.807    3
58368.269    0.334183408437    2.067800394912    0.4552    1.0763  -0.210    4
58374.252    0.939688922917    2.030698809108    0.3196    1.4355   0.584   50
58380.227   -1.047249765101   -2.630800793213    0.4334    0.4689   0.170   20
58386.484   -0.051597388045    0.099799208897    0.4634    1.7722   0.003    6
58407.208   -0.107331870245    0.883101591853    0.2930    0.6358   0.313   12
58414.206    1.022314242769    2.534299196100    0.8439    1.7771   0.891    7
58421.208   -2.078872450122   -4.816800014851    0.2916    0.7618   0.645    9
58425.726    0.164679816814    2.017598401949    0.3279    0.6133  -0.041   69
58428.206    1.160216257719    1.210798808415    0.3508    2.0717   0.322    5
58430.248    0.906592483226    1.465700393055    0.5819    3.3503  -0.119    3
58437.250    0.242823291197    0.206600407182    0.1306    0.5325  -0.328   60
58440.833   -0.837522913595   -0.995101191847    0.1951    0.5135   0.071   80
58443.269    0.339470535909   -0.096199195809    0.4032    0.7787   0.017    9
58456.714   -0.166171936246    1.415401197846    0.2972    1.1070  -0.181   36
58457.233   -3.055676305535    0.487198786914    1.4694    0.8348  -0.192    3
58491.208    0.300513245493    1.455901204395    0.1556    0.7367  -0.158   64
58504.916   -8.231137745316   -2.018998804942    0.8543    1.0827   0.049    6
58505.161  -10.167626335018   23.400698390219    0.3942    1.1224  -0.105   28
58506.209   -0.945547030055   -1.394798414367    0.4595    1.0821   0.625    4
58519.208    0.198349901370    0.528199205974    0.3888    1.0488   0.185    3
58561.209   -0.320045704202   -1.499601594901    0.3300    1.0519   0.025    6
58562.228   -0.823964341399   -0.950101207309    0.5368    0.8132  -0.460   10
58575.209   -0.882112082797   28.327899590863    3.3581    6.4772   0.763    4
58588.274    1.423493225779   -0.966301189465    0.9611    1.3943   0.390    5
58590.228   -0.698357751152   -0.298198790460    0.5363    0.5750  -0.230    3
58617.209    0.018732585492    0.497599197047    0.1450    0.2445  -0.359   39
58619.250    0.081706923673    1.278399594185    1.0105    1.2491   0.284    3
58632.210    0.471279984608   -0.848700003075    0.2213    0.4511  -0.264    9
58638.207    0.207542485859    0.285300001224    0.1908    0.3589   0.087    8
58646.210    0.373024841089   -0.916200005463    0.1556    0.2855  -0.147   21
58652.207  -28.974241096653 -110.556698413689    5.8798   28.2366   0.955    4
58653.230    0.780869956828   -1.111298394108    0.3675    0.3496  -0.098   38
58666.207    0.044933998904    0.736199990570    0.1551    0.2548  -0.106   40
58682.249    0.063779620184    1.029200404901    0.5706    0.4354  -0.049   21
58687.209   -0.429104074604    0.091501206612    0.4156    0.3351  -0.151   21
58694.207    0.087109908908   -0.858099613765    0.2946    0.6417  -0.766   12
58701.209    0.254084383570    1.539601188938    0.4139    1.1252  -0.305    6
58703.251   -1.320524599653    0.343799996472    0.6236    0.4725   0.118   22
58708.207   -0.088946779654    0.785901596601    0.2010    0.6246  -0.274   10
58729.209    0.219608860235    0.755600407842    0.1971    0.5206   0.403   19
58757.209   -2.585085745167    2.994598796136    0.5610    1.4218  -0.728   47
58771.209    1.040815191123    1.021701609716    0.4964    1.2771   0.603    5
58771.209    0.192489129033   -0.690001195380    0.1524    0.4687  -0.489   49
58772.228   -0.444502261132   -3.399901211765    0.8063    0.8661  -0.116    5
58774.270    1.552202656240    1.828198801945    0.2953    0.4738  -0.246    8
58781.272   -0.086072911379    0.385199993502    0.4734    0.8643  -0.384    9
58787.269    0.539083663160   -0.626799604220    0.3903    0.7415  -0.330    7
58792.207   -0.188809900367    0.127501209590    0.2757    0.5700  -0.124    4
58795.272    0.040452153435   -0.319798792248    0.4094    0.6823   0.046    6
58802.270    0.018616727729   -0.283100391130    0.3404    0.5358  -0.350    9
58806.207    0.200073736328   -1.118498394703    0.5995    0.7005  -0.286    5
58809.272    0.651818518640    1.391299210241    0.4285    0.6759  -0.044   12
58813.209   -0.003102840214    0.849099606626    0.1060    0.3320  -0.227   86
58814.272   -0.886020283401    1.771599596623    0.6648    1.5181  -0.848    5
58822.249   -1.528182943276   -6.056100005480    0.6793    2.0125  -0.005    5
58823.272   -0.561374132380   -2.858299197328    0.4851    1.2966  -0.183    5
58827.209    0.637451920854   -0.513100806643    0.2623    0.7216  -0.543   16
58830.270    1.260195236196    0.423899993507    0.9716    1.1127  -0.473    5
58837.272   -0.665145375310   -2.724800404508    0.5590    1.2816   0.522    3
58856.206   -0.218342969156   -0.435700806634    0.5875    2.2443  -0.331    4
58857.229    0.308210888576    0.124801186985    0.1184    0.3158  -0.116   77
58868.913    1.558292400516    1.819000809178    1.1153    2.2490  -0.286    7
58870.206   -1.807895017005    1.978999185326    0.2490    0.5371  -0.041   15
58872.270    0.152842257601   -1.589500806176    0.3764    1.2472   0.183    4
58879.272    0.660321600502   -0.496598397604    0.3942    0.9648  -0.633    7
58883.209   -2.027043346551    2.995898390168    0.6093    1.4133  -0.815    5
58886.270    0.064240229261    0.353199607162    0.5324    2.0263  -0.647    3
58900.270    0.179272564564    0.892799997132    0.4933    1.2271  -0.424    5
58905.227   -0.731109439528   -1.487401203804    0.3083    0.5207   0.112   29
58907.268   -0.074924933182   -2.566101596813    0.6788    0.7481  -0.550    5
58911.209    2.188849216703   -1.211500813270    0.5304    1.0161   0.060   10
58920.249   -2.047383909238   -0.211701606645    0.1178    0.2011   0.012   89
58921.268   -0.736970290254    0.232898398167    0.4245    0.6303  -0.142    7
58928.270   -0.967150740234    0.185500792327    0.5633    1.6581  -0.245    4
58932.208   -0.691346788722    0.032900402402    0.2381    0.5438  -0.139    9
58935.268    0.227080431742   -1.581501598480    0.4024    1.2896  -0.570    6
58939.209    0.549655252905    2.060899188905    0.1964    0.9679  -0.385    5
58941.251    0.414740220405   -0.087001203042    0.2613    0.4865   0.098   21
58942.270    3.517305918552    5.112900004178    0.9934    3.4416   0.803    3
58954.207   -0.391065180367    1.552298385832    0.1798    0.5366  -0.298    9
58960.208    2.685412218544    2.134198788895    0.6667    0.7195   0.204    4
58962.271    0.422440685463   -0.481701590616    0.4655    1.6919   0.409    4
58967.210    1.400165680641   -1.052600413232    0.4892    0.8681   0.008    6
58969.270    1.754344900451   -1.014199207816    0.8589    0.9388  -0.495    4
58977.272    0.027467304492   -2.715800397368    0.3634    0.9442   0.424    6
58981.210    0.179962067192   -0.894801596019    0.5323    1.5974  -0.245    6
58983.251   -0.552410519829    1.257598799498    0.3583    0.4736  -0.279   22
58984.270   -0.213861202075   -0.504201608464    0.4932    0.9760   0.200    4
58988.208   -0.140199416385   -0.521600401271    0.2616    0.7816  -0.255    9
58990.249   -0.871195820126    3.614900404614    0.7012    1.2191  -0.206   11
58995.188    0.760874145455   -0.985298396472    0.1433    0.1998  -0.108   79
58996.207   -0.352568499028   -1.640498399524    0.3744    0.8981   0.021    9
58998.270   -0.164448101288   -0.201898811270    0.5116    0.8738   0.110    5
59003.209   -0.229030416664   -0.115801205425    0.2979    0.7651  -0.612    7
59005.269    0.069411577358   -0.462099606580    0.3697    0.5728   0.095    9
59009.210    0.371072190969   -2.281701611651    0.2589    0.7225  -0.193    9
59009.250   -0.354063362047    7.235701190211    0.3567    1.3706  -0.486    7
59010.229   -1.237554450099   -0.044899201157    0.1230    0.2479  -0.013   54
59011.270   -0.019995811373   -0.041000393480    0.3479    0.6229   0.107    6
59019.269   -0.008847833176   -0.860601599584    0.3420    0.8064  -0.020    6
59023.206    0.522190692000   -1.050598814345    0.2915    1.1058  -0.112    7
59023.250    1.359024024579   -2.126901611632    0.3226    1.1766  -0.492    6
59025.251   -0.212137367117   -0.601999192895    0.3574    0.8541  -0.544   11
59026.270   -0.475530192939    0.109900798861    0.6645    1.6114  -0.477    3
59030.208   -0.549539395142   -0.776498404775    0.2950    0.9016  -0.008    4
59032.271   -0.377964552049   -0.447699605388    0.2861    0.6307  -0.053    7
59037.210   -0.255921254316   -0.473900394127    0.2663    0.7622  -0.181    5
59037.250   -0.366242850599   -2.971900792659    0.3416    1.5635  -0.604    7
59038.229    2.263316284395   -5.686801199545    0.2167    0.5140  -0.204   54
59039.251   -7.264676507709  -31.797399606148    4.6428   35.9941   0.966    3
59044.208   -0.218458826919   -0.673099208370    0.6563    0.7322  -0.289    3
59046.250    4.060179180966   -0.068299209488    1.6384    3.5105  -0.002    6
59047.269   -0.000573723253   -0.857498392293    0.3784    1.0816   0.060    7
59051.210   -0.071822092969    0.416800801872    0.1329    0.2299   0.024   42
59053.248   17.073299848110   -2.916399614605    0.7289    0.7487   0.035   12
59054.270   -0.388651921169   -2.415700791403    0.2864    0.6632   0.089    8
59058.208   -1.656202871109    1.996099209123    0.3789    1.5808   0.529    4
59061.269    0.249373644550   -0.246200397669    0.5145    1.3546  -0.657    4
59074.250    0.022064319257   -2.379801597385    0.4050    0.8386  -0.168   24
59080.251   -0.298670887573    1.332601203785    0.3168    1.4685  -0.575    6
59081.252   -1.569898244203   -1.018299607836    0.3751    1.2943  -0.170   23
59089.269   -0.201910607073   -1.158501595455    0.7316    1.7740   0.747    4
59093.250   -0.449215743740   -0.683798413093    0.2612    1.3867  -0.587    5
59096.271   -0.049757773712   -1.566000014463    0.4575    0.9064  -0.146    6
59107.206   -0.191683768642    0.844300808467    0.7929    0.7564  -0.334    3
59107.250   -0.823274838771    1.425099603125    0.2733    1.5277  -0.572    6
59110.271    0.388770522519    0.055198802329    0.5204    0.7897   0.000   10
59115.231    1.627588120111   -3.544300801650    0.6548    1.6681  -0.929   19
59117.269   -0.360958466713   -2.986898408608    0.5368    1.2401  -0.066    4
59121.250   -0.095152381693   -1.330898399488    0.1898    2.0784  -0.009    4
59122.229    0.204784396960   -0.199198814244    0.4181    0.6124   0.244   17
59124.271   -0.223514317253    0.700300796552    0.5416    0.6003   0.199    4
59131.269   -0.137325548110   -0.970401589484    0.4296    1.1437   0.098    3
59136.207    0.068950968281   -1.566298809053    0.3371    1.1922   0.433    6
59138.271    1.220087755687    0.541900809026    0.4105    1.4285  -0.088    3
59143.231   -0.896936546072    1.218700788286    0.2765    0.4902   0.043   35
59145.269   -0.922332599093   -0.304700392917    0.4273    0.8639   0.061    6
59159.269    0.039302041730    2.989900806938    0.4049    1.0951   0.278    6
59165.248    0.482083289880   -0.473500790577    0.3140    0.4038   0.139   47
59172.250    0.622282706264   -1.242601209128    0.2429    0.9295  -0.656   35
59184.208   -0.574819590400   -0.300499209516    0.4638    0.7139   0.228   13
59186.250    0.203637107230    0.285300001224    0.2342    0.4159   0.486   67
59191.206   -0.856716108164    0.554101200123    0.5056    1.1669  -0.297    6
59229.269    1.861792628459    3.039800398597    0.5819    2.5634   0.429    4
59230.577    1.249163037373    0.748501190628    0.4471    1.4337   0.773   14
59231.585    0.242478539883    2.712898807999    0.4199    1.4784  -0.367   16
59234.229   -0.237075554648   -0.268200003006    0.1854    0.3720  -0.314   70
59242.250    1.153781762129    3.116001587955    0.4049    1.7406  -0.574   12
59243.269    0.423359081642    1.209898792354    0.4162    1.2176   0.014    5
59247.207    1.155389660936   -0.018201606622    0.5398    1.0780   0.567    6
59254.208    0.490128427863    1.447801187737    0.5685    1.5303   0.500    3
59262.207    2.786309593199   -2.634699600890    8.8594    2.1094   0.888    3
59270.250    0.000576388452   -0.522100813782    0.1361    0.2522   0.276   97
59271.269   -0.167206190188   -0.126500410147    0.3233    0.5433   0.073   24
59271.737   -1.760203007589   -0.313401605467    0.1847    0.5107   0.009   49
59278.249    0.060103213494    3.370499987909    0.3185    1.2697   0.384    3
59278.271    0.201336883820   -0.258199196423    1.2991    2.0139   0.827    3
59282.208    0.358316235577   -0.838800005454    0.5110    1.4177   0.199    3
59283.227    0.233743820883   -0.865900810254    0.1839    0.3394   0.068   52
59297.209   -0.353373859419    0.257900401834    0.5017    1.0707   0.584    3
59298.250   -0.592862673264   -3.753601205858    0.1148    0.4069  -0.046   76
59304.229   -0.343375914538    2.872699198520    0.6531    1.0372  -0.222    5
59311.209    1.206529261879    1.665201608603    0.6264    0.8426   0.181    7
59313.269    0.897052403835    1.757800791324    0.7896    1.6303   0.722    4
59320.271    0.578959428142    2.320898391872    0.7284    1.6801   0.776    4
59324.209    0.266382473472    0.951299992380    0.4512    0.7290   0.427    7
59325.217    0.034362409159   -0.181900804819    0.1983    0.4299   0.197   24
59327.269    1.314782350278    2.791501199795    1.1659    3.3662   0.619    3
59348.271   -0.289823132786    1.043701189474    0.4712    1.1099   0.254    5
59353.209   -0.723640689997    0.393300010160    0.2876    0.6292   0.132   17
59354.250    0.204784396960    1.171900797203    0.1364    0.3722   0.178   98
59355.269    0.754210756314   -1.044799191163    0.4057    1.1247   0.382    5
59369.269   -0.492423164099    0.032601607813    0.4781    0.6245   0.204    7
59375.249    0.176056688562   -2.508800412215    0.4005    1.5602  -0.221    5
59390.249    1.052423778397    0.469101595968    0.4193    1.8449  -0.480    4
59397.269   -0.816379734104   -1.010901596032    1.0638    2.7691   0.914    3
59403.249    1.345120779457   -1.424098803682    0.2062    0.7107  -0.363   68
59404.249    0.678709434680   -3.211300793282    0.3170    1.4243  -0.443    5
59408.209   -0.896131264070   -1.379001591317    0.5616    1.1652   0.364    5
59415.207   -0.329009316752   -3.786598810507    0.4924    1.6858   0.632    5
59417.249   -0.302234258476   -0.484599598849    0.2039    0.5368   0.145   16
59418.249   -0.129167295951    5.814698405970    0.2920    1.3927  -0.659    7
59418.271    0.447952517859   -0.562701603712    1.1154    2.0147   0.910    4
59431.271    0.342802269673   -0.928800000111    0.6386    0.8305   0.104    3
59438.251   -0.527014545196   -0.063698396957    0.3975    0.8229   0.656    5
59439.270    0.332343794104    2.006301608048    0.5806    1.7702   0.689    4
59465.206    0.409913623622    1.126800003703    0.6455    1.1874   0.218    6
59466.251    2.643352087915   -2.949901212901    0.2294    0.5139  -0.282   60
59474.271   -1.426709101780   -0.238201189973    0.4848    1.0321  -0.127    5
59488.272   -0.401752627875    0.494600405432    0.4563    0.8269   0.199    6
59495.270   -0.040104658534   -0.324899991710    0.5352    1.1940  -0.086    4
59502.272   -0.201336883820   -0.985201194226    0.3415    1.0545   0.035    4
59506.209   -0.087796667949    0.204699591677    0.5028    0.9021  -0.454    5
59514.230   -1.592191535399   -1.774198810267    0.4090    0.6744   0.495    7
59516.272    0.145486543857    2.028398390053    0.7178    0.8198   0.345    3
59522.229    0.129170039538    0.212400004784    0.1630    0.3576   0.340   32
59528.230   -0.159045116053   -0.141901210782    0.2672    0.5716   0.499   14
59534.209    1.743886424882    5.880099607225    1.3491    1.4762   0.745    3
59537.270   -0.638599288972   -0.467398791670    0.4654    0.6372  -0.102    6
59542.208    0.132962303991   -0.271000808993    0.2122    0.5364   0.357    7
59543.249    0.661584747994    0.639799202418    0.1353    0.2649  -0.060   63
59544.272   -0.153071229540   -0.954201607328    0.3177    0.6989   0.216    8
59548.209   -3.309415937791   -1.791201606238    3.7386    2.9337   0.970    4
59551.270    1.283638560708    0.540201585864    1.0325    0.8250   0.744   10
59555.207   -3.180938222857    9.726699599355    1.1903    5.6532  -0.776    6
59558.268    0.331196425986   -0.633099614333    0.4614    0.7011   0.428    7
59562.209   -0.383367537284   -0.513298792271    0.3114    0.4676  -0.084   12
59564.251   -0.632625402459    0.240901186999    0.5721    0.7556   0.346   13
59569.207    0.212024252941   -1.315699191196    0.5839    0.7535   0.498   14
59571.271   -0.145715515796   -2.552399993760    0.7359    1.8449   0.591    3
59576.209   -2.413397787898   16.045498804829    8.1787   30.5664  -0.912    6
59586.272   -0.258679343215   -0.242600410161    0.2674    0.5681   0.329   12
59590.209   -0.901073640228   -1.697900393083    0.5633    0.7231   0.382    6
59593.270    0.944515519700    1.208901599625    0.4284    0.6091   0.491   10
59597.083    0.447952517859   -0.974098804818    0.3074    0.6072   0.675    8
59598.208    0.267071976100   -0.924299996541    4.7814    4.9789   0.988    4
59599.249   -0.074924933182   -0.181400392307    0.1150    0.3794   0.021   70
59600.272   -1.520137726904   -0.847299600082    1.9861    1.4639   0.952    5
59604.209    4.955394714055    4.453498792145    3.0968    2.6899   0.986    4
59607.270    0.268219344218    0.077299191048    0.4113    0.7874   0.646    8
59611.207    0.205016112486   -1.803898803132    0.7705    0.4789  -0.163    6
59614.272    0.268564095532   -0.351698395207    0.6070    0.9955   0.518    4
59618.209   -0.953705282214   -1.016798395881    0.3254    0.5531   0.218    7
59621.270    1.161250511661   -2.301901210444    0.3896    0.7008   0.492    8
59625.207    2.401449936484   -0.929098794700    1.3196    0.7667  -0.249    3
59627.249    0.203637107230   -0.601999192895    0.1216    0.3485  -0.070   82
59628.272    0.600907889636    1.013601593058    0.4067    0.9294   0.490    5
59632.209    2.264237502549   -0.452001597750    0.7416    1.8782   0.659    7
59633.228   -0.340041515575   -0.643600807848    0.2976    0.5797   0.520   11
59642.272    0.304650261260    0.000000000000    0.5110    0.5970   0.543    7
59655.249    0.004137015767   -0.490399196451    0.3042    0.3946   0.327   25
59663.270   -0.746739263195   -2.930198394324    0.7714    2.5744   0.657    5
59667.207   -1.350978886595   -0.798199189944    0.6081    0.9190   0.595    7
59670.272   -0.302807981729    0.533599200025    0.5919    1.5850   0.753    4
59677.270    0.455997734231   -1.740600009725    0.5122    1.1037  -0.007    6
59689.206    0.085386152339    0.387601195939    0.2616    0.9012   0.215    8
59690.251    0.373369592403   -0.692301614436    0.2062    0.5314   0.309    9
59695.208    0.437609900053   -1.616698813223    0.3029    0.5345   0.245    9
59712.268    0.194212885603    0.051001200063    0.2795    0.7356   0.145    7
59719.270   -0.404971247464    0.387500386978    0.4067    1.0268  -0.205    5
59724.230    0.168700974819   -1.031399989415    0.1987    0.4406   0.322   19
59730.082   -0.692841651740   -0.899398801835    0.9138    0.9318   0.299   17
59737.120   -0.364061228539    0.136501191150    0.2475    0.5735   0.186    9
59752.208   -0.821319445063   -2.059498811491    1.3274    1.3926   0.730    3
59758.210   11.016186856221    5.346601190581    6.3076    2.0153   0.739    3
59761.270    0.112850713243   -0.653698791098    0.3104    0.7416  -0.047    6
59765.208   -0.180651648208   -0.726998391087    0.4830    1.0184   0.496    3
59766.230    1.801460521415   -4.799498398711    0.4411    1.1687  -0.086   18
59767.271   -0.017695587963    0.689101204898    0.5181    2.9317   0.571    3
59774.251   -0.247647144393    0.433900800090    0.7054    0.5403   0.393   17
59775.270    0.835917679987   -0.865400397743    0.3360    1.3593  -0.019    5
59779.208   -0.425082916600    0.419101195348    0.3533    0.8975  -0.087    3
59782.269    0.070216937749   -2.474398797858    0.3171    0.9139  -0.028    6
59787.229   -1.360516144011   -0.909298799456    0.9039    0.8272   0.212   21
59789.270    0.512305861296   -0.265899609531    0.5101    0.9175   0.059    5
59793.208   -4.166592655032   -4.787099996406    2.1015    2.4702   0.963    3
59794.230    0.540575782591    2.477901608700    0.3003    0.4853   0.517   13
59795.271    0.526211928393    0.652701598369    0.7110    1.2111   0.754    3
59817.270    0.657102902525   -0.744501599570    0.4258    0.6366   0.197    6
59824.272   -0.099863120713   -1.739401199075    0.2485    0.6937   0.001    8
59829.229    1.511521530866   -0.087098405288    0.5884    1.3205  -0.720   19
59831.270   -1.516116490511   -0.165099601190    0.5587    1.2351  -0.376    4
59838.269   -0.400718373933    1.280699987660    0.2880    0.5709  -0.078    7
59843.229   -0.466566580389    1.408600800801    0.2303    0.4220  -0.327   21
59852.269    0.374864455422    0.134499592264    0.3336    0.7458  -0.534    6
59857.207    0.017582473787   -0.253000794714    0.2970    0.9175   0.377    7
59859.271   -0.306487210394   -0.626299191708    0.3003    0.7583  -0.316    8
59863.084    0.120780071852   -0.368301613207    0.1486    0.2922  -0.376   66
59866.269   -0.245694494273    0.324399604779    0.2989    0.7418   0.123    5
59870.210   -0.566432444689   -0.075398401123    0.3257    0.5762  -0.039    3
59873.271    0.835917679987   -1.863799201374    0.9158    0.5740  -0.029    3
59877.208    0.488749422607    0.001400402994    0.4735    0.4594   0.102    8
59879.272    0.365440233795    0.415198806536    0.3836    0.9543   0.423    5
59884.206    0.659171488797    0.537001201906    0.5256    0.6298   0.071    7
59887.271    0.807992510005    0.195098388645    0.5078    0.5473  -0.029    4
59891.208    0.471511700134    1.757199595431    1.4117    1.1863   0.723    4
59899.229    0.464384879941   -0.540601189414    0.2121    0.4257   0.160   32
59908.269   -0.246155024961   -0.247499991701    0.2784    0.6475   0.426    7
59913.207    0.216737813936   -1.171198792349    0.4036    0.5325   0.292   11
59915.271   -0.225353931586    0.814399197679    0.3591    0.5419   0.247    5
59919.208    0.721227352411   -0.679701594208    0.9091    0.8296  -0.797    8
59922.269    0.462087478507   -0.263800808398    0.5942    0.9841  -0.531    7
59926.206   -0.898776160405   -0.609300002452    0.2927    0.4431  -0.283    9
59928.270   -0.353142143893    0.510598795245    0.2575    0.6012  -0.089    8
59935.272   -0.085612302302   -0.689198407144    0.2554    0.4096   0.107   11
59949.268    0.172609175423    1.386899990052    0.5178    1.5190   0.043    5
59957.271    0.202371137762   -0.446900398288    0.7051    1.4660  -0.513    8
59961.208    0.077569829518   -0.288900014311    0.4896    1.7198  -0.693    5
59962.227    0.550918400398   -0.419698810106    0.4978    0.4782   0.206   10
59963.250    2.851010431537   -4.832100006524    0.2458    0.3259  -0.264   56
59968.206   -0.727546068626   -0.581799594102    0.6031    0.5138   0.213    7
59971.271    0.454042262135   -0.535399206569    0.6756    1.3440  -0.028    7
59975.208   -0.528048799138   -0.760100411412    0.4503    0.7864   0.076   13
59977.250    2.616000641186   -0.481600807234    0.3902    0.5773   0.042   42
59982.206   -0.326827694693    0.155199603569    0.4207    0.8068   0.318    8
59989.208    0.510697884101    0.414698394025    0.4054    1.0805   0.061    4
59990.227    0.671124827385   -0.411998396999    2.3117    1.2148   0.225    6
60032.227    1.447970804233    0.990399595935    0.8863    0.6492   0.180   17
60038.207   -4.319203197107    2.351001595002    1.6714    0.9946   0.107    4
60040.248    0.503113276806   -2.368699207977    0.1578    0.3738  -0.378   27
60061.250   -3.887225254229    1.000299593557    1.5322    0.8296   0.430    5
60067.207  -40.942867344009   -8.196800396831   14.2542    3.5314   0.978    4
60069.271    1.491870549195    1.382601604405    0.6956    3.0633  -0.350    5
60081.229    0.499436870116    0.703000793578    0.1377    0.2966   0.062   40
60082.248   -0.957729262194    0.568101597764    0.5557    0.6340   0.355   37
60102.228    0.195131281781    0.300999596448    0.2407    0.5945   0.213   20
60159.250    0.096302493398    1.271700006100    0.1580    0.3618   0.129   31
60167.249    1.499455156490    1.344898797129    0.3470    0.6830   0.270   11
60167.271    0.180883285346   -0.298598394011    0.4861    1.2524   0.319    5
60181.271    1.254218527707    1.532098787038    0.7464    1.1895   0.562    3
60207.230    1.063569013007   -0.698799610177    0.1864    0.3424   0.069   33
60208.249    1.035186055924    5.452498791669    0.2173    0.8577  -0.120   15
60208.271    0.705484492956    3.772699196247    0.5190    1.4406   0.215    4
60223.249  -15.624984292563   23.309301599284    4.0467    5.8684  -0.993    4
60223.271   -0.213632230135   -1.320598798316    0.3917    2.0298   0.531    4
60230.251   -0.858208149207    1.766098793610    0.2665    0.3174  -0.359   14
60230.270    0.492886516763    0.905900404291    0.2730    0.7679  -0.055   12
60236.230    0.052863357513   -0.205599607739    0.1867    0.2763   0.118   43
60237.271   -0.425427667913   -1.980201602692    1.2487    1.0168   0.119    4
60241.209   -0.162263735641    0.283100391130    0.5123    1.0032  -0.288    5
60244.251    0.231562277212   -4.388299208813    0.1457    0.6884  -0.418   16
60244.270    0.140431131911   -0.837698397049    0.4273    0.9071  -0.248    7
60251.250    0.567698335769   -4.425400794617    0.1565    0.2653  -0.356   25
60251.271   -0.474495938998    0.967399191154    0.6564    2.0603  -0.384    4
60256.228   -0.181109435310    0.819399588181    0.2113    0.4099   0.127   33
60262.207    1.248702428296    0.702201586478    0.7061    2.0762   0.748    3
60265.271    0.388883558307    0.858099588186    0.3162    1.0005  -0.347   11
60269.209   -4.129130149247   -9.310701611298    2.7849    5.8337   0.959    3
60272.270   -9.950662449507   12.956601602809    0.6604    3.4946  -0.463    4
60276.207   -2.004634275981    3.246598791407    1.5871    4.8786   0.844    3
