%-----------------------------------------------------------------------------
%                R.A. (mas)        Dec. (mas)        Err. (mas)     Corr. Del.
% Uncertainty in R.A. is in R.A. cos(Dec.)!!!!
%-----------------------------------------------------------------------------
49736.363    0.699378034120   -2.406700809843    0.5182    0.7624   0.056    9
49791.249    0.356174489234   -0.361800010751    0.2629    0.4223  -0.185    9
49798.251    0.293072655982    0.007300783977    0.2525    0.3855  -0.178    7
49826.251    0.327428106501    0.080099997035    0.2893    0.4536  -0.026   12
49848.331   -0.052817652222    0.156999584533    0.4855    0.8745  -0.140    8
49854.251   -0.334206749692    0.574099180994    0.2775    0.3981  -0.043   12
49868.251    0.221206778861    0.429699591109    0.3293    0.4474  -0.086    7
49882.251    0.951434645951   -0.156600006562    0.5357    0.4575  -0.022    7
49883.336    0.274961095744    0.313700400056    0.2961    0.5692  -0.296   27
49896.251   -0.925961209152   -0.740199607208    0.4219    0.5883  -0.009    7
49910.251    0.204612406535   -0.101898010030    0.5432    0.5676   0.309    5
49938.251    0.237100027677    0.509000381044    0.6273    1.0908  -0.152    3
49952.251    0.087058002428   -0.184698004091    0.2880    0.3236   0.039   19
49959.250   -0.156702778300   -0.387698398185    0.2921    0.2937   0.125   16
49980.252   -0.242824116066   -0.215298013018    0.3316    0.4925   0.077    8
49994.252   -0.140576778159   -0.300297617173    0.4003    0.6606   0.215    5
50008.252   -0.018111639948    0.006800397045    0.2506    0.3825  -0.187   34
50022.252   -0.094419958698    0.812501988889    0.3548    0.7462   0.169    7
50036.252    0.060064428470    0.289900788175    0.2481    0.3104  -0.138   14
50065.333   -0.032953203500    0.000000000000    0.2646    0.2999  -0.002   46
50078.252    0.176802768173   -0.240498002313    0.2982    0.4643  -0.118    5
50113.250   -0.170607597480    1.171000781142    0.4405    0.8726   0.178    4
50239.250   -0.594559033208    1.170100790659    0.4261    1.3181   0.095    3
50242.333    0.320184040371    0.261399605961    0.1499    0.3138  -0.080   87
50344.252    0.216767206769   -0.490698016620    0.2674    0.3169   0.201   18
50393.251    0.079578315437   -0.274298395198    0.3002    0.4110   0.193    9
50491.251    0.367041983342   -0.470199597657    0.3711    0.7270  -0.247    6
50533.251   -0.711297372912    0.873302403193    0.3735    0.6226  -0.368    7
50652.253    0.000000000000   -0.136900794701    0.3635    0.9020   0.392    6
50757.251    0.146769079315    0.247100388151    0.3066    0.4083  -0.042   12
50841.252   -1.375501102282    0.843199200062    1.0099    2.1315  -0.858    3
50918.254   -0.674487990109   -0.719200801313    0.3782    0.4345   0.342   20
50989.324    0.322169600470   -2.094098411476    0.1380    0.2956   0.271  179
51016.250   -0.635224675023    0.667400394150    0.5384    0.5438  -0.077    6
51128.251    0.391230983553    0.052199985134    0.2907    0.5747  -0.131   10
51254.251   -0.164415216615   -0.035398807086    0.2293    0.3268  -0.102   14
51366.251   -0.289216556389    0.287402383492    0.2772    0.4399  -0.054   13
51478.251    0.304058040231   -0.440600413754    0.3982    0.5279  -0.289   12
51646.252   -1.130340864363    0.536500789394    0.3330    0.5490  -0.005   10
51674.252    0.055038753472   -0.820098011900    0.3764    0.6373   0.107   10
51681.250    0.144550688183    0.186602400731    0.7111    1.5079   0.639    3
51716.252   -0.134384397294   -0.198899994075    0.6861    0.4739  -0.356    6
51751.250   -0.230904856984    0.292100398269    0.5398    0.8365  -0.595    5
52306.248   -0.900953275002    0.037101585804    1.0086    0.8050  -0.056   22
52409.164   -0.665022743020    0.278200784010    0.6366    0.7778  -0.091   45
53125.576    0.358277859762    0.786599994740    0.3179    0.4107  -0.009   78
53152.747    3.755374943577    2.272100383038    0.3041    0.5255   0.119  128
53285.253   -0.190707667064   -0.234298801161    0.0977    0.1639  -0.121   78
53360.206   -0.100028946775    0.792100797753    0.1267    0.2850  -0.194   30
53654.206    0.329999849215   -0.080798395174    0.2072    0.2384   0.132   20
53719.250    0.206365215309   -0.087998395770    0.1744    0.1241  -0.361  114
53990.207    0.034004809055    0.075002404287    0.1746    0.2138   0.208   51
54137.209   -0.118959520663    0.130301989998    0.0907    0.1221   0.042   50
54326.208   -0.175751162618    0.125999997636    0.2213    0.2105  -0.240   32
54566.250    0.269001466202    0.180399592864    0.1154    0.2305   0.052   27
54676.209   -0.059127843518    0.401000397687    0.1891    0.3863  -0.055   24
54774.209    0.437155131399    0.161200793514    0.2392    0.3015  -0.349   39
54818.251   -0.692366799024    0.625802385912    0.2820    0.2885  -0.766   87
54830.205    0.146769079315    0.358199997663    0.4793    0.5366   0.217   10
54837.207    0.274142161803    0.468601183456    0.1344    0.3487   0.340   16
54845.228   -0.395437884029    0.191901585822    0.2582    0.3829  -0.293   10
54894.230   -0.047794767051    0.725799606016    0.4120    0.5331   0.045   13
55061.208   -0.159389541617   -0.160797608828    0.1939    0.2541   0.151   52
55075.208   -0.417641324141   -0.002098801133    0.1705    0.2383   0.247   30
55154.248    0.047794687342   -0.133599601781    0.0837    0.1417  -0.132  148
55166.206    0.327195355177   -0.118000815519    0.2322    0.1868   0.216   83
55274.269   -0.336074499360   -0.027399599389    0.4024    0.5131  -0.583   16
55293.207    0.040082249026   -0.565700395327    0.3469    0.3057  -0.101   32
55299.208    0.651583346778    0.415101604290    0.6867    0.5163  -0.054   90
55369.208   -0.013672067857   -0.301600817920    0.1927    0.2235   0.133   29
55371.250    0.053168134267    0.402199182759    0.1692    0.2845   0.214  211
55376.207    0.172009844500    0.182102397162    0.2710    0.2313   0.092   16
55407.271   -0.777671992678   -0.788900413795    0.3559    0.6001   0.251   21
55428.269    0.488104874534    0.517899604802    0.4797    0.7247  -0.291    6
55432.207   -0.834696385957   -0.259498816035    0.2663    0.4426  -0.196   18
55439.209    0.315158285664   -0.642999611955    0.2544    0.3460  -0.084   14
55442.269   -0.020916213696    0.037900792904    0.3987    0.4952  -0.011   10
55518.249    0.229037027607   -0.435499214291    0.1075    0.2605  -0.409  215
55519.271    1.002266578656   -0.086799610699    0.3707    0.3746   0.167   10
55551.209    0.165466822170    0.105199202949    0.1938    0.1900   0.097   13
55553.269   -0.579717549366   -0.355698011845    0.2390    0.3407  -0.089   35
55560.271    0.383986917423    0.744400790609    0.4093    0.6296   0.052   13
55565.209    0.254159902651   -0.525999595880    0.1635    0.2203   0.090   13
55593.209   -0.143614103231   -0.129600010723    0.1596    0.1875   0.335   37
55600.207   -0.079811146471    0.120200400033    0.2545    0.3264  -0.375   14
55607.209   -0.133447652923    0.453700795333    0.2854    0.3249   0.003   17
55615.230   -0.084954631899   -0.197499616661    0.2293    0.6619   0.363    3
55650.228    0.148872529554    0.274302001912    0.4246    0.3467  -0.516    9
55656.207    0.586846515184    0.340700395896    1.0645    1.1379   0.732    4
55657.230    0.097689955385   -0.184698004091    0.0828    0.1022  -0.190  244
55659.272    0.423014691357    2.758100384881    0.4519    1.0378   0.264    6
55665.247    0.220738406675   -0.254498399954    0.1965    0.3342   0.149   12
55727.208   -0.044053528642    0.274701605463    0.2815    0.3971   0.261    9
55755.230   -0.556580234420   -0.373899618467    0.2341    0.2978   0.417   22
55761.206   -0.001051764974   -0.414799202986    0.4639    0.4389   0.188    8
55771.268    0.498854637922   -0.660099610172    0.7103    0.7561   0.191   10
55778.270    1.818383032189    1.882799989517    2.3193    2.4588   0.967    3
55782.208   -0.322287490609   -0.814899610191    0.3204    0.5868   0.269    7
55792.270    0.871272937726    0.295502400149    0.6003    0.6679   0.145   27
55806.270    1.362297326902   -1.412600417439    1.3042    2.6311  -0.887    4
55819.500    0.131344202685    0.016999189256    0.1141    0.1147   0.038   59
55821.498    0.084253428680    0.227699996458    0.1224    0.1139   0.009   43
55822.498    0.205664091799   -0.036000002979    0.1831    0.1390   0.054   34
55823.499    0.294825544466   -0.127800004179    0.1027    0.1198   0.006   42
55824.500   -0.062869081927    0.019501200654    0.1865    0.1483   0.001   22
55825.497   -0.323571927198    0.105501604253    0.1411    0.0960   0.163   69
55826.498    0.017295495835    0.043700390506    0.1355    0.1551   0.209   42
55827.499    0.050363560519    0.235699204154    0.1096    0.1401   0.192   52
55828.499   -0.010399201633   -0.151700399442    0.1685    0.1477   0.222   34
55829.500   -0.455384581778    0.236199591086    0.2693    0.2712  -0.113   10
55830.501    0.225996912707   -0.021798012995    0.1551    0.1502   0.118   22
55831.498   -0.294707813745   -0.044600406568    0.1827    0.1529  -0.685   48
55832.499   -0.048378080130    0.060699605342    0.0632    0.0896   0.192  111
55833.500   -0.119775664776    0.056199601772    0.1511    0.1541  -0.528   70
55841.272   -0.721581553942    0.589201187040    0.3392    0.4430  -0.217   10
55895.231   13.057278986939    3.466299605748   15.7885    4.4361   0.998    3
55902.229   -0.012387631268   -0.353599210712    0.2318    0.3562   0.242   11
55915.206    0.696222978327   -0.131698811856    0.2270    0.3684  -0.172   27
55939.269   -0.981933917167    0.032101195302    0.8756    0.5284   0.304    7
55951.227   -0.071282643752   -0.239198408281    0.1481    0.1593   0.127   22
55953.269    0.123516823476   -0.103698016574    0.3250    0.3340  -0.275   40
55960.271    0.302770734105   -0.298000804833    0.2985    0.3914  -0.330   16
55964.208    0.095353753822   -0.032299206509    0.1049    0.1500  -0.122   33
55967.272   -0.879218207075    1.428800399594    0.8014    1.0542  -0.169    7
55971.206    0.121062811483   -0.471297599347    0.1779    0.3056  -0.321    7
55979.209   -0.021852878357   -0.016099198774    0.2970    0.3353   0.218   12
55985.206    0.530873886878    0.067201182219    0.4085    0.6117   0.479    6
55988.267    0.774166295420    0.507301183461    0.6341    0.8425  -0.191    4
55992.208   -0.217701161313   -0.312498008270    0.2186    0.3292   0.084    9
56009.273   -0.002922384178    0.143802000707    0.2047    0.2286   0.097   39
56021.249   -0.118841710233    0.219902381104    0.1424    0.1549   0.067   35
56028.211    0.142562338258    0.109400386350    0.1507    0.1976  -0.077   28
56030.271    0.312471602056   -0.294400817324    0.2914    0.3179  -0.088   26
56034.208    0.017528247160   -0.062100008336    0.1083    0.1226   0.096   56
56041.206    0.103416753893    0.166802405488    0.1253    0.1482   0.000   52
56050.210    0.187552451851   -0.419698810106    0.1639    0.2704   0.097   27
56077.209    0.718308608008   -0.133700410743    0.3494    0.3406  -0.276   13
56078.250    0.201106709277    0.153302394779    0.2340    0.2769   0.093   13
56086.271   -0.657660866459   -0.069998407071    0.5748    0.5542  -0.629    4
56098.251   -0.180190655000   -0.312897611821    0.3935    0.5270  -0.392    4
56119.231    0.029214675208   -0.016797596913    0.2103    0.2232   0.414   13
56135.273    1.431358709985    0.017999988700    0.4638    0.6229  -0.599   17
56168.229   -0.550738415309   -0.025398000503    0.2618    0.2498   0.236   10
56212.271    0.295526667975   -0.847497611289    0.1871    0.2507  -0.172   51
56233.269   -0.441479762597    0.365201987051    0.5038    0.6693  -0.626    3
56273.231   -0.001870619205    0.440999991724    0.4515    0.3258   0.035    3
56315.210    0.499087389246    0.168101999520    0.2578    0.2744   0.584   13
56322.230    2.786061488711    3.108599995016    0.5258    0.7657   0.874    4
56338.271    0.326844793422   -0.120600003584    0.1872    0.2028  -0.304  108
56364.208   -0.209638161242    0.433101592989    0.1585    0.2848  -0.157   29
56393.249   -0.158573397504   -0.031798793998    0.1601    0.1827  -0.051  122
56412.209   -0.354303949738    0.252302396575    0.3431    0.2207   0.028    9
56443.270   -0.232657745467    0.857599201254    0.6228    0.6923   0.190    4
56638.251    0.085420134548   -0.225198010639    0.1505    0.3626   0.081   48
56661.920    1.021429903868   -0.170600404203    0.3002    0.2798  -0.056   42
56701.250    0.027812428189   -0.165700797083    0.0992    0.0833  -0.074  146
56734.206   -0.472912828937   -0.424000802468    0.3221    0.4305  -0.253    5
56743.250   -0.095003271777    0.192599983961    0.1194    0.1656   0.188   31
56805.207   -1.144946807054    1.974002401539    1.4665    2.1489  -0.980    4
56874.206   -4.647914736463  -10.416600011354    7.1060   13.6687   0.987    3
56888.207   -0.096638349830    0.049499988108    0.2030    0.3161  -0.250    6
56904.248    0.177854453438    0.542502004919    0.0979    0.1650  -0.169  276
57085.208   -0.297046805135   -0.299898013623    0.5583    0.8736  -0.851    7
57098.832    0.238852836451    0.556700388188    0.3013    0.3525  -0.439   36
57126.207    1.344300707557    0.844502400810    0.1765    0.2267   0.021   27
57149.251   -5.489504626795   18.359099993859    0.5911    1.8345  -0.570    3
57184.581  707.339205884424 -477.535600796841   43.9189   67.6527   0.765    7
57204.363    3.108696671539   -2.737497601402    1.5019    2.7347  -0.792    6
57210.207   -0.315626737559   -1.755799218017    0.1100    0.2311  -0.250   81
57248.270   -1.671027770258    0.246401990012    1.8800    0.4810  -0.807    3
57255.272    1.867229404795    0.487501188218    0.3168    0.4496   0.467   13
57262.270   -0.681148743160    0.018799195800    0.6285    0.4337  -0.632    3
57269.272    0.018347181100    0.230101198895    0.2224    0.2660   0.002   32
57287.206   -0.186969218482   -0.487497607082    0.1066    0.1303   0.166   57
57290.270    0.212793217036   -0.100900817301    0.2060    0.2371  -0.571  105
57301.209   -0.197836712590    0.987299995359    0.1066    0.1512  -0.225   78
57315.209   -1.921216552712    0.792601184685    0.2962    0.7380  -0.490    6
57318.270   -1.054851479553   -2.028600007975    2.4663    0.5588  -0.354    6
57343.209    1.279213314207    0.398700004212    0.1782    0.1504  -0.407   46
57359.251    1.741609210791    3.748399197434    0.1017    0.1247   0.175  123
57360.270   -0.880037141015    0.363902393019    0.1374    0.1503   0.040   75
57386.269    7.430585468811   -3.853299605794    0.8503    0.7322  -0.407    6
57448.208   -0.025824078263   -0.323697599924    0.3824    0.5981   0.583    4
57479.269    1.979525302871   -0.372599998855    0.6301    0.8223   0.018    7
57486.271   -0.089512014421   -2.662200009240    0.1570    0.2206  -0.064   24
57512.207   -0.084368528993    0.313002001917    0.4161    0.4457  -0.143    8
57563.269   -1.951715744218    4.315399186794    0.5490    0.3995   0.114    9
57570.271   -0.655206854466    1.068400791837    0.1961    0.2761  -0.033   28
57584.271  -13.623442278879   11.427901185357    0.4359    0.5204  -0.593    6
57646.250   -0.006543022330   -0.241797596345    0.0834    0.1277  -0.368  258
57658.208    4.616596531307   -2.332900797342    1.3353    0.9709   0.548    8
57785.231   -1.197649438672   -0.158597998734    0.0909    0.1131   0.065  306
57792.229   -1.838247560621   -6.910099193647    6.3851   20.3097   0.982    3
57794.271   -0.396840131048    0.212702406088    0.6861    0.5090   0.666    3
57836.271   -0.931570276939   -1.115099999538    0.4898    0.2893   0.302   26
57841.228    1.056253726573   -0.628700394145    0.5433    0.9238  -0.014   30
57864.271   -0.230088792580  -22.622698799069    0.5410    2.2245  -0.708    4
57920.301    1.088856288608   -1.906498818016    0.3589    0.5034  -0.734   10
57946.230   -9.793629556047    4.046299193305    0.2997    0.5916   0.472   22
57950.916   -0.159975644523    0.075401982258    0.1750    0.1894   0.124  100
57970.691   -0.020450631338    0.425401205462    0.1336    0.1508   0.049  171
57978.131    0.258950036497   -0.706899601255    0.1477    0.1857   0.085  162
57997.270   37.382197441822    5.233100404212    0.8460    0.6359  -0.025    4
58004.268   -0.095003271777   -2.023999195444    0.1156    0.2042  -0.188   34
58015.324    1.820719154042   -0.364899611327    0.3024    0.4143  -0.188   73
58057.207    1.021079342114    0.585601199532    0.1458    0.1188  -0.112   51
58085.500    1.419088968857   -1.065398419087    0.0715    0.1254   0.232  206
58087.498    0.095121002498   -0.572500817952    0.0760    0.1288  -0.114  150
58089.499   -0.441361952166    2.462500782485    0.0529    0.1256  -0.321  192
58090.496    0.646675482211    0.536500789394    0.0575    0.0795   0.052  246
58091.497    0.227048597971   -0.422200795924    0.0520    0.0859   0.060  187
58092.498    0.511592751235   -2.431098010902    0.0531    0.0885  -0.024  184
58093.499   -0.092431529063    0.195001186398    0.0615    0.0910  -0.256  193
58096.497    0.497219559869   -0.038998794594    0.0463    0.0647  -0.091  215
58098.499    0.774048484990    0.068601585212    0.0680    0.0791  -0.156  182
58099.496    0.103416753893   -0.391500003616    0.0546    0.0815  -0.271  223
58137.058    0.337594477100   21.513599989476    0.2396    0.2494   0.083   56
58143.856    0.965106713808   -0.122097608823    0.2110    0.2284  -0.285   98
58155.208   -0.342502501086    1.593201602645    0.2808    0.2661  -0.331    3
58165.270   -0.373820626533    0.906400791223    0.1817    0.2132  -0.368   17
58172.272    0.013439236823    0.309002385279    0.1867    0.2663  -0.158   11
58205.269    0.271337667765   -0.827200810249    0.1802    0.1626   0.212   31
58214.269    0.491843323116    0.929901582936    0.2934    0.2363  -0.096   16
58225.208  -18.044305547834  -20.763900013776    4.9251    5.9979   0.886    4
58235.270   -1.945756114677   -5.693097602943    0.1743    0.3184  -0.245   33
58242.272    0.420560759073   -0.137800810762    0.1274    0.1477   0.035   24
58277.271   -2.814221768537   -0.270900000032    0.1604    0.1703   0.127   81
58305.271    0.338878993398    0.210599998240    0.2323    0.4215  -0.332  142
58316.206************************************    0.2947    0.3359   0.105    6
58326.269   -0.022085629682    0.247100388151    0.5209    0.7499  -0.488    3
58333.271    0.217350519848    0.716299186365    0.9904    0.6166   0.739   12
58347.271    0.061231134337    0.586000803082    0.2637    0.7167  -0.327   15
58374.252    0.550505504566    0.344800795915    0.1702    0.2007   0.070  162
58375.271   -5.682197853957   -8.000100012850    1.1508    1.3597   0.741    4
58401.229    0.228919217176   -0.232999207128    0.1218    0.2396  -0.218   56
58417.271   -0.103299023171   -0.459597595182    0.7351    0.4783   0.540    5
58456.714   -0.227048677681    0.299599193454    0.1332    0.1608  -0.038   92
58459.271   -0.375806186631    0.533001585268    1.8228    0.2835  -0.156    4
58480.269   -0.497685221936   -0.089100004175    0.3418    0.3843  -0.494   14
58519.208    0.326025859482   -0.301100405409    0.3943    0.3139  -0.277    5
58534.209   -0.199003418458    0.268001991799    0.2209    0.4987  -0.712    8
58557.271   -3.771966605785    0.035402388221    2.6273    1.3163   0.807    6
58599.271   -0.312121120010    0.095000385159    0.2276    0.2382   0.158   17
58624.207    0.094419878989   -0.180799196414    0.2930    0.1485   0.099   25
58670.101   -0.267013116277   -3.125300415263    0.2701    0.4816   0.038   28
58675.251    1.275825507090   -0.459899996486    0.2533    0.2748  -0.247   76
58677.683    0.438089006233   -2.137600816354    0.2135    0.3037  -0.225   77
58701.209    0.404084117469   -0.569800795347    0.3218    0.4026   0.024   13
58704.270    1.114447535838    1.187301597838    1.1201    1.5665   0.917    5
58712.722   -5.229853387079   -7.311700812807    0.1527    0.2100   0.101  256
58746.270    1.552071039422    0.473201995987    0.9765    0.4727  -0.261   10
58747.059   -0.549686650336   -0.248299198802    0.2054    0.3068   0.223  117
58753.268   -0.038329440252    0.322099185723    0.1700    0.2947  -0.169   27
58795.122   -1.507899859768   -0.288500410761    0.1717    0.2169  -0.087  117
58802.270    0.245395779071   -0.054100800639    0.2155    0.1872  -0.096   40
58803.501   -0.099678385020   -0.182998806508    0.2438    0.3288   0.352   36
58813.249    0.180541137046   -1.825300793712    0.1096    0.0910   0.037   23
58823.272    0.769959474653   -1.319097611940    0.4372    0.5622  -0.805   17
58827.249   -0.575277977275    0.957902403798    0.4665    0.4703   0.702   16
58829.901   -0.498386345446    0.954302390710    0.2877    0.5187  -0.647   28
58858.248   15.363764103834   -0.347400009559    1.9247    2.8601   0.914    4
58868.913   -0.476418526195   -0.075297617741    0.8881    0.6213   0.095   11
58870.250   -0.676240798883   -0.619200000074    0.7855    0.7108   0.653    6
58911.250    1.215410437156    0.745199997709    0.2514    0.2804  -0.413    7
58914.270    0.258133892384   -0.165999617252    0.3654    0.5437  -0.191   18
58918.208   -0.297161746028    0.117601186389    0.2854    0.2526   0.053   11
58925.250    0.148171326335   -3.319797608015    0.5484    0.8948   0.048    4
58928.270   -0.072334329016    0.004899581540    0.1908    0.2307  -0.001   52
58968.229   -0.018347260809   -0.836899215528    0.3453    0.4456   0.342   29
58984.270    0.684772091430    0.395301583467    0.3860    0.9166   0.162    3
58990.249    1.208166371026   -0.914698819088    0.5500    0.5240   0.070   30
58996.207    0.030381381076   -0.061797607032    0.3625    0.4072   0.091    8
59019.269   -0.201807992206   -0.002998817195    0.4536    0.5581  -0.444   11
59023.250    5.297394633003   -2.845997997269    5.4571    4.6975  -0.970    3
59054.270   -0.131812654579    0.149799583937    0.3888    0.3125   0.162    8
59093.206    1.789053336378   -1.659200418658    0.1955    0.3078  -0.221   36
59121.250   -0.406888770926    3.315801598092    0.2500    0.5892   0.207    7
59194.271    0.337243915345    0.063799205918    0.3900    0.6560  -0.133   23
59229.269    0.199003338749    0.300401981690    0.2264    0.3338   0.293   48
59230.577   -3.774538348499    6.340600799604    0.1461    0.1496  -0.191   49
59240.208   -0.270636544255   -0.752299214923    0.3415    0.2497   0.082   38
59250.271   -0.208353724654   -0.128300416691    0.3485    0.3190   0.220   38
59262.207    1.250935303660   -0.599698799419    0.3795    0.3336  -0.046   12
59264.267   -0.441712513921    0.214401603671    0.5546    0.5946  -0.279   17
59271.269   -0.660347550067    0.562302000162    0.6578    0.8363  -0.746   11
59299.269   -0.140226216404    0.003499204126    0.2314    0.2005  -0.119   70
59313.269    0.300434532543   -0.854200806089    0.4925    0.3923  -0.498   10
59320.249    0.424534748807   -0.219999608930    0.0675    0.1145   0.423   16
59320.271   -0.232542724864    0.316202385875    0.4382    0.4447  -0.247   12
59327.269   -0.955058153640    0.606700788808    0.5911    0.6612  -0.803   91
59334.249   -1.701762582625    3.488000390917    0.0411    0.0754  -0.052   30
59334.271    0.034823742995   -0.532800018505    0.3457    0.3025   0.461   44
59348.271   -0.331051614189    0.299401182247    0.2036    0.2426  -0.105   99
59353.209    0.054104798928    0.154000792918    0.2350    0.3599  -0.222   16
59368.228    3.400484970642    8.425799987322    3.8019    3.5977  -0.044    5
59408.209   -0.147237531210    0.064800005362    0.1582    0.2548  -0.085   34
59416.230   10.204259405964    4.549399193365    8.2328    3.5034   0.953    3
59418.249   -0.691432924190   -0.947800813833    0.5994    0.6963   0.773    3
59425.251    0.252875466062   -0.241700394099    0.2156    0.2589   0.796   45
59429.207   -0.410862760660   -1.074297617265    0.4419    0.7460   0.590    5
59460.250    0.177153329928   -0.284299201780    0.0448    0.0797  -0.267  199
59478.209   -0.408175997342   -0.063198010025    0.2826    0.3089   0.302   25
59485.207    0.386791491171   -0.309999603587    0.2403    0.2563  -0.391   68
59506.209   -0.218870657008   -0.182199599408    0.2054    0.2463   0.385   39
59542.208    0.080630000701   -0.005198401709    0.1076    0.1680   0.055   61
59555.207   -0.041950078404   -0.192297608237    0.1328    0.2429   0.114   30
59607.248    0.419394053206    0.015901187567    0.5183    0.4787   0.195   20
59621.248   -5.797068284575   -8.838900018304    0.1093    0.2321  -0.549   47
59625.207   -0.239786790994    0.422701182856    0.2847    0.3696  -0.450   14
59628.250    0.681266473881    1.473800384133    0.0701    0.0948   0.314   63
59635.248   -0.332103299454   -0.517100397701    0.0582    0.0506  -0.327   61
59642.250    0.068127428540   -0.382197595172    0.0446    0.0399  -0.232   69
59656.250    0.060414990225    0.019400391693    0.0429    0.0653  -0.415  109
59677.248    0.115919326054   -1.392300009684    0.1138    0.2030   0.025   11
59681.208   -0.062167878708   -0.039398398144    0.4741    0.8303   0.418    4
59683.249   -0.409227762316   -0.347097608255    0.5674    0.7195  -0.461   16
59691.248    0.048145249097    2.187899985984    0.0948    0.1844   0.383    8
59716.209   -0.094184337837    0.519101996588    0.1808    0.2043   0.113   36
59726.250   -0.025008013860    7.576901998618    0.3933    4.1368  -0.724    3
59733.248   -0.088693080481    0.426499181572    0.3827    0.8383   0.488    8
59740.250    0.115804385160   -0.892900806093    0.0929    0.2854   0.116   35
59795.250   -1.640178016996   -0.077400000009    0.1431    0.2160  -0.012   14
59814.210    1.027274592516    0.065599186883    0.9887    0.4363   0.251    4
59824.250    0.177035519498   -0.156798017770    0.2524    0.3427  -0.322   20
59828.206   -0.326609252270    0.236102388840    0.1769    0.2010  -0.362   38
59831.249   -1.213307066627    0.060901197685    0.9216    0.4493  -0.204   14
59849.208   -0.591403977415    0.198701982868    0.4874    0.2738   0.262   20
59879.250    0.119893315788   -0.595900800704    0.2586    0.4263  -0.234   24
59905.208    0.323689657919    0.281699988136    0.1882    0.2871  -0.061   13
59961.208   -0.404552569364    0.064601994154    0.3333    0.3856  -0.254   10
59975.208    0.083084012694   -1.576400399017    0.9283    0.4616   0.233   29
59982.206   -0.236982296955    0.074001604844    0.3710    0.4933   0.086   11
59984.248    0.069529675559    0.555602386498    0.5942    0.7662  -0.131    8
59996.206    1.111760852230    0.818801999003    0.4180    0.6380  -0.610    7
60019.268   -0.726138936464   -0.298800011933    0.3456    0.3935  -0.066   10
60052.207   -1.000396039161    0.111200392894    0.5350    0.8009   0.740   15
60061.250    1.053216401500    0.219801597723    1.0121    0.4227  -0.015   10
60164.207   -0.448255456541   -0.204497999334    0.4731    0.4044   0.283   13
60241.209   -1.165862941040   -0.924800409052    0.5858    0.4980  -0.029    9
