%-----------------------------------------------------------------------------
%                R.A. (mas)        Dec. (mas)        Err. (mas)     Corr. Del.
% Uncertainty in R.A. is in R.A. cos(Dec.)!!!!
%-----------------------------------------------------------------------------
48161.906    1.939903852782    2.514297608514    3.7264    3.4494   0.051    5
49330.001    2.047772912843    2.155298403750    2.7120    3.3625   0.087    7
54456.854    2.878119936218    3.646800007573    2.7217    3.7286  -0.126    5
57883.228    0.149541792406   -1.705100419258    0.6508    0.2846   0.129   11
58108.291   -1.062735879064   -5.521802432895    0.2969    0.3459   0.253   22
58199.246   -2.648792474481    2.848500008668    1.4540    1.6801  -0.812    7
58345.225   -2.310703211879    0.653399996509    0.9436    1.3727   0.503    5
58528.270   -0.864239552783   -2.600701196798    0.8380    0.9964   0.402   10
58570.249    0.000000000000    0.000000000000    0.7526    0.5569   0.214   18
58702.228    1.219443151658   -1.391101199033    0.4994    0.4160   0.366   24
