%-----------------------------------------------------------------------------
%                R.A. (mas)        Dec. (mas)        Err. (mas)     Corr. Del.
% Uncertainty in R.A. is in R.A. cos(Dec.)!!!!
%-----------------------------------------------------------------------------
58010.244   -1.286374203746    0.681602409713    1.3226    1.1458   0.755   10
58108.291    2.389271312115   -3.921897609871    1.0564    1.1657   0.591   12
58171.249    0.384300753169    0.000000000000    0.5148    0.9814   0.058    7
58178.251    0.000000000000    0.558201600143    0.9987    1.5646   0.463    4
58816.080   -2.981027925145    6.107400000133    1.3875    3.7570   0.373    4
58822.249    0.283582758923   -2.919697200809    1.2219    2.0637   0.460    3
59052.229    1.805270911177   -3.607099208125    0.7668    1.7283  -0.144   12
59179.230   -1.418726871222    4.890401990565    0.8125    2.3641  -0.352   14
