%-----------------------------------------------------------------------------
%                R.A. (mas)        Dec. (mas)        Err. (mas)     Corr. Del.
% Uncertainty in R.A. is in R.A. cos(Dec.)!!!!
%-----------------------------------------------------------------------------
49914.167   -0.238294438545   -0.235900802892    0.4267    0.7437  -0.506  126
54292.229   -0.312051077002    0.517100397701    0.1562    0.1999  -0.038  126
54760.209    0.363415314090   -0.489600002140    0.2785    0.3639  -0.401   23
54816.209   -0.145126727190   -0.280098002392    0.1870    0.2219   0.202   11
54880.208   -0.018511673735    0.436701599682    0.2202    0.2030   0.136   17
54887.206   -0.334447246660   -0.385300802463    0.3118    0.9968   0.712    9
54901.206    0.470318136983    0.205001999376    0.2133    0.3543   0.189    8
54907.207    0.073760203055    0.198399597551    0.1448    0.1994   0.156   12
54949.207    0.170658317825    0.327599998329    0.3173    0.2767  -0.209   30
54985.207    2.038195754218    1.730102397346    0.2916    0.1333   0.301   15
55026.206   -0.170210298697    0.514101599691    0.7823    0.4302  -0.226    3
55112.251    0.179168848037    0.036399600134    0.1179    0.2568  -0.050  280
55173.208    0.118699403836    0.144201597863    0.1634    0.2261   0.276   23
55182.248   -0.321307015715   -2.079799200061    0.6303    2.0427   0.473    3
55187.208    0.088839066440    0.476301599761    0.2152    0.6322   0.516   14
55194.206    0.142141834122    0.258800398711    0.8516    0.8961   0.573    4
55229.208    0.404025666264   -0.057398402831    0.3492    0.4331   0.275    9
55285.208   -0.026724814574   -0.183200402049    0.2085    0.2877   0.188   20
55349.207   -0.054345463712   -0.081399600660    0.3971    0.2274   0.262    8
55362.207    0.118251486554    0.207899998017    0.1929    0.6199   0.410   15
55377.229   -0.910027065314    0.642301197828    0.5338    1.4380   0.715    6
55453.209   -0.626194980797    0.683899199672    0.4002    0.3287  -0.117   10
55483.229   -0.058975164445    0.425300399698    0.1191    0.4135   0.459  196
55505.271    0.764753374814    0.399700797260    0.8427    0.7741   0.688   16
55537.209    0.074057694274    0.208000797386    0.3461    0.4617  -0.196    4
55589.272    0.384170240682    3.789500399876    1.2586    6.2671  -0.602    3
55642.207    0.024936710042   -2.994897600317    1.0917    1.3697  -0.310    4
55650.228   -0.155428926532    0.188801998036    0.1738    0.2007   0.103   22
55663.209    0.586032545905   -0.056897999912    0.3488    1.2518   0.512    5
55665.247    0.355202173252   -0.202100400415    0.1406    0.4136   0.360   24
55694.270    0.006421471709   -2.609499602002    0.3876    0.9646  -0.209   11
55755.230   -0.242773713215   -1.403899201691    0.2275    1.0247   0.275   10
55776.228    0.065995081345   -0.004500000372    0.1450    0.2355  -0.027  162
55785.268   -1.268963104734    0.571201198341    1.1386    1.1089  -0.531   15
55819.500    0.065547164062    0.289799998399    0.1578    0.1563   0.298   23
55820.497    0.029415984712    0.000000000000    0.0818    0.0952  -0.099   98
55821.498   -0.234263183004    0.309801598775    0.0893    0.1041  -0.080   79
55822.498   -0.035683262068    0.249901197336    0.2285    0.1167   0.299   51
55823.499    0.114668046448   -0.372898799839    0.1737    0.1657  -0.242   18
55824.500   -0.055990271377    0.301100399014    0.1237    0.1506   0.033   31
55825.497   -0.108397102649    0.200699997421    0.1176    0.1071  -0.108   55
55826.498    0.314742247141   -0.208497599985    0.1140    0.1281   0.081   43
55827.499   -0.016125124013    0.080899197741    0.1110    0.1286  -0.042   53
55828.499    0.018364812271   -0.047998801733    0.1018    0.1147  -0.061   69
55829.500    0.129449520460    0.282200397450    0.1738    0.1267  -0.254   29
55830.501    0.229038703523    0.158101199332    0.1650    0.4772  -0.167    9
55831.498   -0.264721863745    0.055202399452    0.1145    0.1753  -0.582  108
55832.499   -0.012541785754    0.021902399894    0.0893    0.1009  -0.144   64
55833.500   -0.233664737812    0.088001999288    0.1276    0.1886  -0.234   46
55838.208    0.686367035624    0.366299998333    0.3935    0.3381   0.261    3
55894.208   -0.595585772146   -0.344599200375    0.6338    0.4012   0.106    3
55895.231   -0.064798190962    0.058302000028    0.3587    0.3642   0.255    6
55902.229    0.199626283410    1.149501597908    0.3805    1.4913   0.773    6
55916.229    0.187980332221    0.680101197759    0.0864    0.3633   0.061  222
55932.271  -13.616381478172   13.533699597801   15.7183   14.4603  -0.997    3
55951.227   -0.174241656085   -0.877798800047    0.2528    0.9730   0.507    4
55957.210   -0.225451698820   -0.903499201854    0.2267    0.4100  -0.389    4
56016.271   -0.649934800457   -2.442798002278    1.3384    2.0920  -0.354    3
56021.249    0.048078186357   -1.185897600919    0.5590    2.6354   0.891    4
56055.206   -0.177524040372   -0.159699600744    0.1696    0.3133  -0.015   10
56078.250   -0.200518553376   -1.080100802398    0.4839    1.5105   0.813    6
56091.205    0.310857954909   -0.271497602000    0.3737    0.9166   0.542    5
56119.231    0.499135676504    0.401500797409    0.3454    0.3272   0.495    5
56168.229    0.028219094330   -0.387100802612    0.2516    0.3592   0.102   25
56196.229    0.292045225356   -0.328298402863    0.9021    0.7566  -0.366    3
56202.209    0.505256092394    0.608799599533    0.2488    0.3496  -0.360   13
56203.224    0.061666334584   -0.431499600850    0.7648    1.4765   0.657    4
56216.209    0.045688072036    0.002001598887    0.1997    0.3457  -0.034   21
56233.269   -1.291058116729    0.955900798516    1.2521    1.2651  -0.117    3
56267.249   -3.398384373269   -4.551199199909    0.1306    0.3285   0.210  169
56273.231    0.117506078052    0.104702397152    0.2720    0.2887  -0.202   20
56282.271    0.110041910314    0.598899598714    0.4003    1.2468   0.279    8
56288.207   -0.878224530880   -2.643897600052    1.1302    8.4907   0.974    7
56463.249    0.989011849695    0.554201999492    0.3866    0.8261  -0.380   64
56547.249    0.370431564545   -0.840099602684    0.1728    0.3664  -0.246   72
56638.251   -0.117502411608    0.078400799453    0.1284    0.3596   0.073  114
56881.208   -0.636644041603    3.835601999214    1.2520    4.0214   0.582    3
57114.274   -0.119742099865    0.552999598114    1.7609    0.3551   0.092    3
57177.583-1033.359828995007  856.389801598212  122.2854  113.6074  -0.608    4
57184.581 1330.711370905496 2529.412801198205   62.7766  154.0311   0.755    3
57196.207    0.559755648614    0.725201997653    0.6979    2.0713   0.914    7
57199.272   -0.481365642980   -0.273898801240    0.5458    0.2665   0.527   28
57234.270    0.098990839718   -0.560800800997    0.5868    0.2710   0.513   16
57267.230   -4.398443728962   27.895802397637    6.5757   10.3176  -0.758    5
57283.268   -4.048767091008   -1.726498799925    1.1100    0.5157   0.671    8
57385.209   -7.322328181798   10.215100797240    1.9491    2.8703  -0.872    3
57430.270    6.027091846217    0.866199598448    0.8522    0.8723   0.272    9
57465.269  -70.313153762425  -29.603998801164    2.6016    3.3301   0.293    5
57528.271   15.596347272755  -15.092398802707    2.9332    3.4703  -0.878    3
57567.206    1.354666750197    3.689999998358    0.9310    1.7642   0.475    4
57574.208  -10.426875660581  -16.302798001178    2.5739    5.4375   0.926    4
57596.229   24.510292891448  -38.209698000813    4.5269    7.3623  -0.824    4
57624.229   -0.024635654225   -0.797900401750    0.9035    1.3131   0.112    7
57651.206   -1.216255217645   -1.059598802300    1.0347    1.9123   0.469    4
57737.270    4.177023387530    0.323899198662    0.6542    0.4173   0.323    5
57766.271 4556.969903081657-6327.078800400088    0.3477    1.5595   0.486    8
57871.270  -18.727917057332   -3.339000001290    1.4976    0.7537   0.031    7
57892.271    2.937773656881  -10.829199601048    1.8958    1.3603  -0.573    4
58004.268   -3.107829863071   12.243999599804    0.3079    1.5195  -0.194    4
58122.229   -0.467480105379   -3.669098401105    0.1475    0.2905   0.191  124
58142.227    1.211482220046   -0.232898401364    0.7514    1.6801   0.019   15
58512.780   -0.709060492810   -0.304099200221    0.2101    0.3857  -0.128   77
58530.834   -0.113324294601    2.012900399961    0.4233    0.7944   0.834  100
58540.733    1.470828974556   18.706802398327    0.1865    0.3377  -0.072   87
58551.686   -2.002659353615   -0.353300400135    0.2388    0.5039  -0.222   64
58601.083   -0.209627528779   -0.534200402313    0.4012    0.9666  -0.452   54
58622.004   -1.809454440068    0.761601597787    0.3118    0.6120  -0.535   64
58631.757   -1.563545204030    0.917499599495    0.6330    1.1747  -0.347   24
58677.683   -0.912116123818   -3.247999200795    0.2826    0.6253  -0.321   57
58712.722   -4.807844402615   -4.573800001140    0.1751    0.3910  -0.145  117
58747.059   -0.342061942307    0.413899199714    0.1791    0.4035  -0.024  117
58795.122   -2.236922536619   -0.131400001280    0.1897    0.3930  -0.208  118
58829.901    0.206642533865    0.510299997458    0.2583    0.5775  -0.420   48
58861.959    0.217095261116   -0.946800001600    0.2667    0.5715  -0.074   69
58871.905   -0.571548461267   -0.511797602698    0.2329    0.4952  -0.168   77
59241.227    0.196042945150    1.683201597302    0.7811    0.9648   0.600   59
59289.250   -7.940761503637   -2.678500800357    0.8214    1.3901  -0.995   16
59298.250   -1.110993535973   -2.984500800096    0.0928    0.2501   0.330  193
59305.248    0.086599480028    2.531800797811    0.0606    0.2086   0.307   49
59320.249    0.113324294601   -1.294200001567    0.0641    0.2789   0.296   22
59334.249   -2.191829345176    4.092602397776    0.0763    0.1767  -0.782   19
59348.249   -0.333999329378    0.685501198205    0.3360    1.4241  -0.779    5
59354.250    0.399098576158   -0.173397600278    0.1124    0.2322  -0.388  269
59403.249   -0.273081866048   -2.248700400287    0.1420    0.4203   0.078  151
59418.249    0.643216041220    2.971202397717    6.4870    7.0133  -0.988    4
59466.251    1.378703959231   -1.175400001330    0.1704    0.3489   0.122   99
59478.209    0.043448485623    1.064502000148    0.3145    1.6737  -0.332    6
59607.270    1.515621212027   -3.243499200423    1.0899    3.2934   0.635    3
59704.251    1.704644342123   -0.220399202888    0.1237    0.2201   0.059  121
59795.271   -0.971241816172   -0.123300000610    0.7030    0.6905  -0.552    3
59901.271    0.367149180258   -0.099500401518    0.2857    0.3191  -0.374   14
59949.268    1.172064989964    0.444599998417    6.7558    1.2923   0.954    3
59956.248    0.011198033906   -0.707000400624    0.3560    0.4484   0.011   37
59989.208    0.000000000000   -0.191199600152    0.1917    0.2085  -0.366   13
60118.269    0.842243879439   -0.007999201301    0.4259    0.5993  -0.362    5
60202.270   -0.594242020299   -0.238197602442    0.3839    0.4837  -0.233    5
60230.251   29.937764043533    5.722502398342    2.0614    0.4236   0.631    3
