%-----------------------------------------------------------------------------
%                R.A. (mas)        Dec. (mas)        Err. (mas)     Corr. Del.
% Uncertainty in R.A. is in R.A. cos(Dec.)!!!!
%-----------------------------------------------------------------------------
47931.082   -0.984215890522    1.541300399310    0.6465    3.3402   0.019   16
47934.253   -1.264641935804   -5.530298395229    1.3506    3.6382  -0.123    6
48754.257    0.143215960697    1.645700395159    0.6180    3.1060  -0.275   12
49121.421    1.564628180316   -5.894200801038    0.8038    3.2622  -0.367   21
49667.419    0.892417148754    0.115700396464    0.3239    0.9624  -0.314    9
49819.958   -0.418615331187   -0.310798797898    0.2890    0.4100  -0.595  154
50084.998    0.511389747854   -0.201798002308    0.2438    0.4798  -0.169   49
50155.831    0.872296820445   -0.086097593055    0.2157    0.4890   0.002  117
50849.335    0.447675613147   -2.058800400562    0.4557    1.0157  -0.252   15
51073.711   -1.713575051600    0.669002402276    1.0398    1.3678  -0.062   11
51393.082    0.580553156014   -0.325900803944    0.1590    0.2977   0.438  259
52291.250   -0.078106888233    0.026600405079    0.0809    0.1720  -0.423  261
52353.230    7.723662949306   -2.786997602300    4.0867    4.2208  -0.499    8
52430.228   -0.167112132756   -2.833300800376    1.5036    2.7821  -0.013   14
52619.230   -0.061339995630   -0.708098399116    0.8709    1.5056   0.120    5
52676.249    1.918131007926   -0.374000401848    2.3249    2.3900  -0.376   11
52752.229   -0.995815146804    0.674200803985    1.4675    1.6588  -0.148    9
53283.207    0.495179553217    0.126900000907    0.1651    0.2056   0.002   22
53346.228   -1.139171973722   -3.789399603704    0.5490    0.7899  -0.556    6
53620.205    0.689256225494   -0.028800002383    0.2745    0.6812   0.089   25
53717.205    0.730475892814   -0.123598795199    0.4696    0.4122   0.196    8
53719.250    0.187088163733    0.372402000437    0.1647    0.1752  -0.257  110
54053.205    0.504542200839   -0.737297992259    0.1965    0.3023  -0.086   43
54130.207    0.000000000000   -0.327600001526    0.2953    0.2793   0.055   19
54390.207    0.194076576968    0.055799998222    0.1607    0.3623  -0.355   25
54592.208    0.140700955399   -0.091800001201    0.2178    0.1931  -0.024   22
54746.209   -0.127988303184   -1.060999198899    0.2853    0.9758   0.380    4
54894.230   -0.362305441462    0.645501597774    0.3647    0.6782  -0.191   13
55138.206   -0.166132931436   -0.147898794012    0.2661    0.3418  -0.107   27
55154.248   -0.158728686455    0.798001204316    0.0994    0.2010  -0.271  117
55474.207   -0.602491020743   -1.062100794513    0.7126    0.4598   0.193    4
55572.207   -0.115272315165    0.258602406689    0.1756    0.3438   0.313   21
55580.206   -1.046253259722   -0.243399604472    0.3526    0.4501   0.042   19
55915.206    0.184573158435   -0.636497996709    0.4560    0.8550  -0.026    4
56051.269   -0.426717140356    0.664700397124    0.3422    0.7083  -0.146   17
56168.229   -0.141821022940    0.129002395965    0.2195    0.4768   0.032    7
56251.207    0.067067475104   -0.234799200882    0.1772    0.2941  -0.018    6
56408.268    0.703927185040    0.145400402118    0.4555    0.7276   0.267   23
56547.249    0.248287293142   -0.391500003616    0.3561    0.4880  -0.630   44
56986.207   -1.630860751433    5.627401201025    0.8987    1.2955  -0.877    5
57063.209   -0.467936807676    0.000000000000    0.6071    0.7091   0.777    4
57595.206    1.667744445924   -0.284900397673    0.5477    0.9840   0.679    5
57775.461   -0.252063232201    0.304700405707    0.2814    0.4267  -0.587   28
57785.231   -0.670118529617    0.421401601614    0.0979    0.1242  -0.184  211
57804.381    1.092362166726   -0.196797599017    0.5333    0.5018   0.038   20
57836.293    0.040797163967    0.773899203921    0.2699    0.3910  -0.322   45
57839.792    0.416794363655    1.749999607625    0.1797    0.2331  -0.046  111
57876.208    0.799639300975    0.065300405083    0.5228    0.2239  -0.455    7
57914.628   -2.416389031324    1.634702395847    2.4930    2.0340   0.235    3
58305.026   -0.091798646459   -2.589098394878    0.1672    0.3083  -0.060   70
58326.959    1.007967765249    0.664599600952    0.3517    0.4701   0.320   20
58481.840   -3.553461736185    1.171202399064    0.2645    0.4630   0.019   50
58954.207   -0.667881825648    0.491399995894    0.9191    1.0566  -0.299    3
59186.250   -0.494904683000    0.267299999734    0.4181    1.3034  -0.492   28
59256.250   10.969170731115    5.679201595399    7.5370    7.7537   0.897    4
59340.250   -1.614791327709    1.885100395782    0.5622    0.6846  -0.556   40
59444.208    0.282800184359   -1.812600002893    0.4213    0.8790  -0.055   15
59480.083    0.204834257656   -0.065300392293    0.2389    0.4795  -0.252   31
59563.228    5.517560784895   -9.568799998760    0.3760    0.5929   0.053   31
59613.249   -0.388434981686    0.286502405800    0.3908    0.2643   0.211   32
59802.251    0.794609195071    2.662999203551    0.3055    1.2104  -0.340   21
59837.250   -0.982401689907   -2.951099997972    0.7382    0.9901  -0.243   38
59905.208    0.277911039984    0.082299607129    0.7947    0.3935   0.240    8
59970.248    1.105356456074    0.045500397050    0.8409    0.9190  -0.174   18
60026.248    0.177168913453   -0.665798398813    0.3964    0.7937  -0.303   38
60047.250   -0.279309408854    0.388601995382    0.3983    0.6575   0.032   46
60201.250   -0.483724498960    0.085302005459    0.5721    0.3230  -0.026   16
