%-----------------------------------------------------------------------------
%                R.A. (mas)        Dec. (mas)        Err. (mas)     Corr. Del.
% Uncertainty in R.A. is in R.A. cos(Dec.)!!!!
%-----------------------------------------------------------------------------
49141.342   -0.394366541757    0.975301196604    0.5668    0.6905  -0.001   20
49153.168    1.487764215825   -2.094098437055    0.5227    0.5150  -0.452    8
49209.169    5.982313736443    1.584698401302    0.4946    0.6272  -0.139   12
49216.170    0.870754625694    2.574899986030    0.7167    0.5523   0.193    5
49225.335    2.125864607025   -0.430099220239    0.5160    0.4527  -0.055   34
49247.418    1.203222007801    0.743299182204    0.7610    0.5373  -0.382    6
49267.335   -1.169223223401   -0.479098821415    0.5092    0.4655   0.114    4
49272.167   -0.239618625298    0.169700388142    0.4240    0.4209   0.090   17
49363.173    0.233722663324    0.534200370339    0.7613    0.9788   0.009    3
49367.336   -0.187019590732   -0.238798804730    0.6016    0.5384   0.002    3
49426.167    0.314424554982   -0.252298815440    0.3146    0.4514   0.122   29
49519.335   -0.024088821868   -0.030398416584    0.4887    0.5573   0.325    9
49694.334    0.103317321014    1.031500772797    0.5116    0.6021  -0.210    9
49826.960   -0.136250103175   -0.300398426134    0.3100    0.4110  -0.017  122
49883.336    0.131065202237    0.004600786951    0.3031    0.3725  -0.026   35
49930.168    1.897731773655   -0.475999246419    0.8345    1.2607   0.116   11
50358.252   -0.018194073190    0.191599184518    0.1509    0.1614   0.105   47
50459.832    0.260555823041    0.285199166683    0.1787    0.1844   0.125  143
50582.253    0.161709880671    0.122799588098    0.2824    0.3679   0.303   19
50848.254   -0.070589412620   -0.006598804703    0.1890    0.2747   0.246   47
50849.335    0.061238086427    0.399099582182    0.4596    0.4588  -0.251   17
51149.249   -0.209481382095    0.713098751248    0.3966    0.4790  -0.062    7
51394.251    0.100471794243    0.272098759524    0.2756    0.3453   0.170    8
51533.086    0.340902738830   -0.390499229752    0.1422    0.1270  -0.540  372
51814.252   -0.281799118138    0.225298794021    0.3403    0.3007   0.183    8
52306.248   -0.644909930716    0.199501164388    0.7087    0.7046   0.153  197
52340.245    0.338360917488   -0.074498410640    0.0680    0.0725   0.308  380
52409.164   -0.496311693847    0.326199585743    0.6975    0.7547  -0.110  171
53125.576    0.611164829266    0.006001164365    0.4248    0.4554   0.251   45
53134.021   -9.757248654915   -7.301901649726    0.3768    0.4162   0.069   45
53248.205   -1.214250421642    0.789901162079    0.3189    0.3474  -0.074   27
53341.249    0.012501806353   -0.217501229827    0.0674    0.0742   0.271  245
53584.202    0.157949563062   -0.165700822663    0.1456    0.1773  -0.030   24
53689.216   -0.061340523311    0.430700390552    0.2375    0.3431  -0.368   37
53922.205   -0.568273275391   -0.577101604904    0.2491    0.3751   0.564   57
53992.249   -1.009291653966   -1.108198819111    0.1629    0.0873   0.322  268
54125.251    0.059561033444    0.085298398744    0.1061    0.1151  -0.161  106
54599.207    0.196419760772   -0.239198408281    0.1847    0.1618  -0.068   23
54608.250    0.367227250020   -0.216500404804    0.1595    0.1978  -0.069   48
54774.209    0.777143606741    0.084200371475    0.2804    0.2988  -0.401   22
54837.207    0.104841914635   -0.608400011970    0.3370    0.4322  -0.482    4
54845.228    0.269804712349   -0.055299636870    0.3105    0.2587  -0.148   12
54872.205    0.128574616669    0.252399598821    0.1750    0.2016   0.340   55
54872.209   -1.013815481681   -0.009799214240    0.9774    2.0525  -0.293    4
54894.230   -0.096406557911    0.561200391758    0.2887    0.3806   0.066   34
54907.207   -0.198555405137    0.116100000014    0.1423    0.1141  -0.323   18
54943.228    0.286575415506   -0.363200439324    0.6437    0.4264   0.907  324
54956.209    0.883663822320   -0.142801201264    0.7923    0.7791   0.790    4
54963.208   -0.600899925532    1.189699167981    0.2978    0.6703  -0.615    3
54965.249    1.457424456115   -0.152600415504    0.4434    0.1581  -0.104  272
54970.209    0.155052800517   -0.098200820275    0.1587    0.1851  -0.015   10
55034.208   -0.106825134304   -0.111398429681    0.2161    0.2559   0.226   16
55040.206   -0.710519350831   -1.396598446490    0.7647    0.7619  -0.007    8
55110.206    0.084920765983   -0.262598416612    0.5628    0.3110  -0.031    8
55118.209   -0.224525009790    0.285300001224    0.2655    0.1040   0.053   53
55168.252    0.365194042538   -0.093099646392    0.1863    0.2196  -0.466  435
55182.248    0.488128806776    0.410698777387    0.2026    0.2390   0.280   11
55264.206    0.192100841490   -0.074401208394    0.1384    0.2194  -0.366   59
55278.206   -0.223812700792    0.192099571450    0.1015    0.1068  -0.238   55
55377.229    1.232951895396    1.059800388248    0.9187    0.8866   0.854    3
55379.271   -0.355336529078   -0.393098417817    0.3179    0.2630   0.085   14
55400.269    0.260250904316   -0.104198403506    0.2349    0.3342  -0.303   81
55404.207    0.261013201127    0.067499951228    0.3484    0.3083  -0.367    5
55413.250   -0.085530603432    0.340199983384    0.2075    0.1639   0.453  324
55421.271    0.280833126191    0.523501165617    0.3637    0.6675   0.714   10
55425.209   -3.568552780762   -5.606200841157    1.1096    1.3678   0.823    5
55435.271    0.229351329637   -0.332398838054    0.3771    0.4205  -0.204  126
55439.209    0.747261259783    1.059199166775    0.8449    0.9618   0.912    5
55456.269   -0.811905901247    0.154299561927    0.3933    0.2702  -0.048   11
55470.269    2.443389585024    0.205898351169    2.4756    1.7800  -0.220   91
55484.270    0.084768306621   -0.217501229827    0.1558    0.2316   0.163  141
55495.209    0.595156422920    0.353001570375    0.6155    0.3958  -0.001    4
55498.273    0.557599802752   -0.681501626332    0.4108    0.3588  -0.255    9
55505.271   -0.312544985493   -0.015400826214    0.3936    0.3981   0.154   20
55518.249    0.097879950423   -0.015800429765    0.0954    0.2491   0.412  206
55524.268   -0.828167990543    1.021600775175    0.2038    0.3354   0.144   29
55540.270   -0.072266500269   -0.260100011928    0.2079    0.1843  -0.265   66
55547.271   -0.397110810274    1.302299989447    0.3904    0.4600  -0.270   23
55575.272   -0.084108446695    0.405698386885    0.1894    0.2184  -0.013  109
55580.206   -0.634746250569    0.115099174991    0.2650    0.1612   0.088   11
55596.270   -0.351220056970   -0.749300448888    0.3089    0.7075   0.174   76
55600.207   -0.100726690489    0.023601575094    0.2271    0.1799   0.151   13
55603.268    1.013356890299   -1.380801649020    0.4886    0.8772  -0.206   15
55610.270    0.250289706010   -0.289299617862    0.6341    0.7080   0.868  213
55614.207    0.158254481787   -0.011599246363    0.1590    0.1245  -0.159   24
55615.230    0.109516988416   -0.230698839232    0.1203    0.1308   0.141   10
55616.249   -1.017880683348   -4.843699201729    0.1016    0.1567   0.380  362
55617.272    0.494785886929   -0.223401610810    0.6412    0.5658  -0.399    6
55628.207   -0.204857544088    0.181799970278    0.1667    0.1946  -0.270    8
55642.207   -1.273710196833   -0.631101647741    0.6050    0.9720   0.278    3
55645.272   -0.266705467964    0.099698399936    0.2424    0.2400  -0.191    9
55650.228   -0.364484160134   -0.215499630940    0.1184    0.1160  -0.043   21
55665.247    0.138484579201   -0.285501619146    0.2102    0.1688  -0.186   65
55666.270   -1.576751396772    0.133801194124    0.8322    1.0310  -0.099   30
55670.207    0.040198486467   -0.750700826302    0.3615    0.6202   0.803    3
55671.270    0.179242880638    0.462099581000    0.4668    0.2660  -0.604   25
55680.270   -0.080956787904   -0.325000826251    0.3508    0.3317   0.413   28
55685.226   -1.830650139659    0.177800353640    3.3102    0.7857  -0.694    3
55694.270    0.021598236300   -0.469699210726    0.4691    0.5689  -0.498   49
55698.207    0.042637836260    0.259999177388    0.2641    0.2373  -0.434   18
55701.272    0.066015597092   -0.125200841694    0.2336    0.4479  -0.157   24
55708.270   -0.894692201496   -1.733299200168    8.4281   17.4808   0.994    3
55727.208    0.149411769455    0.103701597709    0.1791    0.1781   0.177   18
55734.228    0.249679868561    0.110098784489    0.2406    0.1888   0.465   41
55736.270   -0.236924344594   -0.217799998836    0.3553    0.4307  -0.213   66
55743.268    0.225895930752   -2.314400421710    0.5475    0.8880  -0.093   77
55748.206    1.263392878693   -2.124201614606    0.6929    0.2578   0.495    5
55755.230   -0.159881546957   -0.278100026208    0.1599    0.1750  -0.018   48
55761.206   -0.067082812627   -0.184500044043    0.3959    0.2681  -0.025   25
55764.270   -0.455909546909    0.570200398897    0.3866    0.4077  -0.171   50
55771.268   -0.371446159011   -0.309801617959    0.7111    0.5778  -0.350   18
55778.270   -0.054073640375   -0.345499245213    0.3312    0.2659  -0.178   18
55782.208   -0.640336080523   -0.104198403506    0.2535    0.2338  -0.071   60
55785.268    0.034658644326    0.165099601190    0.2832    0.4727   0.013   94
55792.270   -0.021700673183    0.469699159567    0.5565    0.5708  -0.063   73
55799.268   -0.054378559099   -0.183499219020    0.4725    0.4014  -0.243   15
55806.270   -0.018142837415   -0.393998408299    0.2041    0.3307  -0.160   36
55817.206   -0.077501389019   -0.010299601172    0.1243    0.1371  -0.104   37
55819.500    0.023122864586    0.049201167940    0.0761    0.0800  -0.125   83
55820.497   -0.053006390175   -0.078901211964    0.0806    0.0583  -0.153  223
55821.498   -0.040199699763   -0.013798830878    0.0663    0.0723  -0.109  159
55822.498    0.117547416124   -0.168501628650    0.1009    0.1002  -0.095   66
55823.499    0.014178894001   -0.010800039263    0.0681    0.0717   0.039   89
55824.500   -0.121358934842    0.150901166762    0.1042    0.1037  -0.486  163
55825.497   -0.434260074834    0.014000397641    0.1669    0.0972  -0.340   63
55826.498    0.062152842600   -0.043200003574    0.0845    0.0895  -0.317  150
55827.499    0.082938759611   -0.031899628539    0.0990    0.0842  -0.048  107
55828.499   -0.116430178111   -0.205099246386    0.1643    0.0778  -0.219  121
55829.500   -0.042231693949    0.058899598798    0.0577    0.0860  -0.173  213
55830.501   -0.112567423619   -0.028800002383    0.0583    0.0639  -0.134  154
55831.498   -0.024546199954   -0.012801638150    0.1365    0.1885  -0.864  111
55832.499   -0.146515006910   -0.103798799955    0.0605    0.0603   0.085  119
55833.500   -0.152664651833    0.035398755927    0.1272    0.1783  -0.703   75
55841.272   -0.363874322685    0.401198383315    0.2150    0.3333  -0.538   48
55848.270   -0.197589413190   -0.422398807132    0.1815    0.3610  -0.073   24
55852.208    0.123543388389    0.616499977468    0.1665    0.1981   0.113  194
55853.271    0.000000000000    0.508899597662    0.2698    0.4753  -0.316  130
55862.270    0.573760668461    0.039099552396    0.3880    1.0360  -0.472    6
55869.269    0.168621857070   -0.155498423737    0.5259    0.4496  -0.417   13
55873.206    0.191338544679   -0.428000419106    0.1997    0.2994   0.347   90
55883.269   -0.224473774015    0.035099986917    0.2900    0.3493  -0.421   57
55887.206    0.377340907689   -1.082098839333    0.4275    0.6243  -0.613  130
55888.269   -0.096406557911   -0.510901247708    0.4402    0.3835   0.336   36
55894.208   -0.634695014795   -0.323798434465    0.4282    0.1793   0.239    7
55895.231   -0.279156038542    0.007498795185    0.2999    0.1723  -0.429   89
55897.269    0.124814333726    0.011498360664    0.2199    0.1886  -0.240   45
55902.229   -0.252069195876   -0.281700039295    0.1323    0.1613  -0.010  100
55904.270   -0.048432574647   -0.329900433371    0.2720    0.2141  -0.235   78
55911.269   -0.208669062806   -0.028598435620    0.3292    0.2611  -0.195   46
55916.229    1.087249207775    0.383601553722    0.4992    0.2686   0.894  560
55925.269   -0.012451783875   -0.126100832176    0.2534    0.2531   0.138   21
55930.207    0.001067250200    0.003301192919    0.0935    0.1029   0.056   74
55932.271    0.143820726205    0.085499965508    0.4297    0.4893   0.099   22
55936.208   -0.079635854754   -0.043200003574    0.0828    0.0767  -0.050  128
55946.384    0.386843514613    0.058701562011    0.3874    0.3261   0.209   94
55951.227    0.011434590818    0.007898398735    0.1630    0.0955  -0.001   53
55953.269   -0.086496595379    0.027201588182    0.2997    0.3368  -0.514   80
55960.271    0.181326110598   -0.053200835737    0.2370    0.3093  -0.107   76
55967.272   -0.318338510584    0.834501594227    0.7333    0.8059   0.233   15
55974.271    0.233061624767   -0.433101644148    0.1970    0.1795  -0.214   77
55979.209    0.075670663378    0.061599570245    0.2014    0.1939  -0.063   28
55985.206    0.386386136527    0.372200395304    0.3596    0.2042   0.684   74
56006.208   -0.011587015515   -0.068500827410    0.1630    0.1875   0.134   19
56009.273   -0.042740307810    0.120499169043    0.2281    0.2316  -0.090   19
56016.271   -1.266392078122   -1.702501231193    0.8330    0.7762  -0.278   15
56020.208    0.100573017831    0.155300386950    0.1429    0.1422  -0.062   31
56021.249    0.052547798792    0.220499970283    0.1792    0.1318  -0.247   44
56022.268   -0.336481347999   -1.284800413259    0.6075    0.8441  -0.155  125
56030.271   -0.022564228247   -0.491000417924    0.3263    0.2861  -0.277  132
56058.267   -0.076382937710   -0.095799617839    0.1195    0.1638  -0.125  133
56065.269    0.274683446602    0.447998399977    0.2355    0.3369   0.251    9
56072.271   -0.148090836305   -0.306399641659    0.3471    0.4783  -0.342    9
56078.250   -0.081312907737   -0.100900842881    0.2551    0.2378  -0.266   26
56084.207   -0.025410968314   -0.252500433362    0.0985    0.1133   0.049  134
56093.269   -1.187264837229   -1.937001599117    2.9494    4.0427   0.967    3
56098.251   -0.400667432746    0.070199973834    0.5002    0.4848   0.080    7
56100.271   -0.182546998791    0.358898370223    0.3307    0.3621   0.001   32
56107.273    0.186509798240   -0.747298798842    0.2294    0.3334  -0.325   30
56114.271    0.281544187226   -0.151099203549    0.6851    0.3315   0.292    9
56118.208   -0.641963145693   -0.499798807141    0.2335    0.2741   0.713  194
56119.231   -0.201248472546   -0.099399630926    0.1187    0.1113  -0.116  113
56121.269   -0.826490937560    0.634701558511    0.5835    0.3442  -0.050   13
56128.271   -0.153478184418   -0.479700042888    0.2589    0.2285   0.142   24
56139.207    0.119529422497   -1.331398811999    0.1659    0.2407   0.180   20
56142.271   -0.027595421861   -0.170301609614    0.1981    0.2567  -0.302   53
56146.208    0.188441782134   -0.378799200007    0.2679    0.3132   0.470   46
56148.247    0.617873110529   -0.214999244008    2.1990    0.8247   0.130    8
56156.271    0.041723080088    0.322801190578    0.2564    0.2163  -0.118  170
56168.229   -0.200436153257    0.094399189265    0.1971    0.1783  -0.190   24
56184.271   -0.779075555969   -0.661298446403    0.5477    0.9191   0.341   12
56191.269   -0.138638251859    0.090298789246    0.3491    0.5771  -0.346    5
56196.229   -0.525635439131    0.155599155960    0.2793    0.3683   0.263   10
56198.271    0.475728258676    0.231699561937    0.2432    0.2765  -0.028   27
56205.269    0.310765495627    0.151801157244    0.3352    0.2799   0.119   20
56212.271    0.044721066220   -0.240001247676    0.1853    0.1835   0.001  111
56216.209   -0.198199250638    0.100501188172    0.2478    0.1974   0.232  122
56247.269    1.209015532891    2.026400397881    0.8377    0.9001   0.288   10
56251.207    0.531936330120    1.572098381075    0.6114    2.4403   0.924    3
56267.249   -1.805545303366   -4.832600444615    0.2216    0.2932   0.195  305
56268.271    0.019616229927   -0.031798845157    0.5179    0.4475  -0.044   16
56275.270    0.016160865708   -0.468500400075    0.2369    0.2805  -0.072   49
56370.209   -1.680679768530   -0.391399220234    2.1274    1.3297   0.949    3
56393.249   -0.654617411408    0.310701557282    0.1963    0.2309  -0.050  126
56408.268    0.258370121531   -0.349801211996    0.4938    0.6496   0.028   15
56653.270    0.184832710591   -0.471700809612    0.4229    0.2728  -0.430   14
56743.250    1.040851088572   -0.893998833362    0.2618    0.1862  -0.414   16
56814.269    0.785427717399   -0.318999610727    1.0483    1.9139   0.886    3
56828.269   -0.319813116392   -0.127000822658    0.5814    1.7879  -0.799    3
56870.269   -0.205721064486    0.480999585761    0.2551    0.3239  -0.477   16
56945.229   -0.633272858058    1.631901551491    0.1734    0.2234  -0.001   82
56947.271   14.083632517918   -1.274400028706    7.9422    0.7466  -0.882    3
57022.268    5.009816405835    0.274499961961    0.2918    0.3789   0.139   73
57031.271   -0.029729887596    0.025199989295    0.2181    0.2345  -0.070   17
57038.269   -1.140408091978    0.480599982211    0.5454    0.5332   0.188    4
57059.271    0.179903953861   -0.324000001228    0.2834    0.2512  -0.543   19
57073.271    0.372512161249    0.230900354836    0.2033    0.2401  -0.247   10
57108.270    0.501189249468    0.578199581014    0.1979    0.2230   0.265   15
57114.274    0.209277686958    0.076899561918    0.2764    0.2118  -0.042   14
57135.251   -0.040148463989    0.234100764374    0.1134    0.1132   0.192  227
57213.272   -6.066067241936    7.225801192590    0.2285    0.4470  -0.224    5
57219.251    0.348220857541   -0.351000022647    0.1551    0.2129  -0.074  226
57227.272   -0.367939559018   -0.470001612030    0.2281    0.4088  -0.253   10
57241.268   -0.506272892153    0.029300389315    0.8131    0.6929  -0.458    6
57266.207    2.089070283668    6.850501171130    0.5145    0.6954   0.760    4
57269.272    0.580266467883    0.158299178565    0.1666    0.2158  -0.081   22
57283.268    0.967313677632   -0.671299227406    0.6924    0.2462  -0.581    4
57343.209   -8.961656078738    4.252399162397    1.2706    0.4849  -0.883    4
57359.251    2.839635661604    2.377101600359    0.1026    0.0926   0.317  190
57374.270   -4.199893689591    1.708099159714    0.3124    0.2582  -0.540    7
57414.207    0.279206061020    0.654199152450    0.1661    0.2439   0.353    9
57423.269    0.098539810349    0.165898757132    0.2176    0.4208  -0.547   11
57462.208    1.158855882783    0.768700789422    0.3045    0.3434  -0.137    3
57469.206   -0.330129221235   -0.566200833418    0.2489    0.1969  -0.317    7
57553.206    3.265053024107   -1.816999235871    0.5547    0.5422  -0.082    5
57560.208    7.476076351126   -0.491900408406    0.6149    0.3975  -0.194    4
57574.208  -26.410002274349  -32.259499238307    1.7600    2.3837   0.493    4
57591.269   -4.393010510840    1.774900789542    0.5045    0.3827  -0.577   10
57598.271    0.625038769878    2.608801162296    0.4709    0.4579  -0.516    3
57605.269   -2.479981426541   -6.368500811504    0.3600    0.3828  -0.119   18
57619.269    3.520526383093   -0.118000815519    0.2254    0.2827  -0.157   25
57633.269  -10.099319867533    0.220899573833    0.8439    0.3929  -0.396    3
57654.271   -5.020794797198   -0.255600008359    0.3233    0.2397   0.085    6
57658.208   -7.785522092234    1.894399184721    1.0686    0.7048  -0.279    3
57668.271    2.449895419112    3.931599570706    0.2614    0.2599   0.383   13
57679.207   -4.479964484306    0.202499956004    1.0704    0.7497   0.108    7
57703.269    0.115209289918    0.397900771532    0.3935    0.4098   0.735    3
57735.207    0.075213285292   -0.679798847614    0.2441    0.4467   0.134    4
57737.270   -0.281595423001   -0.504298810711    0.6444    0.4201  -0.304    4
57758.272 1476.965689659733 -490.342298400037    0.2084    0.3811  -0.527    6
57766.271-3861.213068980852 -364.506001216114    0.2066    0.3061   0.153    9
57773.269  684.748024397183  172.508198369314    0.2076    0.2037   0.014    6
57778.229   -0.655328472443   -0.835999225046    0.2429    0.2390   0.155    6
57780.271  631.520747784657  668.480000365435    0.1395    0.1990  -0.428   18
57794.271    0.425823504814   -1.478001644273    0.3172    0.3256  -0.309   10
57808.271   -7.860887836888   14.280299950542    1.1257    1.7278  -0.877    4
57878.271    1.354717007215    1.711699172802    0.1730    0.1461  -0.046   13
57899.270   -1.701058295268   -2.745100812263    0.2536    0.4073   0.412    4
57906.271    2.430277941223    0.136799985739    0.3410    0.8612   0.723    4
57934.272    0.766573784282   -0.427798801184    0.1152    0.0898  -0.003  129
57941.270    0.312137629885    1.168099191773    0.1261    0.1106  -0.214  128
57947.249    1.990123117711   -0.029098822552    0.5067    0.3870   0.096    3
57948.268    0.151952377501    1.378501178806    0.0999    0.1188  -0.001   60
57953.206   -0.441578193545   -3.264501629019    0.2918    0.3693  -0.273    4
57955.270    0.527921150931   -0.038599216623    0.0958    0.0950   0.064  124
57962.272   -1.709189981230    5.423198376775    0.2741    0.2174   0.218   21
57969.270   -0.229453766520   -0.513000048841    0.1424    0.1769   0.029   48
58011.270    7.943470476666   -2.428599606219    0.1731    0.1102  -0.518  173
58018.268    5.036445835749   -3.498598812257    0.2815    0.2017   0.193   26
58025.270   -1.444415249198   -0.845200798949    0.9793    0.2585  -0.352    3
58043.207    0.480252086391    0.469198772635    0.2157    0.3153   0.398    7
58074.272   -0.990488921958   -6.206000449538    0.2562    0.4067   0.561    6
58085.500    1.598502092434   -0.763700398920    0.0915    0.0816   0.464  343
58086.497    0.615942339931   -0.001000825023    0.0560    0.0700   0.320  369
58087.498   -0.078467380967   -0.978800426310    0.0553    0.1073  -0.366  238
58090.496    0.870704637881   -0.197798436830    0.0531    0.0528   0.197  399
58091.497    0.111448972310   -0.504900032183    0.0398    0.0456  -0.156  316
58092.498    0.153425770013   -2.100099601421    0.0435    0.0561  -0.282  347
58093.499   -0.176702272592   -0.491698841643    0.0500    0.0489   0.021  333
58094.496    1.507736600251   -0.009601228612    0.1102    0.0753  -0.699  349
58097.498    0.391569789503   -0.196599626179    0.0443    0.0471  -0.204  310
58099.496   -0.261165625823   -0.167698840414    0.0533    0.0600  -0.217  377
58121.207   -3.894158208948   -0.518500826274    0.2359    0.1716  -0.462   12
58122.229    0.569390513404   -2.922400830130    0.2098    0.2245   0.417  357
58130.268    1.244284014665    5.493999572082    0.2718    0.2245  -0.055   22
58162.206    0.004116437442   -0.115700447623    0.1642    0.1355  -0.229   18
58172.272    0.204450188480   -2.952601209927    0.1764    0.7123   0.022   10
58205.269   -0.350507782638   -0.180900030955    0.1815    0.1460   0.168   22
58213.231   -0.221628247245   -0.039600041646    0.1361    0.1041   0.048  559
58219.229   -1.125619360528   -0.310899645228    0.2116    0.2524  -0.278   32
58235.270   -0.321490169375    1.911801558663    0.2679    0.2579   0.151    7
58241.209   -0.220814714660   -0.060699630922    0.1514    0.1327  -0.431   81
58249.270    0.234484994800   -0.573901246526    0.2554    0.4306   0.240    7
58253.208    0.478472561859   -0.729900006036    0.1796    0.3298  -0.754  138
58256.272   -0.421554573344    0.038001576286    0.1766    0.2514   0.206    9
58261.207   -0.339683029268    0.142199979791    0.2557    0.3550   0.367    4
58268.209    0.871516957170   -0.719398838100    0.1312    0.1635  -0.136   55
58288.206    0.019057628253    0.004600786951    0.1588    0.1514  -0.015   22
58291.271   -1.249875057915   -3.518499642041    0.1265    0.1274   0.016   94
58295.208   -0.002591843821    0.115199958373    0.2376    0.2376  -0.124   19
58298.269   -0.191186050652   -0.021099640435    0.1387    0.2439   0.139   76
58302.210   -1.148844661998    0.614998765514    0.4545    0.4466  -0.098    9
58303.229    5.374756730758    3.478798765855    1.9393    3.4881   0.675    8
58304.233    0.013416562525   -0.273099635706    0.1979    0.2479  -0.066   75
58305.271   -0.144990378623    0.166499978604    0.4435    0.5362  -0.063    9
58309.208    0.227776713538   -0.459399609554    0.2607    0.2272   0.067   34
58310.227    0.789696614203   -2.795000403921    0.5269    0.5680  -0.167    8
58316.206************************************    0.1164    0.1074  -0.078   65
58323.208   -0.056156870335    0.062398777345    0.3822    0.4557   0.466    7
58326.269    0.560294083457   -0.251100004789    0.2730    0.3270  -0.446   23
58330.206    0.441018378575   -0.183398435638    0.2173    0.2333  -0.192   24
58333.271    0.626004761825    0.192200354832    0.1904    0.1758  -0.213  178
58337.208    0.134266883506   -0.873799234569    0.3367    0.2399   0.168   24
58340.269   -0.672760283489    0.451699196446    0.2694    0.3231  -0.376   80
58347.271    0.106010388422    0.180899979796    0.1780    0.1460  -0.027   65
58358.206    0.487570205102   -0.614098826190    0.2511    0.3241   0.233   13
58365.208    0.717125195210   -1.383300002544    0.4040    0.3542   0.067   14
58372.206    0.639726243074   -1.604901632390    0.2659    0.2680  -0.039   24
58382.269   -0.691156803854   -0.128098798768    0.2836    0.2095   0.037   84
58387.207    1.495743407759   -1.037001601389    0.1483    0.2285   0.149   75
58393.208   -0.038877553317    0.230500751286    0.1867    0.2483   0.233   41
58396.269   -0.321185250650    0.358700384595    0.1418    0.1410  -0.067  209
58401.229   -0.080245692203    0.096501571534    0.1090    0.1031  -0.406  337
58403.271   -0.580368904767    0.199299597625    0.4378    0.3975  -0.265   10
58407.208    0.020022406904   -0.431499648812    0.0925    0.1011   0.172  195
58410.269 8654.254551963675******************    0.2938    0.1898  -0.025   98
58414.206    0.008029214412    0.151300770312    0.1249    0.1355  -0.035   64
58417.271    0.245563396454    0.162100758416    0.2540    0.2079   0.390   36
58428.206    0.056969189624   -0.430999210721    0.1075    0.1209   0.102   93
58431.271   -1.190060341521   -2.127801627694    1.3385    1.1668   0.292   10
58435.208    0.193522998227    0.626601593012    0.2349    0.2404   0.178   49
58443.269   -0.281799118138    0.437500762018    0.3461    0.4566  -0.181   23
58451.250    0.773840701884   -0.242398817818    0.3586    0.3668  -0.379   80
58456.206   -1.970609324668   -0.699901244161    3.6882    1.2703  -0.930    3
58464.227    0.146921149221   -0.163299620226    0.1592    0.1115   0.046  361
58466.269    0.058240100295   -0.635101213220    0.2730    0.2865   0.074   38
58470.207  -16.991064514443    6.361498770957    1.4090    0.6781  -0.751  161
58473.271   -0.013518999409    0.254998786886    0.1405    0.1574  -0.491  213
58480.269   -0.461906732470    0.647200795356    0.1781    0.1866  -0.331  265
58486.208   -0.398482979199   -0.147898845171    0.1716    0.1943   0.186   23
58487.271    0.072571418993   -0.133700410743    0.2609    0.1711  -0.003   62
58491.208    0.211615847829    0.370400363181    0.2693    0.2366   0.319   18
58491.208    0.780192828648    0.825299969165    0.1672    0.2108   0.829  411
58494.386   -0.614570171007    0.448898390459    0.2026    0.1446  -0.139   68
58498.207    0.094017195930    0.389901589415    0.0933    0.1732   0.040   42
58501.271    0.040503405191   -0.247399208320    0.3412    0.2952   0.071   30
58506.209    0.052547798792    0.118501151292    0.1545    0.1301  -0.014   19
58508.269   -0.001524593621   -0.069598803520    0.0956    0.1145   0.048  255
58515.271   -0.268433756722   -0.027201639341    0.2032    0.1477  -0.178  139
58519.208    0.084107233398   -0.138898838031    0.0921    0.1191   0.157   92
58522.269   -0.187425767709    0.172400359588    0.1281    0.1262  -0.040   73
58526.207    0.158508199402   -0.233499645219    0.7808    0.1955  -0.130    6
58540.207    0.256794292136   -0.138898838031    0.0884    0.0885  -0.231  153
58547.209    0.061491769377    0.312998395202    0.0812    0.1135   0.156  226
58550.269    0.013060408026    0.789598760775    0.3500    0.3509  -0.146   59
58554.207    0.232400551544    0.179999989314    0.1196    0.1286  -0.069   82
58561.209    0.518519767595   -1.310299222723    0.0552    0.0889  -0.533  901
58562.228    0.352743471960    0.232099165487    0.5879    0.5553   0.445   18
58568.207   -0.391927157298    0.264099577407    0.0925    0.1060   0.044  103
58575.209    0.002591843821    0.132800369101    0.0980    0.0845   0.046   94
58575.209   -0.251459358428   -0.783399610782    0.0693    0.1492   0.503  870
58582.207    0.002946785023    0.097199995253    0.1435    0.1764  -0.077   24
58585.271   -0.073232492216   -0.683200823914    0.1455    0.3575   0.172   72
58589.209    2.219424424870   -1.109998800075    0.5822    0.2223  -0.494  106
58590.228    0.366922331296    0.356900352472    0.2676    0.4516  -0.272   14
58597.208    0.032727873728    0.282999582168    0.2881    0.3621   0.018    4
58601.083   -0.233011602289   -0.048999601177    0.4427    0.4217  -0.117   56
58603.209   -0.127304919294   -0.840200408447    0.1446    0.1464  -0.029   74
58603.209   -0.117293698509   -0.097700433344    0.1136    0.1018   0.034  573
58606.269    0.194895132485    0.626500758472    0.2479    0.3131   0.362   19
58611.208    0.072621441471   -0.223401610810    0.1954    0.1787  -0.451   22
58613.271    0.079634641458    0.343501176303    0.1311    0.1247  -0.069   72
58617.209   -0.175177644305    0.315201560852    0.2242    0.1886   0.334   19
58622.004   -0.283679866257    0.184298374961    0.3150    0.2661  -0.092   87
58631.757   -1.505552112038    0.843400766826    1.1549    0.8240  -0.060   36
58632.210    0.251458145132   -0.110700005962    0.0872    0.0896  -0.240  297
58634.270    0.528937130691   -0.349599645233    0.3022    0.3055   0.083   16
58638.207   -0.054327323324    0.257000385773    0.1054    0.1141   0.045  158
58648.270    0.051023205171    0.123001154861    0.2183    0.2153  -0.231   25
58652.207   -0.083193690522    2.644700356313    0.5637    0.7840  -0.102  179
58655.271   -0.237381722680   -0.221400011924    0.1275    0.1365   0.018  187
58659.209   -0.228285292733   -0.047001634584    0.1256    0.1470   0.536  841
58662.270    0.392129639138    0.167799572637    0.2382    0.1766   0.061   30
58669.271   -0.134369355056   -0.242301615572    0.1488    0.2097   0.012   53
58673.209    0.691867899555    0.207100794114    0.2455    0.2379  -0.102   21
58673.209   -0.236213283558    0.100501188172    0.0770    0.0932  -0.210  653
58676.270   -1.208660591688   -0.557701213211    0.4091    0.4283   0.185   18
58680.207    0.004776297368   -0.038401230995    0.0950    0.1080  -0.052  136
58683.271    0.281696646588   -0.061801239326    0.1874    0.2017   0.240   51
58687.209   -0.049601048434   -0.016200033315    0.4814    0.2645  -0.757   36
58689.251    1.607192380069   -1.422500440640    0.5097    0.5038   0.303    9
58690.270   -0.356403744612    0.212601571548    0.3361    0.2148  -0.468   77
58694.207    0.198706651203    0.998398752472    0.5660    0.4444  -0.480    4
58701.209    0.068809922753   -0.122198417785    0.0629    0.0578  -0.021  652
58708.207    0.159931569435   -0.393501602503    0.1339    0.1331  -0.065  115
58722.207    0.154595422431    0.033998378512    0.1068    0.1291  -0.283  177
58725.272   -0.737657429272    0.412300772723    0.3859    0.1622  -0.414  173
58729.209    0.138535814976   -0.158601631028    0.0899    0.0890   0.105  307
58732.270    0.238397737105   -0.180399644023    0.1691    0.1726  -0.198  155
58736.207    1.212165978385   -0.927100802528    0.1188    0.1407  -0.341  221
58739.272   -0.043756287569    0.282301158450    0.1460    0.1745   0.179  121
58746.270   -0.326012783793    0.164001573921    0.1226    0.1155  -0.051  229
58747.059   -1.004515356598    0.671698779797    0.2601    0.2395   0.404  171
58753.268    0.102911178702   -0.168501628650    0.2361    0.2765  -0.280   13
58757.209    0.456670630422    0.185799586916    0.1811    0.1775  -0.001  540
58757.209   -0.037352925031   -1.028300414418    0.4067    0.8942   0.185    8
58767.272    0.134419342868    0.568900753706    0.1961    0.1329   0.263   43
58771.209   -0.831878285673    0.392101173929    0.5974    0.3701  -0.295    9
58772.228    0.300398120343   -0.782701238222    0.3039    0.2025   0.105   24
58774.270    0.022564228247    0.087098379709    0.1719    0.2077   0.047   58
58781.272   -0.136503786125    0.212000401234    0.2617    0.3589   0.368   48
58785.209    0.368294500220   -0.072298826126    0.2454    0.1026  -0.296  199
58787.269   -0.144990378623   -0.295498819014    0.2681    0.1855   0.449   84
58792.207   -0.597698244263    0.108899973839    0.1833    0.1063   0.039   94
58795.122   -0.504849522120   -0.469699210726    0.3083    0.2176  -0.380   78
58795.272    0.173093235714   -0.539398848787    0.1831    0.4035  -0.470   41
58799.205   -0.817445743388   -0.046900800044    0.2584    0.1881  -0.029  152
58802.270    0.233570203962    0.143301588196    0.1606    0.1419  -0.388  248
58803.501   -0.225998367636    0.137699976221    0.1934    0.2978   0.082   45
58806.207   -0.411390927863    0.369100769149    0.2599    0.2244  -0.340   68
58809.272   -0.591955954947    0.622400358452    0.1710    0.2245  -0.263   46
58813.209    0.090663055299    0.060998399931    0.1724    0.1375   0.078  101
58813.209    0.186154857037    0.056001590565    0.0621    0.0601  -0.025  536
58813.249    0.105248091612   -0.669398411901    0.0393    0.0448   0.073  426
58814.272    0.184832710591    0.179099998832    0.1195    0.1408   0.485  162
58820.207   -0.161101221853   -0.492501629878    0.2101    0.3406   0.363   11
58823.272    0.338818295574   -0.967201231106    0.2636    0.5536  -0.845  143
58827.209   -0.898656214241   -0.688899638135    0.1247    0.1411   0.701  608
58827.249    0.365194042538    0.459298775013    0.1992    0.1362   0.365  527
58829.901   -0.007725508985    0.845999954890    0.1599    0.1702   0.030  107
58830.270    0.163082014930    0.261601172724    0.2230    0.2651   0.283   62
58835.208   -0.501190428099   -0.128901638163    0.3052    0.2975  -0.018   21
58837.272   -0.521772684639    0.194198372583    0.1493    0.1409  -0.097   70
58844.248    0.390655033330    0.549399578631    0.1087    0.1957   0.057  289
58851.268    0.560039187211    0.868201152571    0.6534    0.7492  -0.404   61
58857.229   -0.678146418305    0.568299583392    0.0716    0.0699  -0.035  543
58858.248    2.099132705562  -12.013700421676    0.1604    0.2296   0.039  377
58858.270   -0.291200466809   -0.064198809469    0.1483    0.1459  -0.021   81
58865.272    0.467445361314    0.473101187026    0.3158    0.2482   0.098   87
58870.206   -0.794881515141    0.005198376130    0.0821    0.0852   0.126  191
58870.250    0.149259310093   -0.408700810794    0.1513    0.1058   0.034  532
58872.270   -0.255270877146    0.012499185686    0.0979    0.1168   0.073  112
58879.272   -0.000356154499    0.161798357112    0.1214    0.1515   0.074   67
58883.209    0.077551411498    0.101800782204    0.0900    0.0672  -0.041  285
58883.249    0.242514174547    0.204998360687    0.0828    0.0750   0.336  762
58886.270   -0.076230478348   -0.081298833265    0.1342    0.1542   0.120   71
58892.249    0.859929906990   -0.746600426282    0.9979    0.6528  -0.231   32
58893.272   -0.134927956729   -0.606099644074    0.2150    0.3551   0.075   21
58897.209   -0.436851918655    0.201499182140    0.1161    0.1334   0.230   95
58900.248   -0.065761914143    0.110001582243    0.0719    0.0693  -0.513  909
58904.208    0.167859525594    2.429798365711    0.2148    0.3355  -0.095   14
58911.209    0.248511394774   -0.509900422685    0.3339    0.5380   0.052   61
58911.250   -0.177719465648    0.831499170317    0.1183    0.0813  -0.007  297
58914.270   -0.287948763061    0.227599161917    0.3217    0.4537   0.074  128
58921.268   -0.304058392995   -0.755499598881    0.2774    0.3414   0.176   14
58925.209    0.029474991350   -0.074498410640    0.0783    0.0904   0.080  430
58925.250   -0.262995172834   -0.185601601288    0.0822    0.1095  -0.036  359
58928.270    0.290640617173    0.329601562044    0.1246    0.1116   0.293  446
58934.249    0.252780291578   -0.081000013097    0.4946    0.4782  -0.204   22
58935.268   -0.007064435762    0.459298775013    0.2835    0.2849  -0.036   30
58939.250    0.298009971659   -0.232300834568    0.0920    0.1439  -0.142  123
58942.270   -0.026070828240    0.184100389333    0.1107    0.1570   0.088  404
58946.208    0.041926775224   -0.007599629726    0.0798    0.0783   0.166  141
58947.227   -2.134962250269   -0.956800846552    0.6307    0.4171   0.216   16
58948.271    0.049294916414   -0.025300823836    0.1689    0.2686   0.481  139
58954.207   -0.055953175198    0.145299554788    0.0525    0.0587   0.031  750
58956.270    0.030644678434   -0.092401222673    0.1130    0.1377   0.100  133
58960.208   -3.278623224625    2.379700788424    0.7689    0.5229  -0.949   44
58962.271   -0.029832324480   -0.062100008336    0.1619    0.1872  -0.201   71
58969.270    0.328908333042    0.286099157165    0.2775    0.2185  -0.078  184
58977.272    0.150427749215    0.095900401220    0.1199    0.1305  -0.120  112
58983.251    0.038317703682    0.056998783293    0.1561    0.1668  -0.234  169
58984.270   -0.271990379193   -0.160099210689    0.2120    0.1720  -0.228   53
58989.230    0.371749864439    0.135698377335    0.0737    0.1446   0.228  583
58998.270    0.207295715251   -0.264898835667    1.3772    1.6964  -0.916    4
59003.209    0.001168473788   -0.176601645308    0.1380    0.1364   0.038  103
59005.269    0.008892734810   -0.055598405879    0.2813    0.3282   0.349   21
59009.210    0.084970788462   -0.743101247735    0.1124    0.1741   0.017   79
59009.250   -0.546623803317    0.197798385670    0.3088    0.2874  -0.665  190
59011.270    0.286016779167   -0.281300435745    0.3163    0.3713   0.056   17
59016.208   -0.791577362322   -0.424101637009    0.3268    0.6515  -0.634  162
59019.269   -0.183156836239   -0.727498803599    0.1674    0.2000   0.253  145
59023.206   -0.131015214424   -0.025401607218    0.0623    0.0701   0.073  632
59023.250    0.207092020114    0.328201184630    0.1620    0.2625  -0.077  430
59025.251    0.213546618427    0.189100779835    0.2323    0.1906  -0.206  343
59026.270    0.059103620693   -0.734101240596    0.5217    0.4323  -0.058   33
59032.271   -0.410222454076    0.191699967900    0.2670    0.2723   0.282   27
59037.210    0.016820725635   -0.201499233299    0.1485    0.0965   0.119  219
59037.250    1.231833444087    1.051199984659    0.2354    0.1988  -0.095  572
59038.229   -0.100014381492    0.386899165505    0.2369    0.2466  -0.808  503
59039.251    0.122984786716    0.582998353593    0.3754    0.8911   0.721  190
59040.270   -0.072266500269   -0.245599227355    0.2003    0.2466   0.598   98
59047.269   -0.189356538307    0.301899586930    0.4862    0.3981   0.440   13
59051.250   -0.309242080637   -0.134301632215    0.1588    0.1429   0.051 1059
59054.270   -0.257609038017    0.037400354813    0.1470    0.1268  -0.098  244
59061.269   -0.623362895526   -0.737701202524    0.2117    0.2682   0.540   95
59065.206    0.422418128408   -0.201301247671    0.3331    0.3094   0.041   49
59068.271   -0.186409753283   -0.149400005967    0.2249    0.3294  -0.227   53
59075.269   -0.600086392947   -1.097600448929    0.4062    0.7778   0.359   64
59080.207   -0.262080416661    0.266399996462    0.1521    0.1384   0.637  859
59080.251    0.777143606741    0.407498367849    0.0985    0.1226  -0.434  587
59081.252    0.177667051242    0.199900767939    0.1051    0.1366   0.140  396
59082.271    0.536967558400   -0.886899641728    0.4459    0.4650  -0.057   46
59086.208    0.444321283432    0.421801166794    0.2301    0.0960   0.682  624
59089.269    1.712136766253   -0.300801610820    0.4300    0.3413  -0.260   40
59093.250    0.129794291566   -0.116701221486    0.1336    0.1798   0.616  838
59096.271   -0.471866717480   -0.515800803669    0.4320    0.4797   0.425   35
59101.209    0.122679867991    0.791398792899    0.0984    0.3172   0.580  355
59103.269   -0.155815097328   -0.036201646481    0.2449    0.2507  -0.260   28
59107.250   -0.003862754492   -0.370101645331    0.1280    0.1178  -0.149  421
59110.271   -1.641699778329    0.418298355953    0.5321    0.4208   0.017   24
59114.208    1.058332852765   -1.714500029948    1.2822    1.6752  -0.809   20
59115.231   -0.039691085902    0.259099186906    0.0755    0.0693   0.108  415
59117.269    0.295824304815    1.016099997742    0.4381    0.3733   0.101   27
59121.206    0.102961166515    0.281401167967    0.1014    0.1052   0.075  339
59121.250   -0.545404128420   -0.290599211894    0.0904    0.1147   0.033  956
59124.271    0.226404544613    0.403199982202    0.3835    0.2599   0.089   45
59130.250   -0.715296861496   -1.710698398938    0.6506    0.5661  -0.048    5
59131.269   -0.075620640900    0.066898780915    0.3214    0.2696   0.059    7
59136.207    0.035878353888   -0.044798417775    0.0900    0.0713  -0.006  160
59138.271    0.259589831093   -0.808599600077    0.6129    0.9766  -0.441    4
59145.269   -1.980214368476   -0.554400020292    1.4676    0.6678   0.723    3
59149.206    0.384099211430    0.842900379894    0.5071    0.4329  -0.285   13
59152.249    0.215985968220    5.067698350558    0.1631    0.2652  -0.135 1340
59152.271    0.447930354975    0.740001570421    1.1179    0.7457   0.789    4
59159.269   -0.295520599387   -0.659599248820    0.9903    0.7973   0.823    4
59163.206    0.265840734270   -0.145400440488    0.1258    0.0551   0.102  595
59163.250    0.127507401134   -0.090298840405    0.0664    0.0967  -0.167 1189
59166.271   -0.281900341725   -0.923000402508    0.2740    0.3760   0.457   77
59170.208    0.029779910074   -0.509799639303    0.1751    0.2068  -0.272   76
59172.250    0.007977978638   -0.123598846358    0.0785    0.0748   0.283  365
59173.269   -0.326723844829    0.398001554913    0.2047    0.2283  -0.014   56
59178.207    0.064033625385    0.054698364238    0.0839    0.0994   0.003  209
59180.271   -0.249223669106    2.725700369410    0.7484    1.2820  -0.400   13
59184.208   -1.093705019385   -0.190800028577    0.3671    0.3262   0.220   35
59187.269   -0.337904752698   -0.362098830919    0.2093    0.2350  -0.035  100
59191.206   -0.596427333591    1.788699569261    0.3445    0.4695   0.136   25
59194.249   -0.015653465144    0.386899165505    0.0581    0.0889   0.076 1172
59194.271    0.372359701887    0.129200356014    0.3321    0.2618  -0.045  170
59198.208    0.039994791330   -0.176299244004    0.1082    0.1403  -0.115  267
59201.269    0.099810721020   -0.162799233294    0.1421    0.1706   0.062   66
59205.206   -6.465412528236   -3.096601221841    0.4877    0.3560   0.376   27
59206.251   -0.124459392524    0.689799577458    0.0709    0.0975  -0.113 1020
59206.269    0.107128839731   -0.139701626267    0.2001    0.2271   0.274   59
59212.208    7.602618973610    2.284099156213    0.3631    0.3409  -0.174   83
59219.206   -0.022869146971    0.035099986917    0.1905    0.3327  -0.132   22
59222.249    0.193370538865    0.070300757216    0.0516    0.0877  -0.015  978
59222.271    0.247139260515    0.642301188236    0.7193    0.6711   0.642   67
59226.208    0.055444561337   -0.100699224959    0.1049    0.1184   0.522  274
59229.269    0.363364530193    0.093700765547    0.1605    0.2557   0.373  360
59236.249   -0.052599034567    0.222501569169    0.0822    0.0932  -0.299  700
59236.271    0.140161632184   -0.794700036977    0.2952    0.3015  -0.086   36
59240.208   -0.955270462662   -0.007599629726    0.2136    0.1477   0.047  108
59242.250   -0.304363311719   -0.334800040491    0.1084    0.1283   0.140  484
59243.269    0.108449772881   -0.201099629749    0.1901    0.1924  -0.031  179
59247.207   -0.338565825921   -0.260398832097    0.1017    0.0900  -0.057  390
59247.250    0.001677087648   -0.340300817925    0.0614    0.0859  -0.138  819
59250.271   -0.354726656964    0.043801173888    0.2086    0.1762   0.430  180
59257.269   -0.093306100229   -0.215200810771    0.4550    0.4359  -0.140   17
59262.248   -0.701320484001    0.597398354785    0.1050    0.0900  -0.252  632
59264.267   -0.606998369346   -0.019598428480    0.4446    0.4182  -0.289   45
59268.208   -0.005591043250    0.212799557175    0.0999    0.0900   0.026  274
59271.269   -0.665492152590    0.704001593022    0.3171    0.3045  -0.022   50
59271.737    0.827405728398   -0.333100842909    0.1261    0.1416  -0.240   81
59275.207   -0.119580623606    0.182800795301    0.3026    0.2776   0.263   15
59278.249   -0.049601048434   -0.091699217819    0.0572    0.0749   0.089  429
59278.271    0.077755106635    0.281800771518    0.3196    0.5568  -0.399   97
59282.208    0.202060791834    0.507301183461    0.2577    0.2954   0.341   16
59285.269    0.008639051861    0.775699197675    0.4476    0.7289   0.530    9
59289.250   -7.316805854914    5.550199199433    0.0657    0.0553  -0.598  432
59292.271   -3.358156642495   -1.645700433528    4.3280    2.3020   0.979    3
59297.209    0.085936780409    0.164001573921    0.5546    0.7812   0.127    7
59298.250   -1.803765778833   -3.244399232472    0.1474    0.1840   0.795  601
59299.269   -0.165623836272   -0.027201639341    0.2029    0.1632  -0.536  174
59305.248    0.455654615997   -0.600598815481    0.0480    0.0667   0.305 1067
59305.270   -0.336736278910    0.424799958409    0.3778    0.5132   0.515   14
59311.209    0.116327741228    0.734000354896    0.3151    0.2334  -0.387  255
59313.269   -0.066168056454   -0.023500842872    0.1276    0.1515  -0.046  174
59320.249    0.497886309946   -0.322099236882    0.0587    0.0438  -0.140  151
59320.271   -0.008080415521   -0.032500798852    0.1702    0.4075   0.013  122
59327.269   -0.707418927815    0.720500395346    0.4011    0.8162  -0.767  160
59334.249    0.505103205069    2.771301575422    0.0581    0.0605   0.264  182
59334.271    0.078262507199   -0.276501612007    0.2991    0.1967   0.492  106
59338.209   -0.118665867434   -0.991101626369    0.4256    0.6755  -0.410   12
59341.269   -0.657819092677   -0.683499644083    0.2987    0.2562   0.652   91
59345.207   -0.328045991275   -0.410900446468    0.2708    0.2478   0.090   58
59348.249   -0.160998784970    0.036100760781    0.2561    0.2231  -0.530   32
59348.271   -0.182242080067    0.093398364243    0.1689    0.1449   0.188  316
59353.209    0.029272509510    0.136501165571    0.0789    0.1085   0.087  274
59355.269    0.507948731840   -0.067600836928    0.1746    0.1384   0.100   93
59362.249    0.097167641425    0.339501559665    0.1847    0.2436  -0.228   21
59362.271    0.292115222981   -0.288100807211    0.2683    0.3247   0.140   32
59369.269    0.008181673774   -0.003499229706    0.4146    0.4288   0.141   23
59375.249    0.111346535426    0.511099182177    0.1954    0.2422  -0.301   23
59375.270   -0.346137627581   -0.097898418971    0.1781    0.1973   0.121   90
59383.269    0.186357338878    0.034300779816    0.1827    0.1936   0.105  125
59390.249   -0.794576596417   -0.120801621506    0.1842    0.4418  -0.052   20
59390.271    0.439442549180   -0.033199222571    0.2045    0.1645  -0.164  239
59394.209    0.090205677213   -0.047001634584    0.1330    0.1298   0.289  146
59397.269   -0.004625051303    0.166701596527    0.1292    0.1408   0.161   90
59402.208    1.194429283281   -0.031600808370    0.1468    0.1459   0.521  206
59404.271    0.663510180883   -0.522298824990    0.1728    0.2005  -0.188  125
59411.270   -0.038013998254    0.235000754856    0.1337    0.2051  -0.038   71
59415.207    0.175939975781    0.416599158370    0.1776    0.1999  -0.191   50
59416.230   -0.382575796440    1.558101564569    0.3694    0.3537  -0.145  110
59418.271   -0.120647839141    0.277199984566    0.1946    0.1963  -0.134   82
59422.209    0.032169272055   -0.516099623837    0.1624    0.2318   0.629  108
59425.270   -0.202062005131   -0.178999215450    0.1380    0.1471  -0.097   87
59431.271   -0.128322112350   -0.136198815426    0.2057    0.2890   0.417   71
59437.210    0.047922747489    0.207399563124    0.1186    0.1294   0.338  414
59439.270   -0.384811485762    0.142801201264    0.1805    0.3524   0.143   99
59444.208   -0.088274906615    0.165898757132    0.0755    0.0806   0.053  530
59446.249    0.174415347495    1.598698798944    0.1266    0.3057   0.198  268
59446.271    0.109771919327    0.397400384600    0.2721    0.3271  -0.459   73
59453.270    1.044712595103   -0.259498841615    0.2414    0.2638  -0.272   64
59457.207    0.061238086427    0.082699159520    0.1073    0.1198  -0.006  122
59460.250    0.004065236333   -0.065700021423    0.0465    0.0536  -0.128  457
59460.271    0.108653468018    0.319399163118    0.1112    0.1209  -0.054  104
59465.206   -0.237534182042    0.216601188185    0.0805    0.0848  -0.118  376
59466.251   -2.333060277320   -0.461001604890    0.3503    0.2288   0.733  540
59467.270    0.144430563653    0.351899961970    0.1831    0.2283   0.295   75
59474.224   -0.355437752665    1.516899578746    0.3682    0.5393  -0.028  129
59474.271   -0.110381722110    0.119699961942    0.2125    0.2639   0.066   31
59478.209   -0.251967972289    0.277498753576    0.2199    0.1383  -0.561  298
59481.270   -0.257456578655    0.403599585752    0.3359    0.4114   0.093   61
59487.249   -0.084615847259    0.359499591696    0.3144    0.2771  -0.351  142
59488.250    0.088732284701    0.400298392833    0.4011    0.3518   0.395  346
59488.272    0.122070030543   -0.019299608311    0.1036    0.1174  -0.067   80
59495.270    0.416167225231    0.255700791740    0.2222    0.3144   0.760   91
59500.208   -0.485233257527    0.405500401257    0.1157    0.0947  -0.401  327
59502.272   -0.142805925076    0.287099982188    0.1987    0.1938   0.177   76
59506.209   -0.115412950390   -0.080499626165    0.1205    0.0889  -0.043  265
59509.270   -1.107781441837    8.924799561782    0.2485    0.2845   0.163   49
59516.250   -0.451436954968    0.452199583378    0.9175    0.7632   0.659  451
59516.272   -0.352642213707    0.116999990496    0.2274    0.1966   0.125   79
59521.210    0.276208074888   -0.182199624987    0.7519    0.4168   0.280    9
59523.270   -1.119215997990   -0.307900802454    0.3641    0.3695   0.631   28
59527.207    0.633576598151    0.403999189302    0.4256    0.3233   0.219   17
59530.272    0.030492184406    0.442699189307    0.2591    0.3379  -0.035   47
59534.209    0.305836704231    1.284800362100    0.1381    0.2291   0.317  122
59537.270   -0.059104833989    0.076100354818    0.1028    0.0895  -0.074  136
59542.208   -0.169231659853   -0.232700438119    0.0667    0.0882  -0.012  249
59542.248    0.322251287554   -0.060400810753    0.1023    0.0962  -0.117   87
59544.272    0.119579410310    1.542200351423    0.6515    0.7935  -0.371   24
59548.209   -0.188086840932   -0.267300038104    0.0798    0.1432   0.200  313
59551.270   -0.225897144049    0.137098754749    0.2055    0.1545  -0.278  131
59555.207   -0.200080033424   -0.072601227430    0.1195    0.1356   0.321  591
59558.250    0.133352127334    0.284601577505    0.1533    0.3317   0.830  306
59558.268    0.161658644896   -0.007300809557    0.1323    0.3559  -0.257  123
59562.209   -0.040605842075    0.406101571571    0.1012    0.2006  -0.038  201
59565.270    0.013161666279    0.627998389291    0.1523    0.2126  -0.571  193
59569.207   -0.219442545736   -0.149500840507    0.2133    0.1561   0.792  447
59571.271   -0.283984784982    0.308001585836    0.4162    0.2422  -0.769  104
59578.269    0.169281682331    0.243500375063    0.1714    0.2115   0.037  353
59583.207    0.112922364822    0.112298369004    0.0820    0.0960   0.069  191
59586.272   -0.020227280672   -0.354099648803    0.1504    0.1981   0.355   52
59593.248    0.056155657038    0.114001198881    0.1064    0.1077  -0.494  570
59593.270   -0.054428546912    0.272901598919    0.1306    0.3800   0.749  129
59598.208    0.178989197688    0.012499185686    0.1213    0.2171  -0.075  103
59599.249    0.076636655325   -0.282801647700    0.0577    0.2469  -0.065  374
59600.250    0.098234891625    0.234500367924    0.0248    0.0264   0.005  350
59600.272   -0.027036820187    0.394700361994    0.0976    0.1476   0.077   66
59604.209   -0.424298876527    0.001101557245    0.2212    0.1496  -0.485  126
59607.248    1.331186787021   -0.045601206011    0.3104    0.1936   0.006   34
59607.270    0.279358520383    0.337100357228    0.2656    0.1833   0.444  128
59614.272    0.212021990141   -0.381801623917    0.1715    0.2899  -0.183  208
59618.209   -0.391062388938   -0.086500841689    0.0790    0.1257   0.137  295
59621.248  -10.380204194832   -4.691001635138    0.1211    0.2110   0.401   80
59621.270   -2.425196725130   -1.043600406092    0.1395    0.1988   0.217   61
59625.207    0.118919550383    0.405201581088    0.1193    0.1990  -0.072  255
59627.249    0.342376131342   -0.245901628659    0.0721    0.1189   0.501  435
59628.250    0.775314059730    1.547301576466    0.0776    0.0770   0.482  234
59628.272   -0.051278101417    0.000000000000    0.1073    0.1286  -0.072  113
59632.209   -2.060460060678   -0.055000816701    0.4434    0.1148   0.536  428
59634.247   -0.154189280119    0.465400773919    0.3500    0.3277  -0.296   56
59635.248   -0.250900756755    0.304599558376    0.0638    0.0475  -0.677  269
59635.270    0.250594624734    0.146199596429    0.1649    0.1444  -0.158   43
59639.207    0.396143639696    0.166399195223    0.0813    0.1285   0.228  404
59642.250   -0.144025599973   -0.039999645196    0.0297    0.0393  -0.194  191
59642.272   -0.094272092176   -0.097498815421    0.1344    0.1556  -0.154  175
59646.209    0.000152459362   -0.026899238037    0.0947    0.2135  -0.105  191
59649.248    0.378509381476    0.153500354827    0.0749    0.1122  -0.379  179
59649.270   -0.041621856500   -0.361101638191    0.1588    0.2749  -0.185   65
59653.207   -0.093509795366   -0.126799204736    0.1296    0.1864   0.125   87
59655.249   -2.339717322808   -1.139198406008    1.3163    0.9944   0.615   13
59656.250    0.107992394795    0.249998396384    0.0322    0.0423   0.149  389
59656.272    0.171671078977    0.047300352435    0.1411    0.1777  -0.066  199
59661.206   -0.266400549240    0.135399557166    0.1974    0.2324  -0.043   37
59663.270    0.076382937710   -0.272098810683    0.1644    0.3177  -0.156   41
59667.207    0.126390163122    0.134499566684    0.0748    0.0933   0.046  250
59670.272   -0.271482978629    0.128998789251    0.1839    0.2456   0.312   22
59674.209    0.118004794211    0.084700758407    0.1514    0.2216  -0.060   38
59677.248   -0.263656246057   -0.391600838157    0.0847    0.1286  -0.337  209
59677.270   -0.405393707636   -0.905601609702    0.4859    0.2836   0.019   39
59683.249   -0.656344486869    0.239601592966    0.6349    0.7866  -0.469  129
59683.271    0.045077220719   -0.068000440478    0.2365    0.2433  -0.696   89
59689.206   -0.101946365386    0.319499997659    0.1194    0.1593   0.045  118
59691.248    0.099252084681    0.526399173850    0.0420    0.0450  -0.360   98
59691.270   -0.031966790214   -0.010699204722    0.2558    0.4378   0.437    4
59695.208    0.125677854124    0.455101172747    0.2915    0.3005   0.074   62
59696.227    4.314543129874    2.133698376383    0.6050    0.5728  -0.157   40
59703.207    0.267060409166   -0.320500822681    0.1496    0.1808   0.122   93
59704.251    1.268932686168    0.054500378610    0.0832    0.0758  -0.319  447
59705.248    0.544640618313    0.252698367831    0.0897    0.0639   0.011  139
59705.270   -1.196463704060    1.242698385795    0.5472    0.4436  -0.466   26
59709.208    0.268889921511    0.066999564297    0.1397    0.1632  -0.236   99
59712.268   -0.452809089227    0.008398785667    0.3546    0.1452   0.081   70
59716.209    0.064693450646    0.337399177397    0.1236    0.1412  -0.184   73
59719.270   -0.595258859804   -0.044701215529    0.4626    0.4399   0.288    9
59723.208   -0.506983953189   -0.009900048781    0.2172    0.2515  -0.209   27
59726.250    0.636625820058   -0.240598836854    0.1717    0.1130   0.335   91
59726.268   -0.151191259321   -0.211298447539    0.3496    0.3094   0.115   15
59731.207   -0.015958383868   -0.004201234560    0.1867    0.2700   0.168   80
59733.248   -1.079322464912    0.715798773854    0.7626    0.5533  -0.095  110
59739.227   -2.270093902135   -0.085500016667    2.8999    1.8838  -0.083    7
59740.250    0.344053184325    0.231501576309    0.0803    0.0708  -0.269  229
59744.209   -0.210396138267   -0.974401206122    0.3843    0.3325   0.643   42
59747.248    2.132369193151    0.085201196498    0.0742    0.0637  -0.403  256
59747.270    0.492296479992   -1.551600013272    0.3246    0.4104  -0.100   19
59754.268    0.381558603384    0.583401589438    0.2894    0.2392   0.337   10
59758.210    0.111803913512   -0.047800841685    0.2312    0.1630  -0.067   65
59761.270   -0.312190078957   -0.849499235756    0.3431    0.6232   0.604   10
59765.208    0.310460542237    0.022298399927    0.1218    0.1399  -0.161  126
59766.230   -0.924574583119    0.530999960802    0.3122    0.2667  -0.501  312
59767.249   -0.082888771798    0.545500796534    0.1139    0.1062  -0.152  130
59767.271   -0.120901556756   -0.090799227337    0.1768    0.2090   0.281   70
59772.210    1.744153544280    7.568200760488    0.1736    0.6369   0.575  106
59775.248   -0.235349728494    0.860101187072    0.1185    0.1793  -0.389   45
59775.270   -0.008589029382   -0.123800413121    0.1699    0.1900   0.316   99
59779.208   -0.009147665722    0.128998789251    0.1607    0.1918   0.250   90
59782.269   -0.163031992451   -0.079401598896    0.1631    0.1889   0.066   97
59786.210   -0.242515387843    0.529999186938    0.2248    0.2895   0.319   28
59787.229    0.066472975178   -1.473001202612    1.2755    1.5164   0.134   12
59789.270   -0.897385303570    0.800200763251    0.6334    0.7663   0.404   13
59795.250   -2.764321152725    1.140001194244    0.2088    0.0853  -0.409  101
59795.271   -0.430753474841   -0.654699641700    0.2370    0.3407  -0.017   18
59800.210    0.531631411396   -0.397501219140    0.1888    0.2206   0.261   96
59803.270   -0.075468181538   -0.343299609540    0.1647    0.3339  -0.452  140
59808.209    0.130049222477    0.166701596527    0.1097    0.2192   0.468  333
59810.272    0.324944354962   -0.227700047617    0.2295    0.3419  -0.148   46
59814.210    0.143363313453    0.113000373858    0.0944    0.1034  -0.019  187
59817.270   -0.449557385479    0.228200383390    0.3219    0.3483  -0.045   58
59821.208   -0.074400966003    0.242099997649    0.0968    0.1096   0.003  205
59824.250    0.287743889294    0.428698791666    0.1366    0.2533  -0.700   66
59824.272   -0.174262888133   -0.041900409542    0.2087    0.4080   0.251    8
59831.249   -0.981086359991    1.166601560953    1.2843    0.9902  -0.983   39
59831.270   -0.030797103130    0.214199985749    0.4837    0.6202  -0.500   10
59838.269   -1.026875889708    0.318301187008    0.3524    0.2531  -0.187   25
59842.210   -0.223812700792    0.306698359509    0.1913    0.2018  -0.277   34
59845.249   -0.879547350213    0.979898351261    0.0804    0.0791  -0.282  219
59845.271    0.125017994197   -0.427701598937    0.3672    0.5722  -0.390   11
59849.208    0.522889922651   -0.615301217977    0.3248    0.4404  -0.489   11
59852.269    0.153934349208    0.211399179761    0.2153    0.1856   0.074   23
59857.207   -1.602517306288   -1.090501206136    0.5893    0.5058   0.129   20
59859.249   -0.540779077117   -4.200699640933    0.0758    0.1566  -0.036   93
59859.271    0.174110428771    0.003099574997    0.1169    0.1192  -0.128   97
59866.269   -0.023225301470    0.333100791750    0.1629    0.2002  -0.132   95
59870.210    0.000609837448    0.013100356000    0.0791    0.0884  -0.054  192
59873.271    0.324995590737    0.194500773887    0.1222    0.1755  -0.018   32
59877.208   -0.139349312895    0.430599556012    0.1829    0.2511  -0.377   41
59879.250   -0.214716270846   -0.407401216762    0.2168    0.4347  -0.005   19
59879.272    0.401277304860    0.232599552419    0.1894    0.2281   0.311   35
59884.206   -0.938854666042    0.142898352351    0.5934    0.4935  -0.277   16
59887.271   -0.065609454781    0.273200367928    0.1650    0.2046  -0.167   24
59891.208    0.246274492155    0.026899186878    0.2721    0.2823   0.343    8
59893.268   -0.497378909381    0.141001169141    0.2170    0.2275   0.083   21
59898.206    0.128016014995   -0.114501636972    0.2874    0.3155  -0.565    9
59901.271    0.154035607461   -0.072201623880    0.1348    0.1925   0.169   61
59905.208   -0.047212899750    0.127900761981    0.1452    0.1632   0.125   24
59908.269    0.078212484721   -0.064400427391    0.2709    0.2782  -0.409    4
59913.207   -0.036845559132    0.199101560838    0.1968    0.2234   0.537   59
59915.271   -0.051583020141   -0.025999247555    0.2312    0.1638  -0.244   13
59919.208   -0.209989995956    0.161999975035    0.1803    0.2198  -0.064   35
59922.269   -0.202366923855   -0.253699244013    0.2399    0.4160   0.715   11
59926.206    0.103571003963    0.097300778634    0.1842    0.1980  -0.233   33
59928.270    0.295926741699    0.121798763075    0.2058    0.1834   0.214   11
59935.272    0.525685461609    0.124099182131    0.1530    0.1850   0.026   31
59948.209    0.280578195279   -0.098301603657    0.2599    0.4745   0.448   13
59949.268   -0.266654232189    0.241401573930    0.3890    0.2936   0.069   25
59957.271   -0.404377727876    0.079999188074    0.1789    0.2167   0.024   58
59964.269    0.050870745809    0.281300384586    0.1714    0.1650   0.128   32
59971.271    0.048177678401   -0.110599222580    0.1360    0.1666  -0.023   37
59975.208    0.526295299057   -2.286900013360    1.1947    1.4821  -0.356   12
59978.269    0.436343304794    0.524498358345    0.1984    0.2077   0.180   64
59984.248   -0.623006775692    0.523900769167    0.6116    0.5971  -0.448   57
59984.248   -0.341919966552   -0.159098436825    0.2318    0.3238  -0.023   17
59985.271   -0.233417744600   -0.019101622684    0.2846    0.1714  -0.055   92
59990.227    0.359705436172   -0.303998439222    0.3338    0.7059  -0.386   10
59996.206    1.099548566953    2.459098755025    0.9566    1.4607   0.966   10
60019.268   -0.361078818393   -0.183999605952    0.3001    0.3636  -0.196   10
60024.206    0.144939177514    0.415299564338    0.3491    0.4061  -0.017   11
60032.227   -0.191593440925    0.087098379709    0.3599    0.3504  -0.276   14
60048.269    0.228234091624    0.344001563235    0.1575    0.1551  -0.323   35
60052.207   -0.495701856398    0.258199196423    0.1435    0.1401   0.085   81
60055.249   -0.886205643663   -0.964598410746    0.0197    0.0275   0.100  106
60055.271    0.146616230497    0.482601581098    0.1912    0.1724   0.094   22
60059.208    1.350549333999    1.319198395322    0.2541    0.3335   0.442   12
60061.250    0.372410937662    0.198298772602    0.5311    0.3797  -0.553   18
60062.269   -0.048787515849    0.062301575099    0.4010    0.2560   0.402   58
60082.248    1.148742225114   -0.505900806047    0.4743    0.6004  -0.304    9
60090.269   -0.919848273564   -0.182300408369    0.3680    0.3458   0.055   13
60096.270   -0.240076038050    0.234201598914    0.3330    0.4212   0.179   10
60101.208   -0.040961996574   -0.096300004770    0.2864    0.3578   0.347   17
60108.207   -0.238246491040   -0.171000033333    0.3969    0.3880  -0.271    6
60118.269   -0.062407773511   -0.009399610690    0.3611    0.3674  -0.311   22
60122.207   -1.353752228565   -1.258898419110    0.5544    1.3229   0.765   11
60125.271    0.219391344626    0.530600357251    0.5385    0.5513   0.626   21
60160.269   -0.191033591289    0.443199576239    0.2159    0.2231  -0.157   39
60164.207   -0.855052351368   -0.176601645308    0.3256    0.2747   0.328   40
60167.271    0.259945950927    0.006098366612    0.1678    0.2417  -0.061   19
60181.271    0.110431744588   -0.381398439231    0.3084    0.3316   0.010   12
60188.269   -0.543930735908    0.648500389389    0.2704    0.2906  -0.183   20
60193.208   -1.426171188195    1.277899156094    0.5500    0.6236  -0.441    6
60195.271    0.186459775761   -0.014400001191    0.1841    0.1976  -0.055   34
60202.270    3.230648062730    0.209901600101    0.2159    0.2172  -0.048   17
60206.207   -0.001322146446   -0.094500023806    0.1367    0.1643   0.026   66
60206.207   -0.000356154499   -0.092599208301    0.1367    0.1643   0.026   66
60206.207   -0.000356154499   -0.092599208301    0.1367    0.1643   0.026   66
60208.271    0.058392559657    0.052700397646    0.3600    0.3848   0.318    8
60223.271   -0.036388146380    0.227800779840    0.1714    0.2077  -0.063   19
60230.270   -0.105859142357    0.392799597648    0.1674    0.1655  -0.072   23
60237.271   -0.191440981563   -0.041198404688    0.3054    0.2271  -0.122   28
60241.209   -7.454986728687    5.366199593482    2.8369    2.4554  -0.957    6
60244.251   -0.357267299676   -1.315400447766    0.1007    0.1069  -0.719  215
60244.270    4.344070535629   -2.345299225226    4.5640    2.9176  -0.990    3
60251.250    0.040960783277   -1.812898835851    0.1281    0.1412  -0.028   19
60262.207   -0.196878352154    0.101401178654    0.2464    0.2873   0.402   30
60265.271   -0.282307697333   -0.181198799964    0.1735    0.1801  -0.006   19
