%-----------------------------------------------------------------------------
%                R.A. (mas)        Dec. (mas)        Err. (mas)     Corr. Del.
% Uncertainty in R.A. is in R.A. cos(Dec.)!!!!
%-----------------------------------------------------------------------------
49519.335    0.849448424935    0.480200404240    0.6824    0.9038   0.205    4
49966.251   -0.302556534743    0.374900392330    0.2047    0.3128  -0.100   26
50008.252   -0.065530613936    0.190101604858    0.2110    0.4068  -0.116   81
50113.250   -0.111028138244   -0.464198407713    0.2459    0.4268   0.070   23
50120.252   -0.069538920213   -0.006800397045    0.2668    0.3215  -0.206   16
50134.252   -0.027226671226    0.131399991687    0.3247    0.4676  -0.337   10
50148.252   -0.208735668794   -0.924699600091    0.2092    0.3512   0.068   20
50168.169    0.151928845324    0.177699595838    0.4058    0.6120   0.053    8
50169.250    0.207089365688    0.409201197726    0.2286    0.3254   0.103   26
50176.252    0.121282298374   -0.199299597625    0.4035    0.4345   0.065    8
50183.250    0.381291742534   -0.517600810213    0.2648    0.4716  -0.178   19
50197.009   -0.441753283325    1.976601589604    0.4838    0.7548  -0.515   62
50198.335   -0.255528721169    0.256600807802    0.1968    0.3081   0.025   31
50204.252   -0.500568440612    0.479599208347    0.3315    0.3864  -0.122   11
50205.333   -0.173848787889   -0.014500810153    0.2501    0.3972   0.034   18
50218.252   -0.367617626282    0.188701201864    0.2561    0.4328   0.146   16
50242.333    0.127530966146   -0.198100812554    0.1564    0.2807  -0.379   90
50246.252    0.417711807022   -0.817401596009    0.2320    0.3652  -0.108   20
50253.254    0.167368172837    0.026301597700    0.2915    0.3882  -0.090   19
50255.025    0.131774114020    1.466701192498    0.2850    0.5608   0.019   45
50256.026    0.035243283780   -0.787701603144    0.3093    0.6607   0.008   45
50260.252   -0.044433863123   -0.432698408304    0.2985    0.3540   0.071   16
50274.252   -0.467684346085   -0.092098795790    0.2433    0.2644   0.080   28
50281.250    0.105370634545    0.413398799992    0.3225    0.4778  -0.326   11
50295.254    0.329313603174    0.094100394676    0.2026    0.2926  -0.135   37
50303.333   -0.530035473333    0.326901590597    0.3208    0.5520  -0.094   17
50316.252    0.179271530389    0.219898799969    0.2076    0.2689  -0.265   19
50330.252   -0.151926031406   -0.374101210809    0.2122    0.2959   0.036   20
50344.252   -0.255528721169   -0.462599993512    0.2376    0.3277  -0.160   15
50351.254    0.076141257339    0.136598393397    0.2683    0.3263  -0.038    9
50358.252    0.066713022481    0.061801188167    0.2593    0.3289   0.093   12
50372.252   -0.229362816812   -0.087199214249    0.2933    0.3624  -0.445   12
50386.252    0.196362788844    0.352598385689    0.4406    0.4695  -0.316    5
50393.251   -0.017207272294   -0.405100797707    0.2347    0.4632   0.177    9
50400.252   -0.112204838554    0.143499599403    0.2383    0.3374  -0.171   16
50414.253    0.362432539297   -0.505598404743    0.2514    0.3124  -0.199   14
50428.249    0.280517844818   -0.024501616736    0.1806    0.2686  -0.255   41
50456.253   -0.532157007071    0.289000797693    0.3072    0.4686  -0.190    4
50470.253   -0.120102703748    0.023799586302    0.2166    0.4019   0.090   16
50484.253   -0.272147562911    0.327700797698    0.2575    0.3572  -0.006   21
50498.253   -0.257296665951    0.012398402305    0.2277    0.3183  -0.118   14
50512.253   -0.005773437140    0.194000386955    0.2169    0.3528  -0.054   14
50526.253    0.038188009269   -0.321199195241    0.2129    0.2979  -0.084   16
50539.172   -1.932972497749    0.902001596614    0.1999    0.2263  -0.437  112
50540.253   -0.326835666561    0.150598791038    0.2044    0.3776  -0.076   12
50554.253   -0.205199779231    0.382100392926    0.2339    0.4059   0.040   14
50568.253    0.044436677041    0.203000394094    0.1986    0.3035   0.050   22
50588.082   -0.033000108366    0.730900805479    0.0976    0.2016  -0.034  140
50596.253    0.374927060923    0.088801184006    0.2273    0.3882   0.093   18
50610.253   -0.021450339770   -0.823399204819    0.2926    0.4267   0.079   12
50624.253    0.286763698672   -0.028299615451    0.2386    0.4408  -0.032   14
50638.253    0.498919323588   -0.250599592277    0.3030    0.7340  -0.083    7
50652.253    0.418891401648    1.407801593700    0.3232    0.5305  -0.219    7
50654.331    0.867600530657   -1.856800793121    0.0887    0.1410  -0.180  177
50666.253   -0.201547875829    0.072298800546    0.2669    0.3476  -0.053   21
50680.253   -0.539344880433   -0.037699200561    0.3710    0.4361  -0.142   10
50694.253    0.228304863862    0.622598395239    0.2695    0.4736  -0.067   18
50700.090    0.386714404636    0.861501590066    0.2593    0.3201   0.099   80
50708.253   -0.342393741434   -0.953099998924    0.4034    0.8061  -0.052   15
50722.250   -0.229835233526    0.813200387029    0.4226    0.6965  -0.355   12
50736.253    0.239854632458   -0.597599998287    0.3536    0.5634  -0.347   18
50750.253    0.186343309515    0.298799986354    0.2610    0.4761   0.032   11
50764.253    0.390250374597    0.710701206685    0.2373    0.4062  -0.200   26
50778.253    0.129533752524   -0.165099601190    0.3376    0.4123  -0.015   24
50792.250    0.500452507170    0.600598789902    0.2807    0.4342   0.025   37
50800.340   -0.093936879788   -0.055400394672    0.0608    0.0637  -0.189  219
50806.166    0.141202268480    0.135500391707    0.2240    0.3742   0.215   26
50820.250   -0.018975217076    0.515001596568    0.2681    0.4023  -0.085   44
50834.254    0.116216039147   -0.424598391646    0.2482    0.4605   0.160   12
50848.254    0.137312789961   -0.232300808989    0.1996    0.4296   0.092   23
50854.079    1.228499805974    0.727999190531    0.5669    0.4226   0.908  182
50862.254    0.005776251058   -0.513201615604    0.2541    0.3748  -0.004   23
50876.254   -0.199426261694   -0.305798394606    0.2826    0.3415   0.179   29
50890.254   -0.243034199544   -0.283499994680    0.5268    0.6970  -0.259    4
50904.254    0.206144532261    0.180900005375    0.3674    0.6943  -0.147    8
50918.254   -0.919575775701    0.422499590513    0.4645    0.5122  -0.039    9
50919.324   -0.849683266532    0.787399201840    0.0877    0.1291   0.010  277
50932.254    0.079677146902   -0.054100800639    0.2178    0.4493  -0.123   16
50960.254   -0.183749359063    0.101098802929    0.2499    0.3639  -0.137   27
50974.254   -0.238791051670    0.115999191053    0.2852    0.4231  -0.055   13
50988.254   -0.484422015584   -0.061199992274    0.2776    0.3842   0.025   17
50989.324    0.354653501861   -0.857401215626    0.1839    0.2479   0.331  153
51002.254    0.178564272079    0.384199194059    0.3234    0.4277  -0.489   16
51016.250    0.767061394140   -0.227699996458    0.4395    0.6073  -0.308    6
51030.254   -0.489253513612    0.314999994089    0.4049    0.4381   0.021    8
51036.087   -0.626566223175    0.246801593562    0.1392    0.1574  -0.222   58
51044.254    0.304208546084   -0.289198808900    0.4670    0.4221   0.246   13
51058.254   -0.266962475926   -0.160498814239    0.3220    0.3639  -0.156   11
51072.250    0.367501612443   -0.212799608335    0.3906    0.4614  -0.228   12
51086.254   -0.162652608250    0.227901588801    0.2098    0.3042   0.011   17
51088.084    0.136840373247   -0.430200003620    0.1770    0.2084   0.471   86
51100.250    0.074373232160    0.098200794696    0.2739    0.4127   0.051   15
51114.251   -0.585784263455    0.185900395877    0.3075    0.3288  -0.182   18
51128.251    0.492319800380    0.086799585119    0.3270    0.4398   0.151    7
51142.251   -0.423604071919   -0.274899616670    0.2947    0.3315   0.158   10
51156.251    0.111146885604    0.737899188152    0.2210    0.4236  -0.129   17
51169.166   -0.355123024259    0.743399991165    0.0897    0.1050   0.372  311
51170.251   -0.179859880544    0.304801201878    0.2467    0.3064   0.018   16
51184.251    0.712842893285   -0.290098799383    0.3870    0.3473  -0.121    7
51198.251   -0.009428234858    0.572299200030    0.2353    0.4193   0.119   16
51205.249    0.544886370293    0.530899203000    0.3893    0.4304  -0.057    9
51212.251    0.706124622718    0.027899986321    0.4792    0.4580  -0.132    9
51226.251   -0.245039719442   -0.009201599482    0.3104    0.4699   0.098    9
51240.251   -0.272619979625   -0.257299205941    0.2513    0.3863   0.012   19
51246.084   -0.237495523603   -0.244900803636    0.1281    0.1897   0.128   87
51254.251    0.016030491586    0.058399186287    0.2465    0.3248   0.068   14
51268.251    0.148155300246    0.294098390441    0.2234    0.3769  -0.026   21
51282.251   -0.171727254151   -0.036698401118    0.2719    0.4247   0.165   25
51284.084    0.169962123288   -0.294998406503    0.1784    0.2436  -0.535   41
51296.251    0.255293959971    0.110098784489    0.3442    0.4517   0.073   12
51297.270   -0.233959553642    0.013201190541    0.4092    0.6358  -0.360    8
51309.086    0.004715484189   -0.285699604774    0.1077    0.1952   0.394  119
51310.251   -0.298194639510   -0.350398801174    0.3419    0.4369   0.161    8
51324.251    0.148981305916   -0.471898795240    0.3504    0.6017  -0.301    7
51338.251   -0.899893380713    1.166101199601    0.3747    1.0617  -0.367    5
51351.086   -0.721329108634   -0.239500809585    0.2543    0.2731   0.049  287
51352.251   -0.501748035238    0.247399208320    0.2844    0.3650  -0.306   15
51366.251    0.467333571047   -0.894099616744    0.4003    0.6317  -0.316    6
51380.251    0.379877386709    0.581698785140    0.4033    0.6970  -0.152   11
51393.082    0.063765483073   -0.100501213751    0.2594    0.2731   0.656  160
51394.251    0.231368417109   -0.362901593576    0.2653    0.3635   0.176   12
51408.251    0.130713347151    0.102999592855    0.3079    0.4334   0.167   13
51422.251    0.226418091323    0.183898796990    0.5547    0.3283   0.014    9
51436.251    0.050917372491    0.132901203642    0.3568    0.4812   0.062    7
51449.166    5.535966057119    6.345298788801    1.9243    3.2207   0.821    3
51450.251   -0.090166148629   -0.059698805899    0.2835    0.3462  -0.200   16
51464.251    0.420068101958    0.214801207221    0.2860    0.3604   0.041   10
51478.251    0.088398203847   -0.846298800639    0.3289    0.6364  -0.480    8
51492.251   -0.085450664440   -0.159800416100    0.3981    0.6246  -0.233    8
51506.251    0.326012474810   -0.090298814825    0.2891    0.4047  -0.175   15
51520.251   -0.517187282353   -0.436298395812    0.2162    0.3237   0.029   19
51533.086    0.277216636057   -0.798299998905    0.1018    0.1415  -0.472  282
51534.251   -0.307979277243    0.223700405400    0.4641    0.5537  -0.161    8
51548.252    0.267081303684    0.024199189852    0.2768    0.3294  -0.152   16
51562.252    0.412880308993   -0.047300403594    0.2235    0.3892   0.004   15
51575.072   -0.817268694403    1.382601604405    0.1925    0.2890  -0.197  107
51576.252    0.094055627148    0.848700003075    0.1999    0.3054  -0.068   26
51590.252   -0.287940398982    0.284198392819    0.2412    0.4340   0.071   19
51604.252   -0.161707855220    0.503499603610    0.4319    0.4296  -0.281    9
51617.079   -0.078378804916   -0.155001592361    0.0782    0.1268  -0.149  104
51618.252   -0.193296421679    0.339400801863    0.2710    0.3577  -0.362   20
51632.252   -0.116566814185    0.554198402369    0.4655    0.5082  -0.063    8
51646.252   -0.777431568110    0.271198794621    0.3568    0.4653  -0.096   10
51660.252    0.631754204476   -0.419500798898    0.3220    0.4227  -0.176   18
51674.252    0.510234250587    0.122299201166    0.4112    0.6508  -0.111    6
51687.087    4.296388899263    1.087700400149    0.4763    0.2838   0.167   45
51688.252    0.506109930471    0.672598795859    0.7767    0.7269   0.378    5
51702.248   -0.516714946037    0.667299585189    0.5071    0.7971   0.331    8
51704.001   -0.618196021665   -0.650001601343    0.3429    0.9000  -0.153   21
51716.252    0.508819894762    0.362401206644    0.2503    0.3877  -0.141   20
51732.286   -0.155580829124    0.015299991674    0.1270    0.1851  -0.123  143
51744.252   -0.077906388202    0.102898783894    0.2823    0.3297  -0.239   16
51772.252   -0.071188117635    1.063800004886    0.9376    1.3346  -0.756    3
51774.246    0.620320369322    0.282999607748    0.6420    0.9707  -0.206   13
51786.252    1.509371239749   -0.030099596415    0.5646    0.4413   0.090   11
51787.337   -0.278512244522   -0.607399212527    1.0232    1.6461   0.304    4
51800.252    0.076260004699    0.406198799396    0.3300    0.4446  -0.186    9
51814.252   -0.463794787168    0.216601188185    0.2838    0.4284  -0.029   15
51828.249   -0.406277971867    0.363599991715    0.3490    0.6192  -0.420    7
51841.083    0.310219558341   -0.891799197689    0.0941    0.1422  -0.581  197
51842.252   -0.489372260972    0.026301597700    0.3252    0.3966  -0.136   21
51856.252   -0.022038689925   -0.720899998896    0.3576    1.1212   0.033    6
51870.249    0.048679824914    0.096300004770    0.2287    0.2955  -0.057   22
51883.083   -0.076610779737   -0.216399595843    0.0876    0.1328  -0.335  108
51884.252   -0.032646519409   -0.590399997691    0.4034    0.5487  -0.218    5
51898.249    0.177975921924   -0.639399598867    0.3194    0.4427   0.089   12
51912.249    0.166542167167   -0.298598394011    0.2544    0.2885   0.080   20
51926.249   -0.442698036354   -0.446500794737    0.3160    0.3596  -0.212   18
51927.334   -0.698461518723   -2.991999608071    0.9919    1.3583   0.307    7
51939.084    0.114448013968    0.828201584113    0.1286    0.2329   0.244   78
51940.249   -0.532626609866    0.253000794714    0.3491    0.3728  -0.095   12
51954.249    0.223824140871    0.001900789925    0.2907    0.3886   0.068   19
51968.245   -0.311277591689    0.513399601232    0.2844    0.2813  -0.166   16
51981.080   -0.287586810026    0.220499995862    0.0796    0.1330  -0.386  186
51982.245   -0.200133439606    0.075200389915    0.1792    0.2414  -0.156   37
52009.168    0.169489706575   -0.305398816636    0.0604    0.0896  -0.263  270
52010.249   -0.310807988894   -0.221400011924    0.2653    0.3354  -0.082   19
52024.249   -0.437747790966    0.007700387528    0.2020    0.2320  -0.100   25
52031.247   -0.107492168283   -0.036399606529    0.2987    0.3843  -0.022   12
52038.245   -0.445880417359   -0.173599195818    0.2327    0.3303   0.034   14
52039.272   -1.715159369135    0.594399588749    0.0925    0.1555  -0.221   52
52045.247    0.454720221664   -3.018700809321    0.2432    0.3401  -0.111    8
52052.245   -0.617961260467    0.142300788752    0.1687    0.2249  -0.048   22
52059.247   -0.752326430622    0.826099201845    0.2612    0.3565  -0.298   13
52066.245   -0.184221775777   -0.013298392787    0.1912    0.3429   0.058   24
52073.247    0.053392495185   -1.047499213769    0.2793    0.5975   0.197    6
52080.249    0.481830879051   -0.308901601898    0.3780    0.3400  -0.268   21
52087.247   -0.495499367466    0.248799585734    0.3149    0.3664  -0.135    8
52093.248   -0.110674549287    0.373798783926    0.2239    0.3196   0.157   20
52096.083    0.177268744011    0.022100388719    0.0730    0.1420   0.081  194
52101.247   -0.653674066644   -0.382600805438    0.3215    0.3231   0.140   14
52108.249    0.276863047100   -0.252201613193    0.2182    0.3007   0.222   30
52115.251   -0.310335572180   -0.074199616051    0.4736    0.4012  -0.111    6
52122.249   -0.278631072279   -0.199501215548    0.2316    0.3032   0.145   22
52129.251   -1.160018838712   -0.038001601865    0.3910    0.4225  -0.225    7
52136.249   -0.372686699428    0.077500783391    0.1964    0.3011  -0.028   20
52143.251    0.048326235958    0.204501606049    0.2599    0.4700   0.051    8
52150.249   -0.038304023108    0.095500797670    0.1570    0.3554  -0.149   20
52157.251   -0.597452859808    1.991401194346    0.2837    0.4294   0.284   12
52164.249   -0.023337112309   -0.253198805922    0.1746    0.3000  -0.087   29
52171.251    0.468394337916    0.775299594125    0.5349    0.8084   0.719    5
52178.249   -0.082740700149   -0.059198393387    0.2246    0.3264  -0.188   24
52185.248    0.054337328613    0.424101585850    0.4000    0.5228  -0.491   13
52192.249   -0.210150024619    0.356900403631    0.2716    0.4111  -0.099    9
52199.251   -0.247042505820    0.132501600092    0.3709    0.5324   0.159   12
52206.249    0.023690701265   -0.393098392237    0.3309    0.5737  -0.265    9
52212.082   -0.849564438774   -1.153900808504    0.1120    0.2794   0.652  210
52213.248   -1.073860996359   -2.964999612232    0.8811    1.7638   0.757    3
52220.249    0.095000460576    0.093301187576    0.2153    0.3511  -0.314   13
52234.249    0.284526151095    0.168400794109    0.4432    0.3178  -0.030    6
52248.249    0.257180732510   -0.342000015507    0.1882    0.3154  -0.102   25
52262.250   -0.152752037076   -0.584100013157    0.1935    0.2785  -0.079   23
52271.249   -0.214984336566    0.223999199989    0.2639    0.3802  -0.285   20
52285.271   -0.513416631591   -0.068399992870    0.4715    0.3881  -0.403    8
52291.250   -0.242918185705   -0.078098398149    0.1772    0.2247  -0.346   37
52292.269   -1.072093051578    0.413100005403    0.5115    0.5947   0.254    6
52299.271   -0.334379862401   -0.105699615460    0.2489    0.2914  -0.194   13
52306.269    0.365614839904    0.227300392908    0.4828    0.8045   0.649    6
52313.268   -0.293244313724    0.499100383422    0.1991    0.3232  -0.248   11
52320.269   -0.076138443421   -0.187099206528    0.2732    1.3287  -0.246    3
52334.270    1.281303951004    2.142201603306    0.6787    1.4627   0.840    3
52340.245    0.181511891884    0.150098404106    0.0931    0.1794   0.278   80
52341.271   -0.241857418836    0.389001598933    0.3284    0.4807   0.403    7
52348.270   -0.674417228501    1.634698801922    1.5447    2.7102  -0.983    3
52355.271    0.217578287018    0.073900795883    0.4660    0.5693  -0.495    4
52361.269   -0.268139256634   -0.226699197015    0.2899    0.4678  -0.343    4
52369.271    0.083094289105    0.050601596513    0.2602    0.3105  -0.380   10
52383.268   -0.661687945677   -0.193100396473    0.4336    0.6640  -0.280    4
52390.270   -0.030643733031   -0.065098799951    0.3289    0.4490  -0.417    9
52403.251    1.072093051578   -0.357699610731    0.0878    0.1239   0.197  174
52404.270   -1.993909188774    0.884901598397    2.5793    1.9725  -0.326    3
52411.272    0.093820865949   -0.114001198881    0.4113    0.4861  -0.581    5
52432.266   -0.178799113675    0.098899192835    0.4110    0.4653  -0.474    5
52439.272    0.170315712245    0.063799205918    0.4049    0.5178  -0.288    7
52467.268    0.122580720758    0.511898389277    0.3486    0.3587   0.401   20
52474.270    0.008251454150   -0.391298411273    0.2243    0.3264  -0.037   12
52480.253   -3.395313029608   -0.390301192965    0.1682    0.3142  -0.058  129
52481.272    0.164892969745    0.493498797027    0.5508    0.7707   0.087    7
52488.270    0.056574795792    0.052599588685    0.2936    0.4688  -0.030   10
52495.272   -0.103956278720    0.286498786295    0.2471    0.4648  -0.465    7
52502.270    0.259774682961   -0.948999598904    0.3574    0.9284  -0.332    5
52523.268    0.114329266608    0.014198383269    0.3162    0.4055   0.217   15
52530.270    0.442344447398    0.965199606640    0.2925    0.5310   0.371   12
52537.272   -0.318233437374   -0.729500402485    0.3647    0.6779   0.421   16
52543.244    0.499626501500    1.075701601394    0.2024    0.3496   0.340   72
52544.270    0.052685317273    0.346100389947    0.3105    0.5459  -0.346   10
52551.272    0.408283572164   -0.925801208496    0.2409    0.5201  -0.078    8
52586.270   -0.014259652489   -0.448401610242    0.3254    0.5473  -0.615    7
52593.272   -0.341451721925   -0.014698795781    0.2146    0.4378   0.096    6
52600.270    0.584019132592    0.274600796502    0.3393    0.2836   0.090    7
52605.270   -0.265194531145    0.417398391050    0.2606    0.3590  -0.161    6
52614.270    0.045378696550   -0.012200416677    0.4146    0.5272  -0.660    8
52620.246   -0.776959151396    1.298401207350    0.1113    0.1926  -0.024  101
52621.268   -0.132006061300    0.265500005980    0.1872    0.3755  -0.007    9
52628.267    0.480297695468    0.561200391758    0.3388    1.0662  -0.258    3
52642.270    0.033944861396   -0.001501211955    0.1538    0.2372  -0.099   15
52649.268   -0.463441198212    0.064699196400    0.3578    0.4452  -0.521   10
52655.248    0.049856605622   -0.636901194184    0.3240    0.3848   0.179   34
52656.270   -0.411581886609   -0.075301198876    0.4224    0.3037   0.233    6
52663.272   -1.573133908903   -0.348300000041    1.8502    1.3002   0.866    3
52670.274    0.350056765031   -1.473901193094    0.4562    0.5950  -0.623    4
52681.206   -0.217459539658   -0.539701198932    0.1625    0.2935  -0.215    6
52683.244    0.130359758194    0.256798793430    0.1417    0.4329   0.525   51
52691.272   -0.159705068842   -0.378201610829    0.3587    0.4676  -0.327    7
52698.270   -0.055395281563    0.439300794142    0.4645    0.5567  -0.444    5
52705.272    0.036773653444    0.026398799946    0.2650    0.3315  -0.207   12
52711.248   -0.048323422040   -0.611398803585    0.1218    0.1512   0.338  136
52712.270   -0.011077351882   -0.283701612602    0.2059    0.3513  -0.183   11
52746.272   -0.238791051670   -0.445600804255    0.2742    0.3960  -0.146    6
52753.244    0.020980736975    0.000000000000    0.0914    0.1377   0.161   94
52767.244   -0.383529290111   -0.733499993544    0.1390    0.2028  -0.058   59
52781.248    0.066947783680   -0.065699995844    0.1106    0.1619  -0.084   99
52789.269   -0.058342820971   -0.013100407159    0.1802    0.2433  -0.190   11
52809.248    0.196481536204    0.147099586911    0.2016    0.3370   0.016   71
52810.271   -0.003770731160   -0.884001607915    0.4187    0.6523   0.392    3
52823.270    0.208150132557    0.996699606048    0.3476    1.0223   0.081    3
52830.246    0.299611809254   -0.331401594167    0.0988    0.1241  -0.205   89
52838.267   -0.084624658769   -0.104399995848    0.3050    0.5713   0.312    5
52880.271   -0.280633778260    0.412498783930    0.4425    0.7028   0.203    3
52887.269    0.314343878457   -0.066200408355    0.6149    0.6729  -0.523    3
52900.250   -0.618668438379    0.344998807122    0.0789    0.1075  -0.171   74
52908.267    1.157662463377   -1.141300813856    0.9323    0.8726  -0.837    3
52922.271   -0.043254268496   -0.612698397617    0.4513    0.3844  -0.241    3
52929.269   -0.194122427349    0.247701584044    0.1946    0.5076  -0.321    6
52943.269    2.855261051659   -6.527300402581    1.6222    3.8701  -0.838    3
52991.252    0.123403832112   -0.165499204741    0.0630    0.0966  -0.001  168
53068.250   -0.747376185233    0.233798388649    0.2009    0.2519  -0.076   68
53087.207    3.032529795670   -0.133898396371    3.4914    2.5537   0.199    3
53103.271    0.270498445887   -0.489398397008    0.3784    0.5038   0.620    4
53131.252   -2.235882621449   -0.779198401801    1.7819    1.0556   0.827   10
53132.271   -0.370211576734    0.574599593506    0.4241    0.7747  -0.826    3
53193.206   -0.727456134730   -0.082400416090    0.2597    0.4640   0.008   28
53201.256   -0.225473338293   -0.288298792839    0.1197    0.1711   0.079  102
53202.272    3.802182245946    0.831700788240    3.5884    3.1177  -0.539    5
53241.225   -0.012022185310    0.063201591161    0.3234    0.4173   0.003   11
53244.268   -6.593089383979  -25.326698408890    4.0937   11.9135   0.450    3
53256.204    0.362551286657    0.462099606580    0.3119    0.7459   0.728   44
53285.253   -0.322946107644    0.239698795212    0.1159    0.2861  -0.228   61
53286.272   -0.468979874153   -0.531201604304    0.2573    0.5194   0.153   16
53290.205    0.214395986411    0.118501202451    0.2406    0.3173   0.251   14
53293.270    0.097710424866   -0.578001595386    0.6022    0.6013  -0.291    9
53297.204   -1.015045839072    0.387500386978    0.4810    0.4945   0.442    7
53300.268    0.313167178146   -0.073101614362    0.3203    0.4779  -0.269    7
53304.224    0.413468659148    0.228700795901    0.3295    0.5419  -0.289   11
53314.268   -0.475582211279    0.234799188092    0.8163    0.7712  -0.538    5
53318.206   -0.520488491115    2.194498790686    0.4071    1.4350  -0.521    9
53325.226    0.418772573890   -0.695800792982    0.2336    0.5847   0.236   14
53332.206    1.569597938943   -2.722701603375    2.2392    1.3023  -0.473    3
53339.204   -0.341451721925   -0.165099601190    0.8506    1.0395  -0.164    9
53342.272    0.138961906985    0.239698795212    0.4116    0.5236  -0.307    8
53356.272    2.216556629335    3.211801205794    5.6484    6.5563   0.993    3
53374.206    0.348053978653   -0.105300011910    0.3247    0.3251  -0.133   16
53384.268   -0.624444689438    0.028900785765    0.5283    0.3716  -0.148    9
53391.270    0.515656993087    0.568699186942    0.5016    0.9018   0.729    7
53423.208    0.146740944421   -0.307299606561    0.5577    0.7083  -0.517   12
53430.206    0.035005708662    0.387399603596    0.1535    0.5794  -0.142   13
53437.204   -0.083329050304   -0.001400402994    0.2994    0.4023  -0.510   10
53444.206    0.029348204964   -0.384300003020    0.2160    0.2961  -0.018    9
53451.208    0.316111903636   -0.292500001819    0.4819    0.2621  -0.425    8
53453.268    0.226418091323   -0.479800800690    0.5548    0.4858  -0.179    3
53458.206    0.200605856320   -0.323100010746    0.2176    0.2961   0.124    8
53461.270   -0.028287438095    0.593499598267    0.3548    0.8621   0.668    9
53468.268    0.519546471606   -0.248698802352    1.0777    1.6378   0.919    8
53472.206   -0.062467141087    0.039301195898    0.2598    0.3006  -0.176   13
53475.270   -0.731345693647    0.094798792816    0.4538    0.4058   0.150   11
53482.269    0.216282758950    1.284699604298    0.3765    0.6426  -0.130    3
53488.251   -0.026047076600    0.166899607734    0.3484    0.5120   0.470   28
53493.204    0.010019398932   -0.299599193454    0.2631    0.2882   0.157   10
53496.269   -0.138017153955   -0.593701216189    0.2256    0.3343  -0.203   13
53500.206   -0.003889558917   -0.016300816696    0.1940    0.6820   0.056   13
53507.204    0.662397937508   -0.540298813689    2.7646    0.7292   0.696    5
53510.269    0.296901844963   -0.353199607162    0.2956    0.4498  -0.613    8
53517.270    0.147094533377   -0.075599993465    0.2489    0.3823  -0.344   12
53545.270   -0.145326588596   -1.620601202035    0.2822    0.9562   0.294    6
53551.250    0.348407648007    0.800798403588    0.1810    0.2345   0.622  131
53557.207    0.359015397094   -0.019699211862    0.3152    0.5234  -0.311    7
53565.250    0.395789050538  -10.993499998335    0.7552    1.0386   0.242    3
53591.204   -0.503985582815   -0.350600393517    0.2701    0.4912   0.193    9
53607.250   -2.107766038668    1.619798388219    0.3484    0.5603   0.553   14
53608.269   -0.203785343008    0.382701588819    0.5314    0.6767   0.317    4
53622.269    0.810080901438    0.257900401834    0.6373    0.7144  -0.061    3
53642.248    1.785054692223    0.376898384502    0.5236    0.7494   0.813   12
53647.208   -0.347109225623    0.466401598942    0.3054    1.2757  -0.636   34
53661.204    0.162417847051    0.850499984040    0.3972    0.5769   0.007    9
53675.205    0.073666054247   -1.382299203101    0.2730    0.5065  -0.486   14
53678.269   -0.015792836071    0.097401587595    0.2764    0.3464  -0.269   10
53682.203    0.308098024603   -1.108598397082    0.5042    2.8805  -0.532    3
53689.216   -0.408045997046    1.010300400139    0.2301    0.4525  -0.543   11
53697.269   -0.410048703027   -0.359899195246    0.2280    0.7027  -0.285   10
53703.205   -2.950731034633   -1.305799193574    1.0664    1.0196   0.911   13
53710.203   -0.014850896960    0.413999995885    0.2760    0.3245   0.031    9
53719.250    0.041961554347    0.270900000032    0.1876    0.2078  -0.178   55
53724.203   -0.046908985817   -0.450298793453    0.2877    0.4198  -0.068   20
53748.287    0.243862938735   -0.163000800057    0.3020    0.5042  -0.499   10
53755.267   15.006827599396  -32.145400811601    2.3669    4.8234  -0.904    4
53762.269   -0.039129948380   -0.035499616047    0.4055    0.6298  -0.724    7
53766.207    0.028878602168    0.068500801831    0.1526    0.2916  -0.153    9
53768.252    0.049621764026   -0.044600406568    0.1005    0.3417   0.006  149
53769.271    0.034182516911   -0.222598796995    0.2081    0.6232  -0.163    7
53776.269    0.393195100086   -0.654598807159    0.8479    1.3289  -0.892    5
53783.271   -0.330255542285    0.549799207761    0.3765    0.6130  -0.389    6
53794.229   -0.010135412771    0.177400801249    0.2381    0.5038   0.142    4
53804.269   -0.777196726513   -0.041601614953    0.5903    1.2384   0.759    7
53808.203    2.123442941298   -1.855699210296    0.4759    0.6636  -0.649    7
53811.271    0.839313092562   -2.364400796750    0.6693    1.8795  -0.785    4
53818.269    0.257180732510    0.320601606063    0.8341    1.5384   0.906    5
53829.205    0.130948108349   -0.137599192840    0.3749    0.6869   0.052    3
53846.277   -0.483361248715    0.649400405450    0.5560    1.2962  -0.515    4
53853.271   -0.204376587479    1.017900004285    2.3651    4.0224  -0.733    4
53871.205    2.595961599330   -4.749901208356    2.3614    3.4200  -0.627    3
53893.204   -0.153575228827    0.205999185710    0.6345    0.4264   0.304    6
53913.205   -0.255528721169   -0.235800013115    0.2970    0.3555   0.076   16
53928.228    0.084508644930   -0.013500010709    0.2554    0.2725   0.317   70
53948.203    0.794053223770    0.118598404697    0.9074    1.1664   0.001   14
53976.207    0.147566950091   -0.887400003080    0.2294    0.5279   0.103   10
53978.249    0.225238577094    0.252100804232    0.1465    0.2549   0.377   81
53990.207   -0.042193501627   -0.423201595368    0.1960    0.3059  -0.062   19
53993.268   -0.567516304689   -3.409300796875    1.1596    3.3521  -0.685    3
54004.207   -0.132006061300    0.164699997640    0.6554    0.7435  -0.596    5
54025.209    0.083447878062   -0.215301594153    0.2620    0.4409   0.043    6
54028.270   -3.766938962166    0.444499195851    1.6434    1.5212   0.428    4
54137.209   -0.144619410683    0.033098388030    1.0429    0.7066   0.825    3
54158.207   -0.075668840625   -0.861199214341    0.8648    0.9908  -0.121    7
54201.208    0.053157733986    0.136400407769    0.4044    0.6920   0.656    3
54203.268    0.418653746133   -0.670201200137    1.7790    0.7858  -0.627    3
54214.208   -0.153340387231   -0.171100816715    0.3274    0.5117   0.570   14
54224.270  -10.372995284485  -16.233598810800    6.7796    8.9190   0.992    6
54273.269    3.248340137906    4.154698805792    9.6464    9.8723   0.984    3
54329.269    0.376222588991    0.790700394759    6.1347    8.5314   0.884    4
54371.269    1.883353467244    4.385001597029    3.1347    3.2127   0.944   10
54392.267   -1.608962728920   -1.642899601961    1.1801    0.9800   0.561    6
54413.269    0.373747466297    2.502298784179   20.0344   32.8785   0.996    3
54440.250    0.489137499773    0.062301600678    0.1496    0.2087   0.099  116
54448.271   -8.003570684633   -9.993898802918   11.4821   18.4065   0.995    3
54489.248    0.313520767103    0.064699196400    0.1298    0.1471  -0.051  201
54518.271    4.166501557782   -4.355100011821    2.9898    4.1437  -0.832    4
54537.205    0.363139717210   -0.196099213667    1.4042    0.8877  -0.404    7
54553.269    0.612776173482   -0.624099607194    0.5506    0.7475  -0.472   10
54560.271    2.278081750913   -1.696298397746    5.0243    6.4649   0.924    6
54566.250    0.228186116502    0.345200399465    0.2115    0.4986   0.218    9
54567.269  -10.332801755317  -11.794201199677    7.2938    7.2222   0.952    3
54574.271    0.534750957522    1.036900792428    1.1307    0.8473   0.440   13
54601.248    0.394493442072   -0.675900014357    0.3060    0.3104  -0.648   57
54644.271   28.224476186453   18.728499583176   23.9015   14.8303   0.996    3
54650.269   -1.020114912218   -0.293299208920    2.3185    2.0634   0.884    7
54657.249    0.401800143193   -0.155800799462    0.1594    0.2681   0.147   56
54662.209   -7.420023888357    1.145901600808    3.7174    1.1687  -0.292    5
54665.269   -4.259731179260   -1.393700412677    4.0950    4.0418   0.908    4
54713.249    0.021099564732    0.076701601870    0.0995    0.3114   0.096   81
54749.273    0.067889803189    0.189298791042    0.6886    0.6740   0.001   15
54756.271   -1.056534976705    0.074498385061    3.4676    3.1683   0.920    6
54763.273    2.752603114925    0.271501195925    1.3505    1.0867  -0.163    8
54853.249   -0.093348449236    0.105400795292    0.1296    0.1965   0.114  160
54943.228   -0.318587026330   -0.527399998873    0.4507    0.4246   0.876  153
55112.251    0.188818512607    0.031499999409    0.1622    0.1968   0.347  305
55154.248    0.049033413871    0.212299195823    0.0778    0.1504  -0.115  182
55349.207   -0.235255162107   -0.241898405307    0.1245    0.1607  -0.020   58
55400.269   -0.102188253541   -0.583599600645    0.3693    0.5365   0.302   30
55413.250   -0.136721545489    0.119300383972    0.1663    0.1880   0.148  201
55432.207   -0.565275943194   -0.340599612514    0.2337    0.3941   0.139   33
55453.209   -0.416413384638    0.811799984035    0.3108    0.3812  -0.231   20
55463.271    0.188583671010   -0.386899216664    0.4483    0.3471   0.084   18
55477.268    0.074138470961   -0.618098391669    0.1865    0.3569   0.024   36
55483.229    0.318705854087    0.010198792211    0.2298    0.3774   0.570  191
55519.271    0.405570793954   -0.443199601818    0.3177    0.4143  -0.167   10
55533.271    0.528267448154    3.426199202750    0.5023    0.6997   0.030   12
55650.228   -0.380700498063    0.389498404729    0.5532    0.4470  -0.175    9
55665.247    0.113033658143   -0.038901592347    0.2104    0.2543   0.095   18
55734.228    0.378816619840   -0.020800794687    0.3239    0.5437  -0.023    7
55757.268   -0.917219480764    1.794099588892    0.8692    1.4398  -0.709    6
55785.268    0.624682344952    0.835300801327    0.8874    0.7077   0.259   13
55853.271   -0.986051223065   -0.031201204820    0.7957    0.9950   0.325    6
55887.206   -0.393311033528    1.037098803636    1.1054    1.4652   0.176    3
55897.269    0.339214174348   -0.305499600017    0.3265    0.2975  -0.146   13
55925.269    0.897771846975   -0.750898811930    0.9230    0.8773  -0.847    6
55966.250   -0.104072212161   -0.132400816710    0.0889    0.1117  -0.213  196
56041.206   -0.576944459150    0.191001595340    0.4597    0.3482  -0.611    5
56051.269   -0.543234358953   -0.104500804810    0.5609    0.7370  -0.522   11
56156.271   -0.529681884377   -0.020800794687    1.4845    0.9820   0.727    3
56162.250   -0.322004168533   -0.708199195287    0.1766    0.2600   0.299  222
56198.271    0.337092640610   -0.092401197094    0.1840    0.2837   0.137   33
56212.271    0.325424044257   -0.734400009605    1.2127    0.6713   0.477    3
56303.270    0.130948108349    0.474001203088    0.1975    0.2902  -0.262   67
56315.210   -0.184928953690   -0.682300807853    0.1558    0.1716   0.090   60
56331.270    0.561270450836    0.060300001792    0.2972    0.5725  -0.390    9
56345.270   -0.454247804950   -0.153500405986    0.3915    0.5020  -0.181   14
56373.270    0.007663023597   -0.118799997040    0.2004    0.2819  -0.145   39
56377.207    0.108199346196    0.066599986326    0.1540    0.2928   0.117   14
56378.270   -0.342512488794    0.171399585724    0.1578    0.2712   0.101   56
56408.268    0.078381618834   -0.032299206509    0.4874    0.6694   0.066   14
56412.209   -0.136956387086    0.382798791065    0.2064    0.1666  -0.034   23
56415.270   -0.042784746099    0.255999586329    0.2775    0.3836  -0.622   20
56429.270    0.090284976386    0.300999596448    0.2342    0.3922  -0.147   40
56443.270   -0.149804497668    0.887299194119    0.5120    0.4729  -0.250   17
56450.268   -0.392957444571   -0.584600400089    0.4055    0.4568   0.241   19
56463.249    1.090833427057   -0.568598403561    0.8980    0.7130  -0.043  179
56497.228    0.055044506525   -0.554500803673    0.3006    0.5217  -0.111   20
56499.270    0.074845648874   -0.392299210716    0.5261    0.4074   0.383   16
56583.270    0.221467845935    0.115898407671    0.3816    0.3444   0.016    8
56596.269   -0.272382324110    0.245599201776    0.2422    0.2739  -0.044   13
56623.272    1.596471021212   -0.427600815556    0.3003    0.3143  -0.410   17
56632.269   -0.195890372130    0.257900401834    0.1773    0.2420  -0.221   58
56681.270   -2.611282099086   -1.365998411984    1.0348    1.5492   0.241    4
56688.269   -0.209680502222   -0.477500407214    0.2646    0.3214  -0.183   13
56743.250    0.152517275877   -0.453700795333    0.0721    0.1064   0.018  128
56744.269   -0.097707530550   -0.041799600581    0.2364    0.3495  -0.308   10
56814.269   -0.004359081315   -0.198100812554    0.2595    0.2502  -0.160   11
56821.271   -0.036535997929   -0.316699191671    0.3240    0.5881   0.466   15
56841.272    0.636466874747   -1.009000806107    0.3291    0.6362  -0.517    9
56849.267   -0.052447661758    0.338299193459    0.2056    0.2676  -0.041   28
56856.269   -0.074370418241   -0.505699213704    0.2184    0.3044  -0.100   15
56863.275   -0.281106194974   -0.071600402407    1.1173    0.5947   0.229    8
56870.269    0.106196640215    0.280400394104    0.1443    0.2999  -0.080   62
56884.269    0.411112283814   -0.456098416635    0.3420    0.4408  -0.623    6
56905.271   -0.038422770468   -0.039898810655    0.2682    0.3870  -0.235   17
56952.271   -0.242799357947   -0.139899611895    0.4526    0.4252   0.344    5
56982.269    1.037559759629   -0.250099205346    1.9795    0.6776  -0.445    3
57015.270    0.945860427418   -0.245800794119    0.1407    0.1732  -0.013   44
57031.271   -0.165950922696   -0.146199596429    0.1837    0.2123   0.044   36
57038.269   -0.380112147908   -0.274500013120    0.2229    0.2235   0.055   26
57184.581  780.016412077917-1334.822799594804   64.7804   64.5481  -0.772    9
57204.363    1.741562848609    1.296601200806    0.9344    1.5194  -0.551    8
57210.207   -0.875141912578   -1.681999205516    0.1286    0.2321   0.052   58
57239.208   -0.425960366855   -0.841600811441    0.1637    0.1501  -0.014   64
57241.268    0.242094993953    0.106401594735    0.1791    0.1379   0.007   85
57290.270    0.233489950847   -0.430099194659    0.1734    0.3108  -0.505   52
57330.206   -1.442185800554   -1.409698802490    0.4044    0.3717   0.693    9
57360.270   -1.123952363180    0.215200785192    0.1347    0.1565   0.198   38
57367.268   -0.308567627398    0.368499598835    0.1369    0.1623   0.043   25
57379.271   29.764609986991    4.045798806374    0.7400    0.5433   0.334    6
57395.272   -3.059046394667   -0.638398799424    0.4903    0.4191  -0.397    9
57420.208    1.777394482544    0.015998389813    0.2125    0.1935   0.284   18
57435.227   29.863969528882  -97.971400796837   19.3210   58.6816  -0.996    3
57448.208    0.128591733015   -0.122601602470    0.1211    0.1338   0.151   79
57483.206    0.410993536454    0.123199191648    0.2506    0.2175  -0.161   24
57484.229   -4.211642598817   -5.031201592942    1.4900    1.2742   0.675    9
57507.269   -2.716533905873    4.306701606538    0.5081    1.4313   0.139    9
57512.207   -0.660273509454   -0.821800816198    0.2628    0.4311  -0.137   20
57526.207   -4.713744223012    6.772399191846    0.5780    1.7446  -0.719    7
57540.207   50.947641169015    5.817499186378    8.5280    1.2517   0.678    3
57556.271    1.446666523545    2.327799597879    0.2064    0.4111  -0.022   19
57576.250   -0.015558074873    0.506300384018    0.1451    0.1621  -0.076  302
57581.206   -0.178564352476    2.104200001440    0.4530    0.7736   0.546    7
57588.208    2.848073178296    5.486799597065    0.6374    0.9557  -0.101    5
57591.269    0.558795247744   -2.423401204510    0.2701    0.3203   0.197   24
57598.271   -5.837108236037    8.389900793304    0.6405    0.9138  -0.789    5
57624.229    1.507956883924    1.805198397165    0.7600    1.2954   0.456   12
57640.271    0.004950325786    0.240998389245    0.4751    0.5030  -0.523    4
57647.269   -0.516714946037   -1.722499212065    0.1978    0.2343  -0.168   60
57654.271   -0.533924951852   -3.764800797512    0.2258    0.4660   0.086   10
57658.208   12.762574776437    7.827098406210    2.7348    1.4799   0.636    5
57666.207    0.395789050538    0.269600406000    0.6497    0.5025   0.476    7
57668.271    5.359995655094    4.395398400447    2.1942    0.8079   0.789    3
57673.209    0.456960583159    0.235501192947    0.4527    0.6280  -0.250    7
57679.207    0.988998762473    2.165900406226    0.4012    0.2943  -0.091   11
57686.208   -4.222603936860    0.615898807155    0.5303    0.3487  -0.060    8
57700.208    1.018819384150    0.135601200668    0.9212    1.0554   0.671   17
57703.269    1.567714060720    0.794300407847    0.4648    0.7064   0.766    7
57758.272 3431.340248563997  834.364299583967    0.2737    0.6013   0.559   14
57766.271 1049.094207645096 -644.057301596490    0.1729    0.2983  -0.272   29
57787.269-1482.655896985756 -419.363301614339    0.3783    0.3774   0.130    4
57801.269   -2.055315562992   -2.393899197273    0.3871    0.6308   0.376   10
57804.381   -0.166069750453   -0.173098808887    0.1773    0.2296  -0.154   67
57808.271   -4.326087798867   -0.988898409560    0.4696    0.7146   0.642    6
57809.367   -0.200368281203    0.030801601270    0.1439    0.1599  -0.009  118
57840.209    0.689624528336   -0.786999598290    1.1725    2.8136   0.075    3
57841.228    0.228420877701   -1.001901614472    1.1970    1.3721   0.637    9
57843.270    0.805130575652    5.336301589409    0.6040    0.6094  -0.326   15
57931.207    4.331982958080   -0.498301201901    0.3895    0.4151  -0.140    5
57955.270   -1.314185231612    0.075099606534    1.1334    0.5942  -0.529    7
57973.207    0.888108850918   -0.966600009633    0.1451    0.1783  -0.299   81
57976.272   -0.197420741795    4.450798795119    0.4522    0.5476  -0.455   11
57990.272    0.234078381399    0.410400008377    0.1502    0.2457  -0.205   35
57994.209    1.378657892598   -0.422600399475    0.9021    0.3197  -0.500    3
58003.231    0.426786372526   -0.952700395374    0.1633    0.3027  -0.151  281
58072.226   -0.111735316156   -1.343098816164    0.4486    0.7354   0.098   10
58079.272    0.276981874858    0.654001192402    0.2118    0.2180   0.194   95
58086.497    0.138019967873    0.086101186980    0.0668    0.0973   0.070  261
58088.498    0.320827387825    2.818699206841    0.0653    0.2679   0.028  123
58097.498    0.329667192130   -0.664801206085    0.0603    0.0776  -0.304  196
58102.268    4.801672824064   15.129100788158    0.6153    1.0672   0.793    5
58116.268   -2.194396297734   -0.233100016089    0.3321    0.8448   0.060    7
58130.268  -31.346934475238  -27.418298415682    3.7988    3.6361   0.907    3
58159.408   -0.326600824965    0.362599192272    0.2558    0.4697  -0.171   27
58245.742    0.888816028831    1.221901197823    0.1330    0.1645  -0.084  122
58258.146    2.029152472554   -0.452098799997    0.2733    0.2200  -0.387  115
58347.271    3.990647169596   -0.921801591858    0.6524    0.5296  -0.466    4
58366.227    1.645385607325    3.025699191994    1.4351    1.4462  -0.566    8
58438.269   -0.930771955341   -0.008100016657    0.5796    0.5015   0.506    4
58449.208    1.102502023410    0.485701207253    0.3140    0.5250   0.134    9
58494.386   -0.830470474339    0.076201189358    0.2290    0.1670  -0.207  139
58505.161    0.918280247633   19.745701189322    0.4994    0.3906   0.333   64
58529.271    0.600519226973   -0.108399612486    0.6523    0.2520  -0.167   10
58585.271   -0.318703040169   -0.496400411976    0.1756    0.3344   0.432  215
58669.271   -0.634580102208   -0.009201599482    0.1562    0.1928   0.121  132
58697.271   -0.210387680134    0.474598792266    0.4078    0.4932  -0.706   20
58701.209    0.000000000000   -0.474400806638    0.0644    0.0828  -0.179  592
58723.230    1.071739462622   -0.939200410244    0.2052    0.2662   0.086   65
58738.249    0.805484164608   -1.583701208574    0.2133    0.2572  -0.179   36
58823.272  -22.301798538617   54.864298806478   10.5877   24.7623  -0.993    3
58835.208   -0.616428076884    0.272199594065    0.7369    1.0788  -0.766    4
58890.208    1.540133800538   -0.224600395882    0.3946    0.5438  -0.492    6
58948.271   -0.100066719803   -0.152701198886    0.1330    0.2700  -0.295  235
58960.208   -2.059086213754    2.563700394376    0.7541    0.6456  -0.451    4
58969.270    0.141437110076    0.141400798270    0.2305    0.2454  -0.216  362
59047.269   -0.282401723041   -7.200899997883    2.2804    8.9111   0.767    3
59124.271    0.076141257339    0.754700391781    0.3854    0.2682   0.119   64
59173.269   -0.182216255878   -4.562200805935    0.6783    2.9936  -0.705    3
59228.250    0.718500316586    0.385498788091    0.2367    0.2919   0.064   26
59256.250    0.435272587874   -1.983801615779    1.0976    2.2478  -0.794   24
59362.249    0.340040180018    0.205700391120    0.2035    0.3077  -0.060    6
59397.269   -0.001414355825   -0.275900416113    0.1960    0.3275   0.197   15
59404.249   -0.230896000395    0.271400386964    0.2595    0.3378  -0.241    6
59408.209    0.402742082304   -0.943099192341    0.2896    0.4908  -0.237    9
59415.207    0.461322478392    1.027198806014    0.2613    0.3704  -0.009    9
59422.209   -0.319175376485   -0.523900794747    0.2221    0.3111   0.279   37
59425.251    0.216871109105   -0.640900810822    0.4605    0.4242  -0.028   21
59457.207    0.524143208436   -0.315298814257    0.2642    0.2878   0.367   19
59488.272    0.316937828908    0.537998394634    0.2344    0.4616   0.300    8
59495.270   -0.008367387591   -0.216500404804    0.2642    0.4461   0.239   11
59541.185    0.374692299724   -0.064501210773    0.1998    0.2209  -0.242   80
59613.249   -0.400501720809    0.006199201152    0.2976    0.2376   0.384   25
59662.251   -0.599574393546    0.851299191140    0.3556    0.6870  -0.267   62
59711.249   -0.034179702992    0.618400792973    0.2239    0.6475   0.030   52
59760.248    0.087690945537    1.945101590195    0.5076    1.1481  -0.203   38
59779.208   -1.873568909909    1.999299593081    0.8667    1.2373  -0.872    5
59810.272   -0.493142992132    1.482998402480    0.7036    1.9120  -0.756    4
59824.250    0.297609103274   -0.610999200035    0.3523    1.0638  -0.246   11
59870.210    0.155818404241   -0.399999598244    0.3442    0.5653   0.688   14
59901.271    2.203708518753    0.687398400601    0.5436    0.4485   0.666   22
59989.208   -0.118569520165   -0.118799997040    0.1216    0.1674  -0.101   52
60047.250   -0.099475555729    0.237999597630    0.4209    0.5346   0.062   50
60117.250   -0.053508509024    0.166701596527    0.3380    0.3598  -0.049   46
60201.250   -0.780732696474   -0.418399216073    0.3453    0.3408  -0.003   36
60255.209   -2.297998907100   -0.136501216730    0.5572    0.4290  -0.110    3
