%-----------------------------------------------------------------------------
%                R.A. (mas)        Dec. (mas)        Err. (mas)     Corr. Del.
% Uncertainty in R.A. is in R.A. cos(Dec.)!!!!
%-----------------------------------------------------------------------------
48766.383   -6.164675254941    0.412401607264    2.5575    2.2363   0.246   10
49330.001    0.458380410638    1.781099990694    2.8650    2.4155   0.814    7
50259.083   -0.642076332009    3.054801595681    1.3840    1.5240   0.412    9
52048.082   -2.296553764184    0.000000000000    2.3928    2.5374   0.567    5
52430.228    0.183528561860    2.480299178842    1.0838    1.5007   0.330   15
52522.238    0.253431379204    0.619898372634    0.9289    1.6150  -0.381   20
53472.001   -3.328215516580   -1.762700424024    1.1522    1.6012   0.657    5
53501.437    0.000000000000    2.416298406160    0.6964    1.0969   0.597    8
53661.084   -1.766996708709    1.333400359727    0.6458    1.0051   0.443    6
53699.001   -1.702573225910   -4.111999214729    1.8456    1.6799  -0.027    7
53885.000   -2.130237559881   -1.076101204944    0.6367    0.9016   0.518    3
53913.201    0.475040176008   -1.490000391868    0.5576    1.1373   0.453    4
53989.999   -0.636098883006    0.160099159530    0.4262    0.9214   0.315    3
54012.360   -1.011404871249   -1.287799204874    0.4668    0.8590   0.022    6
54515.126    0.678439064979    1.368601181184    0.5480    2.1690   0.541    3
54593.228    0.938069692674   -2.685898812160    0.4079    1.8100   0.345    7
54726.237    2.157909112958    1.254999585854    0.3909    0.4822   0.220    5
55784.249   -0.740759813129   -3.219699630108    0.7747    1.4377  -0.031   37
57988.230    1.049260663988   -1.461700827576    0.3092    0.4819   0.181   14
58082.022    0.381448154040    1.186099206052    0.4255    0.5144   0.159   57
58108.291    2.291959098132   -0.038098829691    0.6866    0.6897  -0.302   15
58145.291    1.829482173653   -2.586398397852    0.8983    1.0313  -0.579    6
