%-----------------------------------------------------------------------------
%                R.A. (mas)        Dec. (mas)        Err. (mas)     Corr. Del.
% Uncertainty in R.A. is in R.A. cos(Dec.)!!!!
%-----------------------------------------------------------------------------
49914.167    0.000000000000    1.025200801053    0.4843    0.8024  -0.510  100
56661.920   -0.723237675020    1.613098800135    0.3436    0.6385  -0.605   25
58015.324    1.101991755234   -0.029300395710    0.2325    0.5682  -0.359   63
58159.408    0.071065129074    0.000000000000    0.1620    0.3092  -0.055   81
58198.227    1.646610750743    0.490399202846    0.5685    0.3139  -0.172   41
58530.834   -0.299232621254    2.118801601370    0.4524    0.6312   0.829   90
58682.249    0.686596041309    0.759801604033    0.3575    0.2409   0.146   41
58712.722   -4.003990079619   -5.023900796175    0.1423    0.3024  -0.155  126
59271.737    0.646685843772   -0.655599600208    0.1170    0.2422  -0.199   62
