%-----------------------------------------------------------------------------
%                R.A. (mas)        Dec. (mas)        Err. (mas)     Corr. Del.
% Uncertainty in R.A. is in R.A. cos(Dec.)!!!!
%-----------------------------------------------------------------------------
50084.998  -10.548841229292   14.308898398951   15.4121   14.2083  -0.882    6
50155.831  -16.779619176690   32.209398003147   19.9141   22.4361  -0.969    5
53193.206   17.484281380209    4.535600400857    6.5324    4.3998  -0.490    3
54440.250    0.000000000000   13.350898799303    2.9606    2.4361  -0.738    8
57770.475   32.739632219479   -9.637001999607    0.5779    1.0952  -0.450   36
58216.836   28.933389006426    0.000000000000    0.4699    0.6366  -0.390   43
58795.122   31.111747723107  -20.051801998022    0.6581    1.1224  -0.600   40
