%-----------------------------------------------------------------------------
%                R.A. (mas)        Dec. (mas)        Err. (mas)     Corr. Del.
% Uncertainty in R.A. is in R.A. cos(Dec.)!!!!
%-----------------------------------------------------------------------------
57674.228   37.372718691783  -29.939299200010    1.6239    1.6358   0.152    9
57925.228    2.472396094313    5.847901199885    0.4316    0.3420   0.324   37
57974.230  -17.873601787293 -123.454598400130    0.5866    0.4944  -0.169   51
58022.797   -1.033925753060    0.000000000000    0.5893    0.7614  -0.012   63
58048.076   -1.451217671446   -0.054399600025    0.2525    0.5244  -0.354   55
58238.207    0.000000000000    3.036999600003    0.1955    0.3510   0.022   84
58593.332    0.437390234909    1.113602399894    0.2268    0.4351   0.076   76
58829.901    0.517189659666    2.552500799924    0.1726    0.3851  -0.262   84
