%-----------------------------------------------------------------------------
%                R.A. (mas)        Dec. (mas)        Err. (mas)     Corr. Del.
% Uncertainty in R.A. is in R.A. cos(Dec.)!!!!
%-----------------------------------------------------------------------------
47639.726   -3.889971770309    1.910199601696    1.6097    1.4886  -0.097   12
47685.554    0.203853880876   -3.569101200185    1.0108    1.6181  -0.284   15
49895.086   -1.194388829984    6.048298796202    1.8572    2.4767   0.344    6
49896.281    1.019131837615    1.488697191121    0.9577    1.3925  -0.092    3
50210.001   -1.239735052588    1.610197197977    1.0530    1.0066   0.102    3
50631.755    0.175394373358   -2.901401998656    0.4098    0.7563  -0.124   49
50687.836   -0.486281606082   -0.001000799443    0.2797    0.6400  -0.117   50
50905.916    0.164635463430   -0.243601209604    0.7218    1.3908   0.386   16
50919.324   -0.588684038934    7.784899189289    0.1075    0.3238  -0.163  123
51073.711   -3.846122433868    0.434098798507    2.6164    1.4477  -0.209    4
52353.230   -4.766665716938   10.236797994878    4.1443    4.0439  -0.520   14
52430.228   -0.375571385364   -0.298101601004    1.2021    1.5965  -0.137    6
52522.238    0.370123425681   -0.311799610131    1.1226    1.7437  -0.389   13
52676.249    6.547696077025    0.555699601534    3.7375    1.5637  -0.711    7
52752.229   -2.368625940316   -1.688101204422    1.7335    1.0139   0.150    4
52815.231    2.500579497576   -1.734299999612    1.1844    0.8773  -0.437    4
52872.433    6.733712072210    4.987299597303    0.9964    2.0265   0.275    7
52878.229   -0.476885545286   -0.074800799155    1.1756    0.7883   0.085   12
52982.081   -1.905767560596   -0.329500804241    1.4075    0.5995   0.386   11
53095.001   -1.638183855869   -3.819700805252    2.5691    4.3140   0.119   12
53192.001    0.861307275889   -3.512800802241    0.9313    2.1761   0.245    5
53396.230   -3.009463852485   -0.443102399572    2.1447    1.2351   0.083   13
53564.227   -0.772111531068   -0.821001609097    1.2114    2.4673   0.695    4
53732.205   -0.636481383601    1.389898794457    5.8560    4.4920   0.247    5
53752.166   -2.203990476886   -0.356000400359    1.9311    1.9896  -0.143   12
53837.251    0.316877935556   -0.389199610140    0.6667    1.3961  -0.081   15
53851.229   -0.384284442502    0.551797199932    0.1206    0.2682  -0.030  111
53929.082    0.218832031272   -3.119799599460    0.6080    2.3055   0.218   12
54173.241    0.448968688029   -0.845200798949    0.5117    1.1976   0.134   21
54187.230    0.253014074675    1.015700394191    0.1226    0.2883  -0.077  137
54264.229   -0.490638041763   -0.381099606273    0.7759    1.3796  -0.075   31
54391.230    0.362090121130    0.000000000000    0.5819    1.0393  -0.141   10
54523.231    0.366717881941    1.998997191777    0.4450    1.1903   0.080   12
54601.248   -0.189009581734   -0.932500809370    0.2167    0.5167   0.222   56
54621.228    0.318920537275    0.732099590550    0.6825    0.9927   0.228   14
54741.249    0.673519911227   -0.210002409062    0.7970    1.7782  -0.039   12
54971.232   -0.651734017311   -0.165402002494    0.5485    1.1379   0.033   10
55035.249    0.722951430157   -1.891601998238    0.6414    1.1827  -0.013    9
55174.227    0.867706406177    1.839599998732    1.1477    1.2025   0.017   11
55210.248   -0.083747506474   -3.059701202801    1.1231    3.7162  -0.329    6
55412.228    3.331110180913   17.993699995600    0.8277    4.2878   0.794    4
55545.241    0.000000000000    1.308398394428    1.0933    0.6893  -0.137   11
55700.249    1.182407702984    0.629697599663    3.0616    1.2424  -0.892    3
55728.253    3.486349490659   -1.814702410741    3.3629    1.1602  -0.820    3
58382.002    0.484239004363    0.889797598802    0.1933    0.3952  -0.015   48
58557.436   -2.950227845304    1.438797599462    0.2701    0.7162  -0.003   56
58593.332   -0.484238911475   -0.064800005362    0.2011    0.4996   0.021   62
58601.083   -1.088718141493    0.599399992041    0.4851    1.2355  -0.459   48
58622.004   -2.371077062379    0.782600390892    0.3311    0.7825  -0.445   62
58806.207    4.801936219047  -18.602301599913    5.1731    6.0959  -0.546    4
58911.209   -4.791994256918   -3.173799603928    6.7539    7.7021   0.866    4
58981.988   -5.060123677203   -5.673999599765    0.4472    1.1024   0.057   80
59009.210    5.099067611335   11.233799989441    4.7823    4.6336   0.480    3
59230.577    2.436849673725   -0.505400406325    0.1637    0.3894  -0.064   36
59368.228   -0.448560074798    0.606999596187    0.4044    0.3996  -0.006   40
59550.251   -0.136447188155    1.103097594068    0.4348    1.3038   0.177    7
59618.209    0.260638765994    2.018998792153    0.6230    2.1761   0.723    9
59689.206   -0.025328447093   -2.106201600327    0.4914    1.9460  -0.239   16
59695.208    0.819500541166    1.934297995376    1.6259    4.7208  -0.836    5
59765.208    2.553141891155    2.067699598740    0.9848    0.6886   0.472   27
59913.207    1.027985341037    0.718398000288    0.7193    0.7142   0.401   18
59919.208    0.103085529398    6.691899591260    1.2323    5.3884   0.370   10
59926.206   -0.336895525291    5.836399191139    1.6719    4.8561  -0.838   16
60276.207    3.271602848601   19.790798401687    3.5890   12.6416   0.405    4
