%-----------------------------------------------------------------------------
%                R.A. (mas)        Dec. (mas)        Err. (mas)     Corr. Del.
% Uncertainty in R.A. is in R.A. cos(Dec.)!!!!
%-----------------------------------------------------------------------------
50219.333   -0.514517273059    0.084200397055    0.1465    0.3208  -0.061   73
54278.229   -0.527931300896    0.118299597318    0.1238    0.2724  -0.035  123
54566.250   -0.105022906509    0.705401996015    0.1243    0.2556  -0.030   36
54767.207    0.026155131025   -0.176799605356    0.3060    0.4934  -0.110   10
54810.208   -0.076585412691    0.259502397171    0.1180    0.2220   0.021   26
54844.205   -0.127286145108   -0.358898395802    0.5527    1.6440   0.846    3
54852.208    0.493461273177    0.448801201003    0.3495    0.2493   0.511   17
54853.249   -0.079270157892    0.731102397822    0.1112    0.2019   0.016  177
54901.206   -0.082891599568    0.329302793034    0.1509    0.2618  -0.282   42
54928.206    0.038497145521   -0.447800401560    0.2334    0.3490   0.097   27
54943.228   -0.661523632881   -0.418499999455    0.3720    0.3117   0.822  204
54949.207   -0.228687609941    0.598899592319    0.2871    0.2826  -0.255   26
55047.208    0.000000000000   -0.509597995801    0.3951    0.5052  -0.262    7
55173.208    0.112401106728   -0.226098001121    0.1685    0.1894   0.051   14
55229.208    0.201595782441    0.207900001215    0.2802    0.3471  -0.025   15
55342.209   -0.502848091722   -0.400899601516    0.1678    0.3868   0.009   15
55400.269    0.034070939028    0.248702396277    0.6388    1.1303   0.699    3
55404.207    0.368988602703   -0.284900397673    0.4334    0.3752  -0.027    5
55413.250   -0.147138291481   -0.046699207701    0.1365    0.1741  -0.018  198
55483.229    0.192476029437   -0.005900406563    0.2031    0.3439   0.609  192
55491.293    0.532357598881    0.294001200984    0.8847    0.5961   0.292    3
55524.268   -0.215544032853    2.698300795601    0.3766    0.6859  -0.220   12
55533.271    2.004288002626    1.512702002060    0.4923    0.7201   0.225   26
55621.209   -0.069477663222    0.124001992674    0.2144    0.3793  -0.308   11
55645.272    0.985444948379    4.949402398324    2.5127    6.1578   0.981    4
55652.270    0.762793166056   -0.293799595852    0.4529    0.7730   0.330    6
55666.270   -1.337665238601   -0.427298401462    0.9056    1.1260   0.028    4
55670.207    0.092951342764   -0.247197603187    0.1616    0.3231   0.392   14
55680.270    0.405605767840   -0.645300005431    1.1152    1.4791  -0.805    3
55684.207    0.114815401179   -0.401198396105    0.2012    0.6652  -0.281    4
55691.206   -0.341758256111    0.145000798568    0.4703    0.5526   0.232    5
55701.272   -0.442087707602    0.374302803152    0.3440    0.7703   0.207   11
55722.270    0.215276875820    0.869302799344    0.4710    0.7139   0.050    7
55727.208    0.097780023157   -0.490798800001    0.2931    0.2647   0.222   21
55755.230   -0.140835306829    0.020901603648    0.1545    0.2657   0.016   27
55790.207   -0.476155352913   -0.281897999344    0.4509    0.4754  -0.023    7
55803.206   -0.523102620503    0.849002404379    0.4492    0.5841  -0.323    3
55838.208    0.130373272717   -0.558597596978    0.5173    0.2574  -0.594    7
55853.271   -0.575142523295    0.482000397994    0.3693    0.6543  -0.369   16
55895.231   -0.653475893220    0.436100397394    0.3547    0.3755  -0.273    3
55902.229   -0.611225282873   -0.579898804176    0.1820    0.2804   0.000   15
55930.207   -0.071891957673    0.194799594055    0.1447    0.1919   0.189   19
55951.227   -0.026422288058    0.200300397069    0.1516    0.1865  -0.107   18
55967.272    0.219168768246    1.332802796128    0.5686    0.8555   0.303   18
56021.249   -0.156660335401    0.009500394071    0.1782    0.2428  -0.015   12
56022.268   -1.905300832244   -0.848098807182    0.5556    1.2226  -0.017   17
56030.271    0.614982041416    0.181601997440    0.2682    0.4445  -0.165   15
56051.269   -0.640866721691    0.956199599500    0.3645    0.6243  -0.333   23
56062.208    0.189524127203   -0.447800401560    0.1766    0.3304  -0.353   18
56065.269   -0.372474819004   -2.150798400180    0.2869    1.8862   0.469    3
56078.250    0.639794799841    0.425800796222    0.2317    0.3973   0.019   10
56098.251   -0.168464742113    0.448502393624    0.3636    0.4940  -0.229    7
56119.231    0.412581585651   -0.039898797866    0.3015    0.2189   0.029   16
56132.208    0.393131821686   -0.109097997836    0.1338    0.2282  -0.290   29
56156.271    0.386964062409    0.492400795338    0.9896    1.0340   0.847    9
56177.273    0.588691685016    0.960501604652    1.2030    0.7954   0.664    6
56196.229    0.125142301408   -0.395298002331    0.5928    0.4422  -0.627    3
56203.224    0.018242616739   -0.148597204941    0.2207    0.2859   0.195   15
56212.271   -0.524441790879   -0.985798796194    0.2998    0.4896   0.602   20
56226.271    4.584526495589  -12.496500001191    3.0817    8.2254  -0.978    3
56240.268    0.152639805033    1.194299993301    0.5962    1.6184  -0.360    5
56265.207   -0.455501643948   -0.355197599333    0.3028    0.2902   0.433   12
56273.231    0.023608904916    0.442400394718    0.3423    0.3173  -0.359    8
56303.270    0.263698539161    0.460900795929    0.2678    0.4472   0.011   17
56401.270   -0.061027541153    0.255200404808    0.1672    0.3300  -0.090   40
56427.228    0.406812915065    0.135500404497    0.3469    0.2608   0.449   19
56441.206   -0.294276582962    0.497602803762    0.2839    0.5468  -0.383   20
56450.268    0.002549519826   -1.976399997261    0.5776    0.9501   0.202    5
56464.272   -0.103278151500    0.636901194184    0.2644    0.4272  -0.350   18
56513.270    0.296694171130   -0.977997599705    0.9091    1.0678  -0.801   11
56534.272    0.243041536479   -0.337499999148    0.4204    0.7060  -0.703    6
56541.270    0.301387626148   -2.009498398081    0.2523    0.9976  -0.040   10
56555.270   -0.122995072498    0.503301592403    1.1801    0.6060  -0.807    5
56562.272    0.173296716223    0.000000000000    0.3493    0.3728  -0.235    6
56581.207   -0.399972322630   -0.505497595782    0.4500    0.2637   0.154    8
56626.286    0.779693410195   -1.110297607454    0.5371    1.7664  -0.283    4
56632.269    1.646701424227   -4.565797199518    0.6378    1.9481  -0.180    4
56634.263    0.035410017911    0.804401997812    0.5430    1.5234  -0.095    4
56636.257    0.035142860878   -2.234998797235    0.5304    1.7207  -0.257    4
56638.251   -0.796323203584    8.326702796069    0.5732    2.0100  -0.199    3
56641.243    0.341091918894    3.017401202499    0.5824    1.7777  -0.140    4
56695.271   -0.242639154070    0.781300796859    0.2185    0.4358   0.065   21
56751.271    0.685399694831    1.033502397263    0.3171    0.5087   0.707   23
56814.269   -1.334581313217    0.474101999259    0.6416    0.3978  -0.380    5
56841.272   -0.031518125485    0.148701595037    0.6807    0.4635  -0.549    7
56863.275   -0.165512839879    0.396399597946    0.4984    0.6826   0.048   15
56940.273   -2.850774239351    4.173400799345    0.8109    1.2928  -0.854    8
56968.269    0.077795853634   -0.633200397715    0.3830    0.5001   0.446    7
57001.208    0.921063122583   -0.447300001838    0.1367    0.2043   0.013   48
57003.271    0.912480977363   -1.371297597075    0.4230    0.6282  -0.117   13
57015.270    1.249143396047    0.310701595652    0.2686    0.3948  -0.004    4
57059.271    0.956341117344   -0.291499202376    0.6223    0.4404   0.259    8
57073.271   -0.831060388336    0.920501997825    0.3188    0.4859  -0.233    6
57080.273   -0.362952775085   -0.518000400973    0.2396    0.3140   0.104   15
57087.271   -0.887664925221   -0.096598799360    0.9211    0.4061   0.656    8
57098.207   -0.142444836463   -0.163800007158    0.1880    0.1931  -0.069   47
57101.271   -0.209643430610   -0.377697604392    0.2547    0.2692   0.195   27
57108.270    0.080210148084   -0.270597598728    0.2179    0.4004   0.261   19
57114.274   -0.026557513434   -0.419598001145    0.2375    0.2899  -0.218   21
57122.270   -0.075111108433    0.603701997193    0.3763    0.8100  -0.657    7
57129.272    0.253638795966   -0.372099599133    0.2807    0.2805   0.138   18
57136.273    0.440346246310    0.618400792973    0.4182    0.2538  -0.057   13
57192.270    0.181878769951   -1.522598405757    0.5404    1.2778  -0.128    3
57199.272    0.026557513434   -0.381499197033    0.3287    0.2011   0.228   23
57205.269   -0.351283502256   -0.484898406228    0.3397    0.3680   0.204   10
57213.272   -2.826898268893    2.582902800441    0.4909    0.2183  -0.420   23
57217.209    1.590502563467   -1.437998405152    0.5882    0.4386  -0.378    4
57220.270    1.637044154932   -0.281498395793    0.3275    0.2136  -0.092   27
57227.272    0.121118385831   -0.493797604406    0.2153    0.2897  -0.019   64
57262.270   -0.580106337572   -0.506098804465    0.1543    0.1794  -0.079   42
57266.207   -1.305207122924   -0.824400004262    0.1909    0.2423  -0.066   18
57274.206    0.250554962073   -0.551199597965    0.1412    0.1868  -0.213   54
57276.270   -0.103142926125   -0.430200003620    0.2196    0.2387  -0.132   20
57283.268    0.443162923169   -0.178498802939    0.3402    0.1991   0.166   39
57402.270   -1.339677150643   -2.005199999644    0.4855    0.4993   0.428    9
57407.230    0.278049171982    0.597401999869    0.0960    0.1589   0.326  236
57444.270   -1.970085040448   -3.055899597371    0.3658    0.5379   0.617    6
57479.269   -0.107437200960   -0.646297198159    0.3683    0.4463   0.689   11
57483.206    0.305546675608   -0.256798806220    0.2053    0.1839  -0.168   95
57484.229   -2.793233005991   -0.813798001786    1.0552    1.0497   0.432   18
57486.271   -2.975649383725   -5.932598399738    0.1952    0.2860  -0.022   26
57493.269    2.111995654336   -1.050397196423    0.3030    0.5213   0.058    8
57514.271   -0.562401328616   -2.134098005513    0.3327    0.4155   0.030   40
57626.271  -20.168958749669  -19.541199596063    0.3179    0.6073   0.176   10
57647.269   -0.901075659343   -0.293698799680    0.2061    0.3004  -0.024   39
57654.271   -0.818721667558   -0.513597599650    0.4352    0.3734  -0.115   11
57661.269   -4.324179038846   -1.442498395932    0.2247    0.4871  -0.133   24
57679.207    0.431226584799    1.653299999305    0.5312    0.5204   0.325    4
57744.272    0.622089790885    0.712702792782    0.5927    0.9276  -0.310    3
57773.269 1315.035832285095 1110.464499592467    0.1253    0.3635  -0.050   24
57787.269  512.052320419304 -142.259000406852    0.1386    0.2691  -0.104   32
57801.269   -1.982423852719   -1.448798406045    0.3278    0.3794   0.047   24
57841.228   -0.636842897607   -1.029499199490    0.9332    1.4903   0.739   13
57856.272    2.926693406317    1.446400797533    0.2749    0.3212   0.206   28
57862.208    9.765390033448  -21.807500407078    1.6487    2.2826  -0.938    6
57931.207    2.090398752954    0.503002797814    0.1644    0.3417   0.001   33
57945.207    6.037947125562   -3.941798401286    0.3224    0.6490   0.040   23
57955.270    1.800413151110    4.805200794067    0.4058    1.0270  -0.462    4
57959.207    0.853732505285   -3.025497599651    0.3000    0.8880   0.366   22
57976.272    3.665475376541    2.732500804825    0.2294    0.4868  -0.185   41
57983.270   -0.037019547545   -1.294199998370    0.3574    1.0956  -0.522    5
57990.272   -0.441820550568    0.300401994480    0.1428    0.3135   0.059   39
58025.270   -0.834817055388   -0.332899199407    0.2045    0.4142   0.371   22
58087.498   -0.173026265473   -2.151198003730    0.0603    0.1790  -0.192   99
58089.499   -0.018912156181    2.916702003120    0.1010    0.1762  -0.240   91
58090.496    0.395011710578    0.871599598895    0.0723    0.1472  -0.266  109
58091.497    0.223192683823    0.221302796888    0.0928    0.1508  -0.448   95
58092.498   -0.080206854367   -2.767698006778    0.0846    0.1186  -0.269  154
58093.499   -0.655755053788    1.827701996149    0.0684    0.1637  -0.264   82
58094.496    0.882166796878    0.530002793653    0.0921    0.1310  -0.537  163
58095.497   -0.495469891502   -0.252899998543    0.1186    0.1643  -0.348   97
58096.497    0.169540049172    0.068900392591    0.0556    0.1149  -0.118  137
58098.499    0.218496026580   -0.723297607408    0.0724    0.1346  -0.244  104
58099.496    0.016230704697   -0.006598804703    0.0965    0.2089  -0.304   59
58151.270    0.392597416127   -1.810497607835    0.6476    0.6114  -0.651    3
58164.248    0.318960703445    3.229401603733    0.5454    2.0345  -0.184    4
58221.270   -0.497752254295   -0.761900405166    0.1129    0.1509   0.029  110
58242.272   -0.269061442129    2.484302402195    0.2860    0.7387  -0.164    5
58263.270    7.793695371874   13.350801603451    3.8448    6.2312   0.984    5
58291.271   -4.561857580865   -3.692199595662    1.0926    0.5341   0.484    5
58304.233   -0.337331958126    0.349901995378    0.2324    0.8309  -0.091   15
58333.271   -1.087248704128    1.291302002926    1.9939    0.5756  -0.609    6
58368.269   -0.890211242822   -0.539398797628    0.3926    0.5033  -0.110   10
58459.271    0.201998164849    0.541299600343    0.2617    0.4069   0.168   19
58473.271    0.808665218079    0.379202397482    0.5430    0.6984  -0.241    6
58578.269    0.059150854486    0.524800798019    0.2507    0.2573  -0.163   20
58585.271    0.280733917183   -0.578098797632    0.7095    0.5629  -0.173    7
58641.271   -0.199046171123    0.051001200063    0.2274    0.1920   0.035  127
58659.209    0.136946708120    0.110901598305    0.0819    0.1829  -0.261  229
58673.209   -0.085170760136    0.470300393829    0.0731    0.1565  -0.185  362
58675.251    0.009657269295   -1.560398402489    0.2675    0.2816  -0.206   69
58701.209   -0.071489575265   -0.331898399963    0.2244    0.2956  -0.145   23
58701.209   -0.119640787855   -0.218700002108    0.0663    0.1052  -0.111  468
58753.268   -0.003219059268    0.037101598593    0.1517    0.2688   0.233  103
58813.209   -0.121923150648    0.011300400615    0.0800    0.1187  -0.093  187
58813.249    0.166456123787   -1.610499599281    0.0853    0.1298  -0.564   11
58844.270    0.362550392676    2.805101993886    0.4211    1.1509   0.711    6
58911.250   -0.087449829212    1.156701601701    0.0630    0.1015  -0.054   46
58914.270    1.029173156701    2.579302800143    1.3820    1.4207   0.775    6
58918.208   -0.707798067313   -0.535798797330    0.5587    0.4684  -0.440    9
58939.250   -1.440946592326   -3.163597205003    0.7767    2.4388   0.984    3
58954.207    0.025620816958    0.034102794189    0.1123    0.1900  -0.215   60
58960.208   -2.445973327820    3.884601593995    0.3394    0.6974  -0.896   42
59038.229   -0.160417002452    0.820800003964    0.1720    0.3051  -0.626  228
59081.252    0.100062294457    0.446702399870    0.1040    0.1813  -0.099  202
59152.249   -0.586006939815    3.753900000447    0.2422    0.6212  -0.333    5
59194.249    0.087050740520    0.605199602433    0.0892    0.2180   0.386    7
59206.251   -0.007107749469    2.558199604152    0.1769    0.4284   0.642    4
59228.250    0.388573592043   -0.400499997966    0.2520    0.2991   0.096   26
59236.249    0.037422021446    1.164099600715    0.0706    0.3846   0.143    9
59242.250   -0.241029624437    0.248101200384    0.1068    0.2173  -0.142  267
59256.250    0.272953426047   -0.587199600943    0.9722    2.9291  -0.486   23
59264.267   -0.423980316238    0.124401596224    3.0173    7.9379   0.949    5
59305.270   -0.349403613364    0.180399592864    0.2816    0.4125   0.199   96
59362.271    0.080210148084   -2.172999597860    0.8812    1.5645  -0.436    4
59375.270   -0.254173110032    0.838900801625    0.6693    1.0565  -0.479    5
59383.269   -0.003083833892    1.069902003792    0.7097    1.0843  -0.361    7
59390.271    0.125815043074   -0.194097601991    0.2812    0.3622  -0.222   27
59404.271   -0.192205578687   -1.018897197014    0.2388    0.3412   0.062   45
59437.210   -0.095095186464    0.806101195394    0.3621    0.8565   0.500   10
59457.207    0.004696657243   -0.095900401220    0.1420    0.2392   0.104   46
59494.251    0.433238496841    1.249200001041    0.5800    0.6511  -0.513   42
59555.207    0.421701247162   -0.565398006813    0.2566    0.2965  -0.108   22
59632.209   -0.566962760484   -0.022899595820    0.1716    0.1736  -0.217   96
59667.207    0.044397747764   -0.106999196703    0.1146    0.1801   0.102   45
59677.248    0.123265523248    0.214002000121    0.0884    0.1443   0.018   55
59683.249   -0.442757247044    0.952599599202    0.3273    0.8860  -0.524   25
59691.248    0.372610044379    0.531900002443    0.0433    0.0669  -0.409   55
59703.207   -0.145663987222   -0.661798807755    0.2783    0.2828   0.063   21
59747.248   -1.469245658544   10.251201602784    0.0748    0.1383  -0.207   57
59767.249    0.026155131025    1.820699993971    0.1371    0.6187  -0.189   12
59786.210    0.274295707156    0.890100000106    0.5511    0.9216   0.515    6
59793.208    0.010330102453   -0.479998799108    0.3106    0.3718   0.009   32
59810.272    0.418617321778    0.462301198922    1.0150    1.0852  -0.385    5
59857.207    5.090864097329   -0.120200400033    3.0831    0.4001   0.472    6
59859.249   -0.733550815930   -3.893698803381    0.0725    0.1639   0.128   51
59870.210   -0.046676816840    0.101699998822    0.1069    0.1572  -0.159   74
59968.206   -0.064111466538   -0.054900007740    0.3153    0.3795   0.119   12
59989.208   -0.028836582509    0.067500002388    0.1548    0.2059  -0.251   35
60055.249   -0.441147717410   -0.244800007465    0.1782    0.8260   0.712    5
60075.250    0.878007747419   -0.748897200253    0.4781    0.6899  -0.501   37
60167.249    0.358796927850    0.172400397958    0.0649    0.0958  -0.378   43
60173.250   -0.106362076885    0.271299603583    0.3318    0.4288   0.006   29
60195.238   -0.344040527411    1.299401994004    0.3764    0.5438  -0.673    4
60208.249    0.682315860939    4.231501203833    0.0948    0.1647  -0.229   17
60223.249    0.471867574020   -0.312299997063    0.0847    0.1417  -0.518   26
60230.251   -0.091744104046    1.234000792749    0.1070    0.1609  -0.482   33
