%-----------------------------------------------------------------------------
%                R.A. (mas)        Dec. (mas)        Err. (mas)     Corr. Del.
% Uncertainty in R.A. is in R.A. cos(Dec.)!!!!
%-----------------------------------------------------------------------------
49576.501   -7.046328630798    6.390201596673    4.0026    4.4725  -0.690   12
50303.333    1.169387862472    1.698901192526    0.9624    0.9249   0.310    4
50680.253   -0.034344413809   -1.667897998914    0.9084    0.9294   0.156    4
50722.250    1.953052276397   -0.809499616139    3.9783    2.9219  -0.336    3
51036.087    0.040678410257   -0.134100014293    0.2223    0.2156  -0.448   89
51324.251    1.264103357258    0.638002802589    0.8664    0.6664  -0.280    7
57869.228   -0.014653617253    0.321800391134    0.3075    0.4232   0.006  120
57970.691    0.104559018900    0.225802787668    0.1454    0.1375  -0.033  134
58352.231    0.000000000000   -0.776998817287    0.3065    0.4130   0.509  195
58382.002   -0.546001041215    0.000000000000    0.1726    0.1889  -0.060   81
