%-----------------------------------------------------------------------------
%                R.A. (mas)        Dec. (mas)        Err. (mas)     Corr. Del.
% Uncertainty in R.A. is in R.A. cos(Dec.)!!!!
%-----------------------------------------------------------------------------
52306.248    2.473117046949    0.000000000000    1.2854    3.9747   0.526   13
52409.164    0.088245727608  -13.307900394466    1.0933    4.2369   0.336   14
56878.498    2.303742243434   10.024200017256    0.4791    1.2890  -0.568   36
57775.461    1.551865249387    7.779398399066    0.4081    1.1912  -0.472   25
58143.231    0.000000000000   -5.725299581627    0.9691    2.6912   0.338   11
58386.484   -0.901736909674   19.894798793985    0.5251    1.4084  -0.368   12
58593.332   -1.103021990770   17.366900416960    0.4587    1.0996  -0.558   28
