%-----------------------------------------------------------------------------
%                R.A. (mas)        Dec. (mas)        Err. (mas)     Corr. Del.
% Uncertainty in R.A. is in R.A. cos(Dec.)!!!!
%-----------------------------------------------------------------------------
53561.356   -0.656685066402   -7.004700000834    0.9221    1.5978  -0.118   22
56878.498    1.029087036405   -0.162100803180    0.1772    0.3570  -0.006   80
57970.691    1.481637410591    0.000000000000    0.1609    0.3557  -0.174   87
58142.227    0.913662831129    0.533300399042    0.3604    1.2121   0.245   65
58301.297    0.396168394729    1.234501198866    0.1884    0.4319  -0.151   69
58445.165    0.000000000000    0.386600396496    0.2927    0.9370   0.191   67
58563.250   -1.367686801778    2.563599598204    0.4729    0.9161   0.079   24
58577.250   -0.584209714039   -2.104599604991    0.3697    1.2447   0.320   69
