%-----------------------------------------------------------------------------
%                R.A. (mas)        Dec. (mas)        Err. (mas)     Corr. Del.
% Uncertainty in R.A. is in R.A. cos(Dec.)!!!!
%-----------------------------------------------------------------------------
50631.755    0.092154683232   -1.216299598639    0.2525    0.5172   0.091   80
54482.250   -0.471342435556    3.943000805862    0.6894    2.1524  -0.778    8
54720.251   -0.618137290904   -1.716098405780    0.6881    1.2159   0.612    7
54802.209    0.353646344690    0.061200005064    0.1960    0.2771   0.208   19
54816.209    0.129247939929   -0.046501196493    0.2352    0.2908   0.337   28
54830.205    0.071471568074    1.190901598136    0.2237    1.1503  -0.082   15
54845.228    0.382464370203   -0.044798404986    0.3398    0.5161  -0.146    8
54901.206   -0.410426360806    0.254199605365    0.5212    0.3404   0.349   10
54943.228   -0.606010243210   -1.067000401633    0.2769    0.2991   0.179  164
54949.207   -0.786902573655    0.000000000000    1.3012    0.3409   0.284    6
54965.249   -0.017974884219   -0.533498403854    0.1953    0.3638   0.382  148
55005.208    0.507576348808    0.403599598542    0.8425    0.3333  -0.015    5
55012.206    0.241517351380    1.520899195384    0.2529    0.7487   0.199   15
55040.206    1.660392732987   19.232899202848    1.1348    8.0282   0.530    4
55047.208    0.236381725780   -0.401299205066    1.3364    0.9618  -0.841    6
55054.206    0.704584458441   -0.737899200942    0.6141    0.5448  -0.339    3
55075.208   -0.167909345151   -0.305701205150    0.4136    0.4006   0.198   13
55131.208    0.378040858218    0.059299202348    0.2971    0.4886   0.106   16
55222.206    0.110417118111   -0.083599201162    1.5231    3.8963  -0.884    8
55236.206   -1.521732787994    7.243199998186    1.0701    3.7872  -0.777   12
55271.208   -0.442383991904    0.496400399186    0.5875    0.3771   0.166   11
55342.209    0.481754202205    7.065900005898    0.5584    3.4082   0.646    9
55371.250   -0.874209084638   -0.021200398237    0.3086    0.6962   0.439   39
55657.230   -0.018974645804   -0.127299604458    0.1187    0.3074  -0.312   90
55740.207   15.311601680173    1.086299997155    9.8445    1.3048   0.669    4
55741.230    0.386600331528   -0.709898405660    0.1352    0.4090  -0.015  130
55755.230    1.335704734639    2.437099200847    0.3986    1.5677   0.527    6
55883.269   -0.192160034694   -3.995200803786    0.8480    3.3822  -0.288    5
55957.210    0.245228749750   -0.382798803855    0.2375    0.3284   0.124    3
55995.273   -6.766545898260   -6.782698805807    2.8002    2.5588   0.959    3
56009.273    2.185659821199   -2.626599597022    2.9086    3.1817  -0.956    3
56022.268   -1.601763732068    1.353999600440    1.1974    5.1990   0.248    6
56084.207    0.154070422257    0.018298796078    0.3228    0.2773  -0.013    5
56104.208   -1.159951532949   -0.576899999771    1.1630    1.1812   0.814    3
56106.250    0.224970197546   -0.086799597909    0.1288    0.2715   0.017   85
56125.207   -0.367629091570   -0.392500803059    0.3179    0.2901   0.123    7
56148.247    1.326429741870    0.026100005357    0.7373    2.0083   0.529   16
56153.207    0.208991430652    0.186699602978    0.2462    0.9717  -0.083    8
56156.271    0.169189845706   -0.698601598970    0.5039    0.4074   0.119    6
56226.271   -0.724558768520    0.925599603363    1.1410    1.4977   0.795    5
56240.268   -0.596882382961   -0.879699602763    0.8300    0.8057   0.287    3
56244.209   -0.578907498742    3.540600005181    1.1436    4.6263  -0.866    4
56247.269    1.177495042522   -0.286300800667    0.7658    0.9445   0.759    9
56259.228    0.122112791160   -0.078199194320    0.2241    0.2181   0.258   13
56265.207    0.986478496088    0.379598394318    0.5095    0.2260   0.136   12
56273.231    0.107705481326    0.074800799155    0.2921    0.3424  -0.061   16
56317.270    0.819281361862   -0.924800396263    1.4970    1.6382   0.847    7
56322.230    0.671062181974   -2.640398402320    0.2718    0.4431  -0.643   10
56324.271   -8.302114105993   15.011398805598    4.5116    8.8997  -0.933    4
56342.209   -0.765644259867   -0.375098403538    0.5528    0.3679  -0.153   17
56373.270   -0.943253160742    8.719099196242    1.4107    6.3277  -0.757    4
56385.206    0.417130232240    0.646700395635    0.3371    0.5553  -0.255   16
56391.207   -0.227541416191    0.044701202739    0.2133    0.2676   0.047   33
56475.207    0.599303063240   -0.310100399759    0.7060    0.2390   0.590    7
56506.272   -0.231249408716    0.532400402165    0.6451    1.9345   0.361    4
56545.208    2.596226600145    2.471601598586    0.8924    0.8309   0.766    4
56625.329   -0.069191305935    0.096699595531    0.2186    0.5265   0.186   18
56627.283   -0.452939582538   -1.735898401023    0.2398    0.8304   0.474    9
56631.271    0.183884803510    0.748400394457    0.2370    0.5749   0.271   15
56633.266    0.286598385911   -0.096699595531    0.2308    0.6702  -0.021   10
56635.260    0.323688236763   -1.034099999231    0.2150    0.5981   0.013   15
56637.254   -0.219122361022   -2.001700795518    0.2172    0.6015   0.173   14
56640.268   -0.148794281208   -2.710198798184    0.2849    0.9639   0.433    5
56642.207    0.036377737237   -1.148500801662    0.1940    0.5241   0.206   16
56657.208    0.110417118111   -0.457898397599    0.5423    1.4594   0.532    3
56734.206    0.157350445982   -0.122299201166    0.5272    0.2577  -0.018    7
56737.271   -0.658222923356   -4.668098394234    6.5527    4.0936  -0.217    4
56749.229    0.097577956802   -0.806299206602    0.1114    0.3179  -0.001  111
56770.209    2.140006993883   -2.603700001202    1.5377    1.9442  -0.983    4
56834.248    1.008161372831    0.224899203261    0.1253    0.2957  -0.098  106
56867.208   -0.010130930369    0.095400001499    0.1812    0.3494  -0.138   12
56937.208    1.742279473556   -1.968699596944    1.9514    2.5257  -0.984    5
57007.209    1.556111002061    6.789499202853    1.4965    7.0988  -0.142    7
57036.209   -1.303178716602    1.916499599020    0.4381    0.5357   0.068    4
57052.270   -3.736922651011   -0.217799998836    4.5623    0.5329   0.481    3
57133.209   -2.215617929127    3.195399605715    1.2678    0.7848  -0.489    3
57135.251    0.089586870432    0.365799601809    0.1603    0.3081   0.252   85
57423.269   -0.527406932211    0.606099605704    0.7991    0.3195  -0.284    9
57428.229    0.000000000000   -0.148298397562    0.0767    0.1706  -0.036  147
57518.208   -0.160349633427   34.725499199340    1.4492    6.3874  -0.141    6
57570.271    1.795776060101   14.457599993989    0.4667    1.8799  -0.320   14
57638.207    3.275707837289   12.316100395537    0.9879    3.0481   0.787    8
57646.250    0.558217571894    0.182001600990    0.1023    0.2091  -0.002  197
57666.207    0.413990626655   -0.321098399070    0.6712    0.4022  -0.650   14
57689.269   -1.791496274792   -1.149998394112    0.3169    0.2654   0.036   13
57696.271   -0.745673258324    2.839399205357    0.6150    0.5756  -0.380    3
57721.207    0.602726813640    0.586799997393    0.4599    0.2374   0.027    9
57724.271   -1.119009865588   -0.609998400591    0.2849    0.2454  -0.093   26
57764.207   -0.036665287897   -3.411601203140    0.3289    0.2301   0.154   11
57794.271    0.167765618476   -1.498298394154    0.5353    0.4607  -0.430    4
57850.271   -1.620450827211    0.448401597453    0.3746    0.2087   0.253   20
57868.209   -0.745101562848   -3.383499598897    3.1986    0.7437   0.649    3
57990.272   -1.081776190751    1.220101204069    0.3135    0.2527   0.095   19
58002.208    0.694884902717   -2.198498394534    1.5531    2.4501  -0.942    6
58130.268    8.762610091720   47.829200401850    4.3211    8.6183  -0.925    4
58142.227   -0.677909682774    0.788900401005    0.3083    1.0664   0.085   58
58249.270   -2.131878895219    1.065801603772    0.4649    0.2632   0.234   10
58291.271   -5.389755672274    0.808199996527    0.9895    0.7208  -0.710    3
58324.227   -1.938862922925    2.107501194359    0.4096    1.1073   0.031   44
58445.165   -1.281639663844    0.170701200375    0.2819    0.8172  -0.085   63
58519.208   -3.261872320240   -1.327500004322    3.4066    0.4696   0.679    3
58563.250   -1.897921255563    1.896001205637    0.3667    0.8000  -0.070   23
58577.250   -1.544127778352   -1.840298396871    0.3147    1.0707   0.075   73
58858.270    8.119366173673    2.627099996744    2.1784    0.8195   0.844    5
59058.208   -2.410917472096   -0.133599601781    0.5734    0.4554  -0.396    7
59230.577    3.217359672649   -8.351899204229    0.3263    0.7703   0.065   19
59313.269   -1.143688523930    0.098301603657    1.1227    0.5166  -0.585    3
59487.249   -0.103713343987    1.583398794480    0.8483    1.4907   0.760   12
