%-----------------------------------------------------------------------------
%                R.A. (mas)        Dec. (mas)        Err. (mas)     Corr. Del.
% Uncertainty in R.A. is in R.A. cos(Dec.)!!!!
%-----------------------------------------------------------------------------
50575.751    0.239233428573    0.840398400470    0.4492    0.7616   0.221   63
57011.551    0.535721765756    0.062200798112    0.1507    0.3199  -0.009   90
57373.248    0.796519316014  -14.735901599749    1.2002    3.8417  -0.712   20
58015.324    0.019815792199    1.951300797742    0.3718    0.9437  -0.402   39
58340.948    0.000000000000    0.511099201361    0.2272    0.4063  -0.102   81
58795.122   -2.239196742460   -0.858499198131    0.2221    0.5015  -0.126   76
59332.229   -1.229088648231   -0.597401999869    0.4688    0.3367   0.138   16
59796.290   -0.582927258190    0.000000000000    0.5361    0.4237   0.146   36
