%-----------------------------------------------------------------------------
%                R.A. (mas)        Dec. (mas)        Err. (mas)     Corr. Del.
% Uncertainty in R.A. is in R.A. cos(Dec.)!!!!
%-----------------------------------------------------------------------------
49736.363   -0.223350835434   -0.943898399441    0.3718    1.0424  -0.249   13
49960.334   -1.654712978758   -0.010800000894    0.8350    0.8521   0.179    9
50084.998   -0.179874056772   -0.597398405944    0.1771    0.3526  -0.030  126
50155.831    0.269604443144   -0.669499208072    0.2461    0.7080   0.519  135
50458.831    0.067505237138   -0.048398405283    0.1520    0.2151  -0.101   93
50849.335    0.251409713278   -0.974498408368    0.3874    0.9692  -0.257   19
51575.072   -0.332249376731    1.235498397989    0.1434    0.2689  -0.193  320
51967.168    0.061948168171   -0.113198410645    0.3073    1.7395   0.435   16
52403.251    0.157789037542   -0.387799207147    0.0676    0.1311   0.005  125
53243.249    0.203209255450    0.118299597318    0.0784    0.1342   0.012  117
53332.206   -0.285855733764    0.599900391762    0.4909    0.4283   0.501   13
53503.201   -2.325322120473   -1.372899605201    0.2906    0.5227  -0.146   76
53560.315   -1.389135449363    0.833198393480    0.2294    0.4058   0.001   45
53561.356    3.685148702036   -1.748599204632    0.2721    0.3629  -0.038   90
53572.467   -3.329844197142   -5.537700000957    0.2752    0.4046  -0.009   85
53584.202    0.589906197394    0.531201591514    0.2239    0.3063   0.008   29
53668.206    1.184399449567    2.388801591735    0.6159    1.7371   0.803   22
53703.205   -0.147094815889    0.070898397553    0.2674    0.5207   0.334   18
53915.981    0.543375930041    0.300301198308    1.0261    0.5303   0.011   36
54004.207    0.065005067734    0.229499990212    0.1699    0.2273  -0.038   49
54074.207   -0.031112461280   -0.491400008684    0.1403    0.2336   0.094   42
54112.274    0.069588806388    0.002901589369    0.3710    0.5488  -0.135   28
54383.209   -0.101117962569   -0.098398805903    0.1280    0.1837  -0.023   31
54461.208   -0.132650434876   -0.020998805894    0.1028    0.2029  -0.085   69
54566.250   -0.045420217908    0.180100798275    0.1060    0.2262  -0.028   68
54664.250    2.028215529643    0.231998394895    0.6204    1.0508  -0.403   46
54748.247   -0.064588372833   -0.888901202245    0.2307    0.3100   0.084   27
54767.207   -0.273771486897    0.156398388640    0.2243    0.2719  -0.296   63
54774.209    0.242935685260   -0.034300805396    0.1600    0.3852  -0.232  105
54788.209   -0.052644161224    0.381801598337    0.2936    0.6591   0.408   53
54795.207   -0.164736226469   -0.075898800844    0.2114    0.2929  -0.147  151
54802.209    0.063895018289   -0.370000810790    0.0750    0.2307   0.044  178
54810.208   -0.064728408091    0.255200392019    0.0856    0.1652  -0.224  191
54816.209   -0.206959509557    0.001198797861    0.1111    0.1982   0.428  167
54837.207   -0.000556730158   -0.072500405679    0.0787    0.1657  -0.066  175
54853.249    0.078062739659    0.536198400880    0.0992    0.1826  -0.073  274
54893.207   -0.106675031536   -0.050500800342    0.0933    0.2433  -0.121  117
54901.206   -0.183487686493    0.225799193743    0.1209    0.2509  -0.350   61
54956.209    0.075979265156    0.293000388751    0.4196    0.4106   0.174   57
54965.249    0.139870967319   -1.336399202501    0.1678    0.3351  -0.582  316
54978.208    0.332109341473    0.164401190261    0.1974    0.4769   0.195  141
54985.207    1.116060727882    1.109001594557    0.1284    0.1289   0.200   74
55021.249    0.277938435904   -0.511099207756    0.1892    0.3113  -0.032   49
55042.251    0.356277929953   -0.293900404813    0.1035    0.2500  -0.271  195
55068.210    0.092507215419    0.260899193449    0.2058    0.5991  -0.464   80
55075.208   -0.213073403428   -0.286200004496    0.2232    0.2874   0.581   80
55083.207   -0.336553044870    0.216298799671    0.2036    0.2589  -0.069  132
55145.208   -0.339886604075    0.029098796972    0.7093    0.3676   0.353  153
55152.206   -0.350304071339   -0.354499201194    0.0856    0.1702  -0.066   91
55154.248   -0.012500941767    0.295401591188    0.0774    0.1424  -0.034  154
55168.252   -0.121816177965    0.030801588480    0.0996    0.2553  -0.247  421
55173.208   -0.060978153984   -0.183200411641    0.0942    0.1402   0.005  152
55187.208    0.134317214479   -0.192499200580    0.0842    0.2437   0.168  155
55216.209   -0.136817383883   -0.084801605738    0.1717    0.1735   0.018  190
55222.206   -0.053614175411    0.193899590784    0.1466    0.3629  -0.217  138
55244.209    0.107648456595   -0.015001209874    0.1650    0.2184  -0.125  215
55245.228    0.002500169404   -0.174898802641    0.3404    0.4160  -0.688  101
55257.208   -0.366695397217    0.667198789017    0.1731    0.1898   0.085  161
55274.269   -0.008890722919   -0.589399211037    0.2536    0.4537  -0.498   56
55349.207   -0.219323826939   -0.060199205620    0.0981    0.1687  -0.039  146
55371.250   -0.203072536319   -0.375800408392    0.1308    0.2981   0.197  200
55377.229    0.086396732420   -0.065098799951    0.2801    0.4827  -0.104   45
55379.271   -0.332666071632   -0.667000803389    0.2462    0.4615   0.421   47
55393.271    1.112310473775    0.640400398311    0.2682    0.6175   0.081   61
55397.209   -0.575461721634    1.786100393986    0.4822    1.0831  -0.415  195
55404.207   -0.082646478314    0.103600788748    0.2809    0.2501   0.157  127
55407.271   -0.770753679225    1.222999199513    0.3830    0.7360   0.324   32
55411.209   -0.384613467440    0.487900791768    0.1764    0.3452  -0.399  133
55414.269    0.641993628459   -0.265201211391    0.2947    0.2913  -0.038   67
55418.207   -0.100841208179    0.357400790563    0.2486    0.5768  -0.453   78
55425.209    0.165569616270    0.565599599156    0.2234    0.4671  -0.188   77
55428.269    0.215710197218    0.181000788757    0.3659    0.5016  -0.203   37
55432.207   -0.615464905833    0.178498790149    0.2192    0.3632   0.282  158
55439.209    0.279188520606    0.108698394286    0.2045    0.2992   0.084  261
55442.269   -0.307800812483   -0.295801207528    0.3137    0.4200  -0.284   19
55456.269   -0.024861943023    0.630000000967    0.3273    0.4926  -0.332   34
55474.207   -0.177373887368    0.122101189959    0.2538    0.3802   0.020  135
55498.273    0.286549088308   -0.495698407121    0.3449    0.5684  -0.329   33
55503.208   -0.476427328315   -0.231501601888    0.1547    0.2196  -0.385  115
55505.271   -0.054864260113    0.275000400052    0.4239    0.4730  -0.233   63
55509.209    0.437674323565    0.217799998836    0.1747    0.3372  -0.059  125
55512.270    0.079312919108   -0.709599611071    0.1929    0.5689   0.245   51
55516.207   -0.103341472330    0.185500792327    0.0973    0.1748  -0.041  208
55519.271   -0.120566093263    0.365000394709    0.2435    0.2481   0.090   29
55524.268   -0.919378650331    1.973300396685    0.2235    0.4103  -0.115   63
55533.271    2.394770891603    6.621598795675    0.5648    1.0589   0.392   11
55537.209   -0.113618904336    0.071200798857    0.0841    0.1693  -0.002  174
55538.228   -0.042363318346    0.426599990533    0.0942    0.1501   0.357  241
55540.270   -0.070838891090    0.203000394094    0.2246    0.4065  -0.050   68
55547.271    0.248629473359    0.469101595968    0.2478    0.4980   0.061   96
55560.271    0.430450380249    0.834098396751    0.2486    0.5673  -0.127   80
55565.209   -0.135287228665    0.177800392009    0.0744    0.1887   0.116  301
55568.270   -0.253493187782   -1.288800004318    0.2020    0.6019  -0.041   93
55580.206   -0.802422870664    0.384699593781    0.3174    0.2035  -0.319  351
55586.207   -0.121676237454   -0.007401605728    0.1082    0.2634  -0.018  212
55610.270    0.543099175652   -0.496299603014    0.2826    0.4220   0.025  122
55614.207    0.111258675443   -0.068799609210    0.1104    0.1565  -0.103  336
55615.230   -0.373919340533   -0.061200005064    0.1546    0.1089   0.417  163
55617.272   -0.075145875355    0.361501190582    0.5467    0.7073  -0.304   34
55621.209    0.100284478021   -0.198298810972    0.1608    0.2539  -0.218  129
55628.207   -0.437810947950    0.581000399791    0.1671    0.1892  -0.273  226
55631.272    0.300023455134    0.175100394983    0.3495    0.5624   0.051   37
55638.270    0.053614175411   -1.107000008460    1.2365    1.7620  -0.309    4
55643.226   -0.771727104284    1.544399999887    0.7698    0.9622   0.075   22
55650.228   -0.145428036286    0.112798794305    0.0977    0.1352   0.082  181
55656.207   -0.109731931098    0.058201200659    0.1363    0.2408  -0.185  211
55657.230   -0.004167043753    0.381700789376    0.0576    0.1093  -0.022  294
55659.272    1.510951722074    1.556099991262    0.5205    0.7149   0.366   79
55663.209    0.207792899358    0.456699599738    0.1754    0.2993   0.149  159
55665.247   -0.012224282124   -0.174999611602    0.1041    0.2450  -0.246  100
55670.207    0.203349290708    0.014900400913    0.1253    0.1856   0.137  216
55671.270   -0.220990606541    0.172501194129    0.1974    0.4781  -0.341   64
55678.210   -0.095980904629   -0.148798810073    0.1561    0.4259   0.051  180
55680.270    0.014167816117    0.022100388719    0.4161    0.4094   0.244   46
55684.207   -0.041393209412    0.129898792522    0.1088    0.2127  -0.025  186
55685.226    0.026808793142   -0.313300809296    0.2532    0.5533   0.054  172
55698.207    0.054030870312    0.807400789427    0.1317    0.3843   0.040  126
55708.270   -0.198072197510    0.502898394927    0.4797    0.4827   0.035   46
55715.272    1.544704293270   -0.415000808118    0.9459    0.5413  -0.507    6
55719.206    0.085840097008   -0.722998800029    0.2887    0.3880  -0.422  166
55722.270    0.049863921305    0.859600800140    0.4555    0.5869   0.329   15
55727.208    0.089590351114   -0.141800401821    0.2524    0.2034   0.188  102
55734.228   -0.010140807621   -0.009799201450    0.2239    0.1394  -0.383   93
55740.207    0.185431220485   -0.144601207808    0.3277    0.4826  -0.063  292
55741.230    0.058894584735   -0.059900411031    0.1531    0.3036   0.860  351
55743.268   -0.502262696398   -1.930298404318    0.6795    0.8601   0.285  111
55748.206   -1.954043079348   -4.425501603578    0.1958    0.2649  -0.047   61
55750.270   -0.649217571775   -0.451598400275    0.3891    0.3549  -0.286   87
55755.230   -0.023751893579    0.164901589983    0.1300    0.2189  -0.021  146
55757.268   -0.273354791997    0.190000795897    0.2309    0.4453  -0.113   87
55763.247    0.150568410352   -0.206600407182    0.2135    0.4100   0.022   94
55764.270   -0.862707575358    0.763300795370    0.2752    0.4473  -0.228  116
55768.208   -0.247379388656   -0.073000805401    0.2866    0.7040  -0.215  133
55778.270   -0.029585622189   -0.247600800662    0.3139    0.3952  -0.224   52
55790.207   -0.627409117442   -0.065800804805    0.4199    0.3903  -0.108   97
55792.270    0.627689187958    0.771501595409    0.6140    0.6924   0.142  107
55797.227   -0.005277093198   -0.036000002979    0.5133    1.0167   0.415   70
55799.268    0.202655841418   -0.093499211573    0.3123    0.4373  -0.191  100
55803.206   -0.278355130805    0.020498393383    0.2435    0.2045  -0.294  186
55819.500   -0.106815066793    0.152301595335    0.0553    0.0861  -0.120  305
55820.497    0.023891834090    0.020498393383    0.0557    0.0924   0.005  271
55821.498   -0.115149059554    0.036799197289    0.0594    0.0854  -0.081  329
55822.498   -0.042780013246   -0.070099203242    0.1883    0.1155   0.390  247
55823.499    0.143621221426   -0.096098399638    0.0586    0.0785   0.021  369
55824.500   -0.080699628195    0.257799592873    0.0610    0.1275  -0.377  364
55825.497   -0.047920387312    0.292499989030    0.0729    0.1446  -0.568  307
55826.498    0.075839229898   -0.039398410934    0.0620    0.1102  -0.013  340
55827.499    0.044726863364    0.060998399931    0.0687    0.1032  -0.140  308
55828.499   -0.204042645252    0.089301596518    0.0967    0.1284  -0.595  294
55829.500   -0.009167382562    0.059601590863    0.1031    0.0772  -0.282  296
55830.501    0.091397165975    0.165499191951    0.0504    0.0796   0.037  365
55831.498   -0.128620110254    0.058399199077    0.0827    0.2162  -0.507  346
55832.499   -0.166539725203    0.030700792308    0.0482    0.0695  -0.060  296
55833.500   -0.168763234964    0.116798398153    0.0919    0.2064  -0.071  304
55838.208   -0.297939980631   -0.088300809864    0.0899    0.1319  -0.108  222
55847.251   -0.026252062983   -0.075801611388    0.0560    0.0803  -0.005  392
55853.271   -0.657551469789    0.318398389254    0.2803    0.4703  -0.311  114
55859.206    0.366695397217   -0.097801203935    0.1358    0.1995   0.005  104
55862.270    0.267104273740   -0.006001202735    0.3058    0.3616  -0.193   79
55868.209    0.110008590741   -0.254700005087    0.1107    0.1931  -0.249  119
55869.269   -0.467676640654   -0.452199608958    0.3476    0.4094   0.032   45
55873.206    0.073479095752   -0.467798408010    0.2171    0.2535   0.152   78
55876.270    0.055837685172    0.075398388333    0.4857    0.5901   0.077   71
55883.269   -0.475313867998   -0.639000008107    0.1810    0.4541   0.078  198
55887.206   -0.673246030251   -0.690400798931    0.3922    0.7653   0.634  208
55888.269    0.215710197218   -0.430401608753    0.4865    0.4796  -0.074   67
55889.295    2.095857485913   -3.338200806979    0.8143    1.1014   0.222   11
55895.231   -0.242102295459    0.114299993470    0.2494    0.3440  -0.286  101
55897.269    0.418226098124   -0.020800807476    0.2299    0.2543  -0.070  118
55902.229   -0.410865530423   -0.083498404990    0.1038    0.2221   0.175   93
55904.270   -0.173623633262    0.027500395561    0.1594    0.3197  -0.185   91
55917.270    0.384336807797    1.121698791451    0.2712    0.5232   0.236   97
55923.209    0.204599375410    0.744901190330    0.2127    0.4343  -0.231   75
55925.269    0.197792126995    0.209599198797    0.1708    0.2778   0.075   87
55930.207    0.010417467264    0.457999193770    0.0924    0.1430   0.091  104
55932.271    0.070005501289   -0.067701607520    0.4141    0.4269  -0.243   76
55936.208    0.194738543558    0.003801592641    0.1175    0.1490   0.054   86
55944.207   -0.135703923566   -0.074098807090    0.1057    0.1138  -0.053   83
55951.227   -0.035976175703    0.339098400559    0.1195    0.1731  -0.353   59
55957.210   -0.197792126995    0.404701194157    0.0998    0.1663   0.194  221
55960.271    0.123899652468   -0.114699609810    0.2270    0.3512  -0.119   57
55964.208    0.111675370344    0.053701197089    0.0803    0.1396  -0.077  119
55979.209   -0.643940478578    0.270601192653    0.2633    0.2611  -0.206   69
55985.206    0.916598505158    0.179301591174    0.4381    0.2021  -0.111   98
55988.267    0.030142352347   -0.039099603555    0.3741    0.3426  -0.005   29
56000.207   -0.019584849826    0.312098391930    0.2203    0.3231  -0.142   51
56006.208   -0.006527177900    0.047098798461    0.1340    0.2925  -0.259   55
56009.273   -0.210156444377    0.469799994107    0.1644    0.2711   0.020   62
56013.206   -0.256270111575   -0.159901199481    0.1140    0.1707  -0.018  114
56020.208    0.230711403136    0.076100393187    0.1529    0.1870   0.032  176
56021.249    0.023058444289    0.040899597309    0.1070    0.2152  -0.001   49
56034.208    0.081256358354   -0.053600400918    0.0858    0.1319  -0.088  128
56036.250   -0.555600212166   -0.041799600581    0.1758    0.2578   0.122  243
56044.267   -0.112925549793    0.703198791996    0.3235    0.3460   0.075   96
56051.269   -0.355721199795    1.231199999552    0.2458    0.6021  -0.110  106
56058.267    0.029862376578    0.037900792904    0.1113    0.2040  -0.042  154
56062.208   -0.020278299116   -0.047001609005    0.1312    0.2832   0.004   41
56065.269   -0.070838891090   -0.186800399149    0.1659    0.2914  -0.090   52
56069.206   -0.020974969785    0.015901200356    0.1134    0.2567   0.032   90
56077.209    0.288912633326   -0.374101210809    0.1762    0.2361  -0.453   87
56078.250    0.039726429810    0.043999197885    0.1631    0.3330  -0.029   41
56084.207   -0.180290751673   -0.464000409295    0.1558    0.1929   0.064   76
56086.271    0.044863487750   -0.451501210819    0.1884    0.2896  -0.005   81
56097.206    0.085840097008   -0.225298806811    0.2771    0.2302   0.096   62
56098.251    0.057364524264    0.485701194464    0.3624    0.5021   0.000   19
56100.271    0.647274037783    0.355298395505    0.4223    0.3983   0.089   40
56107.273   -0.231268133294   -0.672199205098    0.1789    0.3313   0.156   77
56111.207   -0.611297862080   -0.892101598993    0.2112    0.2454   0.397   64
56119.231   -0.041393209412   -0.054000004468    0.1189    0.1672   0.026   73
56125.207    0.200155672014   -0.549399604211    0.1009    0.1458  -0.089  122
56135.273    0.186264610287    0.758401201040    0.2060    0.3010   0.017   81
56142.271   -0.286132393407   -0.266000405702    0.1553    0.3371   0.151  114
56148.247    1.525812892735   -0.576799203600    0.8330    0.8894   0.028   20
56153.207    0.093617359610    0.244699198504    0.1083    0.1941  -0.112  128
56168.229   -0.457259173390   -0.051098402309    0.2453    0.4456  -0.266   13
56175.209   -0.285715698506   -0.093301200366    0.0923    0.1293  -0.064  188
56181.207    0.200015636756   -0.489301207551    0.1512    0.2799   0.347  212
56191.269   -0.811313593582    0.005900393774    0.2728    0.2621  -0.101   35
56195.207   -0.121259542553    0.184798800262    0.1144    0.2363  -0.194  182
56196.229   -0.518233916502   -0.109900811651    0.2431    0.1632  -0.044   23
56198.271    0.201682416359   -0.044701202739    0.1446    0.2645   0.069  113
56202.209    0.077506104248   -0.101498406480    0.1071    0.1512  -0.219  135
56203.224   -0.097784308617   -0.099399605347    0.2171    0.2588   0.124   48
56205.269   -0.127926660964   -0.272098810683    0.1440    0.2720  -0.105  154
56212.271   -0.095284139213   -0.546098411291    0.1352    0.2372   0.006  232
56216.209   -0.026252062983    0.362498396100    0.1595    0.2073  -0.364  227
56219.269   -0.087923571511    0.137199589290    0.3220    0.3078  -0.587   53
56226.271   -0.645050528022    0.911998796482    0.3430    0.4687  -0.035   31
56237.207   -0.202932595807    0.310701595652    0.7264    0.6629  -0.293   66
56244.209    0.064031642675   -0.079999200864    0.1427    0.2998   0.191   91
56247.269    0.028335537487    0.224798394299    0.2596    0.4275   0.186   67
56251.207   -0.013334426315   -0.155998810669    0.1076    0.1709   0.052   56
56252.266    0.455729018173   -0.372600011644    0.2034    0.3051   0.029   38
56259.228    0.277798400647   -0.143200804814    0.0957    0.1258   0.022   60
56265.207    0.123899652468   -0.069501601274    0.0994    0.1451  -0.080  104
56268.271    0.037642955306    0.916199992673    0.2003    0.3077  -0.009   64
56273.231    0.237795311194   -0.127299604458    0.1468    0.1718  -0.250   68
56280.208    0.281688690011    0.063500398539    0.1301    0.2507   0.548  217
56280.540   -0.253213212013    2.643998389829    0.9903    1.6256   0.132   16
56288.207   -0.003610313595    0.744001199848    0.3233    0.6599   0.019   17
56295.209    0.346970512134    0.581101195962    0.1534    0.3396  -0.391  107
56296.271    0.087923571511   -0.260701207822    0.3090    0.2902  -0.326   75
56302.251   -0.427673551202    0.628498789013    0.2728    0.2278  -0.711  216
56303.270    0.521290816065   -0.085600800048    0.1905    0.3041  -0.058   98
56308.208    0.060004728925   -0.307299606561    0.1326    0.3030  -0.272   75
56310.271    0.102784742172    0.235198791643    0.2346    0.4241  -0.017   72
56313.540    1.198427230426    0.993099592961    1.2013    1.8747   0.417   10
56315.210   -0.255436721774   -0.234201598914    0.1459    0.1186  -0.049  117
56316.583   27.838153948384   17.656801192345    9.8494    6.1269   0.935    4
56321.207    0.105701606477    0.074800799155    0.1048    0.2029  -0.397  195
56322.230    0.423643131833   -0.626198408327    0.0975    0.1330   0.004  224
56328.209    0.295996541385    0.403199994992    0.1707    0.2216   0.107   91
56331.270    0.231544792937    0.502099200617    0.2059    0.3743  -0.041   60
56336.208   -0.020278299116   -0.078699606831    0.1370    0.1714   0.088  152
56343.228    1.172868521987   -0.449798406521    0.2892    0.5681  -0.135   70
56345.270   -0.252103067822    0.118799997040    0.3633    0.3376   0.309   49
56349.207   -0.297939980631    0.833198393480    0.1067    0.2088  -0.033   81
56352.272   -0.182654296692   -0.042199204131    0.2761    0.2907  -0.191   29
56359.270    0.220710630773    0.113500799159    0.1686    0.2535   0.070   69
56366.272   -0.200989061815   -0.183398410059    0.2526    0.3063  -0.199   42
56370.209   -0.148484935849    0.346201198909    0.2032    0.2524  -0.265  168
56372.251   -0.063198252873   -0.310399207137    0.3936    1.0183   0.437  109
56373.270   -0.088063606769    0.197798398460    0.1321    0.2707  -0.200  193
56378.270    0.046393642967    0.185101188777    0.1369    0.2677   0.153   86
56385.206   -0.232378182738    0.281498395793    0.1972    0.3516   0.509  279
56393.249   -0.074312485553    0.192599996751    0.1045    0.1893   0.035  225
56394.272    0.389337146605    0.382798791065    0.2348    0.3185  -0.239   70
56406.230    1.207037882830   -1.089900010243    0.4437    0.6167   0.215   28
56408.268    0.459479272279    0.006901193217    0.4123    0.5261  -0.005   52
56412.209   -0.098341038775    0.260398793728    0.1729    0.1450  -0.036   66
56415.270    0.218490437137    0.404899192574    0.2061    0.3849  -0.447   31
56418.999    0.474480478197    1.329001190697    0.6982    1.1038  -0.367   28
56420.208   -0.093200664709   -0.115599600292    0.3640    0.3529   0.237  128
56422.275    0.244045734704    0.063899989300    0.5124    1.3326  -0.606    5
56426.209   -0.066115211925   -0.163400403608    0.1842    0.1660   0.150  240
56427.228    0.072088975792    0.032000399131    0.1846    0.1649   0.142  112
56429.270   -0.064865127223    0.140601591170    0.1941    0.4456  -0.064   55
56434.208   -0.628939272660   -0.437000400666    0.3324    0.4120   0.211   57
56436.268   -0.475177243613    0.761299196483    0.4336    0.3763  -0.397   23
56441.206   -0.346553817233    0.205599594949    0.2274    0.4544  -0.272   88
56443.270    0.121119507295    1.241301589516    0.5157    0.5924  -0.427   17
56450.268   -0.580322119931   -0.011401209576    0.3799    0.3180  -0.043   62
56457.270   -0.654911265128    0.393598791959    0.2738    0.3340   0.063   31
56468.206    0.611021202437    0.380401195343    0.2448    0.1751   0.405  266
56469.228   -1.131061933800    0.729500389696    0.3292    0.6986  -0.287  124
56476.270   -0.119036032792   -0.690400798931    0.2987    0.3319  -0.300  151
56477.998   -1.657213148162   -2.370801603035    0.4801    0.8062   0.051  187
56482.206   -0.021111688917   -0.093600007744    0.1084    0.1772   0.206  175
56485.270   -0.324885492904   -0.501199210134    0.3141    0.3420  -0.128   64
56490.208    0.117092498799   -0.085600800048    0.1151    0.1988  -0.052  151
56496.209   -0.030835801637   -0.070898410343    0.1251    0.1967   0.257  186
56497.228   -0.505039525445   -0.775101608497    0.3323    0.4471  -0.123   42
56499.270    0.254046601814   -0.286200004496    0.2578    0.2689  -0.192  154
56506.272    0.106398371893   -0.039700799448    0.2218    0.4138  -0.048   80
56513.270   -0.359471453901   -0.512899201510    0.1690    0.2213  -0.043  164
56517.207    0.156122257939   -0.964501208500    0.1684    0.4250  -0.547   75
56518.270   -0.036392870604   -0.029901610787    0.1594    0.2277  -0.071   30
56524.209    0.093897335379    0.429501592691    0.1574    0.1897   0.120  127
56525.228    0.153068674503   -1.555999207881    0.3236    0.5712  -0.175  106
56527.270   -0.222657480891    0.148899593455    0.2042    0.2372  -0.136   76
56534.272    0.108201775881   -0.192600009541    0.1451    0.2425  -0.191   86
56537.998   -0.005833823356   -2.026299601710    0.2974    0.7894  -0.275   57
56541.270    0.129870194956   -0.821001609097    0.1616    0.4211   0.175  154
56545.208   -1.274266460325   -0.922100399237    0.2649    0.2878   0.357  189
56548.272   -0.281132054599    0.170301596825    0.2535    0.3760  -0.088  151
56553.207    0.219877240971   -0.552099601236    0.1833    0.3024   0.268  145
56555.270    0.045560253166    0.428299200905    0.1456    0.1954  -0.255  114
56566.206    0.291689462374    0.285901197117    0.1685    0.1781   0.132  161
56567.228    6.439394363666    8.633098792643    0.1794    0.4494   0.391  140
56569.270    0.045420217908    0.409499992315    0.1585    0.3943  -0.402  118
56583.270    0.187098000088   -0.177400801249    0.3300    0.2822  -0.415   91
56587.208   -0.305163923947    0.954399592956    0.1550    0.3140  -0.207  119
56590.272    0.012084246867    0.128901599794    0.4346    0.1944  -0.024   57
56596.269   -0.287382478109    0.581799594102    0.1735    0.1811  -0.230  124
56602.208   -0.090563776173    0.005900393774    0.1169    0.1991   0.188  139
56603.249   -0.294329761782    0.203399997645    0.0791    0.1217  -0.183  347
56608.188   -0.142094477081    0.476899198532    0.7392    0.7774  -0.555    4
56609.207   -0.301690329483    0.261500389342    0.1235    0.1674  -0.229  182
56611.270   -0.272938097096    0.751201200444    0.2446    0.4682  -0.563  162
56616.227    0.404058282008    0.414298790474    0.4071    0.4651  -0.176   53
56617.249    3.450826985306   -0.248198402630    0.8462    1.2416  -0.192   56
56617.249    1.195510271375    0.860500790623    0.3699    0.5735  -0.051    7
56618.272   -1.363163456895    1.492898400102    0.3498    0.4885  -0.432  108
56623.272   -3.131771999632   -6.748999209094    0.2401    0.3674  -0.359   39
56625.329    0.621715329344   -1.991800810686    0.3197    0.9348  -0.052   17
56627.283   -1.057026107890   -0.300499209516    0.4783    2.4317   0.599    6
56629.208   -0.222100750732    0.275101196223    0.1066    0.1266  -0.054  183
56631.271   -0.794785643319    2.699899197012    0.3579    0.9198   0.029   15
56632.269   -0.163206165998    0.835599595916    0.1158    0.2426  -0.104  222
56633.266   -0.138760917875    0.632599189032    0.3170    0.7516  -0.295   21
56635.260   -0.312941186549    0.949600794797    0.3326    0.8897  -0.139   16
56637.254    0.221544020574    2.657001594741    0.3309    0.8625   0.050   17
56639.270   -0.205156105569   -0.029098809762    0.1141    0.2214  -0.336  117
56640.268    0.155428808649    0.763801195092    0.4025    3.1180   0.220    4
56642.207   -0.009584077462   -1.086300009945    0.3093    0.8885   0.028   20
56643.208    0.009724112720    0.290800791447    0.0764    0.1266  -0.163  242
56644.227    0.141537746922    2.530000797663    0.5045    0.9794   0.117  241
56646.272   -0.179457361871    0.269798391628    0.1449    0.1589  -0.094  114
56650.206    0.008474028018    0.298400395593    0.1176    0.2383  -0.136   94
56653.270   -0.207376204457   -0.081698411236    0.1435    0.2468  -0.025   74
56661.920   -0.613381431330    0.476999994703    0.2687    0.3801  -0.457   41
56671.208   -0.103758167231    0.138898799662    0.1569    0.1763  -0.485  164
56677.998    0.583655679137    1.820300390420    0.4818    1.0824  -0.309   60
56679.207   -0.163346106509    0.257000398562    0.1788    0.1380   0.067  152
56686.209   -0.525874554719   -0.099000001796    0.1887    0.1608   0.268  102
56687.250   -0.105148287190    0.254800788468    0.0713    0.1050   0.003  200
56692.206   -0.160012547303    0.124801199775    0.1114    0.1290  -0.092  114
56695.271   -0.395864324505   -0.001699210372    0.1281    0.2753  -0.330  108
56707.229    0.631439442064   -0.163900803329    0.3486    0.3218  -0.159   67
56714.227   -0.124316442115   -0.372801603987    0.8226    1.0529  -0.587    4
56716.269   -0.081533017997    0.369100794728    0.1806    0.1799  -0.052   49
56728.209   -0.178904042585   -0.247298399358    0.1574    0.1594   0.154  110
56734.206    0.099731158735    0.211701593855    0.3326    0.2420   0.004   25
56737.271   -0.048893812371    0.003898794887    0.4232    0.5222  -0.249   25
56743.250   -0.204459340152   -0.654501604913    0.0682    0.0895  -0.001  318
56744.269   -0.090700400559    0.106498796981    0.1480    0.1660   0.042   43
56748.206   -0.169319965123    0.097898393392    0.1612    0.1980  -0.374   95
56750.270   -0.132093704717   -0.488199599147    0.7308    1.6634  -0.360   20
56756.227   -2.727713717624    1.091401196618    0.4199    0.5226  -0.076  103
56758.272   -0.235711836690    0.503499590820    0.1733    0.3220  -0.464   67
56762.206   -0.055561025529   -0.105901207803    0.1021    0.1266  -0.028   69
56763.273    0.109315236197   -0.015598799052    0.1861    0.1910  -0.075   38
56770.209   -0.288632657558    0.060998399931    0.0857    0.1724  -0.138  176
56771.250   13.728715385154  -13.328398800638    0.1804    0.2766  -0.108   79
56800.269   -0.764226501325    0.355298395505    0.3971    0.2776  -0.609   37
56807.271   -0.186264610287   -0.092901609605    0.4490    0.4240  -0.237   20
56809.214   -0.194875262690    0.062600395268    0.1270    0.1828  -0.085   84
56811.208    0.200989061815    0.295498793434    0.1515    0.1691   0.398   65
56814.269    0.100564548536   -0.142898403510    0.1944    0.1942  -0.251   66
56817.881   -0.522540900767    0.887299194119    0.1914    0.2596   0.218   36
56821.271   -0.530734953016    0.299300398865    0.3214    0.3423  -0.249   20
56834.248    1.225512683211   -0.080100009825    0.1004    0.1107  -0.284  314
56835.271   -0.071948940534   -0.250401606650    0.1702    0.3158   0.016   60
56841.272    0.174457023063   -0.598600810520    0.3534    0.3316  -0.334   15
56848.248    5.813232014800   -0.667699201529    3.0738    3.6623   0.410    6
56849.267    0.039029759140   -0.492699602717    0.1644    0.2408  -0.305   29
56853.208   -0.036809565505    0.860299198280    0.3255    0.4355   0.040   10
56856.269   -0.332109341473   -0.036100799150    0.2974    0.2805  -0.188   19
56860.206   -0.095007479570    0.092699991683    0.1348    0.1624  -0.217   41
56863.275   -0.570184628436    0.227401189079    0.3733    0.4636  -0.324   30
56867.208   -0.002500169404    0.486899992325    0.0949    0.1896   0.035  111
56870.269   -0.184041100525    0.418499999455    0.1780    0.3319   0.118   61
56874.206    0.532958368031   -1.731499206414    0.4569    1.4068   0.618   19
56875.043    0.033752665942   -0.340099200002    0.2148    0.2677  -0.098   76
56877.271   -0.204322715767    0.009698392489    0.2754    0.5103  -0.331   24
56878.498   -0.586572638188    0.463201189405    0.1571    0.2319   0.007   81
56884.269    0.053337515768    0.120499194622    0.1867    0.3066  -0.328   40
56888.207   -0.099034393319    0.080398791624    0.1625    0.1884  -0.139   28
56895.208    0.013891061727   -0.017899205318    0.1299    0.1579  -0.189   64
56898.269    0.324885398158    0.229899593762    0.3875    0.5198  -0.377   10
56905.271    0.217517012078   -0.134200810464    0.1775    0.3503  -0.183   51
56912.269   -0.011390892323   -0.293698799680    0.2343    0.3486  -0.131   67
56916.207   -0.653384520782   -0.232498807407    0.2184    0.1904   0.040   28
56919.271    0.522264241124   -0.276598801463    0.7795    0.5705  -0.368    8
56926.269    1.536786995410   -2.840198399667    1.9248    1.8366  -0.938    4
56932.270    0.009584077462    0.181699199686    0.1891    0.2888  -0.046   38
56940.273    0.170013319667   -0.578300402765    0.2163    0.5836  -0.450   35
56944.207    0.677136414361    1.312099190898    0.5927    1.1317   0.093    3
56947.271    0.505872915246    0.184201198294    1.0086    1.0726  -0.784    5
56951.208    0.933546466448    0.595900800704    0.2625    0.2761  -0.089   23
56952.271    0.947714187818   -0.455198400573    0.9910    0.5325  -0.276    4
56958.207   -1.116060727882    0.130399192244    0.8155    0.4423   0.003    8
56961.271    1.340244953117    0.993099592961    0.8112    0.4703   0.405    4
56982.269    0.378222913925    0.191998800858    0.2400    0.5108   0.060   40
56987.270    0.339609944432   -0.171500407475    0.1443    0.2536  -0.042   74
56988.997    0.477537377760    0.110998800551    3.7085    8.4398  -0.969    3
57001.208    0.843259349918   -1.296201610046    0.1492    0.2255  -0.011   79
57009.250   -0.204182680509    2.163898794549    0.5206    0.4885  -0.137   10
57010.269    1.278573444589   -0.707198408634    1.4935    1.2136  -0.340    3
57014.207    0.094173995022    1.356299993915    0.4073    0.7473  -0.243   11
57015.270    1.740552981019   -1.209200407004    0.1481    0.2224  -0.096   45
57028.207    3.638061609779   -2.628900003288    0.8589    1.3358   0.401    6
57031.271   -0.745058346400    0.548798395528    0.3450    0.4427  -0.452   17
57038.269   -0.770477019582   -0.205898402328    0.2672    0.2262  -0.240   53
57049.209    0.745058346400    0.703299600957    0.2294    0.4113  -0.228   21
57059.271    0.296413236285   -0.302900399163    0.2594    0.4188   0.229   16
57063.209    0.135287228665   -0.254199605365    0.3276    0.3586  -0.275    9
57066.273    0.257103501377   -0.298900808104    0.3317    0.5375  -0.511    4
57080.273   -1.283573878144   -0.377398809803    0.8878    0.4401   0.489    5
57085.208    0.459342647894   -1.237298404533    0.3167    0.2769  -0.460   16
57098.207    0.227794538831   -0.381398400862    0.2905    0.3467  -0.360   12
57105.209    0.325858823217   -0.233200799471    0.3999    0.4940  -0.502    3
57108.270    0.385586892499   -0.886499999808    0.5487    0.4336   0.025    6
57114.274   -0.175013753221    0.551199597965    0.3154    0.3819  -0.117    8
57121.251    1.224819233921   -2.304399602338    0.6474    0.5673  -0.277   15
57122.270    0.215573572832    0.790199995038    0.6526    0.5552   0.199    5
57129.272   -0.769366970137   -2.565100810159    0.5012    0.7141   0.454    6
57136.273    2.426163328652    0.033501598296    0.3624    0.2532  -0.059   16
57150.270   -0.925349192819   -3.258500400705    1.1503    1.5036   0.907    4
57164.270    0.005277093198   -0.879199203041    0.3586    0.5620   0.264    6
57177.583  736.998006977734    1.098399592081   79.6585   56.4370  -0.160    4
57199.272   -0.730613870640   -0.508399210730    0.3417    0.2036   0.165   29
57205.269    0.085283366850   -0.071798400825    0.3752    0.2533  -0.507   19
57213.272   -3.329427502242    2.845000791751    0.3035    0.1941  -0.373   40
57219.251    0.459202612636    0.031701591752    0.1689    0.2363   0.038  118
57220.270    0.386836977201    1.670799601072    0.3950    0.1936  -0.210   34
57227.272    0.405171742325   -0.266900408974    0.2309    0.2684   0.070   50
57234.270    0.978826649098   -0.690098410416    0.7464    0.2414  -0.330   11
57241.268    2.572561473871    1.656799190641    1.0011    0.6440   0.673    6
57246.206    3.482772836387   -1.882900811268    0.1982    0.2524   0.069   34
57260.228   -3.726401876191   -3.124699206580    0.4797    1.0636   0.410    9
57261.251    3.775019028919   -4.458999607948    0.4542    0.4981  -0.082   38
57266.207   -0.786034955658   -1.013601605848    0.1338    0.1454   0.078   82
57269.272    0.358638064100   -1.125601205842    0.1783    0.2048   0.103  116
57275.229   -0.848676478373    0.251899199100    0.1107    0.1660   0.034  203
57276.270   -0.032225826851    0.087400793802    0.1695    0.1502   0.323   96
57280.207    1.524842783801    0.271699194343    0.2108    0.2076  -0.018   22
57281.584   60.105958215045  102.668601594758   81.9496   63.9500  -0.086   25
57287.206    0.051393981776   -0.788799604834    0.1408    0.1083   0.205   72
57290.270   -0.586989333089   -0.559101603415    0.1645    0.3132  -0.062   69
57301.209    0.582268970049    0.376801195046    0.1247    0.1363  -0.054   70
57304.241    0.451842044935   -0.333399599128    0.1659    0.1210  -0.156   39
57311.272   -2.255453338316   -1.946599208225    0.5122    0.2876   0.231   11
57318.270   34.319494935495    1.224899989438    2.6557    0.6249   0.384    5
57324.249 -158.843415865778   61.772299198992   47.6488   34.6325  -0.152   30
57325.268    0.713665909351    0.400798792555    0.6795    0.3556   0.622   15
57330.206   -0.128760050765   -0.093600007744    0.2962    0.1662   0.257   30
57330.583  -73.044888390435  187.568899190182   50.2081   35.3493   0.077   30
57332.270   -1.073557469025   -1.830999607932    0.2269    0.2843  -0.152   23
57337.227    2.781744587936    1.260201594278    1.2280    0.8808   0.529    6
57339.268    1.867646252182    1.948298393017    0.1275    0.1233  -0.006   47
57343.209    1.893341679753   -0.382600805438    0.1022    0.2336  -0.207   87
57350.208    2.513390229494    2.201101189314    1.9551    0.7027   0.918    9
57350.584  103.065713346799   84.283801199092   57.9869   32.2602  -0.022   30
57351.270    0.071672280891   -0.380599206551    0.0982    0.1223  -0.237   22
57352.626  284.396720626262 -115.282800010164   56.9668   43.9125  -0.148   28
57359.251    2.052104047608    0.494200789092    0.0814    0.1039   0.052  154
57360.833   47.740266251529  -47.631398409465   64.7640   52.6339   0.095   13
57361.647  109.501077385843   58.191598790813  135.4510  178.4514  -0.493    4
57365.227   -1.188566398574    2.126498388577    1.4171    1.8245   0.779    6
57373.248   -0.818397406894   -0.436201206355    2.1479    2.4713  -0.499    6
57374.270    0.752418914101    2.326499991057    0.4685    1.0473   0.555    3
57385.209   -1.289684361143    0.187401595042    0.3786    0.4428  -0.246    3
57392.208    1.538870564660    0.032500798852    0.1715    0.2283  -0.067   34
57395.272    1.001468398486   -3.685701599920    1.1712    0.8319  -0.841    3
57402.270    0.876735356217   -2.334700803885    0.2759    0.4045   0.206    7
57416.270    1.051609074180    0.264499193747    0.1611    0.1919  -0.147   31
57437.269   -0.446008316325    0.725198397333    0.3462    0.3149   0.377   12
57441.206   -0.195988723007   -1.804701604158    0.1176    0.2144   0.017   29
57448.208   -0.094314030279   -1.595199607607    0.2092    0.3067   0.496   24
57455.206   -4.632446194954    1.021798799172    0.5912    0.4765   0.469    7
57462.208   -0.322525264011   -0.827398808667    0.2304    0.3850   0.345   12
57469.206   -0.344887037630   -0.334400411361    0.1777    0.3005  -0.003   22
57471.270    1.976544793478   -0.788698808663    0.6486    1.6123   0.029   10
57477.209    1.804168023539   -0.793699199164    0.1835    0.4380   0.112   34
57479.269    0.431143734792    0.491698790483    0.2037    0.2026   0.044   27
57483.206    0.315441355953   -0.413899199714    0.2061    0.2006  -0.231   57
57486.271   -0.026252062983   -1.261900804650    0.3247    0.3341  -0.376   13
57493.269    1.470115148074   -2.186100005019    0.1647    0.3483  -0.109   25
57497.206    0.637826584706   -1.323698411682    0.1574    0.2024   0.135   74
57500.271    3.609309377392    0.286099195534    0.2151    0.3078   0.390  121
57507.269   -1.106753404809   -1.549400403178    0.1815    0.2282   0.351   30
57514.271    2.027102069327   -1.682899208788    0.3541    0.4060  -0.233   27
57526.207    0.396140984148    0.284698792541    0.1551    0.2790  -0.044   35
57532.208    1.109810304371   -1.568800807661    0.4107    0.7629  -0.253    9
57540.207   -5.938938576875    3.376299598301    0.4327    0.3102  -0.296   69
57549.269    0.037919614949   -1.071698403621    0.3704    0.3077   0.235   12
57556.271   -3.229976319275   -0.163198811265    0.2686    0.3075  -0.093   18
57560.208    0.566851069231   -0.358801206346    0.2684    0.3034   0.188   15
57562.250   -0.472537038951    4.181500790423    0.7751    2.8142   0.232    4
57568.229   -7.149726713811    0.059500794691    0.5174    0.2926   0.286   31
57570.271    1.314269644524    2.210299194871    0.1343    0.3162   0.273   52
57574.208    7.799360885741    3.877801196950    0.5483    0.3118   0.233   10
57584.271   -1.647769105957   -2.278400405942    0.1468    0.2506   0.156   32
57591.269   -0.044586828107   -3.780799200115    0.2057    0.2634  -0.123   51
57596.229    7.472945332366    5.010901197977    0.7155    1.6990   0.858   39
57598.271   -0.083339832857   -6.071500806115    0.3531    0.5215   0.346   12
57605.269    1.106336615162   -4.279399209395    0.4030    0.4774   0.259   11
57612.271   -0.325998858474   -4.366598410854    0.1547    0.2318   0.037   43
57617.209   -2.027798834743    0.383799590509    0.3844    0.5440   0.164   13
57619.269    0.063061628488   -4.581601210418    0.2722    1.0445  -0.719   22
57623.206    0.889929747274    1.091098795314    0.2518    0.2842  -0.151    9
57624.229    0.782421325937   -1.102298399758    0.4162    0.7688   0.232   21
57638.207   -0.340166674591   -0.147700808384    0.2012    0.3754   0.282    9
57640.271   -1.056472788603    0.794498393475    0.1202    0.2146   0.174   43
57647.269   -0.569487957767   -0.292399205648    0.1740    0.3081  -0.206   42
57654.271    0.597130140710   -0.783201599575    0.2309    0.2774  -0.070   18
57666.207    0.306414008649   -0.611999999478    1.0930    0.4129  -0.536    5
57668.271    4.472433647650    0.804700792401    0.3710    0.5919   0.142    8
57674.228   37.571136357720  -48.653499609941    1.2076    1.1268  -0.097   95
57680.229    0.260853755483   -2.462000408343    0.5119    1.1041  -0.077   20
57686.208    1.074667518469    4.887100797646    0.2837    0.4117  -0.361   22
57700.208    2.549226369940    1.946199591885    1.1860    2.4585   0.715    4
57703.269    1.681381736642    1.758099598703    0.3239    0.2756  -0.142   10
57710.267    0.934933270282   -2.121501604790    0.1454    0.1530   0.082   72
57715.271    0.049447226404   -0.619700399795    0.1632    0.1625   0.191   35
57728.208    1.536230359998    1.403200793959    0.1733    0.2120   0.221   15
57729.228   -0.934239820992   -0.832399199169    0.4399    0.3254   0.131   13
57731.269    0.433367244554   -0.857098801532    0.0640    0.0668  -0.002   70
57736.229    1.709993933771    4.240900788943    0.6123    0.7489   0.686    3
57750.207   -0.278215095547   -2.931199206557    0.3636    0.7936   0.363   11
57764.207    0.006943872801   -2.184501603608    0.4743    0.3331   0.238    3
57766.271 3369.060431134891 1212.079798794718    0.1445    0.2980   0.134   54
57780.271 2540.787080992751  957.267298798570    0.1138    0.1342   0.222   89
57794.271   -1.744996684415   -1.620601202035    0.1497    0.1280   0.023   56
57801.269   -1.880980678497   -1.649599202835    0.1846    0.1439   0.084   60
57806.208   -0.603797259121    0.102599989305    0.2455    0.5089   0.306   28
57808.271   -0.747281856161    1.524801596986    0.3445    0.2801   0.257   21
57815.269   -3.389988866579    3.879899998083    0.4636    1.2917  -0.575    7
57819.207    0.006110482999   -4.950900003564    0.1846    0.3242   0.159   29
57836.271   -1.092585588692   -0.064501210773    0.1222    0.1851  -0.017   83
57841.228   -0.727140276177   -1.354399203990    0.4681    1.2845   0.542   21
57843.270   -1.768055128704    2.432098797556    0.2463    0.1659   0.207   40
57847.207   -1.144949679401    1.141199992105    0.8366    0.2348  -0.345    6
57850.271   -1.230236362376    0.700700400103    0.1480    0.1542   0.049   41
57854.209   -0.724640106773    0.087501589974    0.1700    0.3566   0.212   82
57856.272    2.939813601247   -2.411899211552    0.1439    0.2298  -0.164   28
57863.227   13.012409271141   -1.382900398994    0.4204    0.3888   0.046   21
57878.271   -0.104174862131   -0.874501201054    0.0997    0.1390  -0.082   71
57882.209    0.104731497543    0.437601596559    0.1821    0.2187  -0.121   15
57885.270    1.939041873430   -1.792000800549    0.2217    0.1797   0.171   40
57896.209    0.569487957767   -0.154800000018    0.1947    0.2789   0.014   18
57899.270   -1.530536571900    2.368900800320    0.1860    0.2470  -0.102   29
57904.208    4.660225002282    0.239698795212    0.2982    0.3111   0.238    6
57906.271    1.939458568331   -1.110700804929    0.3207    0.2088  -0.038   12
57913.270    0.281132054599   -1.769799602869    0.3185    0.3723  -0.193    5
57914.628    0.717832858358   -1.255500011155    0.1458    0.1868   0.389  220
57919.271   -0.470870259348    0.318999597937    0.1866    0.1687   0.009   30
57920.301   -0.409198750820   -0.584701209050    0.1359    0.2241  -0.136   81
57925.228   10.050647275050    0.506700000358    0.4517    0.3910   0.144   32
57927.270   -0.842009265216   -1.104199202473    0.0995    0.1483  -0.003  105
57931.207    1.000078373273    1.306101594878    0.1241    0.2040   0.062   66
57934.272   -0.923545694085   -1.606399199261    0.8430    0.4109  -0.737    3
57938.209   -0.786451650559   -0.720601204307    0.1721    0.2060   0.245   38
57941.270   -0.092367274908   -1.843401604162    0.0995    0.1568   0.048   99
57943.713    0.537682141943    0.164199597918    0.1587    0.2539  -0.391   48
57950.916   -0.024861943023    0.186001192048    0.1481    0.2249  -0.273  107
57952.187    0.174040328162    0.167399994666    0.1697    0.3121  -0.091  224
57962.272   -2.442968033305    7.413699593428    0.2110    0.2325  -0.113   31
57973.207   -0.325025433415   -0.543200403058    0.1710    0.1480  -0.093   61
57976.272    1.885841076794   -1.411099205484    0.3176    0.2741  -0.221   14
57990.272   -0.893680001381   -0.292500001819    0.2114    0.3358  -0.183   12
57994.209   -9.267392559311   -2.445098408543    6.9307    1.8221   0.993    3
58002.208   -7.311129381075   10.339700398276    1.4106    2.1073  -0.971    6
58004.268   -0.690470745930   -0.841701607612    0.1752    0.1434   0.096   26
58010.244    5.420564625115  -19.815098400500    0.8591    2.4755  -0.075    3
58011.270    1.638461688138   -6.872101211286    0.1124    0.2016  -0.169   36
58025.270    1.685965380549    1.261400392139    0.3080    0.3721   0.466   21
58029.207    2.659515031196   -0.245599201776    0.3333    0.1681   0.066   12
58031.249    0.701581662484   -0.655801198945    0.6005    0.4077   0.255    7
58032.268    0.819647491596   -2.358201608388    0.1116    0.1457   0.042   45
58037.206    0.677276354873    0.271198794621    0.0967    0.1118  -0.007   53
58039.270   -0.316691440655   -0.106200002392    0.2905    0.1795   0.119   23
58046.268   -0.902294064656    1.390100399590    0.2848    0.2234   0.426   31
58053.270   -0.401838183119    0.791301590652    0.2359    0.1991  -0.057   23
58060.272   -0.119036032792   -0.046501209283    0.3776    0.2166   0.057    7
58064.209  -11.021696661546    1.495198793577    2.1295    0.2498  -0.080    5
58067.270   -1.045638626439   -3.931700405246    1.0946    0.3497   0.473   21
58071.207   -0.763253171012   -0.369100807518    0.2207    0.1547   0.055   15
58082.022    4.704258511103  -17.000398810296    0.6878    2.8002  -0.631    5
58085.500    0.751308864657   -0.982400401028    0.0677    0.1095  -0.049  235
58086.497    0.039446454041   -0.062499599096    0.0568    0.0950   0.024  299
58087.498   -0.081256358354   -1.510599607002    0.0457    0.1328   0.140  198
58088.498    0.175290412864    2.199801595282    0.0654    0.1852   0.271  170
58090.496    0.574071601674   -0.044200803018    0.0468    0.0826  -0.157  294
58091.497    0.323218618555   -0.223898403817    0.0387    0.0904  -0.184  233
58092.498   -0.468093335555   -3.182799611068    0.0407    0.0941  -0.100  234
58093.499   -0.416282658879    1.169301596349    0.0484    0.0892  -0.274  232
58094.496    0.654357945841   -0.938599201561    0.0582    0.1410  -0.477  210
58095.497   -0.568934543734   -0.582800406335    0.0750    0.1708  -0.236  245
58097.498    0.020834934528   -0.859798811348    0.0452    0.0889  -0.234  239
58102.268   17.842647593090   11.068401593661    1.3003    0.4322   0.845   13
58106.209   -1.759721135944   -0.041299200859    0.8726    0.2397   0.179    9
58109.000    0.373085855985   -2.843398809205    0.8806    1.6868  -0.067   14
58116.268   -3.184276125598   -4.774798809137    0.4218    1.0874   0.840   15
58129.249   -0.133760484320   -0.190800002997    0.6373    0.4168   0.314   27
58134.209   -0.029308962546    0.469501199518    0.1991    0.1721  -0.049   30
58141.208   -0.609214387576   -0.496900798908    0.1752    0.1506  -0.155   20
58149.228   -1.641655306832   -0.082699210679    0.3273    0.2714   0.049   29
58165.270   -0.070562231447    0.436201193565    0.0956    0.1139  -0.050  227
58169.208    0.279048485349   -0.199501202758    0.2693    0.1382   0.069   35
58197.208   -0.639910153956   -0.573998410403    0.0911    0.2818   0.173   53
58198.227    0.013057671926   -0.678898805972    0.5297    0.3127  -0.038   38
58200.272   -0.096534223915    0.446698793155    0.1370    0.1667  -0.014   52
58204.206   -0.004027008496   -0.743299207784    0.2125    0.2303   0.273   14
58205.269   -1.252598135996    0.870400801034    0.3774    0.5656   0.014    5
58213.231   -0.179737432387   -0.078598810660    0.1024    0.1323  -0.175  323
58219.229   -1.846951352912   -0.358898408592    0.9463    0.2905   0.219   15
58232.210   -0.965492317530   -0.152701211675    0.2490    0.2381   0.063   33
58241.209    0.080563003810   -0.429199204177    0.2316    0.2833  -0.372   20
58247.207   -0.024028553222    0.107899199975    0.2124    0.2826  -0.217   19
58253.208   -0.542682480751   -0.896601602562    0.1808    0.3727   0.479   73
58263.270    0.191958398385    0.839300392386    0.2342    0.2354   0.226   34
58268.209    0.482814470957   -0.854899204228    0.2046    0.2024   0.136   29
58277.271   -2.740214659391    0.683600389095    0.3510    0.2493  -0.011    8
58284.269    1.071750654164   -0.650199599761    0.6024    0.3569  -0.096    4
58288.206   -0.470593504959    0.029901597998    0.2670    0.1598   0.008   17
58304.233   -0.325582163574    1.544698794476    0.2265    0.8359  -0.202   17
58310.227    0.547959573949   -3.709299606669    0.3046    0.5711  -0.504   10
58312.269    0.335999630837   -0.345999606566    0.5236    0.1879   0.134   27
58316.206************************************    0.6410    0.4213  -0.155    3
58319.271   -0.362111658563    1.299398400079    0.3097    0.5779  -0.289   18
58323.208   -0.109175200940   -0.329500804241    0.3115    0.2888  -0.081   12
58330.206    0.589352783361   -0.146401201562    0.3457    0.2094   0.294   14
58330.955    0.292522946922    0.052898396063    0.1610    0.2551  -0.046   63
58340.948   -1.861395828671   -2.079298806734    1.3905    1.4748   0.733    3
58347.271   -0.072229011050   -0.161398804721    0.3169    0.2245   0.113    9
58358.206    0.108201775881   -0.855900003671    0.5121    0.5278   0.195    4
58363.696    0.374889354720   -0.221101204545    0.1281    0.2139  -0.148  100
58368.269    0.955908240067   -0.655200003052    0.2842    0.4357  -0.328   17
58375.271   -5.838790723240   -1.304798406920    0.4887    0.9163   0.031   10
58380.227    0.643660408062   -2.315700002953    0.3236    0.2341   0.105   35
58396.269   -0.403224892206    0.228398394597    0.2025    0.1687  -0.073   53
58407.208   -0.596296750908   -0.680400005137    0.1525    0.1315   0.163   61
58421.208    0.388087061903   -0.431301599235    0.2024    0.1538   0.054   24
58422.271    0.081949712898    0.466801189702    0.2825    0.3333  -0.068   19
58425.726   -0.186124575029   -0.555998408913    0.2444    0.3883  -0.753  109
58428.206   -0.207656274973    0.032698797270    0.3005    0.2235  -0.101    5
58435.208    0.660885123741    0.087501589974    0.5005    0.1832  -0.179    9
58438.269   -0.043196708147    0.062200791717    0.1746    0.1736   0.050   59
58440.833    0.006807153669    0.018298796078    0.0997    0.1377  -0.080  135
58449.208    0.061254813627    0.283600790851    0.1444    0.2970   0.053   27
58452.269    0.229878013334    0.404701194157    0.3599    0.2897   0.402   47
58456.714   -0.190291618782   -0.032698810060    0.1158    0.1790  -0.179  100
58459.271    0.506706305048    0.357901190284    0.2082    0.1893  -0.315   34
58486.208   -0.307384117582    0.078098398149    0.2691    0.2652  -0.071    6
58491.208    0.548099609207    0.220499995862    0.6059    0.2258   0.393   20
58498.207    0.113758939594    0.584100000367    0.2573    0.3650  -0.459    5
58504.916   -0.357944709556    1.070398796799    0.3878    0.4893   0.194   39
58505.161   -0.016667985521    9.264700788947    0.4411    0.3520  -0.236   83
58506.209    0.124316442115    0.178498790149    0.5363    0.2927  -0.652    4
58508.269   -0.094730725180    0.475801196842    0.1527    0.1706   0.154   60
58512.207   -2.080439679841    2.178601197045    0.4556    0.5113  -0.818    5
58515.271    0.035696105188   -0.421498803860    0.2584    0.2380  -0.094   17
58534.209    0.024861943023   -0.186800399149    0.1974    0.1736  -0.213   10
58547.209   -0.118899313660    0.230101198895    0.2262    0.2728  -0.365   12
58554.207   -0.143621221426   -0.191498401136    0.2374    0.1860  -0.196   12
58557.271   -0.857150506391    1.881399599313    0.6588    0.8658  -0.484    3
58561.209    0.571571432270   -1.259100011453    0.8738    1.0447  -0.921    4
58562.228    0.144454611227   -0.008798402007    0.2725    0.3453  -0.228   37
58571.271    0.363221802754    0.166298399051    0.3431    0.1801   0.078   12
58575.209    0.417672684092    0.022100388719    0.0999    0.0921  -0.065   75
58589.209    0.887292858738   -1.756198808778    0.1971    0.4860  -0.670   30
58589.249   -0.010277432006   -0.418201204866    0.1013    0.4240  -0.253   13
58591.269   -0.119592668204    0.258699596145    0.3188    0.2585   0.170   13
58603.209   -0.492398548420   -0.299001604276    0.2469    0.2584  -0.347    9
58603.249    0.227101089541   -3.262798799142    0.2160    0.6274  -0.446    6
58606.269   -0.353501006160    0.351298791657    0.4713    0.4326  -0.637    3
58611.208    0.046810337868   -0.017398805596    0.2814    0.3052  -0.171    8
58617.209   -0.269744478402   -0.119700000312    0.1052    0.1173   0.021   68
58617.249    0.407115181570   -1.048899603973    0.1456    0.4527  -0.572   12
58619.250    1.526509563404    1.721098796281    1.2329    3.1634  -0.359    3
58624.207   -0.297939980631   -0.049600809859    0.2200    0.1737  -0.174   14
58632.210    0.266964238482    0.148298397562    0.1740    0.1550  -0.046   30
58635.004   -1.052999194140    1.464001195473    0.2443    0.5320  -0.129   85
58645.413   -0.357804674298   -0.852998401513    0.2068    0.3033  -0.290  105
58646.210    0.641023519526   -0.665200809635    0.1506    0.2189  -0.302   59
58646.250   -0.187238035346   -0.314499607157    0.3758    0.8826  -0.759   10
58648.270   -0.169179929865    0.281498395793    0.2990    0.2442   0.046   11
58652.207    1.444836510150    3.670401595457    0.4987    0.8246   0.150   20
58653.230   -0.142234512338   -0.263300408676    0.2297    0.1825  -0.023   90
58659.209    0.028892267645    0.314600390539    0.0673    0.1517  -0.256  438
58659.249    1.115227338080   -0.745999204810    0.3460    0.7139  -0.387   10
58670.101   -2.252119779110   -3.602998808105    0.2353    0.3378  -0.180   65
58673.209    2.622012016401   -0.151498807099    0.2676    0.1869  -0.201   42
58673.209   -0.018194729866    0.619599590834    0.0763    0.1664  -0.143  229
58680.207   -0.259186975880    0.221500795305    0.1824    0.2683   0.060   13
58682.249    0.737141048540   -0.815000406362    0.4446    0.2973   0.022   15
58687.249   -0.310580957656    0.185000392605    0.2819    0.5416  -0.211   18
58694.207    0.259603670781    0.654001192402    0.2002    0.1839   0.033   15
58701.249    0.951881231571    2.778098391332    0.0449    0.1415   0.276   48
58703.251    0.306967327935   -0.771098410723    0.2302    0.1707   0.267  133
58704.270    0.010140807621    0.310899594069    0.2199    0.4539   0.247   20
58711.272    0.133067129776    0.307900789664    0.3920    0.3363  -0.224    5
58718.270   -0.471843589661    0.193100396473    0.1713    0.2421   0.211  251
58722.207    0.271964672037   -0.149601611099    0.1209    0.1543  -0.165   87
58729.209   -0.198625611543   -0.322401599817    0.0932    0.1048  -0.008  245
58732.248   -0.408782055920   -0.717998409527    0.2969    0.1890   0.728    7
58732.270    0.786588274944   -0.392400006888    0.2278    0.2638  -0.265   39
58743.209    0.136120618467   -0.351298804446    0.1292    0.1347   0.021   51
58743.249    0.219740521839    0.108601192039    0.1725    0.5340  -0.347    3
58757.209    4.639113408111   -7.570101601573    1.2716    2.8180  -0.830    3
58757.249   -0.531014928785    1.065398393507    0.3417    0.3109  -0.230   86
58765.208    0.938266829487   -1.927900808596    0.5217    0.4339  -0.518   14
58771.209    0.415032479430    0.254199592575    0.2372    0.2109   0.205   44
58772.228   -0.129316780924   -0.786999611080    0.2663    0.2369  -0.032   29
58785.249    0.004723679165    0.422200795924    0.1037    0.2031  -0.343   64
58792.207   -0.699638128492    0.690400798931    0.1965    0.1850  -0.098   23
58799.205   -0.756309203465    0.934300790334    0.9113    1.7375  -0.537    5
58802.248   -0.448368450472    1.405900790985    0.0126    0.0301  -0.202   59
58806.207    0.339886604075    0.381700789376    0.1451    0.2264  -0.072  115
58813.209   -0.033335971041   -0.308498404422    0.0595    0.0830  -0.128  318
58813.249   -0.090283705658   -0.945298802435    0.0405    0.0643  -0.240   99
58820.207   -0.158069013311   -0.523299611643    0.2705    0.3025  -0.027   26
58827.209   -0.786868345460    0.130899591966    0.0982    0.0945   0.228  497
58827.249   -0.193905153757    1.573599593030    0.1534    0.1926  -0.284   96
58835.208    0.119592668204   -0.744501599570    0.3710    0.2584   0.130   16
58841.206   -0.155985538808    1.089298788770    0.6537    0.5144  -0.663   15
58844.248    0.117509193700    0.170999994964    0.0881    0.2272   0.361   44
58844.270    0.766170035317    1.940101199693    0.2841    0.7890   0.749   22
58851.268    1.089252029487    0.207500397664    0.5557    0.9204   0.011   32
58856.206    0.278631790448   -0.419698810106    0.5816    0.4527   0.202   29
58858.248    1.347188825918   -7.276798811517    0.1236    0.2513  -0.131  116
58862.207   -0.296273201028   -0.049899604448    0.0967    0.1159   0.258  184
58870.206    0.273494732508    0.880999196795    0.1243    0.1383  -0.123   46
58870.250    0.313634541092   -0.712699211647    0.0924    0.1539  -0.361  143
58877.230   -1.045638626439    2.851498800283    0.2284    1.1276  -0.003   15
58883.249    0.052780785609   -0.440100001242    0.0667    0.1140  -0.055  125
58897.209    0.140704357121   -0.122101202749    0.2190    0.1968  -0.169   18
58900.248   -0.238768736253    0.872200794788    0.0433    0.1157   0.060  108
58900.270   -0.279048485349   -0.378298800285    0.2208    0.2489  -0.178  151
58905.227    0.093063945577   -0.268898401146    0.3936    1.9981   0.078   10
58907.268   -0.207239580072    0.087199188670    0.2209    0.2211   0.077   29
58911.209    0.457952527934   -0.303001208124    0.2715    0.5625   0.385   34
58911.250   -0.082646478314    1.262901591303    0.0595    0.1189  -0.257  147
58914.270    0.584629104196    0.744998392577    0.4477    0.5157   0.232   33
58920.249    0.981050158859    0.545799591123    0.2566    0.6819   0.257   21
58921.268   -0.399754613869    0.225500399154    0.2844    0.1898   0.112   63
58925.209   -0.003193618694   -0.213001200677    0.1182    0.1382   0.158  173
58925.250   -0.663385293146    0.377200798596    0.0633    0.1193   0.395  129
58926.228   -0.322665299269    0.057700800937    0.2488    0.3407   0.211   48
58932.208   -0.083339832857   -0.000698410929    0.0813    0.0868   0.050  146
58939.209    0.183764346136    0.273099597337    0.0930    0.1089  -0.011  286
58939.250   -0.094730725180   -0.194299207124    0.0845    0.2496  -0.141   37
58947.227   -1.345662081573    0.375199199709    0.3893    0.4376  -0.328   64
58948.271    0.211543248211   -0.018100810451    0.3298    0.3355  -0.088   10
58954.207    0.162096021807    0.249598792834    0.0676    0.1172   0.079  152
58956.270    0.075979265156    0.209699994969    0.1383    0.1583   0.046   82
58960.208   -1.430945448423    4.520998794533    0.1624    0.8944  -0.846  223
58967.210   -0.918681979662    0.189799190764    0.2439    0.4484   0.387   36
58974.208    0.096674259172    0.058798789837    0.1042    0.1543  -0.004  189
58983.251    0.021945078719    0.002401189647    0.1474    0.2083   0.124  118
58984.270   -0.188764779691   -0.192099609819    0.1658    0.2284   0.127   58
58988.208    0.094173995022   -0.036000002979    0.0852    0.1347   0.025  146
58991.269    0.467396570139    0.110800789344    0.2458    0.2706  -0.100   24
58996.207    0.499345737346   -0.441799211615    0.2294    0.3089  -0.103   46
58998.270    0.268077698799    0.141699592859    0.2234    0.2305  -0.067   78
59005.269    0.150705129484    0.215999992292    0.2021    0.1937  -0.025   75
59009.210   -0.138067468585   -0.701100003653    0.1540    0.1842   0.330   87
59009.250   -0.134453838864    0.232599590788    0.1605    0.4078  -0.757  147
59011.270    0.091673825618   -0.496299603014    0.2830    0.3107  -0.066   33
59016.208   -0.297523285730   -1.005199200677    5.7365   16.1296   0.991    3
59023.250    0.093340605220    0.378799200007    0.1333    0.2649  -0.383  253
59025.251    0.148901630749    0.257601594456    0.2285    0.2157  -0.503  230
59030.208   -0.058477889834   -0.249699601795    0.1460    0.1186   0.067   65
59037.250    0.257660136788    1.120100390040    0.1893    0.2672  -0.451  146
59039.251    0.376972829223   -1.800298802834    0.3812    0.6878   0.385   56
59044.208    0.287662548624   -0.136000804218    0.1371    0.1371  -0.094   47
59047.269    0.313914611608    0.066099599394    0.4237    0.3125   0.147   13
59051.250    0.416976013422   -0.849898800936    0.0945    0.1576  -0.283  242
59065.206    0.300300209524    0.036399593739    0.4527    0.3363  -0.076   21
59071.916   37.842964310625   -5.554400408414    1.4041    0.7310   0.154    5
59074.250    0.657134774889    3.949599597775    0.4830    2.3344   0.070    8
59080.251    0.864927768993   -1.913198406100    0.0502    0.1377  -0.258  209
59086.208    0.240575551113   -0.404200807225    0.1926    0.2111  -0.263   20
59093.206    2.567701170321    0.087699588391    0.1756    0.1686  -0.234   38
59093.250    0.104314802643   -1.404201606192    0.0788    0.1571  -0.277   91
59101.209   -0.125566526818    0.251999995271    0.1582    0.2313   0.037   35
59103.269   -0.127786720453    0.054500391400    0.3070    0.2900  -0.098   19
59107.206    0.143204526525    0.235598395193    0.1279    0.1477   0.066   66
59107.250    0.149178385139   -0.393501602503    0.0907    0.1959  -0.510   73
59115.231   -0.031669191439    0.219398400247    0.0695    0.0947   0.011  258
59117.269    0.084866671949    0.404099998264    0.5610    0.5567   0.164    4
59121.250   -0.404338352523    0.267598794323    0.0489    0.1097  -0.197  192
59122.229    0.090563776173    4.818700791986    0.4432    2.8014   0.294    5
59128.208   -0.003473594463   -0.062499599096    0.1721    0.2927   0.336   34
59131.269    0.461146146628    0.286401596838    0.3491    0.3061  -0.059   11
59136.207    0.157789037542   -0.158101205727    0.1018    0.1868   0.048   56
59138.271    0.800339396160    0.194500799466    0.3610    0.3475   0.022   15
59142.208    0.380169764043   -0.364399211605    0.4448    0.3014   0.036   15
59143.231    0.478787462462   -8.225301604625    0.4493    2.9927  -0.049    6
59145.269    0.160429242204   -0.193500000023    0.7991    0.6515  -0.578    9
59149.206    0.187098000088   -0.122500806299    0.2966    0.2459  -0.149   36
59152.249    0.083339832857    3.153801597477    0.1573    0.2655   0.495  207
59152.271   -0.025695332825    0.456800395909    0.4431    0.4115  -0.207    7
59159.269   -1.435805846720    0.343198800579    0.6659    0.3902   0.182    5
59163.206    0.278495166063   -0.496400399186    0.1132    0.1130  -0.344  172
59163.250    0.084866671949   -0.497599209837    0.0587    0.1036   0.162  182
59165.248   -0.147511605536   -2.757200407189    0.4748    2.6215   0.058    7
59166.271   -0.915211701324   -1.363399211129    0.2874    0.3920   0.308  112
59178.207    0.034862715387    0.041000393480    0.1530    0.1234   0.041  120
59180.271    0.129593440567    0.504500390264    0.4417    0.4578   0.021  135
59194.249   -0.097924343875    0.695199597089    0.0429    0.0840   0.193  219
59201.269    0.301550294226   -0.003099600576    0.2231    0.3900   0.441   25
59205.206   -5.540017258061   -1.904799607644    0.9116    0.3927   0.477   38
59206.251    0.063895018289    0.518198399391    0.0487    0.1049   0.006  179
59206.269    0.148344900591   -0.291700807509    0.2287    0.2816   0.065   40
59222.249    0.129733475824   -0.450500411375    0.0422    0.0975   0.149  181
59226.208    0.063614947774    0.111599996444    0.1872    0.1527   0.202   76
59229.269   -1.319269983332   -0.431301599235    0.9920    0.5341   0.173    3
59236.249    0.109315236197    0.533199596475    0.0612    0.2745   0.364   22
59236.271   -0.144734681742   -0.235000806015    0.3284    0.3820  -0.042   56
59240.208    0.248909449127    0.430199990831    0.3421    0.2051   0.115   17
59247.250    0.028892267645    0.009799188661    0.0973    0.2626   0.617   19
59254.208   -0.115702378840    0.236300400047    0.2509    0.2229   0.200   86
59257.269    0.873678456654   -0.046501209283    0.4905    0.4712  -0.161   17
59262.207    0.125843186461   -0.636001203702    0.3992    0.3179   0.428   34
59262.248    0.337109775028    1.020599988522    0.0471    0.1340  -0.173  132
59264.267    0.280578640566    0.574199989956    0.6313    0.4900   0.008   28
59271.269   -0.987160641859   -0.578800802487    0.3237    0.3313  -0.038   31
59275.207    0.865484499152    0.927799200667    0.3598    0.2847   0.472   18
59278.249   -0.092507215419    0.488098790186    0.0476    0.1219   0.003  106
59282.208   -0.709222205954   -0.143701204536    0.3201    0.2880   0.237   17
59285.269   -0.630606052262    0.556700400978    0.4614    0.3239   0.264   24
59289.207   -0.295439811226   -0.416901610834    0.2602    0.3039  -0.098   34
59289.250   -4.547439582494    8.528198397073    0.0501    0.0757  -0.757  101
59292.271    0.296549860671   -0.388800006590    0.4498    0.2722   0.172   23
59297.209    0.110841980543   -0.651200399204    0.1835    0.1511   0.089   94
59303.207   -0.972019495429   -0.038001601865    0.4288    0.3273   0.194   26
59305.248    0.205292729954   -0.174301200673    0.0488    0.0826   0.217  164
59305.270   -0.183207710724    0.465501595670    0.2772    0.3115   0.087  143
59312.228   -0.879512280010   -0.349099207142    0.3979    0.3962  -0.425   85
59320.249    0.115285683939   -0.908899208696    0.0444    0.0700  -0.371  142
59324.209    0.052504125966   -1.127199607254    0.3968    0.2961   0.520   23
59334.249   -0.197932162253    0.649699200039    0.0313    0.0563  -0.426  178
59338.209   -0.160845937105   -0.073699203540    0.2344    0.1806   0.045   59
59348.249   -0.168069880421    0.328298399666    0.1564    0.3693  -0.248   74
59353.209    0.213350063071    0.209199595247    0.1760    0.1466   0.177   54
59362.249    0.320581730019   -0.175298406191    0.1492    0.2650   0.004  158
59362.271    0.061254813627   -0.381801611127    0.2151    0.2683  -0.155   64
59373.207   -0.758669432358   -0.224899203261    0.3454    0.2475   0.065   24
59375.249    0.063061628488   -0.117298810665    0.1907    0.2988   0.225  151
59380.209    1.026053681867    0.092098795790    0.5762    0.2848   0.339   12
59390.249   -0.726723581277    0.121399197894    0.1971    0.4312   0.440  122
59404.249   -0.586712673446    0.359701196828    0.1448    0.2485  -0.319  136
59404.271   -0.141954441823   -1.048600809384    0.2287    0.2945   0.275   93
59408.209   -0.195988723007   -0.378201610829    0.1423    0.1698   0.113  128
59416.230   -1.446640008884    1.264399196543    0.3580    0.3722  -0.159   40
59417.249    1.317326544086   -5.434599599141    0.6149    2.5001  -0.327    4
59418.249    0.296966555572    0.194000399745    0.2155    0.2406  -0.530  136
59422.209   -0.182930956335   -0.049798808277    0.2082    0.1987   0.318   63
59425.251    0.293356336723   -1.715198402508    0.0892    0.2244   0.126   88
59431.249    0.076672619700   -0.415299602707    0.0766    0.3629  -0.464  161
59431.271   -0.236685167003    0.308199597043    0.2414    0.2571   0.333   56
59439.270    0.181264176732   -0.047199607422    0.2284    0.2949   0.173   97
59444.208   -0.387807086134   -0.004600799741    0.1695    0.2575  -0.088   66
59446.249    0.351137461141    1.501099200141    0.1120    0.2760   0.405  193
59446.271   -0.908264512398   -0.677998802701    0.2471    0.4373  -0.120   78
59450.209   -0.219600581328   -0.174499199090    0.1463    0.2841  -0.224   54
59460.250   -0.018751460024   -0.169801209893    0.0733    0.1655  -0.549  126
59474.224    0.795478997863    0.983300391511    0.3056    0.6072   0.663   64
59481.270   -1.524562808032    4.683200400279    0.7125    1.1117  -0.635    9
59487.249   -0.437257628664    0.138200388733    0.2431    0.3793  -0.065   54
59488.250    0.318498255515    0.392198388965    0.2554    0.3434   0.349  162
59506.209    0.000000000000   -0.083998804712    0.1921    0.2037   0.193   40
59509.270    0.754085693704    9.042199194198    0.2121    0.2889   0.100   50
59516.250   -0.204739410668    0.317901596247    0.8448    0.5199   0.178  195
59516.272   -0.126536541004   -0.203000406884    0.1755    0.1988   0.029  153
59523.270   -0.190431559294    0.609299989662    0.2218    0.2017   0.028   76
59527.207   -0.539625581188   -0.139298403212    0.2301    0.1982   0.088   48
59548.209    0.095700834113   -0.132998405888    0.1661    0.1689   0.205   84
59551.270   -0.198905587312    0.109000795590    0.1601    0.2586   0.040   56
59558.268    0.208209594259   -0.403200007781    0.2047    0.3678   0.533   51
59562.209   -0.240712175499    0.067499989598    0.1262    0.2001   0.115   87
59564.251   -0.443368111663    0.339199196731    0.4994    0.4512   0.008   18
59565.270    0.346000403201    0.250401593860    0.2043    0.3740   0.534   74
59576.209    0.149871739683    2.219198393050    0.5050    0.7763   0.402   15
59578.269   -0.274744817210    0.367401597146    0.1813    0.2953   0.261  106
59590.209   -0.170430014567   -0.087699601181    0.1858    0.1969  -0.110   94
59593.248   -0.035836140446   -0.044100006846    0.0538    0.1462  -0.297  273
59593.270   -0.281132054599    0.195299993777    0.1289    0.2629   0.600   93
59598.208   -0.118065923859   -0.000201605133    0.1757    0.2411   0.184   45
59600.250    0.025141918792   -0.046101605733    0.0337    0.0715  -0.520  165
59600.272    0.458369222835   -0.168400806899    0.1617    0.1794   0.079   31
59606.251   -0.364335168324    0.119998794901    0.3232    0.3566   0.103   32
59607.248    0.534348487991   -0.494398800299    0.3103    0.7561  -0.713    5
59611.207    0.344750318498   -0.258199209213    0.1177    0.1470  -0.038   66
59621.248   -5.807538226702    1.131001199894    0.0532    0.1365  -0.653   25
59625.207    0.203905926120    0.397101590011    0.2083    0.3136   0.090   19
59628.250    0.992994465215    0.304199993195    0.0619    0.0943  -0.390  128
59632.209   -0.133760484320    1.105498796505    0.1726    0.3230  -0.118   67
59635.248   -0.134037143963   -0.869101207002    0.0339    0.0917  -0.360  124
59635.270   -0.550043048452    0.186598794016    0.2738    0.1907   0.213   29
59642.250   -0.222657480891    0.107301598007    0.0458    0.0871  -0.731   92
59642.272   -0.012224282124    0.365698792848    0.2848    0.3720   0.040   17
59646.209   -0.281271995110   -0.253198805922    0.1898    0.2719   0.175   25
59649.248    0.217100317177    0.034999190746    0.0711    0.1484  -0.377   80
59649.270   -0.979800074157    0.005900393774    0.2457    0.2478  -0.150   47
59653.207   -0.320441789508   -0.222699605956    0.2444    0.2582  -0.052   26
59656.250    0.098341038775    0.050399991380    0.0350    0.0881  -0.481  142
59656.272    0.380306483175    0.212500800956    0.3593    0.5052  -0.162   13
59661.206   -0.289882742260   -0.732898810440    0.2297    0.2308   0.160   28
59667.207    0.030419011990   -0.146098800258    0.1032    0.1558   0.029   70
59674.209    0.178070652784    0.463201189405    0.1772    0.2438   0.008   36
59677.270   -0.323218618555    1.253901596954    1.4691    4.1807  -0.942    3
59681.208    0.039169699651   -0.349200003313    0.1499    0.2028  -0.093   54
59689.206   -0.117369158442    0.006299997324    0.1377    0.1962  -0.249   51
59691.248    0.220573911641    0.347198391637    0.0323    0.0732  -0.257  170
59695.208   -0.134317214479   -0.105400808081    0.2819    0.2051   0.126   59
59698.272   -0.124593101758   -0.543499210437    0.2591    0.7495  -0.360   14
59703.207    0.168206504806   -0.322999201785    0.1903    0.1586   0.031   85
59705.270   -0.577405255626    1.773899990098    0.4587    0.6342  -0.203    7
59712.268    2.760076168860    1.619999993352    2.1112    0.9479   0.849    5
59719.270    0.187238035346    0.970199997141    0.5400    0.6499  -0.288    4
59723.208   -0.387390391234   -0.565898406535    0.1892    0.1952   0.120   54
59726.250    0.338916495142   -0.765601201635    0.1537    0.4612  -0.235   15
59726.268    0.198348857153   -0.612698410407    0.2586    0.2335   0.270   25
59733.248    0.454618968728    0.886298394676    0.3789    0.8706   0.546   23
59740.250    0.257380161020    1.041400795998    0.0786    0.1754  -0.185   48
59740.268    0.506846340305    0.257799592873    0.3449    0.3875   0.063    6
59744.209   -1.004385357538   -0.545000409602    0.4559    0.3062   0.359   22
59747.248    0.225294274680    0.923601598402    0.0716    0.1307  -0.103   73
59747.270    0.365305277257   -1.367499611149    0.3452    0.7765  -0.331   11
59758.210    0.525597800330   -0.116301605146    0.2738    0.3092   0.095   30
59761.270   -0.510316618643   -0.138999608623    0.5936    0.5202   0.570    3
59765.208    0.052364090709   -0.139201200966    0.1332    0.1403   0.180  125
59767.249    0.054587600470    0.924901192434    0.1293    0.4327   0.327   17
59772.210   -0.580045460288    4.287999600194    0.2298    0.4303   0.031   27
59775.270    0.285299003606    0.119098791629    0.2775    0.2667   0.167   21
59782.269   -0.075282594486   -0.057700800937    1.6345    0.9228   0.890    8
59787.229    0.087923571511   -1.648699199563    1.6701    1.2579   0.167    7
59789.270    0.866177853695    0.414298790474    0.5355    0.3126   0.359   25
59795.250   -0.366972056860    5.554501191796    0.0742    0.1936  -0.552   34
59803.248   -1.143282899798    0.457300795631    0.2933    0.4872   0.343   32
59803.270   -0.928546032893   -0.403999202092    0.2758    0.3423   0.127   40
59810.272    0.783117996607    1.659898791218    0.3998    0.4871   0.416   15
59817.270    1.690549119203    1.271098797417    0.7352    0.3846   0.157   14
59821.208   -0.272104612548   -0.267598807113    0.1933    0.1943  -0.007   41
59824.250    0.444894856008   -0.054900007740    0.1495    0.3443   0.236   33
59831.249    0.353637725291    0.902800790925    0.5212    1.8723   0.866   15
59838.269    0.184737771195   -0.368600407796    0.2737    0.2604   0.138   28
59845.249   -0.226267699739    2.240600396419    0.1031    0.1811  -0.216   41
59845.271   -0.562404049708   -0.065098799951    0.3921    0.3980   0.201   14
59852.269   -0.026252062983    0.160099197899    0.3422    0.2006  -0.089   36
59857.207   -0.142234512338   -0.219200401830    1.0072    0.2250  -0.187   13
59859.249   -1.474698886728   -2.914999211612    0.0752    0.1439   0.291   58
59859.271    0.105148192444   -0.021099602066    0.2580    0.2082  -0.028   25
59864.209    0.139870967319   -0.071398810064    0.7396    0.3395   0.400    5
59866.269   -0.420309572628    0.161099997342    0.2119    0.2430   0.023   40
59870.210   -0.107925116238   -0.003898807677    0.1088    0.1435  -0.184   77
59873.271    0.183624405625    0.111301189065    0.2426    0.2187  -0.184   12
59877.208    0.323915383971    0.096400800942    0.2934    0.4429   0.165   12
59879.250   -0.451008655133   -0.437198399084    0.4624    0.7664  -0.440   10
59879.272   -0.674219455310   -0.117000003286    0.3744    0.3169   0.045    6
59887.271   -0.154318759205    0.161499600893    0.3675    0.3166   0.060    5
59891.208   -0.164456250700    0.611999999478    0.2433    0.3159   0.082    8
59893.268    0.658108199948    1.662699597205    0.5141    0.5512   0.294    7
59898.206   -0.355861235052   -0.394700400363    0.4605    0.3060   0.250    4
59926.206   -0.048060422570    0.381700789376    0.1641    0.3027   0.073   27
59948.209   -0.004167043753    0.193798794612    0.6079    1.3252   0.676    5
59957.271   -0.611991311370    0.262000789064    0.3122    0.2894   0.195   15
59961.208   -0.342666843995    0.327999592287    0.2085    0.1773   0.074   32
59964.269    0.023335198678   -0.036100799150    0.3941    0.3506  -0.139    5
59971.271    0.186541269930    0.077198394877    0.2074    0.2705   0.124   15
59975.208   -0.548792963750   -1.236999609944    1.5943    0.5779  -0.081    9
59978.269    1.193843491772   -0.095101206909    0.3808    0.4483   0.151   12
59984.248   -0.262243875443    0.020300394965    0.8173    1.8685   0.761   13
59985.271   -0.077782763891   -0.085899607427    0.3365    0.3039   0.006   42
60040.248   -0.475177243613   -0.261799209511    0.0411    0.0632  -0.340   62
60052.207   -0.435450813804    0.090698392796    0.2100    0.2195  -0.145   33
60059.208    2.990510912353    0.375699599431    0.2556    0.2605   0.260   18
60067.207    1.080778001469    0.403599598542    0.4661    0.3624   0.441   37
60069.271    1.953346313932    0.493999196749    0.4913    0.3549   0.227   25
60082.248    1.012022584882    0.972298798274    0.8634    1.6732   0.763    3
60090.269    0.179180702228   -0.270500409272    0.4256    0.3565  -0.298   11
60096.270    1.018689798040   -0.010198805001    0.3948    0.3040  -0.098   21
60101.208    0.758809467616   -0.223599609228    0.4560    0.4039   0.222    9
60104.269    1.189259847865   -1.750600803518    1.0444    0.6661  -0.280    3
60118.269    0.084449977048   -0.166701609317    0.2487    0.4694  -0.260   27
60122.207   -0.484897945461    0.000000000000    0.4476    0.3325  -0.273   14
60125.271   -0.810620144292   -0.032698810060    0.3896    0.4106   0.165   21
60167.249    0.821314365945   -0.394999207742    0.0647    0.0789  -0.279   29
60188.269   -1.477755786290    0.324899991710    0.3380    0.3165   0.004   15
60195.238   -1.098976047460    0.020098789832    0.2947    0.6089  -0.145   14
60235.211   -1.243570788691    0.485099998571    0.6143    2.1024  -0.795    4
60237.271   -0.875761931158   -0.433000809608    0.4901    0.7424   0.595   12
60241.209   -0.246545998855    0.465501595670    0.3200    0.2659  -0.041   27
60244.251    1.155783841565   -3.084001201614    0.0394    0.1346  -0.683   82
60244.270    0.059311279635    0.101599189861    0.3447    0.2303  -0.003   11
60251.250   -0.622408778634   -0.887101208491    0.1676    0.2508  -0.649   11
60251.271   -0.141677782180   -0.854600409639    0.5117    0.3380   0.019   11
60258.270    1.398302831925    2.917101593880    0.4683    0.4040   0.152    9
60269.209    0.958131749828   -0.181198799964    0.6099    0.6286  -0.542    4
60276.207   -1.133698822336   -0.121100403305    0.5007    0.5307  -0.103   15
