%-----------------------------------------------------------------------------
%                R.A. (mas)        Dec. (mas)        Err. (mas)     Corr. Del.
% Uncertainty in R.A. is in R.A. cos(Dec.)!!!!
%-----------------------------------------------------------------------------
47931.082   -0.352467566395   -0.403099198820    0.7929    1.4344  -0.288   14
47934.253    0.733623455015   -0.927298788156    1.0260    1.5752  -0.333    6
48538.255    0.660251548275   -1.705197595925    0.9295    1.3152  -0.382    9
48754.257   -0.051697401722    0.498402010862    0.5302    1.4672  -0.028   11
48874.421    0.532873364163   -0.779597979772    0.7954    1.4538   0.311    6
49121.421    0.670821261803   -2.062000797309    0.6648    1.6460  -0.153   16
49254.416    1.002147219870   -0.007300783977    0.4477    0.5365   0.071   30
49554.333   -0.113700159011    0.992001616851    0.8438    1.0757  -0.059   15
49576.501   -0.317824979486   -0.245998779747    0.5034    0.4915  -0.227  119
49819.958   -0.594786628739   -0.506300384018    0.1949    0.4443   0.178  243
50849.335    0.131995753637    0.479199604797    0.5038    0.6694  -0.355   11
51073.711    0.333634773126    4.393602000619    1.4945    2.2786   0.519    3
51393.082    0.453905345365   -0.381797991622    0.3679    0.1758  -0.616  141
51774.246   -0.398835334701   -1.535799583507    0.5354    0.6186  -0.121   17
52291.250    0.011102670810    0.123800413121    0.1179    0.1763   0.107  156
53243.249   -0.149319167771    0.461001604890    0.0980    0.1272  -0.083   95
53325.226   -0.581196036262   -0.062697597514    0.6854    0.7943   0.031   13
53591.204    0.088825729026    0.430999210721    0.2408    0.3839   0.006   15
53661.204    0.438982359682    1.028599209008    0.2522    0.5029   0.427   28
53928.228    0.000000000000    0.195699610117    0.2016    0.2388   0.186  104
54011.205   -0.287356558124    0.815799600673    0.2600    0.3963  -0.547   23
54125.251   -0.341096235672    0.105001217321    0.0841    0.0961  -0.155  159
54564.208    0.071237956930    0.015800404185    0.1229    0.1336  -0.084   40
54662.209    0.241432193796    0.000000000000    0.1451    0.1965  -0.309   37
54713.249   -0.156957555655   -0.190299590486    0.1724    0.2562   0.754  113
54937.249    0.217625799057   -0.412398000549    0.2600    0.3631  -0.240    8
55089.208   -0.207678596116    0.384699606570    0.1748    0.1818  -0.313   27
55349.207   -0.059514896213   -0.101098802929    0.1364    0.1900  -0.257   23
58216.836   -0.664517327215   -0.183499193440    0.1675    0.1778  -0.021  126
59340.250   -1.473908936653    0.598399205387    0.5975    0.8860  -0.686   55
59711.249    0.955779451564    1.330401619271    0.1888    0.3786   0.166   52
59802.251   -0.398835334701    0.789001197177    0.2307    0.6240  -0.581   31
59921.250   -0.124536351180   -0.077698794598    0.1623    0.3872   0.376   72
60075.250    0.744636633112   -0.418899603005    0.3672    0.5632  -0.470   66
60117.250    0.416331432812    0.327801606659    0.3660    0.3755   0.040   28
60201.250    0.024160306005    0.081399616647    0.2777    0.2640  -0.043   47
