%-----------------------------------------------------------------------------
%                R.A. (mas)        Dec. (mas)        Err. (mas)     Corr. Del.
% Uncertainty in R.A. is in R.A. cos(Dec.)!!!!
%-----------------------------------------------------------------------------
53572.467   -3.854610500746  -19.127001601760    2.0197    4.1369  -0.047   11
56661.920    1.297608719877   -2.029399202286    0.2764    0.5915  -0.271   36
57839.792    0.036353633054    0.509101202795    0.1784    0.3017  -0.111  122
58142.227    1.354287841042    1.240498801280    0.3250    1.0530   0.043   77
58445.165    0.000000000000    1.250798402452    0.2802    0.7934  -0.074   71
58456.714    1.379906805370   -0.184499992884    0.1753    0.3898  -0.185   60
58563.250   -1.194126282953    2.341800008310    0.3461    0.7128  -0.056   46
58577.250   -0.837593930545   -1.001401201961    0.3130    1.0189   0.069   72
58681.230    4.119542546658    5.729900406948    6.5579   11.3850   0.078   15
58899.905   -0.025048699392    0.000000000000    0.1975    0.4490  -0.220   69
