%-----------------------------------------------------------------------------
%                R.A. (mas)        Dec. (mas)        Err. (mas)     Corr. Del.
% Uncertainty in R.A. is in R.A. cos(Dec.)!!!!
%-----------------------------------------------------------------------------
48110.435    0.000000000000    1.554897599476   12.5278    7.5807  -0.397    4
52941.227   -2.795449891173   -3.265801197472    8.2852    3.4153  -0.511    5
54076.249   19.188985311869    0.000000000000    5.9743   21.4155   0.857    4
57920.301   17.932143979563   -6.956200812169    0.6279    1.5155  -0.465   25
58326.959   14.612584194843    0.138398399940    2.3625    4.2826  -0.938    9
58505.161   -6.339372828273    0.410597994005    2.6540    5.7360  -0.951   16
58631.757   13.705748021216    2.652199202657    1.3869    3.2263  -0.700   22
