%-----------------------------------------------------------------------------
%                R.A. (mas)        Dec. (mas)        Err. (mas)     Corr. Del.
% Uncertainty in R.A. is in R.A. cos(Dec.)!!!!
%-----------------------------------------------------------------------------
50575.751    0.275272755794    0.642902403314    0.3840    0.7819  -0.122   61
57046.458    0.497867474836   -0.421498797465    0.1643    0.3172  -0.145   84
57872.197    0.616133551885    0.000000000000    0.2067    0.4226   0.162   72
58143.856    1.328763411674    1.461999602981    0.2040    0.5253  -0.359   66
58504.916    2.596434934193    1.230800402396    0.4345    0.7158  -0.368   14
58557.436   -2.511110904636   -0.145400402118    0.1809    0.3659   0.098  134
58803.501    0.000000000000   -0.064299599245    0.1619    0.3956  -0.136  100
59296.187   -0.319240786472    0.477201599836    0.3390    0.3259   0.156   25
59451.228   -0.106508816022    0.661302001959    0.6186    0.6015   0.492   10
