%-----------------------------------------------------------------------------
%                R.A. (mas)        Dec. (mas)        Err. (mas)     Corr. Del.
% Uncertainty in R.A. is in R.A. cos(Dec.)!!!!
%-----------------------------------------------------------------------------
49790.168    0.469232533170   -0.207000001140    0.5444    0.6566   0.037   13
50358.252    0.041009634082    0.140201997212    0.2876    0.5828   0.042   11
50379.251    0.361509117189    0.680900398464    0.3730    0.8634  -0.042    5
50386.252    0.340408747259    0.819802798446    0.3670    0.6065  -0.199   10
50393.251   -0.161660074850   -0.049197602792    0.3836    0.5784   0.045    9
50400.252    0.511133672223    0.246502798973    0.3847    0.6994  -0.006    7
50458.831   -0.219908106895   -0.373698000544    0.1797    0.3469   0.007   85
50575.751    0.245908206794   -0.818899201249    0.3001    0.4526  -0.021   73
50708.253    0.431047214405    0.674801999878    0.6813    3.2786  -0.707    6
50743.251    0.128527833828    1.782701998820    0.3019    1.4215  -0.463   11
50750.253    0.202969309738   -0.215899202516    0.2368    1.0020  -0.398   16
50757.251   -0.516632603806    0.911203199294    0.3688    1.3376  -0.633   12
50764.253    0.530896784696   -0.035398800691    0.3056    1.0407  -0.463   10
51058.254   -0.544715314454    0.075301198876    0.4914    0.7644  -0.289    6
51107.249   -0.225998942642    1.141700398222    0.4726    1.0481  -0.271    5
51114.251   -0.020950569526    0.058600797814    0.2930    0.5274  -0.031   27
51128.251    0.049183080578    0.147401997808    0.5175    0.9373  -0.297    4
51590.252   -0.281568811050    0.899200797022    0.4099    0.8633  -0.179    6
51981.080   -0.308168011209    1.069401597675    0.0608    0.1803  -0.264  164
52711.248    0.835199175214    0.035999999781    0.0730    0.2039   0.138  131
52830.246    0.210693355024    0.238701599287    0.0841    0.1941  -0.043  147
53178.205    0.493007418013   -1.223798400218    0.4395    1.8999  -0.130    3
53285.253   -0.472798654408   -0.423097202074    0.0821    0.2339  -0.060  130
53514.206   -0.295686840261    0.421199999678    0.2822    0.4866  -0.276   13
53642.248    1.858361774709   -0.709498802109    0.1631    0.2790  -0.266   67
53850.203   -0.362250821757    0.687502797092    0.2715    0.3065  -0.091    7
53984.210    0.046062711826    0.066902397222    0.2851    0.3575   0.143   18
54186.208    0.199848940986    0.255502799718    0.1206    0.2655   0.098   40
54187.230    0.110547731297    0.228902397836    0.1047    0.1655  -0.107  210
54522.208   -0.076966190420   -0.079898401495    0.1471    0.1935  -0.060   22
54606.209   -0.494640728905   -0.307598401150    0.4417    0.5516   0.148    6
54614.207   -0.183801750154   -0.020397600409    0.3532    0.5770   0.142   18
54643.249   -0.920488612533    0.526100398446    0.7683    1.5810   0.310   29
54657.249    0.266562824239    0.294703199444    0.2187    0.4914   0.034   62
54943.228   -0.849909209943   -0.555300001182    0.1797    0.3496   0.536  166
55040.206    0.720047666029    3.613402799374    0.5955    0.9952  -0.430    7
55154.248   -0.309059516180    0.932900400130    0.1588    0.5923  -0.578   47
55384.209   -0.376814603454    0.437000397469    0.6882    0.5624  -0.567    9
55453.209   -1.851525687023    0.244303198471    4.4614    0.4072   0.700   10
55518.249   -0.015451739297   -0.098697600492    0.1338    0.1928  -0.067  223
55659.272    1.139950966943    5.766202798441    0.6502    1.5942   0.388    9
55790.207   -0.534166953851   -0.240498002313    0.4375    0.3664  -0.102   24
55889.295    4.746126683709   -1.342396801718    0.7967    0.8123   0.062    8
56000.207    0.340262494227    1.077703197083    0.4355    0.7720  -0.039   10
56065.269    0.159877064908    0.013201200133    0.3863    0.8024   0.497    9
56085.252  -16.877854643132  -73.619100000144   12.2765   60.7463   0.996    4
56244.209   -0.402668551674    0.153100799238    0.1963    0.7590   0.210   17
56267.249   -3.292958175185   -2.478297602337    0.1058    0.2447  -0.080  254
56274.250    0.596719061624   -0.516697200226    3.0593    1.1872   0.513    8
56392.230   -0.398656677951    0.064601997352    0.2678    0.2233   0.104   29
56393.249    0.221691116837   -0.026596801561    0.1174    0.2245   0.046  156
56511.787   -0.295241087776    1.846101597991    0.2823    1.0386   0.224    8
56551.793   -0.806524560402   -0.893397602297    0.2783    0.7805   0.173   13
56565.789   -0.356010286960    1.188302397281    0.2459    0.5897   0.045   15
56600.791    0.536096115472    0.978602399115    0.2119    0.5893   0.151   15
56609.207   -0.085435588998    1.547801998569    0.2605    0.7854  -0.130    3
56626.286   -0.764323820542   -1.688400002209    0.2495    0.7537   0.124    9
56628.225   -0.152299171300    0.412901997393    0.3266    1.5014   0.575    9
56632.269    0.542782504109   -0.814798801230    0.2821    0.7848   0.158    9
56632.269   -0.695085222780   -1.010998801476    0.8900    2.5623   0.938    7
56634.263    0.647089700609    1.321401599341    0.2229    0.6476   0.278   18
56636.206    0.289446204110   -0.203497199891    0.3032    0.3468  -0.145    3
56636.257   -0.538920430789    1.084903197679    0.2526    0.6982   0.204   13
56638.251    0.069538097216    2.324901599238    0.2548    0.7038   0.240   16
56641.243    1.064617986062    0.763401597936    0.2577    0.7410   0.344   12
56643.208   -0.086180942290    0.202402798521    0.1972    0.2525  -0.326    6
56646.272    0.744860308876    0.148301997882    0.3857    0.2226  -0.218   25
56653.270    0.326144465016   -0.733597202185    0.4465    1.8642  -0.227    7
56666.248   -0.057056926267   -0.153899999944    0.8956    0.6362  -0.322   11
56671.208    0.039822177028   -0.393998401904    0.7524    0.2897   0.128   14
56679.207   -0.066417829817    0.385300799266    1.7136    0.3663   0.836    4
56681.270   -0.128527833828   -0.312897602228    0.4673    0.9908  -0.456   15
56693.791   -0.175332351575   -0.198799201101    0.1812    0.5294   0.113   17
56699.208   -0.152894724189    0.439901999627    0.4811    0.2687   0.138   24
56709.271   -0.072808165017    0.288201596987    1.0594    1.1661   0.374    8
56713.208    0.096433350810   -0.191699999874    0.2564    0.1986   0.051   15
56723.271   -0.209801850053   -0.243399601274    0.3956    0.2497   0.174    9
56735.791    0.266266770803    0.943401600040    0.1840    0.4512   0.115   29
56763.273    0.372057477792   -0.106099203023    0.2175    0.2067   0.134   18
56772.273    0.134618669576    0.038700000005    0.3990    0.6939   0.429    8
56777.269   -0.117975925855   -0.781398002303    0.2050    0.3174   0.175   42
56783.497    0.568786151379   -0.095198402761    0.2122    0.1480   0.317   43
56784.497   -0.918110049702   -0.424799999976    0.3036    0.1257   0.627   36
56785.498   -0.032690035907   -0.106599602745    0.2831    0.1333   0.104   22
56786.499    0.466558018257   -0.297799202897    0.1340    0.1132   0.061   41
56787.500    0.226294894724   -0.085798801663    0.1744    0.1386   0.272   22
56788.501   -1.347374254165   -1.260496801336    0.4088    0.3301   0.416   19
56789.498   -0.140709505323   -0.369198000172    0.1231    0.0938   0.057   48
56790.498   -0.284838878852    0.064000798261    0.2167    0.1536   0.250   11
56791.499   -0.060772746555    0.124102798438    0.2820    0.5324   0.311   13
56792.500    0.043534449945    0.857699997425    0.4041    0.6875  -0.074   42
56793.497   -0.371761525710    0.042400799671    0.2035    0.1274  -0.114   24
56794.498    0.037443614198    0.049003198299    0.1852    0.1145   0.044   22
56795.499   -0.112181042190   -0.392698801477    0.1137    0.1286  -0.126   36
56796.500    0.340558446309   -0.186498001042    0.1489    0.1757   0.178   19
56797.500    0.098808264917   -0.668700000972    0.1836    0.4056  -0.252   26
56800.269   -0.418270091374   -0.377398800211    0.6709    0.3625  -0.071    7
56811.208    0.139671747320    0.000000000000    0.2017    0.1736   0.463   32
56814.269   -0.175778104061    0.108701997803    0.2369    0.2647   0.072   17
56819.207    0.197470378155    0.435103198271    0.5558    0.3090   0.148    3
56820.248    2.729371354582    7.973902798852    0.4361    0.6339  -0.059   15
56821.271   -4.158764876910    4.757302798097    2.7889    2.9505  -0.935    4
56826.209    0.393899552289    0.010601999278    0.2062    0.2211   0.053   10
56828.269    0.003416219481    0.255700798135    0.2875    0.2460  -0.100   26
56832.206    0.031944682615    0.188002797330    0.1986    0.1821  -0.048    9
56835.271    0.572352272617    0.532202397352    0.2736    1.0793   0.208   11
56839.208   -0.001487057860    1.021499998188    0.5378    1.3006   0.331   11
56840.253    1.645289856854   -0.657597601972    0.5275    0.8657   0.312   10
56856.269   -0.120800241171   -0.621399600576    0.2983    0.2463  -0.039   15
56874.206    0.312921488147   -1.897999201006    0.3594    1.1236  -0.373   83
56877.271   -0.088409704718    0.256301997226    0.9479    0.5554   0.166    3
56881.208   -0.605784013091    4.547501997365    0.5729    2.7763  -0.373  122
56884.269    0.303410885547    0.198802798224    0.1778    0.2187   0.023   34
56891.271    0.172358235856   -1.701799200760    0.2722    1.3237   0.041   14
56895.208    0.411433902335    0.108802797172    0.2360    0.1665   0.119    9
56901.794    0.855258239770    2.153102397173    2.0628   11.6735   0.990    4
56903.207    0.160918370282   -0.066398400378    0.2570    0.1993   0.300    6
56904.248    0.318420419730   -0.033699599911    0.0962    0.1922  -0.105  249
56904.665   -0.321686940161   -2.316196802354    0.4129    2.3343  -0.301    5
56905.662    1.525231320250   -0.555199201813    0.5228    2.2427  -0.290    5
56906.659    0.611874848839    0.178300798126    0.4933    1.9744  -0.290    5
56907.656    2.044984191455    1.223200798250    0.5526    2.0766  -0.299    5
56909.208    0.225702889207   -0.016898402677    0.2367    0.3048  -0.149   31
56911.645   -0.013668729355    1.576900798739    0.7547    2.4639  -0.365    4
56912.269    0.646793647173   -0.411699602409    0.3691    0.6798  -0.395   27
56912.642    0.179936129463   -8.027899203000    0.4921    3.0254  -0.259    4
56913.639   -2.986723075674    9.086399997216    0.5029    2.6740  -0.253    4
56914.636    1.907099102801   -4.459996800676    0.4903    2.4301  -0.283    5
56916.959  -46.199763180946   34.625602797789    3.5995    3.7655  -0.728    3
56917.627    0.185730911775   -8.760099602512    0.4928    2.5387  -0.253    4
56918.625    0.281422558017   -7.300396802279    0.5479    3.1386  -0.276    3
56920.619   -1.092105143821   -1.329300001274    0.5049    3.1874  -0.313    4
56930.207    0.358538548840   -0.140799602377    0.3793    0.4273  -0.678    3
56937.208   -0.349027946241    0.380203200123    0.2422    0.2490  -0.123   38
56958.207    0.478593436719    0.321001200021    0.4645    0.3411   0.198    5
56972.207    1.084527250214   -2.984896800129    0.3384    0.5572  -0.265   14
56975.271    0.121691746142    0.317203198108    0.2054    0.3722  -0.247   39
56982.269   -0.357943097305   -0.886096802333    0.2854    0.9253   0.052   10
56987.270    0.127636328857    0.184402797032    0.3114    0.3883  -0.579   32
57001.208    0.257497872771    0.107002797023    0.1854    0.2770  -0.079   26
57009.250   -0.929553564000    1.360900800051    0.5691    0.5190   0.267    6
57021.209   -0.012185218866   -1.938898801512    0.6143    0.7059  -0.634   18
57028.207   -0.317528914758   -1.538197201612    0.2026    0.3254   0.212   28
57036.209    1.773371938196    0.753101999962    0.2446    0.3058  -0.132   15
57041.999    0.228523657152    0.004600799741    0.5220    1.2926   0.127   10
57043.208    5.125612254705   -0.019497600334    0.5825    0.1863   0.663   13
57077.209    0.224066030943    0.435301199886    0.3640    0.1958   0.436   31
57092.232   -0.152153019621    0.156902398274    0.2095    0.3210  -0.103   46
57098.832    0.275032222817    0.766501198513    0.2817    0.4661   0.276   25
57121.251   -1.148866118006    0.846802797483    0.6819    0.3459   0.404   17
57135.251    0.127932280940    0.335300398646    0.1075    0.1756   0.014  156
57149.251    2.965027051502   -1.212498002801    1.0732    0.4759   0.429   47
57156.760 -747.362465451585  702.157600798614   84.2479   81.7257  -0.713    4
57161.209    0.279339947269    0.408902399940    0.1995    0.2275   0.075   31
57175.209   -1.020042230742   -0.130399201836    0.1847    0.2054   0.035   22
57177.583  222.729420932723 -202.164796800730  101.5840  105.0296  -0.686    4
57189.209    0.494344675469    0.849502797706    0.2632    0.4468   0.117   23
57196.207    0.261063892656    0.298501198159    0.1661    0.1852   0.092   41
57203.209   -0.326444065822   -0.049197602792    0.1802    0.1663   0.099   46
57210.207    1.571443933833   -0.420199200235    0.3551    0.1844   0.166   22
57224.207   -0.347394635349   -0.314100000409    0.2093    0.1337   0.201   35
57248.270    0.845155631653    0.143999999125    0.3587    0.2091   0.410   23
57252.207   -1.069817316838    0.477701999557    0.1961    0.0994   0.307   56
57255.272    2.278561027704    0.181702800006    0.2081    0.1684  -0.024   66
57260.228   85.621042910708    8.773700399800   14.0548   12.0374   0.219    3
57262.270    0.367749651986   -0.303397201762    0.1862    0.1607   0.067   37
57267.230   20.424890822883  -25.393798801332    6.9224   28.9460  -0.963    5
57269.272    0.760165795140   -0.411897600827    0.2960    0.2556   0.169   20
57276.270   -0.002228762428   -0.104799602596    0.2977    0.2043   0.244   33
57280.207    2.455972341304    0.636602399595    0.1355    0.1353   0.257   32
57291.501-7997.557995641849   84.329200799971   78.5653  132.6010   0.508    3
57294.207   -1.461933859185   -1.006696802719    0.2094    0.1380   0.027   15
57295.230   -8.414408857117   -1.357398002000    0.3636    0.4999  -0.430   14
57297.272    2.350181735668   -0.101098802929    0.1573    0.1477  -0.048   64
57302.228   -1.191508961627    0.702500397054    1.5236    0.6330   0.110    4
57311.272   -0.742035993559    0.097502399754    0.2012    0.1500  -0.258   65
57318.270    1.873071708084   -0.766998001112    0.2718    0.2130   0.118   31
57330.206   -1.164613809386    0.315403197959    0.1697    0.1494   0.191   39
57332.270   -2.176036841146   -1.992196801126    0.2974    0.2234   0.284   27
57336.208   -0.699097096503   -0.779097602432    0.3604    0.3272  -0.010    5
57346.270   -2.127599113860   -0.974700000711    0.1763    0.1714   0.223   64
57352.290    2.483163546981    0.080999997110    0.3332    0.2492   0.264   20
57373.248   -0.495386082197    0.870102000050    1.9284    3.2754  -0.496   13
57420.208    1.644844003015    0.166201200003    0.3949    0.2001   0.098   15
57427.206    0.957336673842    0.031100399056    0.2573    0.2708  -0.086   20
57443.251   -4.847759365296   -4.113198002997    0.1619    0.2197   0.005   57
57479.269    1.127765748077   -0.423997202148    0.2038    0.2323  -0.263   22
57483.206   -0.938468715064    0.315802798312    0.2447    0.2540  -0.033   25
57484.229   -1.090026181797    3.646501196997    0.9979    1.7571   0.003   12
57507.269   -2.521052913664   -0.956700002419    0.2102    0.2741   0.082   30
57518.208    1.444848808996   -0.639198000130    0.3433    0.4893  -0.012   17
57521.269   -7.340433616230    8.802899999338    1.2161    2.0692  -0.884    6
57540.207   -1.052282966793    5.549201997113    0.3160    0.4218   0.228   38
57542.271    0.503855379422    0.832701597275    0.6238    0.6832   0.159    7
57556.271   -0.044279803237    0.268901998268    0.3222    0.3940   0.533    7
57561.227    0.127486528454   -1.964599200122    0.6318    2.3058  -0.109   10
57568.229    2.903958352865    1.190001598061    2.1999    0.6398   0.810   11
57576.250    0.279193795590    0.376300798521    0.1106    0.2143  -0.086  223
57577.269    1.055257082512   -4.933699202780    0.5657    0.7019  -0.726   10
57589.227   -2.238296645561    0.196700399968    0.6906    0.4916   0.246    3
57591.269    0.094204487029   -3.579897600758    0.2483    0.5140  -0.239   18
57595.206   -0.692856460352   -4.152600001461    0.1417    0.2326  -0.047   48
57605.269   -3.268887338259   -5.753098800554    0.3024    0.5167   0.121   20
57609.206    0.754816663960   -1.566698403010    0.1452    0.2039  -0.023   38
57618.228    3.009752607225    2.943500397024    1.1285    0.8783   0.011   10
57633.269   -0.165821647623   -3.168198001546    0.3054    0.3863  -0.100    7
57644.208   -2.375885883486   -0.661399201007    0.3937    0.3600  -0.380   18
57661.269   -3.170966929589    3.319901998111    0.3570    0.3883  -0.277    8
57673.209   -1.396111582257    0.663901199616    0.6117    0.3811  -0.102   20
57679.207   -0.249624027082    1.157900399562    0.1403    0.1932  -0.037   39
57686.208    1.780650230997    5.441900399106    0.1964    0.4341   0.216   36
57689.269    0.563586820603   -0.614498400964    0.3931    0.3149  -0.098    8
57693.207    0.876508410103    1.981101599569    0.1724    0.1935  -0.114   44
57735.207   -0.243087438849    0.484603199169    0.3219    0.1475   0.234   24
57736.229   12.025487952578    4.661701197861    1.4110    0.4282   0.459   10
57737.270   -0.017680501724    0.362800797404    0.4248    0.2119   0.248   10
57750.207   -1.847813414106   -0.988696801230    0.6267    1.0293  -0.556   13
57770.475   -0.297469850203    0.155203197494    0.1545    0.3846   0.050   45
57780.271 1769.077639225507 1152.645001199204    0.1113    0.1621   0.005   94
57784.209 4280.67637142648516255.983599999623    0.3793    0.3564  -0.273    6
57804.381   -0.240559176968   -0.716400001721    0.2114    0.3949  -0.098   36
57806.208   -0.527480565215   -0.040798801137    0.2544    0.4738  -0.013   44
57812.209   -0.097916861299   -0.737398801220    0.2494    0.2539   0.165   18
57815.269   -6.625439027945    0.399902399195    5.6482    2.0060  -0.951    5
57819.207    0.579334613335   -5.242096801439    0.1599    0.2981   0.022   75
57833.207   -0.471907149437    1.195801198861    0.4408    0.4124   0.455    9
57841.228    1.502051988296   -4.562298001787    0.4554    1.5815  -0.096   35
57868.209    0.908602893121   -3.068798402595    0.2421    0.3917  -0.078   34
57870.247    5.407034812723    2.140300797393    0.2265    0.3293   0.016   63
57875.167    0.906374130693    0.586601998975    1.3558    0.3384   0.327    9
57876.208    0.597910167402   -0.303699599868    0.2717    0.2205   0.244   10
57882.209   -0.291971019974   -0.787197599905    0.3559    0.2177   0.120    6
57892.271    1.260897359793   -0.665697602642    0.1447    0.1880   0.112   32
57896.209    0.444419890324    1.028501997169    0.1906    0.2517   0.084   23
57897.228   -0.949758881588   -0.007099201227    0.6112    0.5187   0.129   90
57899.270   -0.687357630123    0.314600400131    0.2708    0.4635   0.400   10
57906.271    0.563141068117   -0.184298400541    0.1786    0.1868   0.198   17
57911.206   -0.457642867193   -0.940500001079    0.1938    0.1401   0.076   35
57919.271   -1.139505214457    0.876103199587    0.2757    0.1872  -0.006   40
57932.230   -2.291341799459   -0.152798401132    0.6820    0.5864   0.152    3
57946.230  -26.523295139452  -57.413797201278    0.5508    3.4211  -0.803    6
57947.249    0.561504311207    0.515501999487    0.3742    0.2428  -0.022    8
57953.206    0.025408094382    1.622401198986    0.2006    0.2681  -0.222   25
57954.251    2.352856250581   -1.009800000418    1.5754    2.0111  -0.171    9
57970.691    0.426293636114   -0.170899201990    0.1323    0.2718  -0.160   45
57978.131    0.000000000000    0.273200399903    0.2474    0.5441  -0.486   31
57980.209    1.828050301633    1.241801998830    0.2287    0.1748   0.127   14
58008.209   -0.460171230427   -0.624898801505    0.1445    0.1221  -0.052   42
58011.270   -0.981557412524   -6.069398401465    0.2330    0.2778   0.414   14
58015.324   -0.092421578441    1.170802798711    0.3195    0.8107  -0.438   42
58025.270   -0.477851732152    0.676501197461    0.2723    0.3220  -0.093   35
58029.207    3.582254578892   -2.317996802503    0.1279    0.1387   0.073   36
58060.272    2.153157008645    1.056103198493    0.3381    0.1895  -0.011   18
58071.207   -1.295074453559   -0.490698000633    0.2204    0.1696   0.042   12
58072.226   -0.869968274499   -0.035798401044    0.6487    0.7774  -0.122    6
58073.249   -5.782212659266    2.959901997102    0.4786    0.6790   0.012    4
58074.272    1.667427883433   -0.083199600809    0.1957    0.1861   0.102   36
58079.272   -2.964435147338    0.251503199067    0.1764    0.2586   0.111   37
58144.268   -5.397377957091    0.558201600143    0.2613    0.2643   0.001   18
58148.209   -0.017830302128   23.542502398755    0.4620    4.4399  -0.053    3
58159.408    0.013372675919   -0.221896801733    0.1805    0.3089  -0.192   53
58162.206   10.880191503180    2.094202798375    1.8629    0.4321   0.917    9
58169.208    0.704891878815    0.282200397450    0.2549    0.1708   0.153   11
58170.227   -1.071450526377   -0.831398402923    0.5563    0.9829  -0.283   46
58170.230    0.038484919572   -2.260699202239    0.1275    0.2865   0.137  206
58197.208    0.305047642457   -1.320498002144    0.2188    0.2746  -0.219   21
58203.797   -0.210992955831    0.065602799992    0.2242    0.3140  -0.362  108
58205.269   -2.075295765884   -0.602499602209    0.2466    0.2062  -0.034   11
58216.836   -1.780504079318    3.189599998521    0.1205    0.2798  -0.228   85
58225.208    0.140859305727    1.802901597614    0.8120    1.8306  -0.430    8
58232.210    0.374585841026    0.050500797144    2.2956    0.6314   0.892   11
58245.742   -0.324957007963    1.392901199182    0.6066    0.8346  -0.384   11
58263.270    1.878716791346    0.252802799494    0.2520    0.2138  -0.003   22
58277.271   -3.272303659094   -0.118497602131    0.3230    0.2749   0.422   11
58288.206    0.263592255890    0.015101999651    0.4517    0.1740   0.283   12
58295.208    0.042942444427    0.481100397920    0.1511    0.1562   0.049   26
58298.269   -0.008469398578    0.483400797791    0.2849    0.4081  -0.601   10
58312.269    0.302223327141   -0.035298001322    0.2822    0.2876  -0.229    9
58326.269    0.047546222315   -0.562798802761    0.2722    0.2818  -0.008    7
58332.248    2.617040511989   -2.734898400547    0.8017    1.1681   0.280   12
58337.208   -0.399548284276   -1.563598802434    0.2133    0.2516   0.100   41
58361.271   -0.625843077647   -0.717098399861    0.2626    0.2436   0.250   15
58379.208    0.414554169733   -0.763200002396    0.4325    0.2160   0.349   15
58414.206    0.241004828100    0.291002399777    0.3415    0.2051   0.189   13
58417.271    0.143088068154    0.222501597946    0.3150    0.2077   0.192   30
58421.208   -0.135360475497   -0.432097202818    0.1358    0.1567   0.024   43
58430.248    1.171599697475   -0.337096801672    0.9586    0.7891  -0.579    3
58431.267   -0.816031716983   -0.398599201645    0.8935    0.3797   0.444   22
58431.271    1.140692671510    0.259502397171    3.4647    2.9819  -0.744    3
58436.227    3.181369138513    1.420603199875    1.0608    0.7464   0.389   10
58442.206   -1.034752265471   10.001102397439    0.2387    1.1118  -0.308   18
58443.269   -0.157798102883    0.458099999534    0.4222    0.6872  -0.139    4
58449.208   -0.321540687128    0.269301598621    0.1714    0.2673  -0.434   23
58463.208   -1.760445014763    0.407800797930    0.2611    1.8603  -0.284   15
58466.269    0.459575677538    0.264401997896    0.6184    0.4301   0.027    6
58473.271    0.105048901068    0.146401198364    0.1963    0.2528  -0.329   68
58479.206    0.852883325663    1.345701598154    0.2901    0.9845   0.434    7
58491.208    0.320499381754    0.122702398642    0.0729    0.1258  -0.159  255
58494.386   -0.638474150351    0.726202797097    0.1992    0.2354  -0.412   38
58500.248   -0.245316201276   10.514203197687    0.6036    5.1204  -0.040    3
58501.271   -0.230306667094   -0.374799602554    0.2526    0.3181   0.073   55
58506.209    0.296874297314   -0.306900003011    0.1673    0.1441   0.010   27
58529.271    0.014413981293   -0.017596800816    0.1851    0.2008   0.117   26
58557.271   -1.421519676639    1.517201999235    0.4618    0.7678  -0.626   30
58557.436   -2.991626353015   -0.636199202120    0.1628    0.3250   0.144  126
58561.209   -0.941289483010   -0.525099602200    0.2770    0.3497  -0.175   16
58563.250   -2.523727529931    3.399101998269    0.4187    0.8271   0.034   21
58570.249   -2.676921753573   -6.661497599936    1.6365    3.6936   0.800    9
58575.209    0.171170778802   -0.014598002807    0.1080    0.1124  -0.100   76
58589.209   -0.158243855369   -1.968300002986    0.2207    0.5371   0.294   48
58591.269   -0.231198273419    0.409903199383    0.2425    0.2467  -0.086   21
58601.083   -1.167734076784   -0.652298400894    0.2837    0.5996   0.102   71
58618.228   15.804171705603    5.887400397597   54.0702   22.0479   0.999    4
58622.004   -1.619585709036   -0.248997600139    0.2873    0.5518  -0.055   49
58627.271   -0.543973609886    1.171501200048    0.3758    0.4923  -0.338    5
58659.209    0.312771789097    0.257702397022    0.1109    0.1428  -0.116  102
58676.270    0.795230846507    0.398699997817    0.3664    0.4054   0.363   11
58681.230   -0.059285688695    7.143901198603    5.2451   11.1309   0.171   17
58687.209   -0.066863582302   -0.491896801691    0.3036    0.4827   0.039   61
58703.251    0.407867781097   -0.399297602982    0.1925    0.1305   0.100  207
58722.207    0.200886698989   -0.250898402854    0.1579    0.1944  -0.148   47
58732.270    0.290187908678   -0.131598002895    0.1699    0.2293   0.018   64
58757.209   -0.305493496296    0.824101200081    0.1786    0.2622  -0.181   71
58758.268    0.356901690577   -0.466498801188    0.3440    0.4367   0.165   18
58764.182    0.670714785048    0.585302398548    0.5118    0.8192  -0.174    6
58774.270    0.229119210041    0.955000798442    0.1597    0.1915   0.123   87
58781.272   -0.431197014808   -0.064598400229    0.3260    0.3469  -0.012   53
58787.269    0.102374386155   -0.047700000749    0.2853    0.2421  -0.135   50
58792.207   -0.229415162123    0.682801197982    0.1753    0.2231   0.098  120
58795.122   -2.762952895460    0.612100798847    0.1659    0.3671  -0.190  141
58795.272    0.239817371047   -0.655898401192    0.1826    0.4221   0.259   66
58800.228  -50.813050657650  104.827600798174    1.5527    2.0129  -0.777    9
58802.270   -0.220799611866    0.113601598528    0.1538    0.2439  -0.147   45
58803.501   -0.556454780834    0.616600799219    0.1799    0.4046  -0.101   45
58807.230   -0.484092368302   -0.902998802133    0.3565    0.2558   0.193    4
58813.209   -0.222728874840    0.020300398162    0.1964    0.1461  -0.165  173
58814.272   -0.222136869322    0.244303198471    0.1378    0.2065   0.063   93
58823.272    0.361805069271   -2.265699602333    0.3510    0.7251  -0.560   83
58829.247    1.077691162528   -0.920599200072    1.4711    1.5895  -0.577   19
58835.208   -0.309355468262   -0.649998001023    0.2551    0.3661   0.129   16
58837.272   -0.360171859733    0.268102797563    0.2556    0.2864  -0.068   14
58858.248    5.594848335246   -1.240599600649    0.1817    0.5095  -0.032   26
58858.270    0.071766859643   -0.192499200580    0.1941    0.2301   0.008   55
58861.959   -0.130902849288    0.614203197102    0.1770    0.4091  -0.169  100
58865.272    0.436396244231   -0.813600000171    0.3309    0.3764  -0.014   14
58870.206    0.395236809746    1.881601198050    0.0992    0.1607  -0.032  124
58870.250    0.271020349094   -0.246600001219    0.1277    0.4121  -0.399   31
58871.905   -0.652142778353    1.078801198773    0.1701    0.3532  -0.050  115
58872.270   -0.130606897206   -0.132098402617    0.1151    0.2029   0.058   87
58879.272    0.739215225614   -0.005299201078    0.1303    0.1991   0.029   87
58883.209    0.131498402177    0.181202397087    0.0851    0.1460   0.082  269
58886.270    0.273398911925   -0.322898402416    0.1619    0.2113  -0.029   80
58890.208    0.828366634899   -1.223596801481    0.1912    0.2061  -0.194  100
58891.230   49.628377783709   28.676501998603    0.4587    0.3543   0.591   49
58892.249   -1.482738277033    0.019400398088    6.3902    1.9862   0.792    9
58893.272   -0.251407037024   -0.611596802003    0.2395    0.3653   0.181   28
58905.227    0.231198172065   -0.135097200626    0.2276    1.0754   0.273   30
58911.250   -0.138334489863    2.183201999983    0.0452    0.1324   0.309  110
58920.249   -0.829703892356   -0.886298401070    0.1602    0.4927   0.271   33
58925.250   -0.789140010759    0.417902397487    0.0757    0.1428   0.293  127
58926.228    0.280231452240    0.085201199695    0.1818    0.2725   0.212   89
58928.270    0.425548384175   -0.110998800551    0.1860    0.2443   0.059   85
58932.208   -0.221095563948   -0.146898000963    0.1019    0.1209   0.000  120
58935.268   -0.182760444779    0.569102397208    0.2194    0.2526  -0.064   22
58939.250   -0.307126705835   -1.009699201049    0.1589    0.8099  -0.804   28
58941.251    0.351998413236    1.229000399050    0.2841    0.9777   0.333   11
58954.207    0.273249111521    0.014500797363    0.0832    0.1534   0.061  144
58956.270   -0.423765374233   -0.075398401123    0.1582    0.1961  -0.009   59
58962.271   -0.066567630220    0.075700799229    0.2305    0.2704  -0.109   40
58969.270   -0.330901590678   -1.012298401903    0.2437    0.4200  -0.132   36
58995.188    0.592561036222    0.146300398995    0.1562    0.4099   0.305   40
59010.229    0.720789370597   -0.071798400825    0.1701    0.6513  -0.012   18
59016.208    1.088984775069    0.582703197693    0.4573    0.7596   0.030   36
59017.230    0.823759309641    0.383601598486    0.4447    0.4027   0.089   50
59019.269   -1.148716317603   -0.141098400164    0.3836    0.2946   0.165   12
59023.206   -0.012777224384   -0.288197999865    0.1006    0.1498  -0.084  151
59026.270    0.119166930279   -0.684997201361    0.4023    0.4896   0.129   38
59030.208   -0.220649811463   -0.291898802729    0.1008    0.1166  -0.141  318
59032.271    0.044425954916    0.448300798084    0.2201    0.2577   0.039   32
59037.250   -1.073087384640    3.407101199571    0.1940    0.4995  -0.546  139
59040.270    0.122287197678    0.375800398800    0.2829    0.2088   0.029   30
59044.208    0.070429602187   -0.130298402468    0.0981    0.1304  -0.045  173
59051.250    0.159730811875   -4.062398401672    0.0699    0.1743  -0.193  181
59053.248   -0.529113774754    3.839000397576    0.3525    0.3441   0.312  119
59054.270    0.321390886725   -0.509598002196    0.3051    0.3127  -0.116    8
59061.269   -0.151407666329   -0.763999199904    0.3186    0.2717   0.033   29
59071.916  -73.291249020241   -1.315598401419    1.9574    0.8799   0.280    3
59074.250   -0.230160515415   -3.489796800338    0.2889    1.9805   0.450   13
59075.269    0.026149900303   -0.707799601329    0.3789    0.4740  -0.037  101
59080.207    0.253486100402   -0.268398001424    0.1862    0.2489   0.127  133
59080.251   -0.345165872921   -5.086800002019    0.0491    0.1594  -0.440  111
59081.230    1.335042782267    5.418802798474    0.7566    3.6282   0.809    4
59086.208    0.170428972881   -0.186598800411    0.1243    0.1987  -0.018  163
59089.269    1.226574012994   -0.936097202953    0.3954    0.3894  -0.152   50
59096.271   -0.018572006696   -0.282798002615    0.2943    0.3497   0.331   45
59107.250    0.036848061309   -0.418597201701    0.1070    0.4331  -0.673   86
59122.229   -0.673835153800    2.255900397685    0.2433    1.1784   0.410   19
59143.231   -0.929699715679   -1.765897201267    0.2553    0.9312   0.256   37
59149.206    0.173103589148   -0.056700001494    0.2497    0.2512  -0.119   76
59163.250    0.230306667094   -1.150797601213    0.0485    0.1113   0.009  161
59165.248    0.240708876018   -0.905698802356    0.2216    1.1898   0.488   23
59170.208   -0.154827534534   -0.029397601153    0.2065    0.2321  -0.232  112
59171.227    3.178544823197   -1.155398400954    1.0921    0.7467  -0.598   13
59172.250   -0.011439966927    0.152701198886    0.0745    0.1539  -0.175  148
59178.207    0.049479032660   -0.364096800709    0.1183    0.1661  -0.013  303
59186.250   -0.145167131532   -0.679698000283    0.1803    0.9199   0.328   29
59219.206   -0.088110205265   -0.329698802659    0.1840    0.2494  -0.070  175
59231.585   -0.667002512132    1.309402797389    0.3150    0.3046  -0.168   36
59234.229    0.622872610651    0.354700799932    0.1705    0.5677   0.211   27
59240.208    0.512174977597    0.269402397990    0.1744    0.2276   0.240  246
59249.248    1.768614812535   -0.352800000414    1.0623    0.5104   0.402    6
59270.250   -0.097175055378    0.678200398241    0.1884    0.5347   0.362   33
59275.207    0.256905867253    0.054201600008    0.3524    0.2084   0.488  104
59276.229   -1.963410675777    1.763002799748    0.3585    0.7750   0.375   13
59283.227    0.489591198532   -0.058698000061    0.1975    0.6154   0.215   23
59284.250   -0.438774908415   -0.684000002238    0.2911    0.6225   0.355    9
59289.207    0.535058357469   -0.323298002769    0.2540    0.3618  -0.107  101
59289.250   -4.922646593691    8.877103199723    0.0756    0.1170  -0.863   49
59290.226    0.288108946654    0.445600797860    0.1663    0.3924   0.264   37
59291.248   -0.152299171300    0.294001197787    0.1877    0.4478   0.280   15
59297.209   -0.012777224384   -0.588898801723    0.1434    0.2036   0.111  226
59303.207   -1.401014859598   -0.543798001829    0.3142    0.2985   0.014  114
59304.229   -0.505488690314   -1.152097201640    0.3136    0.5556  -0.140   15
59305.248    0.487062835298   -1.398898801597    0.0479    0.1451  -0.032   82
59312.228    1.383184557470   -0.504000000134    0.3623    0.6289   0.193   90
59318.229    0.834161518564   -1.772298001157    0.3110    1.2684   0.513   22
59320.249   -0.146654088038   -1.082498401317    0.0307    0.0947  -0.291   80
59325.217   -0.400439789247    0.441802799145    0.2054    0.5937   0.136   23
59326.250    0.167308705483   -0.456796801984    0.2079    0.4910   0.263   24
59333.248   -0.014560234326    0.210301197257    1.0168    0.5549  -0.677    4
59334.249   -2.294162567404   -4.581597600506    0.0286    0.0649  -0.276   93
59345.207   -0.709645457106    0.080801998692    0.1966    0.2985   0.110   97
59348.249    0.023625084440   -0.406897200733    0.1810    0.5763  -0.320   69
59352.187   -0.510688021091    0.395099997519    0.4675    0.3147  -0.083   20
59361.249    0.076520437934   -0.836398803017    0.1525    0.4622   0.453   47
59362.271    0.919001554673   -0.535399200174    0.3017    0.3201   0.017   30
59366.209    0.042346891538    0.249400797614    0.3335    0.3501   0.023   41
59367.228    0.180531682352    0.345801598556    0.1462    0.3233   0.289   47
59375.249   -0.270278644526    1.814601598582    0.2213    0.5458  -0.189  139
59383.269   -0.081423816628    0.229701598542    0.2568    0.3299   0.105   18
59390.249    0.057502678753    0.517402799005    0.1727    0.6284  -0.375  148
59390.271   -0.361509117189   -0.670399201752    0.2023    0.2867  -0.129   31
59395.228    0.021396322012   -0.600397200756    0.2108    0.4867   0.025   17
59404.249   -0.964023062478    3.677000400160    0.2075    0.6463  -0.519  118
59404.271   -0.062110004011   -1.199296802668    0.2743    0.3707   0.237   58
59408.209   -0.127190576372   -0.458398800518    0.1575    0.1701   0.085  125
59410.250    0.389295774402    0.110001598230    0.7349    0.3802   0.462   13
59416.230   -1.386304926222    0.769100399367    0.3317    0.3861  -0.211  146
59417.249    0.061364752073   -1.538697601333    0.1316    0.4516   0.215   46
59431.271    0.123770708167    0.011001599631    0.1986    0.2629   0.131   36
59438.251   -0.226148641692   -0.941896800555    0.1455    0.5464   0.301   40
59439.270    0.169237968457   -0.426099600404    0.2122    0.3191  -0.128   48
59446.271   -1.045004673992   -1.035198000920    0.2769    0.4200   0.106   46
59465.206   -0.032540336857    0.503402398166    0.1212    0.2869   0.075  158
59473.249   -0.125853318915    0.078901199174    0.3846    0.2737   0.053   50
59481.270    0.428668651574   -1.573498800056    0.4198    0.4814  -0.323   11
59486.230   -0.374732094058   -1.556697602823    0.2764    1.0348   0.426   30
59487.249   -0.054828163840    0.931802398441    0.1709    0.4003  -0.069  145
59488.250    0.620494047820   -0.873597600659    0.1976    0.4991   0.277  119
59493.228   -0.257647673175   -0.361396800486    0.1435    0.7346   0.404   34
59499.189    0.594936051682   -0.447199202469    0.3695    0.4410   0.009   74
59508.251    0.145316830582    0.136602000111    0.1674    0.3658   0.216   67
59514.230   -0.500881365056    0.809200799168    0.1435    0.4509   0.173   50
59516.272   -0.597610667949   -0.012499201674    0.2508    0.2367   0.119   34
59522.229   -0.038484919572    0.710701197093    0.1646    0.7436   0.462   25
59528.230    0.541744746105    0.806201997960    0.1586    0.4979   0.159   40
59534.209   -1.011719085196    0.724499999194    0.2005    0.2258  -0.127   99
59536.251    1.389275393218    1.341802800070    0.4942    0.9720   0.147   23
59541.189    0.092717530523    0.472903198201    0.1220    0.3759   0.211   42
59542.248    0.082315321599   -1.262898000576    0.0896    0.4385  -0.570   33
59551.270    0.096133750004    0.295401597583    0.1814    0.2728   0.335   64
59557.249    0.242937638446   -0.207198002755    0.1302    0.4051   0.164   50
59558.250   -0.055569868408   -0.851299200733    0.2184    0.6748  -0.616   27
59558.268   -0.059285688695   -0.208998002904    0.2553    0.3586   0.340   31
59562.209   -0.078303549230   -0.067298400452    0.1426    0.1742  -0.126  265
59564.251   -0.290038209628    0.359301599673    0.2681    0.4113   0.023  203
59565.270    0.647981205580    0.966301199057    0.2655    0.4859   0.450   23
59592.284   -0.293458077833   -1.367697599974    0.5816    0.7955   0.385    9
59594.585   -0.083356626974    0.540701998375    0.6068    0.5834   0.311   22
59597.083   -0.331793197002    0.241300800141    0.1373    0.4414   0.228   43
59600.250    0.342191757202   -0.678196801118    0.0526    0.1861  -0.677  104
59618.209   -0.580671870792   -0.120999600739    0.1239    0.1653   0.053  196
59626.230    0.286325835358   -0.680198400005    0.5479    0.6133   0.300   13
59632.209    1.234301707004    1.163001599025    0.2101    0.3876   0.789  215
59633.228   -0.330455838192   -1.854399600276    0.1378    0.5832   0.495   32
59653.207   -0.089746962174   -0.347698800951    0.1837    0.1530  -0.095  124
59654.230   -0.122287299031    0.505799997086    0.1584    0.7697   0.352   33
59655.249    0.345611625407   -0.091699201832    0.1636    0.1595   0.080  148
59656.250    0.549172839309   -1.276797602046    0.0499    0.1870  -0.298   77
59670.272   -0.051262143956    0.012801599780    0.1908    0.2025   0.092   43
59677.248    1.204585685464   -0.989499602255    0.0748    0.1551  -0.086   94
59681.208    0.043088697460   -0.297698400331    0.1106    0.1299   0.117  162
59683.249    0.150815660811   -0.309798001652    0.2606    0.9212  -0.380   66
59683.271    0.101336628151   -0.104097600939    0.1334    0.3277  -0.215   99
59689.206   -0.302073628091    0.191901598612    0.1475    0.1968  -0.010   89
59690.251   -0.021246622962   -0.666399601101    0.1470    0.4296   0.215   30
59691.248    0.325552560851    0.685000798484    0.0269    0.0830  -0.132  178
59691.270    0.233872788332    0.336103199672    0.1434    0.2156  -0.036   39
59695.208   -0.180977434837   -0.338598000837    0.1973    0.2306   0.092   88
59703.207   -0.133727164605   -0.241398002387    0.1080    0.1639   0.129  192
59704.251    1.319737296002   -0.725698800252    0.0778    0.1631   0.176  196
59705.248    0.371315773224    0.408301197652    0.0447    0.2186   0.120   63
59705.270   -0.333576206944    1.627901998802    0.2847    0.6171  -0.255   42
59719.248    0.453484841791   -0.174600001657    0.1402    0.2585   0.043   73
59719.270   -0.582454880734    0.490201198033    0.3811    0.4984   0.496    7
59724.230   -0.221987068919   -1.379098799958    0.1385    0.4318   0.262   43
59726.250    0.433571928914    0.214700398260    0.0922    0.2914  -0.303  107
59730.082   -0.455118152683   -0.205200000991    1.4727    0.6148   0.127   10
59733.248    1.046637883531   -0.130500001205    0.3864    0.8687   0.905  100
59737.120   -0.894784464716    0.373600798298    0.3257    0.7977   0.115   10
59739.227   -0.379934972206    0.224999999432    0.4819    0.3538   0.362  126
59740.250    0.248286769625    2.068401597199    0.0624    0.2004  -0.223   83
59752.208    0.352297912690   -0.593197200160    0.1319    0.1586   0.015  177
59767.249    0.052749100462   -1.317398401568    0.0505    0.2908  -0.073   76
59774.251    0.421982262937    0.149900399293    0.5062    0.2541  -0.036   36
59775.248   -0.119313183311   -1.153198800452    0.0544    0.4812   0.039   29
59779.208   -0.382905439201   -0.117298801072    0.2441    0.2264   0.213   69
59787.229   -0.365966642044   -0.327196800853    0.5609    0.5501   0.160   64
59794.230   -0.510987520544   -0.836197201082    0.1518    0.6480   0.470   42
59800.210    1.187497189257   -0.251100001591    0.1697    0.2822  -0.085  150
59831.270   -1.507846871961    0.400903198639    0.3750    0.3868  -0.166   52
59843.229   -1.097008522515   -1.508997602073    0.1476    0.5290   0.337   26
59845.271   -0.231052020386    0.059101197536    0.3106    0.2896   0.037   42
59863.084   -0.454968352280    1.268402397514    0.1226    0.4453   0.255   42
59873.271   -0.597164915463   -0.193096802548    0.2696    0.1620  -0.143   51
59878.227   -0.408759387422    2.205500399910    1.1453    0.7489   0.407   83
59879.272    0.156756696156   -0.180698400243    0.2647    0.2442  -0.067   15
59887.271    0.234022487382   -0.008197202916    0.1898    0.1898  -0.070   44
59891.208   -0.040267929514    0.136602000111    0.1384    0.1718  -0.057  164
59893.268   -1.289129870844    0.493001997626    0.5469    0.2824   0.207   15
59899.229   -0.283351820992    0.635302799168    0.1791    0.9137   0.457   24
59905.208   -0.069388398166    0.143503199723    0.1681    0.1447   0.044  123
59948.209   -0.013372777273    0.474101999259    0.1738    0.1943  -0.095   79
59957.271   -0.774280276980    0.439102798921    0.3189    0.2585   0.151   51
59963.250    1.018259220800    3.184801197165    0.1899    0.8906   0.679   24
59964.269   -0.042942444427    0.172000797605    0.1591    0.2413   0.008   60
59975.208    0.096729302893   -0.917596801742    0.3239    0.5842  -0.134  186
59977.250   -0.881411788797   -4.026600000628    0.3360    1.7586   0.651   15
59984.248   -0.461954240369   -0.831798000078    0.9827    4.7811   0.918   16
59984.248    0.139076194431   -0.831297600357    0.1421    0.4017   0.029   77
59990.227    0.254973056908   -0.030697201581    0.2196    0.5974   0.041  134
59996.206    0.799242618877    0.979700397608    0.1722    0.1995   0.357  117
60019.268    0.515741098835    0.160700396989    1.0581    0.5637  -0.651    8
60024.206    0.181273386920   -0.600300001707    0.2533    0.4271  -0.092  109
60032.227   -0.214113223230    0.063601197908    0.1790    0.1607   0.174  112
60052.207   -0.245462454309    0.266900399382    0.2097    0.2517  -0.071   45
60061.250    0.701026258124   -0.432399600925    0.2733    0.2744   0.201   64
60062.269    0.815140110659    1.244602798423    0.2834    0.7821   0.438    4
60069.271    1.853162443932    1.370203198903    0.5401    0.3017   0.340   35
60081.229   -0.306235200864   -0.386197202218    0.1487    0.4575   0.207   19
60082.248   -0.193012853300   -0.438397200142    0.2103    0.3878   0.066  105
60102.228   -0.212775965773   -0.554400001107    0.3538    1.7707   0.715    8
60159.250    0.298061754368    0.786301200151    0.1891    0.7496   0.350   12
60180.252    0.943667944487    1.291003198745    1.4345    2.1952   0.335   21
60199.209   -0.360467811815    0.307702797642    0.2556    0.2035  -0.114   54
60206.207    0.347540787028   -0.054097200319    0.1508    0.2096  -0.106   77
60206.207    0.349027844888   -0.049399201529    0.1508    0.2096  -0.106   77
60206.207    0.349027844888   -0.049399201529    0.1508    0.2096  -0.106   77
60208.249    0.567598694326   10.692802799994    0.0537    0.1898  -0.565  229
60227.209   -1.405472485807    6.187402798119    0.5163    3.1892   0.201   34
60236.230   -0.302519380576   -0.635097600110    0.1833    0.4461   0.243   25
60237.271   -6.375069748924   -1.065398399902    2.8936    0.7644   0.816    4
60251.271   -2.168904801378   -1.391400000017    1.0350    0.3999   0.428   25
60255.209    0.182164891891   -0.783198002452    0.3659    0.3202  -0.229   17
60256.228    0.705483884333    0.388900799564    0.2811    0.6830   0.239   12
60269.209    0.108169168466    0.243100797093    0.2755    0.2574  -0.147   25
