%-----------------------------------------------------------------------------
%                R.A. (mas)        Dec. (mas)        Err. (mas)     Corr. Del.
% Uncertainty in R.A. is in R.A. cos(Dec.)!!!!
%-----------------------------------------------------------------------------
49750.334   -0.135724916502    0.326901590597    0.3441    0.7683  -0.172   30
49939.333    0.005879725616   -0.080899204136    0.2834    0.5604  -0.422   30
50177.333   -0.389888409143    0.239101180455    0.3038    0.6837  -0.213   33
50242.333   -0.180772701183   -0.480099620859    0.1441    0.3338  -0.136   90
50255.288    0.415411531959    0.609901198345    0.3042    0.4008  -0.253   31
51115.712   -0.499268843132   -0.742100422713    0.5667    0.6563   0.272    8
51284.084   -0.010938011308   -0.143301613775    0.0685    0.1177   0.172  429
51704.001    0.157013921253   -1.236898813772    0.4670    1.0023  -0.038   19
51927.334   -2.216776495990    0.513201590024    1.5424    1.9657  -0.156    3
51967.168   -0.076919156324    0.024199189852    0.4240    1.1189   0.284   12
52306.248   -0.313087827701    0.813099578068    0.6084    0.6679  -0.041  135
52401.205    0.021289004751   -0.208101619137    0.1333    0.3069  -0.055   73
52408.203   -0.029872847378    0.054201584021    0.1758    0.2924   0.077   35
52409.164   -0.109146172383    0.893599178653    0.5794    0.7640   0.010  135
52415.216    0.095032632696   -0.182901604262    0.1154    0.1982  -0.043   38
52423.204   -0.216525274177    0.239698795212    0.1573    0.3081  -0.119   60
52429.205    0.202648884253   -0.198500416104    0.1102    0.2118  -0.034   53
52436.203   -0.083035951476   -0.517600810213    0.1475    0.2270   0.182   56
52443.216    0.144077385680    0.160199994070    0.1617    0.2715  -0.097   36
52450.207   -0.211232726880    0.104698790437    0.2065    0.3643   0.109   55
52457.205   -0.024227383367    0.263998794026    0.1209    0.2484  -0.093   38
52464.204   -0.210174217420    0.549601196553    0.1505    0.3372   0.061   72
52471.213   -0.225699183279    0.731998781589    0.2155    0.3165   0.105   35
52478.204   -0.223113560923   -0.398901622134    0.1378    0.3003   0.111   73
52485.209   -0.178537107383    0.089798376735    0.2507    0.4042  -0.009   52
52492.204    0.426818146705   -0.170499620822    0.2346    0.4623  -0.055   88
52492.708   30.709566935026   -9.961700405370    5.8680    4.7801   0.392    5
52499.213   -0.137489098934   -1.067799621524    0.1770    0.4578   0.029   50
52506.204    0.185006819248    0.217598380914    0.1651    0.3143  -0.217   30
52513.205   -0.202411734490    0.272800789958    0.1397    0.2291  -0.178   39
52521.204    0.587007596336   -0.697298423802    0.1452    0.2465  -0.219   61
52527.216    0.238754293733    0.563399976272    0.2363    0.5835   0.535   23
52534.204    0.145488731626   -0.542199603615    0.1060    0.3090  -0.211   45
52541.206   -0.279330890814    0.036799184500    0.1538    0.5300  -0.412   82
52548.204    0.175127317399    0.005299185091    0.1321    0.2561  -0.001   32
52555.206    0.047399145432    0.763801182302    0.1301    0.2290   0.080   43
52562.207   -0.063864045870    0.538498781566    0.1033    0.2636  -0.129   45
52564.242   -0.103147871886    0.348001179873    0.1261    0.1942  -0.177   78
52565.243    0.082211783848    0.249901194138    0.1492    0.1599   0.226  103
52566.236    0.047867748870    0.319298379736    0.1239    0.1633   0.272  106
52567.241   -0.141488875167    0.363898786304    0.0925    0.1420  -0.165  104
52568.241    0.231697483777   -0.250801210200    0.0803    0.1160  -0.028  100
52569.238    0.257220526366    0.338500785801    0.1152    0.1541   0.259  103
52570.243   -0.244283990793   -0.102898809473    0.1299    0.1679   0.349  112
52571.244   -0.034225460097   -0.228301217930    0.1969    0.1871  -0.009   95
52572.237    0.445165804456    0.141098396966    0.1845    0.1818  -0.075   79
52573.242    0.285094929706    0.271900799476    0.1948    0.2448   0.454   89
52574.242   -0.131609373318   -0.159300003588    0.1412    0.2425  -0.168   60
52575.236    0.073509366340   -0.045201602461    0.1527    0.4405  -0.407   36
52576.244   -0.021404691475    0.035999977399    0.1224    0.1456  -0.262   95
52577.245    0.040695171962    0.279899981592    0.1291    0.1771   0.218   77
52578.242   -0.125023974729   -0.184899622013    0.1406    0.1530   0.245  134
52583.206   -0.214761091745    0.648201594800    0.1944    0.3018  -0.053   69
52590.204    0.107144920415    0.693100795957    0.1736    0.2965  -0.149   20
52597.206   -0.191239381350    0.328100375668    0.1484    0.2328   0.038   70
52604.204    0.125492578166    0.344300383404    0.1555    0.2607  -0.306   24
52611.228    0.381538828122    0.323701181060    0.1709    0.2185  -0.029   63
52618.204    0.006116875378   -0.127598411837    0.0950    0.1796   0.074   70
52625.202   -0.092209860578    0.145000785778    0.1426    0.3150  -0.116   71
52639.202   -0.183005487053   -0.274201218531    0.2660    0.4887  -0.335   12
52666.585   -0.424348211073    4.289000386848    2.6836    2.0861  -0.095    8
52674.208    0.033285525519    0.128699994661    0.1135    0.2522   0.111   19
52681.206   -0.046340555746   -0.197398807700    0.1115    0.2503   0.141   22
52683.584    5.692136945112   -1.671400809755    2.0083    1.8304  -0.175    8
52780.587  -57.571292654733   25.430601598941    3.0870    1.9592  -0.493    8
52807.586  163.703866063039  -32.905501223013    5.6073    3.2455  -0.386    6
52914.586    0.114673061513   -8.639600420679    3.3677    3.2515  -0.153    5
52921.241    0.226404856252    1.194901176405    0.7876    0.7218  -0.444    5
52934.240    0.663573916174   -5.637801623948    1.1865    5.7965   0.381    3
53045.207   -0.225817677934    0.112399177965    0.1319    0.2133  -0.018   34
53052.205    0.172773148718    0.164599188679    0.0819    0.1465   0.079   74
53059.203    0.158425267199    0.070498794003    0.0877    0.1784   0.121   53
53066.205    0.150309947783   -0.077101205420    0.1676    0.2496   0.014    9
53073.203   -0.234051572231    0.266198378540    0.1781    0.1541   0.094   39
53087.207   -0.130785125464    0.026301597700    0.2041    0.2681   0.111   22
53094.209   -0.169244703626    0.142599583342    0.1128    0.1999   0.010   22
53108.205   -0.048339080011   -0.485398805949    0.2459    0.2747  -0.045   11
53122.205   -0.029167174405    0.730299584006    0.1408    0.2212  -0.068   34
53131.252    0.267805781414    0.456199200016    0.1096    0.1610   0.299   96
53143.207   -0.132786457659   -0.277300819107    0.1328    0.2199  -0.041   22
53150.205    0.323435932987    0.106498796981    0.1384    0.2251   0.042   37
53158.208   -0.078449077151    0.191998788068    0.1289    0.2863  -0.131   20
53164.205    0.289916145863   -0.512798405339    0.1512    0.3524   0.109   18
53185.207    0.480686923775   -0.820101618615    0.2382    0.4180  -0.336   15
53199.225    0.346489120170    0.581399990551    0.4414    0.5476   0.298   10
53201.256   -0.042927957832   -0.238899613692    0.1016    0.1244  -0.018  203
53206.205    0.084447377648   -1.152601214471    0.2679    0.5008  -0.336    6
53213.207   -0.157132415907    0.627400800113    0.2511    0.3991  -0.094   11
53227.225   -0.023405943444   -0.117399619626    0.1626    0.2791   0.065   17
53234.205    0.164304992815    0.611600395928    0.2159    0.3881  -0.101   10
53243.249    0.147958667258    0.098899192835    0.1047    0.1277   0.138  101
53248.205   -1.029469203555    1.751601590172    0.2827    0.4700  -0.051   16
53256.204    0.510207014893   -0.212601622707    0.6207    0.5292   0.454    9
53262.224    0.095619730788    0.235400383986    0.2374    0.3611  -0.020   16
53269.204   -0.939379169826    0.362998795822    0.1716    0.2910   0.326   14
53283.207    0.227347678988   -0.204598808295    0.1778    0.2214  -0.066   21
53285.253    0.207351525528   -0.536000402462    0.0800    0.1613   0.084  235
53304.224    0.365895367608    0.213998393406    0.1836    0.3472   0.252   16
53311.204   -0.346723381776   -0.061099208892    0.3672    0.5081   0.289   11
53318.206    0.423995454813    1.231999181073    0.3931    0.8360   0.718   12
53325.226    0.209468544447   -0.497700006008    0.2215    0.5264  -0.075   12
53332.206   -0.257807624458    0.174599995262    0.3103    0.4511  -0.498   13
53341.249   -0.104087806464   -0.007898424315    0.0747    0.0958   0.036  171
53353.204   -0.071979365286   -0.242798421368    0.1730    0.3101   0.571   29
53360.206    0.412470265186    1.050998392316    0.1578    0.3926  -0.029   16
53389.206    0.350370401749    0.419299180976    0.1542    0.2497   0.282   53
53390.247    0.175127317399   -0.097099211871    0.2123    0.4395  -0.580    5
53409.204   -0.072803613140    0.021999579758    0.1803    0.2487   0.069    9
53411.253    0.068451000421    0.081298782106    0.1261    0.1646  -0.138  131
53416.206   -0.211232726880    1.134799185820    0.7822    0.3522   0.061    5
53437.204    0.043165107594    0.276998392224    0.1237    0.2924  -0.058   17
53451.208    0.112084631226   -0.346500019077    0.1255    0.1729  -0.104   22
53458.206    0.060454255886   -0.186400808388    0.1778    0.2378   0.185   21
53472.206    0.168186274393   -0.021301207198    0.1436    0.2164   0.052   25
53488.251   -0.382713024306   -0.339400801863    0.1738    0.1819   0.118  122
53493.204   -0.127728091740   -0.273600022638    0.1370    0.1856  -0.109   21
53500.206    0.061865601832   -0.105501604253    0.3809    0.5981   0.622   11
53507.204   -0.223700659015   -0.881100018546    0.2768    0.4549   0.282   13
53522.205   -0.173125985204    0.833198393480    0.3208    0.5438  -0.540    8
53528.206   -0.239107049993   -0.308098813662    0.2397    0.3613   0.396   12
53542.206   -0.215585339599   -0.059900423821    0.3587    0.4237  -0.116    5
53551.250    1.154374683629   -0.222800414917    0.2890    0.2144  -0.024   35
53552.287   -1.021001047652    2.143400388377    0.3082    0.5340  -0.108   45
53560.315   -2.227480245693   -4.426200001717    0.3634    0.4727   0.294   44
53563.204    0.496327656586   -0.797601600766    0.8217    1.4743  -0.818    3
53570.206    0.117261572026   -0.236401209008    0.2285    0.2707  -0.313   17
53584.202    0.374244948630    0.053398795785    0.2316    0.3613  -0.231   14
53591.204   -0.131375111713   -0.037598417180    0.3426    0.4110   0.253   16
53598.210    0.434580629635    0.008398785667    0.6380    0.5161  -0.172    5
53605.208   -0.478685591581   -0.131900404199    0.2835    0.4492   0.193   16
53607.250   -2.300046789298    1.707001183604    0.0939    0.1392  -0.248  117
53612.206   -0.097736749707    0.030099596415    0.1923    0.3689  -0.007   32
53620.205    0.285447766192    0.283899598230    0.4864    0.9506   0.052    4
53626.195    0.171008966285    0.412999196442    0.4178    0.4006  -0.714    5
53628.500   -0.124671138243   -0.803800801918    0.8088    0.7442  -0.515    3
53629.198    0.040223840821   -0.327398421973    0.2380    0.2621  -0.397    9
53629.501    0.167364834469   -0.295801220318    0.2870    0.3120  -0.389    7
53631.196   -0.439404573495    0.031899577380    0.2799    0.8769   0.036    3
53631.499   -0.428582248911   -0.118800022619    0.3877    1.1524   0.074    3
53633.197   -0.337668047555    0.062499586306    0.2328    0.3490  -0.237    6
53633.500    0.133373635977    0.116999990496    0.2037    0.3085  -0.335   15
53634.205    0.083151798653   -0.460598420204    0.3393    0.4333   0.327   11
53636.196   -0.135019243529   -0.887500812041    0.2134    0.3250  -0.371    6
53636.499   -0.164070650983   -0.814201212052    0.2809    0.4202  -0.397    6
53640.199    0.110204762069    0.292499976240    0.3488    0.3414  -0.553    3
53642.248   -5.719774198690   -3.610198808701    0.8103    0.5872   0.809    6
53668.206    1.299510578769    2.288098798431    0.6791    1.7100   0.891   14
53689.216   -0.045516388119    0.690598784558    0.1729    0.4238  -0.061   21
53696.203    0.486800991223    1.244699984682    0.2604    0.4658   0.207   15
53703.205    0.516910908137    0.722599196479    0.2291    0.3721   0.327   29
53719.250    0.115613076318   -0.244699211294    0.1064    0.1601  -0.286  115
53745.205    0.022816117648    0.150998394588    0.1907    0.3219  -0.209    8
53759.201    0.138666263501    0.010198792211    0.2547    0.2597   0.181    7
53766.207    0.017407723173   -0.071899222576    0.1334    0.1863   0.110   34
53768.252    0.092091285697    0.125200790535    0.1796    0.2402   0.779  143
53773.205    0.188298114577    0.054799198779    0.1252    0.1873  -0.054   24
53780.207    0.120905703842    0.078199181530    0.1851    0.2334  -0.136   12
53787.205   -0.276392431971    0.309200396487    0.3078    0.3274   0.156   10
53794.229   -0.026110140681    0.184201198294    0.1675    0.2251  -0.287   18
53801.205   -0.059630008032    0.132299982170    0.1523    0.2762  -0.002   16
53822.207    0.246282515058   -0.075301224456    0.1272    0.2053   0.084   23
53829.205   -0.079860423097    0.180399592864    0.4304    0.3978  -0.311    7
53844.206   -0.177244336318   -0.833601603745    0.1732    0.3799   0.349    5
53851.229   -0.553253467380   -0.033901201846    0.1312    0.1360   0.200   63
53864.207   -0.027050075260    0.195501598910    0.2573    0.4268  -0.117    9
53878.207    0.415527218684    0.080701192928    0.1934    0.2814   0.031   16
53899.205   -0.466807565467   -0.156200403012    0.3365    0.6541   0.857   21
53913.205    0.138194852134    0.264898784508    0.1899    0.3217   0.166   49
53915.247   -0.852343361892   -1.641398415586    0.3959    0.8164   0.750    3
53922.205   -0.586654679623    0.261399580381    0.3266    0.2823   0.358   50
53927.205   -0.166306244783    0.385300776884    0.2770    0.3567   0.129   13
53928.228    0.142900301339    0.093499198783    0.2152    0.2646   0.169   59
53934.207   -0.121964133075   -0.425498407708    0.1882    0.2382  -0.071   74
53948.203    0.488683748537   -0.236098807704    0.3066    0.3631   0.192   35
53955.205   -0.225112004961    0.330901181655    0.2209    0.3166  -0.167   30
53964.209    0.575363831828   -0.037400405972    0.2019    0.2186  -0.202   73
53976.207    0.182065552474   -0.398998824380    0.1458    0.2448  -0.020   50
53978.249    0.146781582918   -0.060098409449    0.1542    0.1248   0.088  116
53992.249   -1.079219629512   -1.103500804334    0.1472    0.1333  -0.490  139
53997.205    0.041400925162   -0.042098420749    0.1704    0.2206  -0.266   43
53998.228    0.368599484619    0.155800799462    0.1336    0.2207  -0.190   19
54004.207    0.220406635982    0.052498779723    0.1727    0.2010  -0.005   58
54013.251   -2.484582197178   -2.159600421692    0.2446    0.2479   0.498    4
54025.209    0.023521790621   -0.033199222571    0.1487    0.3155   0.300   24
54032.207   -0.161366533972    0.609901198345    0.3936    0.3562  -0.564   35
54039.209   -0.140311790826    0.246099588708    0.1551    0.2776  -0.173   45
54048.249    0.071860870632   -0.174200417291    0.0713    0.1000  -0.032  138
54054.224   -0.142781726458   -1.574301623464    1.8837    2.8004  -0.771    3
54055.251   -0.006116795152   -0.246499217837    0.6826    0.3602  -0.638    3
54067.209    0.310499397414    0.256100395291    0.1756    0.3348   0.485   55
54074.207    0.119731427432   -0.263599216055    0.1368    0.2173  -0.013   35
54076.249   -0.182184047129   -0.153601214947    0.0952    0.3674   0.253  113
54082.228   -0.107144840188    0.326098776782    0.2717    0.5207   0.546    6
54087.561   -2.273349470298   -5.873198401218    0.3889    0.2953   0.037   36
54088.207    0.166893423102   -0.527698819042    0.1747    0.2779   0.093   16
54097.207    0.497739002532    0.164800781022    0.2454    0.2167   0.178   29
54103.208    0.540669768294    0.580100396519    0.4906    0.3617   0.204    6
54108.997   -0.899742507324   -0.344901604876    0.9375    4.1174  -0.219    4
54110.206   -0.152426966702   -0.179398819000    0.0887    0.1173   0.161   69
54112.274   -0.125258236335    0.078098398149    0.4356    0.5151  -0.043   28
54116.207    0.836112803286   -0.271198820201    0.2502    0.1952  -0.269   41
54123.209    0.039283826016    0.124599594642    0.2801    0.1759  -0.771   62
54125.251   -0.231463141945   -0.057398412423    0.0794    0.1153  -0.175  106
54137.209   -0.054571642113    0.085399182126    0.0640    0.1063   0.006  134
54138.225    0.921384428788   -0.874598416090    0.1977    0.2850   0.183   49
54153.251   -0.214526830139    0.233899197610    0.1513    0.1553   0.434   16
54158.207   -0.006351056757   -0.343000814951    0.1015    0.1528  -0.207  106
54165.206   -0.037872399843   -0.077500808970    0.0884    0.1379   0.084   47
54187.230    0.026463057394    0.002800780408    0.1355    0.1242   0.183  123
54188.249    0.121964213301    0.264700798880    0.1128    0.1791  -0.282   23
54193.209   -0.111968864275    0.018799195800    0.0692    0.1455  -0.051  145
54208.207   -0.173831658177    0.084898795194    0.1260    0.1692   0.192   22
54216.249    1.867230422322    0.440701197135    0.6922    0.5935   0.673    6
54228.208    0.073862202826    0.340599586934    0.2192    0.1971   0.382   32
54236.225   -0.152661228307    0.466801176913    0.1326    0.2292  -0.048  185
54242.208   -0.205705837750   -0.207601206625    0.1175    0.1463   0.002   39
54243.227   -1.072987067409   -1.330401619271    0.4955    0.9953   0.584   64
54250.207   -0.314967696858   -0.254199605365    0.1418    0.1578   0.049   46
54263.206    0.067273916081   -0.011498411823    0.1109    0.1463   0.163  145
54270.208   -0.118435768210   -0.373600823877    0.0918    0.1346   0.082  176
54284.208   -0.226404856252   -0.095601606631    0.1165    0.1793  -0.015   83
54298.208    0.704150513255    0.435898792261    0.2331    0.4818   0.041  105
54305.206   -0.207235758577    0.383399986958    0.1665    0.3035  -0.082   47
54313.227   -0.505972816602    0.153399597025    0.2440    0.5561   0.221   23
54321.248   -2.368850626205   -4.379698805224    0.3401    0.4628  -0.154   66
54346.994   -3.526403646144    2.449000797355    5.2968    2.3157  -0.927    6
54348.207    0.140196184329   -0.024901220286    0.1394    0.1547   0.480  245
54354.208   -0.158190925367   -0.298299599422    0.1015    0.1894   0.260  154
54356.250    0.498328988780    0.627598785741    0.1380    0.1633   0.276   48
54375.210   -0.171008886059    0.097999176774    0.1706    0.1773  -0.023   44
54383.209   -0.018934755843   -0.469800019687    0.1190    0.1992   0.064   55
54390.207    0.056220137821   -0.335098809501    0.1421    0.3295   0.549   54
54398.250    1.493454077130    0.759599998901    0.3198    0.3014  -0.179   15
54426.999    1.632357410167    1.734199190651    1.0870    1.5261   0.641   24
54432.225   -0.000705672973   -0.059000407759    0.2146    0.2595  -0.096   55
54433.288    0.293797347214    0.449398777391    0.1285    0.1997   0.088   21
54440.250    0.422702603521   -0.470001612030    0.1726    0.2009  -0.216  162
54445.206   -0.143724468967    0.206899176192    0.0795    0.1194   0.013  144
54447.248    6.182819137687    6.971101200293    0.9942    1.1657   0.920    3
54447.584   -3.613202384543    5.073901184005    7.8709    4.1112  -0.602    9
54461.208   -0.016464900438   -0.449899215482    0.1434    0.2209   0.007   35
54468.206    0.014585031281   -0.002700022605    0.1577    0.2420  -0.084   33
54480.208   -0.455635212327    0.283399185719    0.2739    0.4197  -0.189   31
54486.995    5.465376444443   -1.082498417304    5.7946    4.9317   0.716    3
54488.207   -0.308969476587    0.007700387528    0.3140    0.3368  -0.408   29
54489.248    0.016817817151   -0.220701613785    0.1255    0.1550  -0.206  264
54494.208    0.638053681515    0.509101190005    0.2187    0.3066   0.130   18
54502.225    4.768988414118   -1.414501207364    0.5366    0.4278  -0.167   33
54522.208    0.036461134124   -0.260200820890    0.2370    0.2316  -0.092   11
54529.207   -0.054690216994    0.021801594130    0.1971    0.2309   0.182   18
54543.207    0.247341024517    0.483501597159    0.6218    0.5610   0.631    3
54557.207    0.372364999246   -0.153201611397    0.3353    0.3006   0.120   15
54558.226   -1.771257855047   -0.977198405394    1.2919    4.9518  -0.621    5
54559.230   -0.479862675921   -0.221400011924    0.2761    0.2013  -0.229  107
54564.208    0.828587389892   -0.316000819112    0.2964    0.3745  -0.240   18
54579.209    0.453633960359   -0.521798412478    0.4592    0.3902  -0.169    4
54585.207   -0.979131599280    2.082599999653    0.8908    1.2134  -0.701    5
54601.248    0.150544209388   -0.596199620873    0.2725    0.5539  -0.394   68
54608.250   -0.133726392237   -1.457798413185    0.4908    0.4819  -0.132   20
54620.209    0.008702497735   -0.355100422667    0.1709    0.2619  -0.087   30
54627.207   -1.264226448759   -1.278000016214    0.6393    1.3141   0.619    5
54642.226   15.098620086755   -3.549700821281    6.8547    2.9942   0.308    8
54648.209   -0.098676684286   -0.468601209036    0.3300    0.4685  -0.277   11
54657.249   -0.240284134334   -0.003200409537    0.2325    0.2562  -0.146   83
54677.224    8.764432491826   -2.083201221126    1.3954    1.4104  -0.350    9
54713.249   -0.294974431555    0.674600394746    0.2415    0.3541   0.271   37
54942.209    0.768133214232   -0.011001606026    0.7281    1.1404   0.934    6
54976.999    8.350435193969   -4.530600023145    6.6544    4.3092   0.084    3
55173.208   -0.093736893248   -0.136198815426    0.1006    0.1388  -0.095   66
55180.206   -0.003999776233    0.170099991692    0.1420    0.1727   0.116   22
55269.707   55.275595750451   54.110401177354    3.7509    5.6667  -0.568    3
55551.209    0.597711346039    0.236001579879    0.3074    0.3358   0.112    4
55615.230   -0.301559830144   -0.037400405972    0.1615    0.1522   0.235   26
55617.272    0.669572216671   -1.147298422666    0.5983    1.7632   0.144    4
55621.209    0.021170429870   -0.290401200687    0.2221    0.2708  -0.107   27
55624.270    0.200531865334   -0.399099607762    1.6059    0.7865  -0.755    4
55628.207   -0.376599037084    0.292298383897    0.2005    0.2116  -0.233   20
55631.272    0.273804001685    0.554399994712    0.5869    0.5960   0.259    4
55652.270    0.231228960566   -1.123300799577    0.3010    0.6132  -0.016   33
55659.272    2.119982649245    0.318801599519    0.6785    0.5764   0.301   24
55663.209    0.262278892284    0.506300384018    0.3156    0.3606   0.162   22
55666.270   -1.359611917942    0.764398797060    0.8129    1.0195   0.235   10
55671.270    0.189240937312   -0.124200016671    0.2165    0.5310  -0.333   32
55680.270   -0.432934941857    0.848699977496    0.5835    0.7829  -0.379    5
55684.207    0.041163775399   -0.141998413028    0.2149    0.3072  -0.103   14
55708.270   -0.715559935930   -0.831200401308    0.7828    0.6224   0.212    4
55734.228    0.265101584177   -0.062301600678    0.2520    0.2371  -0.319   25
55736.270    0.201237538307    0.447199192877    0.4738    0.7178  -0.005   19
55740.207    0.366248204094   -0.324201619151    0.3768    0.4650   0.029   32
55743.268   -1.289396654862   -1.901901612200    0.8598    0.9924   0.444   17
55750.270   -0.257691857507   -0.615499203604    0.7908    1.1285   0.553    8
55771.268    1.087219262203   -0.765201610875    0.4539    0.5533  -0.315   34
55782.208   -1.360433277639   -0.288298818418    0.7748    0.7267   0.727    4
55799.268   -0.150428442437    0.140000395277    1.4677    0.8241  -0.728    4
55813.272   -0.839406826319   -1.196600399567    0.4856    0.6479   0.182   13
55819.500   -0.089268513578    0.179999989314    0.0838    0.1037  -0.039   75
55820.497   -0.025757304195    0.083001586404    0.0701    0.1062  -0.035   97
55821.498    0.017054886686    0.067399193426    0.0674    0.0948   0.024  134
55822.498    0.124786905193   -0.109501220891    0.1745    0.1211   0.377   99
55823.499    0.147958667258   -0.122299201166    0.0839    0.0918   0.189   67
55824.500    0.007762482930    0.143899177374    0.0774    0.1404  -0.112   86
55825.497    0.036108297637    0.363499182754    0.0764    0.1610  -0.554  162
55826.498    0.100440946945    0.057398386843    0.0808    0.1222   0.025  101
55827.499    0.076332058232    0.013399176169    0.0953    0.1204  -0.176   58
55828.499   -0.172420312231   -0.054000017258    0.1043    0.1492  -0.605  127
55829.500    0.105852069124    0.042001192924    0.0801    0.0784  -0.160  160
55830.501    0.141017544026    0.049798782698    0.0574    0.0854   0.059  163
55831.498    0.000000000000    0.055299585711    0.0730    0.2124  -0.017   99
55832.499   -0.087032919778    0.015598786263    0.0652    0.0783  -0.095   92
55833.500   -0.085268737345    0.037000776842    0.0925    0.2046   0.232  107
55841.272   -0.155836756686    0.361598392828    0.2052    0.3649   0.109   20
55846.229   18.258894183912  -18.459601207610   77.6368   62.7943  -0.999    3
55847.251   -0.001292771065   -0.025498809464    0.0655    0.0816  -0.072  250
55848.270   -0.189240857086    0.313801183438    0.4465    0.3943   0.510   16
55869.269    0.038812414648    0.012200391097    0.6580    0.4972   0.169    4
55873.206    0.098913834048   -0.690199206588    0.3221    0.2848  -0.005    8
55876.270    0.514675314337   -0.743698811334    0.8314    1.1408  -0.573    3
55883.269   -0.370247900101   -0.313700400056    0.2054    0.4124   0.223   87
55889.295   -1.499689447163   -4.560001221421    1.2680    2.4181   0.513    6
55904.270   -0.172538806886   -0.271699207133    0.2344    0.3846   0.150   15
55911.269    0.029638585773    0.029098796972    0.2746    0.3997  -0.023   25
55917.270    0.610647881612    0.773398778620    0.3269    0.4756   0.303   39
55925.269    0.067511065843    0.015699595224    0.1859    0.2843  -0.055   25
55932.271    0.210527053907   -0.344498420191    0.4285    0.4192  -0.212   31
55939.269   -0.138194771907   -0.164498405297    0.3018    0.4003   0.069   12
55944.207   -0.104206381346    0.013201190541    0.0982    0.1147   0.002   46
55950.208   -0.038693839767    0.506300384018    0.1725    0.1943  -0.079   12
55951.227   -0.147840012151    0.150400779830    0.1138    0.1619  -0.545   55
55953.269   -1.146143517036    0.118000789939    0.2878    0.5305   0.045   46
55967.272    0.671336399103    0.913201188268    0.6400    0.6522   0.183   39
55971.206    0.009526745589   -0.387900016108    0.1426    0.1861   0.015   12
55972.229    6.959654769427    2.270998800213    3.5270    6.2885  -0.407    3
55974.271    0.026934468762   -0.811299622683    0.1394    0.2514  -0.269  111
55981.272   -0.358367066057   -0.030898803516    0.4225    0.5388   0.155   36
55985.206    0.852227675167    0.142401597714    0.4484    0.2078  -0.394   72
56000.207   -0.021288924525    0.203799575615    0.2169    0.4244  -0.291   18
56013.206   -0.131022275226   -0.045799217219    0.1146    0.1434   0.034   56
56016.271   -2.239005435320   -1.667800822247    0.6825    0.7174   0.126   20
56022.268   -0.715794197536   -0.483800417328    0.5807    1.0056   0.316   37
56030.271   -0.297915698328   -0.305600408979    0.2791    0.4115  -0.418   23
56044.267    0.007056809957    0.157298379122    0.3096    0.2968  -0.042  100
56058.267    0.243694084771    0.032101195302    0.1509    0.2142   0.079   61
56065.269    0.091267118069   -0.004201208981    0.1894    0.2517   0.343   32
56072.271   -0.049750425957    0.161099984552    0.2143    0.3881  -0.035   33
56079.269   -0.245929598344   -0.003099600576    0.2544    0.2945  -0.020   16
56086.271    0.143958810799   -0.116499603564    0.1943    0.2719   0.029   31
56093.269    0.200766126939   -0.000500412511    0.3074    0.3018  -0.481   16
56106.250   -0.235578685128   -0.040201211959    0.1206    0.1276  -0.067  168
56114.271    0.029285749286    0.002098775553    0.2125    0.2820  -0.285   29
56121.269   -0.495153380175    0.812498382174    0.4603    0.4552  -0.252   15
56135.273    0.075273548772    0.695699984021    0.2293    0.3016  -0.012   48
56156.271    0.056220137821   -0.466599610149    0.2355    0.3262   0.162   34
56167.207   -0.326142857928    1.366498798916    0.1940    0.3993  -0.366  206
56170.271    0.155015477215   -0.138499208902    0.1695    0.2385  -0.252  102
56175.209   -0.193237825388    0.155699990501    0.0862    0.1223  -0.136  200
56177.273    0.395181036668    0.187099180948    0.3323    0.3741   0.169   30
56184.271   -1.128617299208    0.455299183955    0.3866    0.3964  -0.388   19
56188.209    0.046693472459   -0.109598423137    0.1377    0.2157  -0.401  110
56191.269   -0.426230968386    0.160700381002    0.2354    0.2161  -0.075   96
56198.271    0.383065941019   -0.309801617959    0.1536    0.2219   0.160  103
56202.209    0.061041353978   -0.181000814337    0.1124    0.1405  -0.027  136
56204.250   -0.153719737767    0.046900800044    0.0731    0.1044  -0.074  194
56212.271    0.015406471205   -0.485899218461    0.1257    0.2095   0.060  192
56219.269   -0.233108829723    0.209800791140    0.2398    0.2694  -0.474   49
56226.271   -0.230757468972    1.190800776385    0.2984    0.5024   0.173   51
56233.269    0.032227016059    0.099500388728    0.1278    0.1615   0.222   66
56237.207    0.031521343086    0.102398396962    0.7309    0.6404  -0.415   91
56240.268   -0.074214959086   -0.176400001806    0.4610    0.5860   0.196   42
56245.228    0.542434030953   -3.120998422901    0.6197    0.8346  -0.199   17
56247.269   -0.154072574253    0.044999984539    0.2367    0.4125   0.181   85
56252.266    0.293210249122   -0.397299601218    0.1813    0.2720   0.214   53
56259.228    0.129373859745   -0.206398814839    0.1267    0.1266  -0.148   38
56261.269   -0.176538663345   -0.580100422098    0.2744    0.2967   0.099   81
56273.231    0.365661025776   -0.009100816101    0.1386    0.1649  -0.145   67
56296.271   -0.081271769043   -0.186501617350    0.2653    0.2690  -0.211   60
56303.270    0.605002417601   -0.075099606534    0.1863    0.2845   0.040   59
56310.271   -0.117730015010    0.249699576216    0.2545    0.4409  -0.085   82
56314.001   -3.194968160692   -0.521200823300    1.5134    1.5355   0.505   11
56316.583  -16.603249244729   15.539799591124    2.5964    2.2605  -0.461   35
56324.271   -0.191357956231   -0.276098401741    0.2227    0.3090   0.087  129
56328.209    0.268864290874    0.282801596541    0.1701    0.1946   0.062   79
56331.270    0.323907344354    0.534801591812    0.2204    0.3424   0.128   64
56345.270   -0.325790021441   -0.045601206011    0.3934    0.3114   0.244   36
56352.272    0.321908900316    0.175899589294    0.3228    0.3051  -0.124   19
56359.270    0.099619507021    0.122799588098    0.1789    0.2491  -0.049   64
56366.272   -0.277919544868   -0.346298401155    0.2375    0.3336  -0.214   43
56372.251   -0.251456487474   -0.067701620310    0.5485    0.7844   0.642   82
56377.207    0.002117099146   -0.292701619742    0.1336    0.1831   0.165  222
56378.270   -0.211704138247    0.150400779830    0.1544    0.2231   0.360  136
56393.249    0.104206461572    0.192898778550    0.1247    0.1830   0.061  265
56394.272    0.228053351961    0.480099595279    0.2301    0.3049  -0.236   71
56401.270    0.033519867351   -0.065098799951    0.1478    0.2727  -0.201  255
56408.268    0.714501506697    0.162698398753    0.4379    0.4453  -0.105   92
56415.270    0.065156897162    0.406198799396    0.1605    0.3727  -0.300   98
56418.999    1.944855331846    1.121799587622    0.5563    0.7127   0.164   40
56436.268   -0.396710957495    0.647701182288    0.3853    0.3730  -0.485   54
56443.270    0.116790160658    0.776800780500    0.4316    0.5262  -0.486   36
56447.207    0.120671362010   -0.305798420186    0.1397    0.2039  -0.013   66
56450.268   -0.598769855499    0.016099198774    0.3887    0.3091  -0.222   83
56457.270   -0.258750366966    0.601599589345    0.2012    0.3033   0.010  102
56464.272   -0.046456322697   -0.168400819689    0.1556    0.2235   0.016  134
56468.206    0.898212666723    0.190000795897    0.2732    0.1721   0.178  119
56471.270   -0.371659246047   -0.084499217223    0.2634    0.4218   0.701  125
56476.270   -0.095972487048   -0.473101212606    0.5044    0.4407  -0.484   12
56477.793   -1.378193837299   -2.033499615095    0.4472    1.4585  -0.214   12
56492.272   -0.037872399843    0.612500386410    0.3027    0.3432  -0.101   21
56499.270    0.126316826021   -0.503398820229    0.3335    0.2671  -0.556   78
56506.272    0.339903721581    0.156999584533    0.3078    0.4146   0.064   34
56511.787    0.887274655415    0.412700376273    0.6759    1.7572   0.076    9
56513.270   -0.681568737438    0.101800782204    0.3096    0.3193  -0.037   30
56517.207    0.082093208967   -1.136800810286    0.2096    0.4829   0.026   11
56524.209    0.314614940598    0.186800386359    0.1866    0.1930   0.114   44
56526.251   -0.080800357675    1.174798779857    0.2324    0.5312  -0.222   15
56541.270   -0.004939710811   -0.940500004276    0.2380    0.4013   0.216   75
56551.793   -1.769612247496    1.967299181160    0.6268    1.6486   0.017   13
56555.270   -0.102442198913    0.331099192863    0.1553    0.1930  -0.213   70
56565.789    2.395079421994   -0.735199216706    0.6626    1.7005  -0.273   11
56566.206    0.198061929701    0.390898782143    0.2083    0.1994   0.082   24
56573.208   -0.407764735754   -0.339699622032    0.3844    0.5746  -0.239    9
56579.793    1.411479443044    4.274798396864    0.4342    1.4162   0.340   18
56583.270    0.261336069549   -0.346100415527    0.3897    0.3078  -0.327   15
56587.208    0.071508034145    0.521899195860    0.2055    0.3660  -0.055   16
56588.793    0.825764698000    4.273898380802    0.7732    1.9514   0.712   13
56590.272   -0.646990360628   -0.282999607748    4.6265    0.4371   0.621    6
56600.791    0.465983397840    1.218200375774    0.8027    2.4457   0.612   13
56617.249   -1.569314723995   -0.684500417947    0.7978    0.8964  -0.024   92
56618.272   -0.226052019766    0.724600795365    0.2998    0.4387  -0.059   37
56623.272    0.519499418650   -6.692299220390    0.2135    0.3420  -0.287   45
56646.272   -0.089150018924    0.015501584016    0.1388    0.1560  -0.070  108
56653.270   -0.355544374165   -0.153601214947    0.1446    0.2069   0.087   94
56661.920   -0.034696871465   -0.186800411939    0.2524    0.2499  -0.081   38
56671.208    0.088681495713   -0.009799214240    0.1629    0.1809  -0.658  131
56677.998    0.720852563454    0.545198395230    0.4453    1.0559  -0.280   85
56681.270    0.068098163935    0.095500797670    0.2271    0.2943  -0.040  116
56686.209   -0.372246424365   -0.160498814239    0.2245    0.1739   0.205   13
56688.269   -0.100325179994   -0.276300019664    0.2368    0.3108  -0.391   28
56693.791   -0.220290788804    1.459400382942    0.4684    1.5552  -0.152   13
56709.271   -0.956078412096    0.816800400116    0.5342    0.5627  -0.455   14
56723.271    0.155484000426   -0.039801608409    0.1788    0.1548  -0.046   43
56728.209   -0.252752146696   -0.370598399968    0.1701    0.1588   0.168   71
56730.272    0.114085963421    0.021398383865    0.2838    0.2424  -0.080   23
56735.791   -0.181241304620    2.192299180592    0.4319    0.9871   0.051   12
56748.206   -0.113848813659    0.089301596518    0.1420    0.1729  -0.362   96
56763.273   -0.426230968386    0.254098796404    0.3005    0.2503   0.121   12
56770.209   -0.059042829713   -0.141800401821    0.0751    0.1425   0.082  179
56772.273   -0.189122362431   -0.114199210088    0.1535    0.2180   0.277   48
56777.269   -0.237461442442   -0.077101205420    0.1636    0.1983  -0.045   39
56783.497    0.298268534814   -0.031899602959    0.2450    0.1345   0.315   51
56784.497   -0.982188552777   -0.070300808375    0.3674    0.1131   0.620   99
56785.498   -0.455635212327    0.000000000000    0.1013    0.1219  -0.144   74
56786.499    0.175243084350    0.036201595321    0.0852    0.0810  -0.117  182
56787.500   -0.086327246805    0.060501594135    0.0710    0.0780   0.048  175
56788.501   -1.658348975967   -1.026500407875    1.0297    0.2554   0.557   94
56789.498   -0.331082648966   -0.212000401234    0.0841    0.0935  -0.110  108
56790.498   -0.320144637657   -0.178599611900    0.0674    0.0973  -0.080  129
56791.499    0.236637274814    0.337899589908    0.1854    0.5304  -0.693   98
56792.500    0.529494607223    1.000598388146    0.4998    0.6533   0.902  147
56793.497   -0.116202982340    0.036500389911    0.0724    0.0929  -0.032  118
56794.498   -0.113848813659   -0.177001223278    0.0987    0.0985  -0.203   66
56795.499   -0.108203349648   -0.144500424426    0.0741    0.0739  -0.059  122
56796.500    0.138194852134   -0.265701623903    0.1011    0.1237  -0.381  100
56797.500   -0.126551087626   -0.115099200571    0.2504    0.3734   0.891  109
56803.794    0.573246812909   -1.545598823327    0.3656    0.9860  -0.136   14
56812.790    0.503737303029   -1.876600813944    0.3836    1.0898  -0.221   11
56814.269    0.011525189627   -0.098701207207    0.1933    0.1937  -0.213   38
56817.881    0.219938032544   -0.480801600133    0.1713    0.2251   0.149   64
56821.271    0.130550944085   -0.042901208985    0.2133    0.2165   0.154   47
56832.206   -0.081387535994    0.281199575625    0.0913    0.0979   0.001   67
56833.229   -0.507737079261    1.263301194854    0.3505    0.9073  -0.065   17
56834.248    1.327384901883   -0.447501619760    0.0942    0.1007  -0.305  302
56835.271   -0.336843799701   -0.486100810804    0.1635    0.2577   0.199   59
56838.792    0.480097017753    0.612601195371    0.2838    0.7840   0.032   19
56839.208   -0.405766211489    1.146301178778    0.5577    1.1772  -0.143   35
56841.272    0.014585031281   -0.251200813750    0.2025    0.2571  -0.110   44
56846.206    0.147840092377    0.206600381603    0.1977    0.2332  -0.048   27
56848.248   16.244176505699   -5.531101209044   13.4954    2.3075   0.216    3
56849.267   -0.760370651076    0.510699578626    0.2478    0.2894  -0.614   23
56853.208   -0.285919097333    0.832100391790    0.1865    0.2556  -0.572   50
56860.206   -0.032695539270    0.329101200691    0.1168    0.1302  -0.179   48
56863.275   -0.188182347626    0.168501577491    0.3504    0.3938  -0.556   70
56867.208    0.401060762284    0.178801178663    0.2189    0.2251  -0.239   15
56875.043    0.258279035825    0.304099197024    0.2136    0.2234  -0.162   72
56881.208   -1.219534308495    4.536100800578    0.9614    2.7539   0.165   79
56888.207   -0.045397813238   -0.300999622027    0.1003    0.1141   0.033   62
56895.208   -0.120789856664   -0.040798801137    0.0957    0.1034  -0.121  115
56898.269   -0.189356624037   -0.201898811270    0.2263    0.3083  -0.109   32
56905.271    0.000352836487   -0.102200411334    0.1791    0.2682   0.020   48
56912.269   -0.017407723173   -0.590198405348    0.2169    0.2786  -0.170   60
56919.271   -0.612764900531    0.506199600636    0.3078    0.3919  -0.134   29
56940.273    0.244871169112    0.502898382138    0.1884    0.4107  -0.240   21
56944.207    1.531326557200    1.441101599653    0.4772    0.4062   0.295   29
56951.208    1.500042363876    0.581299181590    0.2073    0.1436   0.411   81
56958.207   -0.825880384724    1.018900778149    0.2816    0.2113  -0.048   42
56972.207    1.157315950403   -0.724600820945    0.3142    0.5920  -0.420  174
56973.229    2.340623466605    4.555400383310    3.1872    2.3500  -0.373    4
56987.270    0.203588818831    0.012599994648    0.1346    0.1845  -0.109   94
56988.997    0.402003585019   -0.530701217372    0.9280    2.8228  -0.385    9
56996.269   -0.126551087626    0.062398777345    0.2224    0.2138   0.338   21
57028.207    2.169261663834   -0.243500400643    0.5562    0.4261   0.353    9
57036.209    0.265454420663   -0.169898399349    0.0931    0.1462   0.027   69
57045.271    0.123728395734   -0.104900408360    0.1233    0.1714   0.148   35
57071.226   -0.053865969140   -0.904298408955    0.8391    1.2589  -0.333   17
57102.499    3.439957904684   -6.816200416893    0.5289    0.6207  -0.181   18
57112.207    0.260748971457    1.886000399054    0.1500    0.2008   0.313   99
57113.226    0.691213977682    0.655801198945    1.4178    0.8761  -0.510   12
57140.207    2.023185834116   -1.023501616260    0.1476    0.2229  -0.230   61
57154.207    0.042222284859   -1.105498822085    0.0976    0.1493  -0.077   40
57175.209   -0.213115484193    0.027399599389    0.1769    0.1525   0.015   32
57177.583  252.742742215420 -178.057699221768   81.2001  109.0847  -0.624    5
57184.581  380.896779317228 -142.846401612928   31.9379   24.9175  -0.396   12
57204.363    2.310869194108   -0.307900802454    0.8562    0.8868  -0.131    6
57234.270   -0.522674866802   -0.530899203000    0.2222    0.2058   0.237   35
57246.206    2.694169396732   -1.071799212582    0.1724    0.2815   0.225   48
57248.270   -0.628174099439    0.069400792313    0.1837    0.1695  -0.154   45
57255.272    1.105448425300    0.408700785215    0.1685    0.1621  -0.124   57
57260.228   -3.107110912833   -2.163600012750    0.5408    0.6645   0.512   64
57261.251   -0.062452699924   -2.565399617538    0.5903    0.4827  -0.033   26
57262.270    0.289210472889   -0.878698816109    0.3312    0.2683   0.002    8
57266.207    1.548381443887   -0.702100803096    0.1911    0.1554  -0.017   38
57269.272   -0.370247900101   -1.396299600742    0.1573    0.1811   0.207  181
57276.270   -0.247459519172    0.028900785765    0.1230    0.1200   0.288  204
57280.207    1.934270076797    1.232200798995    0.1451    0.1788   0.255   43
57281.584   45.288924752893  -42.835899614602  110.9780  193.1584  -0.213    8
57283.268   -0.755196598433    0.545900400084    0.3252    0.2206  -0.146   23
57290.270   -0.351900242349   -0.298000804833    0.1225    0.2550   0.140  153
57309.208    1.880166957895    0.188398800560    0.4096    0.3095   0.043    6
57311.272    0.192769302177   -0.402098399377    0.2667    0.2082  -0.465   24
57315.209    0.438346144262    0.066801578669    0.1062    0.1667   0.513   70
57318.270   -7.271449745837   -0.565099199434    0.9675    0.3421   0.013    9
57332.270    0.751902495173    0.233398785099    0.1964    0.2011  -0.188   39
57339.268    1.654820611102    1.051498779248    0.0921    0.1000  -0.057  108
57343.209    1.684930608242   -0.413301623325    0.1109    0.2586   0.028   28
57346.270   -0.766956049665    0.778899581633    0.1759    0.1949  -0.157   47
57351.270   -0.891627187908   -0.272300403026    0.0503    0.0992  -0.163   97
57360.833   25.592793821742 -361.072198802503   78.8735   64.8461   0.543   19
57361.647  132.535135470594  -26.149100420980  107.5731  198.6365  -0.077    6
57372.225   -0.392005428062    0.590399997691    0.4519    0.9552   0.145   22
57373.248    2.805551162916   -1.942999207927    2.8582    2.1783  -0.432    6
57374.270    0.671926385352    0.708001184080    0.1881    0.1899   0.368   40
57378.208    0.552313532802    0.525301197740    0.1629    0.1303   0.168   69
57409.269   -0.727437962044   -1.000699222686    0.1645    0.2694   0.592   16
57421.227  171.883408057674  295.064398795830    2.0244    1.2250  -0.333    6
57423.269    0.333081173230   -0.030801601270    0.2296    0.1722  -0.102   61
57434.208    0.705446172476   -0.506901605490    0.1228    0.2805  -0.184   69
57435.227   -1.679637980718    1.275699597159    0.6999    0.8256   0.240   24
57437.269    0.691332552563   -0.581198423788    0.2210    0.2090   0.096   23
57444.270   -1.021943790161   -0.839901613858    0.2232    0.2484   0.212   11
57471.270  -27.497425312767  154.706198392773    0.4772    1.2692  -0.804   10
57484.229   -2.098340727780   -0.035301604839    1.4174    0.5338  -0.550   22
57493.269    1.150846238538   -2.638501206320    0.3238    0.3543   0.344   11
57528.271   -3.216372852167    1.567501200839    0.3343    0.5256   0.075   29
57540.207   -3.916644972000    6.467601596682    0.7013    0.8132  -0.096    4
57549.269    0.377891888376   -1.089799201281    0.3533    0.5366   0.060   14
57563.269    1.003243295923    2.601399594937    0.2304    0.3921   0.185   33
57574.208    4.274893543403    3.446999997436    0.2787    0.4492   0.131   21
57597.248  102.922667379847   25.372598383910   69.9364   42.1969  -0.291    8
57612.271    0.333081173230   -4.558600818427    0.2423    0.5125   0.400   12
57619.269    0.337786702662   -7.387898421030    0.2711    0.5451  -0.159   12
57624.229   -0.016349213713   -0.565999215496    0.6439    0.6268   0.615   28
57640.271    0.356840033387    0.763498780998    0.1702    0.2818  -0.045   24
57647.269   -0.121611296588   -1.290099623930    0.1845    0.2888  -0.224   65
57666.207    1.134615599705   -0.370101619751    1.1724    0.6563  -0.670    8
57668.271    2.010717901980    1.433998775724    0.4289    0.4425  -0.550   24
57675.269    4.688659387584    6.069898785199    1.2225    1.3235   0.931    6
57689.269   -3.025604801958   -2.288098824010    0.2484    0.3052  -0.298   16
57696.271    2.554444623771   -2.285701202709    0.3735    0.5056  -0.581    5
57708.229    1.547675770914   -0.173001606640    0.9099    0.5971  -0.224    8
57710.267   -0.286977606793   -2.334301200335    0.1895    0.1825  -0.187   50
57715.271    5.105950788700   -3.412501206412    1.0682    0.7250   0.166    3
57724.271    0.657341354071    0.154598382096    0.2726    0.2057   0.351   33
57729.228   -1.138849637544   -0.059900423821    0.8542    0.8953  -0.722    4
57766.271 2141.597456853425 3736.334498395877    0.1672    0.2446  -0.277   69
57773.269 1577.171075389041 -398.501301614829    0.1370    0.1580  -0.245   19
57775.461    0.312969333046    0.062600395268    0.1796    0.2215  -0.130   45
57798.209    0.075154973891   -0.829900807275    0.3503    0.5920  -0.476    7
57815.269   -6.542834699452    1.348498784637    4.3241    1.5078  -0.618    8
57840.209    0.866222800426    1.493798390584    0.2729    0.2613  -0.151    5
57841.228   -0.292623070804    0.043498798163    0.8649    1.0505   0.731   19
57843.270   19.616033358292   13.234201190926    0.7694    0.9276  -0.134    5
57847.207    0.746491372995    0.163000800057    0.7094    0.2819  -0.527    6
57850.271   -2.213719462266    0.478900784628    0.2602    0.1580  -0.237   27
57871.270    0.374597785116   -0.963698420264    0.1389    0.2222   0.214   38
57878.271   -0.076213483351   -2.468800818178    0.1598    0.2133   0.289   25
57892.271   -0.161835057183   -0.561499211926    0.3276    0.4487  -0.719   17
57906.271   -1.136616851674   -1.629799220382    0.3741    0.2350  -0.066   11
57913.270   10.266944711107    8.420900380202    2.0404    1.8240   0.911    3
57914.628    0.563485885942   -1.243900803161    0.1903    0.1961   0.103   90
57919.271   -0.923148530994    0.717098393466    0.2986    0.4617  -0.615   10
57920.301   -0.488212256943   -0.148298423142    0.1393    0.1882   0.117  111
57925.228   13.586112598674    3.725499576035    1.0246    0.8134   0.535    9
57927.270   -2.285111809687   -2.976300012847    0.2416    0.3262   0.591   26
57931.207   -0.188416609232    3.004801195061    0.2983    0.2465   0.001   11
57943.713   -0.027521486627   -0.250099205346    0.1165    0.1492   0.026  126
57945.207   -1.209417656884    0.797500791805    0.7932    0.5871   0.486    6
57950.916    0.196650583755    0.205099195227    0.1654    0.2359  -0.152   93
57959.207   -0.979365860885   -1.171101615682    0.5965    0.3398   0.462   16
57970.691    0.318614716830    1.186599592984    0.1730    0.3051   0.326   45
57973.207   -0.977367336621   -0.325000800672    0.2807    0.2045  -0.063   30
57976.272    3.127222913470    0.569401191797    0.7247    1.1481  -0.769    6
57978.131   -0.240049872728   -0.358200023243    0.1693    0.2185  -0.269   90
57990.272    0.121377034983   -2.202998410894    0.6137    0.3354   0.445    8
58004.268   -1.369960023228   -0.851601618024    0.4561    0.3067   0.343    6
58023.228    1.042995725376   -0.547099210735    0.9571    0.5267  -0.077    6
58025.270    1.033350485133   -3.475900808780    1.0365    0.7138  -0.482    3
58036.001    1.646705291686   -1.964998813264    0.3259    0.5180   0.090   77
58071.207   -4.341111757954   -0.789400800727    0.7638    0.2356  -0.118    4
58072.226   -0.035989642530    0.294699586334    0.7370    0.8134  -0.209    6
58085.500    0.587831844190   -1.731700811547    0.0852    0.0928  -0.159  292
58086.497    0.703797676768    0.805899577472    0.0706    0.0905  -0.041  221
58087.498   -0.232403156750   -0.217598406493    0.0645    0.1228   0.432  222
58088.498    1.402305614169    0.953899180445    0.1223    0.1420   0.515  206
58090.496    0.521379287807   -0.575200814978    0.0521    0.0805  -0.126  293
58091.497   -0.337196636187    0.124599594642    0.0492    0.0791  -0.004  275
58092.498   -0.967959246140   -2.389298410321    0.0482    0.0816   0.083  255
58093.499   -0.096796734902    0.928501179942    0.0590    0.0723  -0.390  290
58094.496    0.772601513676   -0.948700804315    0.0599    0.1373  -0.358  247
58095.497   -0.860930092675    0.538999194077    0.0782    0.1706  -0.129  241
58098.499    0.382831679413   -1.132898421474    0.0503    0.0846  -0.172  265
58102.268   -2.266645496828    2.976400796229    0.4629    0.3029   0.067    8
58106.209   -2.041299150035    0.507700787011    1.7939    0.3401   0.061    3
58123.270   -1.389837601807    0.428698791666    0.6161    0.6629  -0.207    3
58134.209   -0.618763120801   -1.485601222839    0.9813    0.5551   0.651    4
58151.270   -0.015053554492    0.387601195939    0.1229    0.1459  -0.063   94
58165.270    2.831895645429   12.650799575908    0.4565    1.5724   0.669    3
58169.208   -1.548497130611   -0.801799203032    0.4439    0.9573   0.634    5
58198.227    0.358485721165   -1.207299604289    0.5848    0.4058  -0.077   33
58221.270   -0.471865931386   -0.964400399539    0.1190    0.1502   0.004   45
58254.227   -0.466573303862    1.435798782268    0.4414    0.3618  -0.366   17
58256.272    0.604649581115    0.607201175740    0.1196    0.1214   0.036   62
58270.269    0.605826665455   -2.167801221731    0.6114    0.5495   0.607    3
58284.269   -0.184653982761   -0.659098810729    0.1389    0.1450  -0.079   76
58304.233   -0.309793644214    0.187099180948    0.3314    0.5400  -0.319    9
58305.271   -6.296199347908  -18.632700016497    4.6401   15.3593   0.898    3
58316.206************************************    0.6909    0.9949  -0.903    5
58358.206   -0.033872623611   -0.448401610242    0.5412    0.6291  -0.640    6
58363.696    0.565602904861   -0.219801623302    0.1862    0.2151  -0.047   75
58368.269   -0.512795364953   -0.153100802436    0.2364    0.3335  -0.068   31
58380.227   -0.550783531748   -1.837000823457    0.3752    0.2871   0.012   37
58382.002   -0.122082707956   -0.024300024393    0.1803    0.3348   0.179   28
58382.269   -3.005492961774    2.356498791301    2.3567    3.6468  -0.968    3
58386.484   -0.279683727301   -0.453499202990    0.2108    0.2195   0.128   71
58389.271   -1.706335299718   -1.142200804338    0.4872    0.3770   0.028   33
58403.271   -0.290506051885   -0.361900819712    0.1817    0.2143   0.119  148
58417.271   -0.390712656998   -0.219301210791    0.5932    0.3154   0.040   10
58422.271    0.193122218890    0.543801598951    0.1609    0.3214   0.172   98
58425.726   -0.512558215191    0.047901599487    0.2618    0.4338  -0.815  169
58428.206   -0.475747132738   -0.234000006571    0.3792    0.2277   0.111    8
58431.267   -2.584907377172    0.253598383892    3.7506    0.5184   0.489    5
58440.833   -0.104674984783   -0.045500422630    0.1091    0.1122  -0.023  116
58451.250   -0.429759333251   -1.148400005491    0.3083    0.4544  -0.169   37
58452.269    0.469983174072   -0.047498414801    0.3977    0.2942   0.327   30
58456.714   -0.265101503950    0.113399977408    0.1316    0.1650  -0.040   79
58472.708   -7.515143750381   -5.073400822653    0.2466    0.3259  -0.120   60
58479.206   -0.426230968386    1.230699587040    0.2533    0.7505  -0.366   11
58487.271   -0.680275886147   -0.200401206030    0.4920    0.2842  -0.269   17
58491.249   -0.328965630047    1.146898793536    0.0939    0.2066  -0.655    9
58504.916   -0.854697530573    2.757099585438    0.5639    0.5041   0.130   33
58506.249   -2.880234645213    6.648998382275    0.0848    0.2160  -0.632    4
58512.207   -1.131439991100   -0.032400015471    0.3549    0.2872   0.234    8
58519.208   -0.282977830560   -0.169300810171    0.1042    0.1058   0.061  128
58519.249    0.252280815555   -1.117900805525    0.0700    0.1204  -0.183    4
58522.269   -0.006585398589    0.386099983984    0.1185    0.1312  -0.096  195
58526.207   -0.676276109914    0.833601578165    0.3180    0.6493  -0.661    3
58534.249   -0.230523207366   -0.002199610094    0.0536    0.0904  -0.040   10
58543.271    0.545256722845    0.536198388090    0.3437    0.2136   0.080   19
58547.209    0.071392267194    0.414899986367    0.1298    0.1499   0.125   28
58547.249   -0.195354924534    0.221399986344    0.0521    0.0965   0.015   16
58554.207    0.215938256312   -0.134200823254    0.1442    0.1604  -0.115   30
58557.271   -0.209705613983    1.821200393692    0.3888    0.7488  -0.210   17
58561.209   -0.408001805289   -0.273801614981    0.3931    0.4706  -0.634   12
58561.249    0.201353225031    0.501001198927    0.0752    0.2326  -0.843    3
58562.228    0.985364241609    0.647398780984    0.4758    0.4619  -0.082   13
58575.249   -0.005174052643   -0.621500419129    0.0841    0.1567   0.063   10
58578.269    0.754725267292   -0.207500423244    0.8660    0.3640  -0.412    3
58611.208   -0.151249882361   -0.264398423155    0.1020    0.1740  -0.256   90
58613.271    0.041516611886    0.176698796395    0.1603    0.1646   0.376  173
58617.209   -0.321908820090   -0.123400809571    0.1096    0.1393  -0.025   57
58624.207   -0.544903806132   -0.126399601186    0.1409    0.1300  -0.206  112
58627.271    0.469983174072   -0.179398819000    0.2793    0.3912  -0.006    6
58634.270    0.151839868610   -0.131900404199    0.2469    0.2660  -0.247   23
58646.210    0.369189470868   -0.774000000092    0.1248    0.2129  -0.174   71
58653.230    0.101499456404   -0.058201200659    0.3529    0.2452   0.143   52
58655.271   -0.293915841869    0.251899186310    0.2013    0.2372   0.118   21
58659.249    1.240467668829   -1.757098812050    0.3794    0.5743  -0.502   13
58662.270   -0.377186135176   -0.763498806577    0.2983    0.5480   0.573   11
58675.251   -1.262462266327   -1.529600407935    0.3811    0.2951  -0.111   39
58680.207   -0.087738592751    0.066499177365    0.1321    0.1402   0.026   42
58682.249    0.817177967216   -1.258099212009    0.6513    0.3866   0.067   24
58687.249   -0.837289807400    0.812401179928    0.3420    0.5850  -0.253    6
58689.251    0.520910764596   -1.873900816918    0.3663    0.4024  -0.137   24
58694.207    0.539021352812    0.885200392986    0.1391    0.1390   0.053   56
58701.249    2.639010576301    3.531801590384    0.1536    0.1439   0.548    6
58703.251    0.778484127449   -0.600800407824    0.6287    0.9753  -0.612   21
58704.270    0.383771613992    0.353098798200    0.1988    0.3643   0.211   51
58708.207    0.132080784686   -0.580899603619    0.3219    0.2362  -0.122   16
58715.209    0.275686758998   -0.233701211982    0.1471    0.2057   0.313  144
58715.249    6.188698863303   -0.015400800635    0.1992    0.2192   0.127  157
58722.207    0.296032941014    0.049100384558    0.1170    0.1642  -0.035   91
58725.272   -0.346489039944    0.906098389919    0.3311    0.4155  -0.371   19
58730.228    0.776835631740   -0.493999209539    0.0257    0.0441  -0.156  109
58732.248   -0.004352612719   -0.849700802519    0.3187    0.1323   0.828  211
58732.270    0.123965465270   -0.051998418371    0.1131    0.2068   0.017  291
58736.207    1.056875003458   -1.272301201993    0.3663    0.2112   0.194   16
58743.249   -0.536317075348    1.094299179272    0.0494    0.0904   0.002  184
58757.209    0.078096240664    0.044200777438    0.1970    0.2362  -0.259  251
58757.209   -0.423995374586   -0.467600409593    0.4513    0.3873  -0.002   37
58757.249   -0.145017320259    0.256298380918    0.3070    0.2523  -0.289  107
58758.268   -0.689568289904   -0.538498807146    0.4378    0.4174   0.287   19
58767.272    0.637700845028    0.172400385168    0.1169    0.1203  -0.061  301
58771.209   -0.057865745373    0.207201577496    0.2242    0.2234   0.118   49
58772.228   -0.361542674662   -0.374198413056    0.2918    0.2484  -0.105   39
58785.249    0.191945134550    0.118900780421    0.1302    0.1819  -0.446   59
58799.205   -0.215113928231   -0.192898804130    0.2946    0.2867  -0.233   62
58802.248   -0.292270234317    0.679798796455    0.0149    0.0260  -0.063   53
58802.270    0.069038178740    0.386499587535    0.1435    0.1987  -0.075  115
58813.209   -0.344724857511    0.247899595252    0.2068    0.1946  -0.150   55
58820.207   -0.054218805627    0.261201594753    0.2090    0.3055   0.039   24
58827.249   -0.086680083291    0.936799182227    0.1645    0.1598  -0.487  162
58844.248    0.448694249548    0.406598377367    0.1212    0.1770   0.444   70
58851.268    0.800947328383    0.183499193440    0.5663    0.8960   0.119   26
58856.206    0.219348126522    0.101800782204    0.6254    0.4902   0.253   38
58858.248   -2.362736638984   -6.619298414989    0.1354    0.1933   0.025  186
58864.249    0.250987964263   -1.775700022222    0.3686    0.4855   0.074   69
58868.913   -0.826233221210   -0.069501601274    0.8435    0.5594   0.189   16
58870.250    0.078683418983   -0.242600410161    0.0975    0.1495  -0.412  211
58892.249    0.441284603105    0.221799589895    0.8222    1.2717  -0.262   27
58900.270   -0.303913918598   -0.362901619155    0.4193    0.4134   0.393    6
58905.227    0.794596191400    3.361499980770    0.8185    5.3532   0.708    3
58907.268    0.151015620756    0.199799984557    0.2017    0.2284   0.052   42
58911.250    0.493270622861    1.136199588814    0.0706    0.1146  -0.211  106
58914.270    0.043870780567    0.787600794183    0.3659    0.4449   0.195   55
58918.208    0.225112085187    0.008899198178    0.2736    0.2787  -0.223    8
58920.249    3.039012829125    3.426598780720    0.2907    1.0330  -0.045   15
58925.209    0.127846746848   -0.057200401216    0.1302    0.1342   0.099   94
58925.250   -0.428700823792    0.445100391744    0.0728    0.1055   0.466  290
58928.270    0.173125985204    0.355500000637    0.2878    0.1953   0.052   42
58939.250   -0.068685262027   -0.327898808905    0.0953    0.1551   0.266   64
58941.251    0.751784000519    2.171401183659    0.7305    4.4175  -0.561    3
58946.208   -0.034459721703   -0.090698418376    0.1146    0.1099  -0.068   53
58947.227   -1.154611753165    1.490000391868    0.4412    0.5120  -0.434   85
58956.270   -0.066921079594    0.254098796404    0.1351    0.1408  -0.019  107
58967.210   -0.563251544110    0.329198377358    0.2881    0.3803   0.221   33
58968.229    0.428113805927    1.478098795360    0.2796    0.3319   0.038   43
58974.208    0.022463281162   -0.097200020832    0.1058    0.1345  -0.028  141
58981.210    0.522203535661    0.107200776256    0.2113    0.2346   0.192   47
58984.270    0.009055334221    0.279899981592    0.1487    0.1822   0.091   81
58990.249    1.788428508685    0.356698785708    0.7431    0.5769   0.330   22
58991.269    0.290506051885   -0.107701214347    0.2185    0.2588   0.143   37
58995.188   -0.453752455013    1.086098379233    0.3570    1.5012  -0.041   11
58996.207    0.133139374372   -0.101001600683    0.4267    0.4288  -0.382   15
59003.209    0.205234506609   -0.349099207142    0.2375    0.2164  -0.268    9
59009.250   -0.194296415074    0.472600800094    0.1419    0.3779  -0.551  128
59016.208   -0.891627187908   -0.636901219764    0.2958    0.6506   0.595   50
59017.230    1.698219980302    6.282698393534    0.9608    0.7565   0.116    9
59019.269   -1.425827324563   -0.708400813210    0.2999    0.2354   0.361   58
59023.250    0.118554343091    0.153698391614    0.1217    0.2103   0.011  307
59025.251   -0.083975966281    0.361501190582    0.2126    0.2125  -0.492  255
59030.208   -0.338492295409   -0.002901614948    0.0913    0.1061  -0.044  200
59037.210    0.230170370880   -0.105001217321    0.0977    0.1574  -0.150  216
59037.250    0.577012327537    0.071499593446    0.1838    0.2224  -0.432  379
59039.251    0.203117407463    0.430099194659    0.5782    0.4013   0.717  550
59044.208   -0.105970563778   -0.165600013702    0.0886    0.1083   0.137  219
59051.250    0.062452780151   -0.132098415406    0.1106    0.1501  -0.244  698
59053.248  -13.659031898538    5.135500779829    0.7574    0.6343   0.132   49
59054.270    0.279096629209    0.437601596559    0.1757    0.2438  -0.084   48
59065.206    1.141203886451   -0.001198810651    0.3944    0.3889  -0.149   47
59071.916   13.043797222829   -3.448800003980    1.6070    1.1592   0.336    4
59074.250    0.773307266875    2.363500780689    0.7271    3.3194   0.311    6
59080.251    0.395299611549   -0.842400018541    0.0605    0.1303   0.063  256
59086.208    0.446695725283    0.412700376273    0.2065    0.2314  -0.234   37
59093.250   -0.157132415907   -0.453200408401    0.1008    0.1051  -0.062  306
59107.250   -0.251927898842   -0.224600421461    0.0820    0.1440  -0.297  219
59116.250    0.601945464104   -1.298401207350    1.0307    0.7108   0.026    7
59117.269    0.557369010563    0.683999979856    0.3626    0.5019  -0.165   28
59121.206    0.233814502696    0.425001576332    0.1443    0.1330  -0.070  152
59122.229    0.141136118907   -2.443701612265    0.6139    3.2443   0.435   10
59128.208   -0.017523409897    0.030200379797    0.1901    0.2786   0.470   82
59136.207   -0.324612937101   -0.157500022624    0.0703    0.1005  -0.124  327
59143.231    5.041499644738   11.965798796609    1.3530    5.0599   0.772    5
59145.269   -0.633348152082    0.338900389352    0.3568    0.3752  -0.229   23
59152.271    0.672866319930    0.163101583439    0.3541    0.3720  -0.043   13
59159.269    0.002704197238    0.564800379266    0.4307    0.4369  -0.040   13
59163.206    0.275096852976   -0.218199602386    0.1114    0.1169  -0.446  215
59163.250   -0.025170206103   -0.290199608344    0.0659    0.0913   0.348  476
59165.248    0.125492578166   -7.620901209293    0.6189    3.2800   0.542    8
59171.227   -0.804709954854  -12.420500416965    1.9054    7.5097   0.733    3
59178.207    0.005998300497    0.143200779235    0.1568    0.1252   0.171  126
59186.250   -4.169984216788  -40.494700814975    1.7088    9.9133   0.892    3
59198.208    0.079860503324   -0.305899203568    0.1881    0.2127   0.096   53
59205.206   -6.498492587744   -2.752498824066    0.2470    0.3069  -0.035  131
59212.208    4.780513603745   -8.300901623670    0.3095    0.7080  -0.097   18
59226.208    0.026228795789    0.128498376739    0.1498    0.1006   0.180  265
59231.585   -0.262278812058    0.026499583328    0.9309    0.8624   0.730    9
59234.229    0.989364017842   -2.087701199116    0.4914    1.2912   0.296   19
59236.249    0.007056809957    0.140000395277    0.0510    0.1123   0.058  372
59236.271   -0.346254778338   -0.739598411315    0.3503    0.4541  -0.173   29
59247.207   -0.091385612724   -0.074199616051    0.1414    0.1693   0.158   72
59247.250   -0.021523186130   -0.008100016657    0.0547    0.0863   0.376  353
59249.248   -2.667824833993   -0.206798418390    0.9386    0.5868   0.169    9
59262.248    0.213939732047    1.285898389369    0.0562    0.1193  -0.114  464
59264.267   -0.439991751813    0.110800789344    0.5050    0.4938   0.053   55
59270.250    0.836349872821    0.397299575638    0.7319    1.8488   0.621   15
59271.269   -1.292219426980    0.047300378014    0.4221    0.3853  -0.233   28
59278.249   -0.101499376178    0.240901186999    0.0554    0.0755   0.080  407
59283.227   -0.220996542004    1.007099990602    0.4919    1.2938   0.169   16
59285.269   -0.640757798526    0.707000384637    0.2752    0.3402   0.084   49
59289.207   -0.386007207792   -0.069400817893    0.3190    0.3462   0.050   30
59292.271    0.026463057394   -0.166798824353    0.2323    0.2919  -0.185   63
59297.209    0.404354945770   -0.145501223869    0.2211    0.2258   0.346   83
59325.217   -3.739400635682   -0.223401610810    1.4228    2.9054   0.243    6
59338.209   -0.739434482811    0.055699189261    0.1508    0.1772   0.036  184
59352.187    0.586891829385    0.934401586505    3.1581    0.9198  -0.706    3
59353.209   -0.083623129794    0.327099576225    0.1051    0.1256   0.227  203
59361.249    0.796360373832   -0.964900812050    1.0946    1.9619   0.841    6
59367.228    0.916091801264    0.245098789264    0.6874    1.4348   0.438    6
59369.269   -0.205471495918   -0.171201600097    0.4199    0.4065   0.074   18
59375.249    0.348253302603   -0.174999624392    0.1993    0.2706   0.343  132
59390.249   -0.979250093934    0.584398782166    0.2740    0.3511   0.623   95
59402.208    0.311676481755    0.729298784563    0.1985    0.1780  -0.269   63
59404.249   -0.748374050082    0.417801575736    0.1578    0.2060  -0.250  101
59418.249    0.330377056219    0.323798383306    0.2120    0.2023  -0.501  224
59418.271    0.130903780572    0.003599987508    0.2418    0.2699   0.001   46
59422.209   -0.731671999882    0.414399599435    0.2496    0.1851   0.290   77
59425.251    0.080447601415   -0.584499616707    0.1396    0.2226   0.654   80
59429.207   -0.308382298268   -0.855201605532    0.1505    0.2428   0.146   66
59431.249   -0.188298114577   -0.309499216655    0.1931    0.2295   0.732  244
59437.210    0.338608062360   -0.453398419609    0.1631    0.1800  -0.171   70
59444.208   -0.173478821691   -0.161798408271    0.1157    0.1393   0.066  166
59453.270    1.493219815525   -0.771901198959    0.3678    0.4053  -0.089   28
59460.250   -0.168423343929   -0.046101618523    0.0488    0.0910  -0.171  189
59460.271   -0.204528753409    0.613400376892    0.1789    0.2009  -0.061   41
59467.270    0.065156897162    0.188301598314    0.2495    0.2683  -0.072   43
59471.207   -0.032461277665   -0.089200813136    0.6056    0.3915   0.246   23
59474.271   -0.147015764296    0.360100787589    0.2417    0.3215  -0.189   30
59478.209   -0.193356400269    0.231001189377    0.1338    0.2772  -0.258  103
59486.230   -3.286000936929   -7.147699213306    2.4018    6.2768   0.753    5
59492.209    0.238285690296    0.119800796483    0.3145    0.2167   0.270   51
59499.189    1.669287067502   -0.486399605393    1.1552    0.6288   0.338    7
59502.272   -0.361308332830    0.188200789353    0.2730    0.1940  -0.026   52
59509.270   -3.920641940303   11.379999585870    0.3645    0.3442  -0.158   28
59523.270   -0.318614716830    0.353800777475    0.2083    0.1903  -0.038  133
59537.270    0.029404324167   -0.258199222003    0.1472    0.2372  -0.043   34
59542.248   -0.124433988480   -0.234100815533    0.0727    0.1645  -0.251   11
59544.272   -0.392592606381   -0.302101204852    1.0250    0.4916   0.263   16
59548.209   -0.155368233475   -0.078699619621    0.1458    0.1450   0.364  147
59555.207   -0.239578461361   -0.063298818986    0.1917    0.2854  -0.095   38
59558.250    0.201237538307   -0.012200416677    0.3144    0.1859   0.682   35
59571.271    0.077390567691    0.527698793462    0.1679    0.5208  -0.105   64
59576.209    0.666280921341    1.733399983550    0.7639    0.6011   0.246   72
59578.269   -0.024227383367    0.221601578687    0.1749    0.2487   0.259  286
59586.272    0.056101643167   -0.606801623348    0.2369    0.4708  -0.031   11
59590.209   -0.269804145225   -0.138801610206    0.1806    0.2111  -0.047   94
59598.208   -0.019524742092    0.260798384488    0.2455    0.2702   0.212   16
59600.250   -0.003056953497   -0.017701219690    0.0488    0.1059   0.119   47
59607.270    0.319086128198    0.211399179761    0.2468    0.2169  -0.389  103
59625.207    0.190415213723    0.396298776195    0.2766    0.2825   0.401   21
59628.250    1.131324304376    0.231001189377    0.0703    0.0621  -0.119   48
59628.272   -2.085638534040    1.363201187132    0.9778    0.6460  -0.608    5
59635.248   -0.279449385469   -0.061401610196    0.0275    0.0848   0.053   50
59635.270   -0.114907323118    0.205099195227    0.1554    0.1985  -0.030   50
59639.207    0.053160376394    0.291099598826    0.1624    0.2359   0.122   28
59642.250   -0.044223536827   -0.007300809557    0.0285    0.0391   0.113   55
59642.272    0.055983068286    0.173998799369    0.1405    0.2688  -0.162   45
59646.209    0.529966018591   -0.057200401216    0.5093    0.3337   0.297   17
59649.248    0.044692220491    0.919598400628    0.0987    0.2331  -0.273   13
59649.270   -0.370953573074    0.128098798768    0.1362    0.2393  -0.170   64
59653.207   -0.308969476587    0.011699978586    0.3612    0.2538   0.218   17
59655.249    2.230774429179   -0.478800001247    3.1600    0.6021  -0.333    9
59656.250    0.077037731205    0.210200394690    0.0341    0.0585  -0.171  146
59656.272    0.279683727301   -0.526798802980    0.2313    0.3501  -0.181   41
59661.206   -0.073272216578   -0.058201200659    0.2842    0.2135   0.053   33
59681.208    1.499570952508   -0.178099199388    0.7145    0.6450   0.550    8
59698.272    0.179477122188    1.851998388247    0.3781    0.5561   0.367   12
59703.207    5.198982089202   10.636801187047    1.5839    2.8983   0.953    9
59705.270   -1.513450230590    2.026699192470    0.5026    0.6665  -0.402   10
59709.208   -0.366013862262   -0.074001604844    0.4859    0.4655  -0.510    4
59723.208    0.356602963851   -0.009399610690    0.4295    0.2525   0.184   14
59726.250    0.195592074296   -0.513399601232    0.1705    0.2799  -0.362   14
59726.268   -0.107144840188   -0.245498418394    0.4655    0.2409   0.084   28
59733.248   -0.017523409897    1.198101585942    0.4731    0.8468   0.210   49
59733.270    0.497151904440    0.850600793001    0.4241    0.2938   0.013   10
59739.227   12.488898067671   -0.977198405394   12.1241    4.5335   0.561    3
59740.250    0.247693861004    0.759599998901    0.0635    0.1126  -0.059  116
59740.268   -0.037753905189    0.150299996449    0.2153    0.2937  -0.275   27
59747.248    0.727909373411    0.357998379741    0.0608    0.1086   0.075  105
59747.270   -0.311086495506   -1.379498422693    0.3710    0.5167  -0.095   28
59772.210    2.010602135029    2.635700400333    0.2520    0.3139   0.635   43
59779.208   -0.816353719362   -0.014601619114    0.3279    0.2620   0.096   32
59789.270    1.261169495262    0.531698384520    0.8385    0.4938   0.412   10
59793.208   -0.065746803184   -0.307501224484    0.3646    0.2733   0.196   18
59795.250   -0.020699018502    2.645999975925    0.0834    0.2153  -0.566   35
59800.210    0.156426823161   -0.438800407210    0.2120    0.2589   0.128   79
59803.248    0.328375724024    0.608900398902    1.1002    0.6921   0.005    5
59803.270   -2.192314770791   -0.381099619062    0.4667    0.3414   0.214   22
59817.270   -2.777676759576   -0.987001200770    1.9333    1.5356   0.296    4
59824.250    0.373539275657    0.593398789306    0.2365    0.4002   0.135   19
59831.249   -1.328209069510    0.222800389338    1.6634    2.0794  -0.060    7
59831.270   -1.337030142126    1.770001182422    0.5608    0.6730   0.044   11
59845.249   -1.826772319896    1.296500391845    0.1142    0.1431  -0.253   54
59845.271    0.315320613571    0.637498783362    0.6561    0.4172   0.192   17
59859.249   -2.753565062932   -2.177798421599    0.1028    0.1274   0.390   63
59859.271   -0.539726945558    0.065401175675    0.3055    0.2602  -0.276   21
59866.269    0.170069031707    0.560199592314    0.3234    0.4359  -0.103   11
59877.208   -0.629466950731   -0.286401609628    0.8173    0.9864  -0.069    3
59879.250   -0.257339021020   -0.845200798949    0.4509    0.4194   0.222   14
59891.208   -0.290621738609   -0.278398820797    0.2640    0.3881  -0.301    9
59908.269   -0.360484084976    0.198899994075    0.2482    0.3150   0.364   14
59915.271   -0.311792168479    0.232700386960    0.1418    0.2694  -0.154   24
59922.269    0.011290928021    0.140399998827    0.2504    0.2519  -0.298   13
59928.270   -0.286387700771   -0.137700001801    0.1959    0.2754  -0.170   12
59935.272    0.073743627945   -0.665899207775    0.2642    0.2496   0.380   42
59949.268   -0.568072760266   -0.001699223162    0.4603    0.4989   0.072    5
59957.271   12.370106655044    3.966098387309    9.4596    2.7455   0.983    3
59964.269    0.788126559762    0.625798779197    0.5512    0.4752  -0.127    5
59968.206    0.530790266445   -0.276199210703    0.2165    0.1996   0.093   31
59982.206   -0.256043442025    0.038001576286    0.3888    0.2850   0.252   15
60040.248   -0.556663257364   -0.034498816603    0.0721    0.1794  -0.423   15
60069.271    1.747851911604    0.741700793583    0.4927    0.4341   0.127   10
60090.269   -0.960196763210    0.716000391776    0.3455    0.4577  -0.510   15
60096.270    0.168776180415   -0.399499211312    0.2755    0.3785  -0.247   21
60101.208    2.194784706423   -0.086500816110    2.2574    0.5325   0.355    3
60118.269   -0.344959119117    0.580701592412    0.3356    0.5024  -0.240   17
60125.271   -1.783254456042   -0.041799600581    0.3345    0.3352   0.085   54
60167.249    0.502915863105   -0.103798799955    0.0558    0.0927  -0.271   45
60195.238   -0.559251687651   -0.182901604262    0.2448    0.5172  -0.355   13
60201.250   -0.447519892911    0.331099192863    0.3412    0.3021  -0.057   47
60208.249    0.416822877905    2.747001576608    0.0929    0.1564   0.071   19
60223.249   -0.602885318456    0.374500788780    0.0666    0.0976  -0.197   40
60230.251   -0.395533873154    0.365601590602    0.0805    0.1598  -0.106   41
60241.209   -3.159097012816   -0.026600417868    1.5716    0.3738   0.500    7
60244.251   -0.692859585233   -1.245200422773    0.0385    0.1328  -0.238   69
60251.250    0.138431921669    3.196799983129    0.3736    0.7209   0.841    8
