%-----------------------------------------------------------------------------
%                R.A. (mas)        Dec. (mas)        Err. (mas)     Corr. Del.
% Uncertainty in R.A. is in R.A. cos(Dec.)!!!!
%-----------------------------------------------------------------------------
50631.755    0.455539069668   -1.023598805716    0.3022    0.8313  -0.091   86
56498.251    0.562484905776    0.000000000000    0.1933    0.5176  -0.180   56
57359.251   -1.039407543196    1.758099598703    0.1046    0.2375  -0.100   64
57904.690    0.231959525606    2.052899993998    0.1579    0.3442   0.106   73
58216.836   -1.260385601076    3.104402399146    0.1563    0.3299  -0.173   90
58631.757   -1.167310381793    2.141099994901    0.3971    1.0987  -0.729   92
58922.379    0.000000000000   -0.289198802506    0.2463    0.8119  -0.477  109
59230.577    2.073185647347   -9.668300400278    0.2124    0.5209  -0.181   30
