%-----------------------------------------------------------------------------
%                R.A. (mas)        Dec. (mas)        Err. (mas)     Corr. Del.
% Uncertainty in R.A. is in R.A. cos(Dec.)!!!!
%-----------------------------------------------------------------------------
53560.315   -0.976753664144   -5.941799999221    0.4641    1.0205  -0.158   35
56809.214    0.000000000000    0.891500403100    0.1580    0.3359   0.002   90
57359.251   -0.685927455431    2.156399999365    0.1684    0.3724  -0.213   57
57904.690    0.498067428528    2.794301999387    0.1547    0.3527   0.037   70
58216.836   -0.867421852147    3.370302002281    0.1882    0.4162  -0.200   90
58635.004    0.853687641747   -0.684597601008    0.4130    1.0614   0.088   58
58942.891    0.936262676643    2.518300799892    0.2031    0.4625  -0.011  109
59230.577    2.067038962686  -10.042397997978    0.2452    0.6368  -0.321   29
59271.737    0.292131316299    0.000000000000    0.1299    0.3007  -0.275  105
