%-----------------------------------------------------------------------------
%                R.A. (mas)        Dec. (mas)        Err. (mas)     Corr. Del.
% Uncertainty in R.A. is in R.A. cos(Dec.)!!!!
%-----------------------------------------------------------------------------
48853.258   -1.622769906225   -3.189600000120    1.1023    4.3862   0.224   18
49184.423    2.112830781457   13.543603200539    0.4499    1.3881  -0.081   26
49554.333    0.319071061901    1.269601200171    0.8880    2.0080   0.142    5
49914.167    0.131163023270    1.416301199519    0.3939    0.6523  -0.134  126
50324.335   -0.387800432986    0.510602400361    0.9384    1.1028  -0.148    4
50413.168   -0.086545963464    0.614501999685    1.0061    1.1903   0.139   15
50458.831   -0.104064325753   -0.054298799057    0.1683    0.2837  -0.098   92
50765.338   -0.015423295910   -0.088999200010    0.9408    0.8079  -0.168   12
51288.208    0.500543050079   -1.231696798953    0.4047    0.8770  -0.193   18
51687.087   -0.638896686783   -1.312797600228    0.0698    0.1832  -0.323  154
52543.244    0.563282081706    0.310701600448    0.1565    0.3223   0.448   98
53052.205    0.072168413405   -0.211597198962    0.0866    0.3358  -0.055   44
53059.203    0.088040892854    0.522403200698    0.1023    0.3973   0.094   32
53395.204   -0.515071655720    0.069102000921    0.2140    0.2915  -0.042   22
53402.206   -0.348570103105   -0.312897599031    0.2083    0.2630  -0.181   11
53732.205   -2.035872200438   -2.017897199735    1.2104    1.3556   0.768    8
53794.229   -0.119336770348    0.216900000360    0.1994    0.2828  -0.211   20
53928.228    0.279244169708   -0.048797999241    0.2155    0.2883   0.206  134
53992.249    0.761672397318   -0.802897199925    0.1335    0.2089  -0.260  124
54270.208   -0.210820178065   -0.244598399135    0.1546    0.1868   0.161   49
54361.206    0.262624276630    0.800503199727    0.2313    0.5465   0.675   38
54368.208    0.255588191321    0.149101200186    0.1948    0.2322   0.156   20
54712.208   -0.601614044508    0.092102400906    0.2525    0.3444   0.183   37
54718.209   -0.014675882282   -0.272797199230    0.1265    0.2185  -0.129   31
54747.228    0.335392724890   -2.726100000139    0.6859    1.3616  -0.303   28
54818.251   -0.192701780921    0.838702800010    0.1518    0.3484  -0.462  286
54845.228    0.165599610861    0.391903199493    0.3933    0.5747   0.112   11
54865.207    0.371927953536   -0.276598799864    0.3292    0.2630  -0.212   12
54872.205    0.154071588029   -0.036698399519    0.2178    0.5903   0.386   29
54914.209    0.121129929828   -0.106999199900    0.3160    0.7686   0.455    8
54936.208   -0.070673484014    0.578602800871    0.1495    0.4967  -0.089   20
55005.208   -0.635752299876    0.229903200477    0.3238    0.1993   0.255   43
55034.208    0.075463651628   -0.265597200233    0.2348    0.2566  -0.115   25
55042.251    0.454276737023   -0.787899599963    0.1118    0.3223  -0.145  132
55083.207    0.282988591470    0.256500000440    0.3087    0.2677   0.024   17
55131.208    0.067827429330    0.409701600645    0.2632    0.3646   0.161   17
55138.206    0.435112491893   -0.121500000461    0.4146    0.4974  -0.057   13
55145.208   -0.448289870108    0.933501600819    0.6337    0.4691  -0.156   21
55154.248    0.054948281205    0.691102800587    0.1003    0.1833  -0.060  112
55180.206   -0.251545437336    0.254502000274    0.1326    0.1954  -0.061   60
55222.206    0.194645893850    0.106102800146    0.2386    0.8495  -0.404   14
55244.209    0.014521354157    0.065700000640    0.2120    0.3549   0.083   34
55245.228    0.362045813544   -0.417898800364    0.3831    0.5053  -0.573   29
55250.206    0.042672946877    0.754200000053    0.1905    0.2963   0.180   64
55285.208    0.056148555182   -0.108197999360    0.0944    0.1789   0.014   87
55293.207   -0.075014468089    0.357800400508    0.2090    0.6356  -0.268   55
55294.230    0.201685553835   -0.629499599647    0.1974    0.4421  -0.170   36
55321.229    0.281788419627    0.875800799882    0.2711    0.5283  -0.058   33
55334.207   -0.052856891635   -0.119700000312    0.1607    0.2354   0.031   36
55369.208   -0.072021034631    0.159602400096    0.2339    0.2850   0.045   25
55376.207    0.195396882155   -0.408398399898    0.2830    0.2825   0.150   30
55393.271    1.458963556978    0.631000800411    0.5345    1.2736  -0.427   29
55397.209   -0.151976521649    2.503000800225    0.4812    1.3195  -0.333   28
55413.250    0.325661538347    0.005000400094    0.1373    0.2662  -0.180  153
55418.207    0.066929062252    0.252702000125    0.4137    0.5794  -0.504    7
55421.271    0.087142525776   -1.042397999917    0.1832    0.5041   0.003   23
55432.207   -0.762423487756    0.349700399838    0.2291    0.4213   0.246   39
55449.271    0.125470913903    0.674600399542    0.2562    0.4338   0.116   33
55463.271    0.150028936177   -0.374597999020    0.3033    0.4656  -0.385   45
55483.229   -0.481831665297   -0.169199999611    0.1406    0.3113   0.205  166
55516.207   -0.182672262154   -0.265899599938    0.1691    0.2161   0.003   22
55523.209    0.063482870580    0.585302400147    0.4605    0.4739  -0.265   15
55538.228   -0.002846054684    0.231501600290    0.0986    0.1586   0.225  239
55540.270    0.427774601819   -0.186299999427    0.3111    0.3976  -0.066   15
55544.207   -0.234476258586   -0.031697999425    0.1646    0.3978   0.179   25
55551.209   -0.108107079738   -0.081298799692    0.1134    0.2050   0.032   48
55553.269   -0.612096321489    0.240703199772    0.9441    1.1588  -0.758   13
55558.207    0.415797395447   -1.095299999498    0.2257    0.4893  -0.133   51
55565.209   -0.009134726364    0.536803200291    0.1339    0.2613   0.305   29
55575.272    0.486021695922    1.675702800519    0.2904    0.6846  -0.105   40
55582.270   -0.494107101758   -0.571597199972    0.3426    0.7947  -0.167   54
55610.270    0.620329003966    0.519299999802    0.2648    0.8839   0.029   65
55615.230   -0.252745711313    0.189701999709    0.2197    0.2482   0.214    6
55628.207   -1.109944270334    0.471002400282    1.2053    0.2685   0.327   13
55652.270   -0.623024105200    0.535499999543    0.3660    0.7075  -0.331   18
55663.209    0.162304270505    0.439801200258    0.3353    0.3612   0.137   11
55684.207    0.615237031587    0.032000400729    0.3725    0.3481  -0.086    8
55698.207   -0.330753510726    0.617302800876    0.2650    0.4475   0.139   22
55722.270    0.371029586458   -0.477899999574    1.4904    1.6595  -0.506    4
55733.209   -0.158714376868   -0.370098000246    0.1911    0.2200  -0.042   81
55734.228   -0.071571851092    0.190000800693    0.2659    0.2881  -0.237   22
55736.270   -0.266221319618    0.706302000886    0.5007    0.8077   0.145   22
55740.207    0.340333845953   -0.145299599552    0.4347    0.5003   0.035   37
55748.206   22.719045357966   25.811002800680    2.5431    2.4760   0.856    3
55754.208    0.292719880147   -0.099698399936    0.2307    0.3985  -0.006   23
55761.206    0.073365010573    0.175003200731    0.4011    0.3748  -0.116   46
55768.208   -0.103615142214   -0.149097599866    0.8023    1.4925   0.338    4
55775.209   -0.203033104452    0.509101199597    0.3186    0.9836   0.503   10
55785.268    0.177878621999   -0.579297600289    1.2679    1.1923  -0.535   12
55792.270    0.690100546226    0.371203200977    0.5810    0.7812   0.003   76
55806.270    0.151674716884   -1.697997600125    1.4955    2.4573  -0.605    4
55813.272   -0.009285577680    0.953802000581    0.6564    0.8274   0.398    5
55817.206    0.126671085746    0.191401200489    0.2326    0.3273   0.120   17
55845.206    0.008534589375    0.097200000049    0.1368    0.5024  -0.306   72
55862.270   -0.749547914306    0.609800400575    1.1672    1.0168   0.740    5
55868.209    0.051954949881    0.315900000558    0.2199    0.8274   0.370   11
55889.295    1.006778311659   -3.717698400330    1.1359    0.8951   0.057    6
55911.269    0.068276612869   -1.198800000068    0.2862    0.7776   0.254   21
55925.269   -0.039977743509    0.424799999976    0.2328    0.6080   0.306   26
55932.271   -1.243504062615   -0.396399599545    1.3829    1.3621  -0.631    6
55944.207   -0.232532145656    0.003002399929    0.4321    0.3042  -0.477    3
55951.227    0.377167202555   -0.300398398956    0.1721    0.3165  -0.178    7
55957.210   -0.052705938185    0.137602799555    0.5303    0.8004  -0.827    3
55966.250   -0.160511111025    0.358801199951    0.0633    0.1457  -0.137  266
55974.271    0.162904407494   -0.452797199735    0.1729    0.5414  -0.135   43
56009.273    0.038181009353    1.382601599609    0.2053    0.7153   0.301   18
56036.250   -0.596223739906    0.047001601011    0.1864    0.2631   0.216  193
56044.267    0.118733058684    1.125403201030    0.3400    0.5737   0.041   42
56051.269   -0.184616375084    0.962999999743    0.2858    0.9126  -0.046   16
56069.206   -0.520160053424    0.279100800071    0.6357    0.2825  -0.012    5
56104.208   -0.396036690138    1.348102800591    0.2750    0.3725  -0.103    7
56125.207   -0.264273632013   -0.649897200056    0.4294    0.3341   0.148    5
56146.208    0.478532852399   -0.376199999153    0.4773    0.6426   0.703    5
56149.269    2.349703911187   -3.954297599762    0.6270    0.9998  -0.543    6
56170.271    0.293018110236    0.551602800236    0.2254    0.6061   0.298   29
56175.209    0.253191320177   -0.184899599631    0.1592    0.1731  -0.152   23
56177.273    0.439004292429    0.194000399745    0.3267    0.4602   0.168   21
56184.271    0.237318738594    0.038501999988    0.3465    0.4056  -0.566   12
56188.209   -0.053453351814    0.211802399619    0.2116    0.3242  -0.192   18
56191.269   -0.351567111238    0.462200399554    0.4212    0.3806  -0.030   14
56198.271    0.251843667426    0.324701999688    0.1766    0.4879   0.189   41
56204.250   -0.147484686259   -0.062899199449    0.0759    0.1566  -0.110  269
56210.186    0.363540640801    0.112301999700    0.4488    1.6447   0.811   19
56223.207   -0.678425246753    0.064303199565    0.2960    0.3008  -0.053    7
56230.209   -0.332701198332   -0.527598000488    0.2757    0.2763   0.110   12
56251.207   -0.145087815114    0.077702399714    0.1849    0.3299  -0.242    7
56259.228   -0.121280781144    0.134002800856    0.1585    0.1996   0.066   22
56268.271   -0.801952047726   -1.120996799386    1.0458    2.4584   0.924    6
56272.209    0.174583281642   -0.127299599662    0.2588    0.2613   0.069   11
56273.231    0.202432967464    0.328701600338    0.1665    0.2153  -0.265   51
56280.208    0.454427588339    0.302803200114    0.1761    0.2384   0.381   31
56281.230   -0.782338619057   -3.405898799791    0.8034    2.6637   0.239    9
56301.228   -7.270561669515  -15.892696800179    3.5560    8.9295   0.949    5
56317.270   -0.105261025055    0.075200399507    0.2643    0.6003  -0.008   61
56328.209   -0.166648829255    0.069400800307    0.2611    0.6852   0.329   10
56336.208   -0.364442582555    0.006202799874    0.2659    0.3690  -0.015   19
56338.271    0.078457085085   -1.099799999871    0.2654    0.6139   0.275   28
56342.209   -0.204233276295   -0.385999199004    0.2198    0.2883  -0.013   40
56364.208    0.159310939181    0.196700399968    0.2065    0.2436   0.002   20
56392.230   -0.269063799626   -0.172097999851    0.2154    0.2375   0.178   28
56394.272    0.294814844392   -0.287798399512    0.4505    0.6419   0.120   18
56412.209   -0.149579650505    0.146602800299    0.3153    0.1749   0.093   39
56420.208   -0.175783555619   -0.192999600301    0.4765    0.4206   0.283   46
56426.209    0.219951329753   -0.106199999195    0.2758    0.2460  -0.064    9
56427.228    0.586190748598   -0.040197600448    0.4185    0.1955   0.285   26
56457.270   -1.037926810378    0.371203200977    0.5589    0.4935  -0.213    6
56461.207    0.414298993514   -0.320698800316    0.3708    1.2427  -0.442    4
56470.251   -0.237024083180   -0.158097599012    1.5913    0.4882  -0.075    3
56496.209   -0.586492553363    0.071503200161    0.3846    0.5582   0.395    4
56497.228    0.345425818332   -0.955598400409    0.6758    0.4726  -0.035    8
56533.253   -0.450535889937   -0.834598799671    0.6030    0.7742  -0.264   13
56555.270    0.286582161916    0.545202000346    0.2006    0.2690  -0.191   16
56562.272   -1.920729137525   -3.872599199717    1.4833    2.1473   0.753    3
56574.227   -0.005091972379   -0.470098799887    1.7170    1.6217  -0.466    6
56618.272   -2.006973296223    0.440801999702    1.0767    1.0762   0.280   17
56626.286   -1.093773458661   -2.165896799511    0.5026    1.2393   0.032    5
56628.225   -0.884153452439   -5.725299599213    1.3867    4.5683   0.743    3
56632.269    0.628561788576   -2.691997199555    0.6967    1.3684   0.158    4
56632.269   -0.984473356431    0.822801599654    0.2635    0.4481   0.082   21
56634.263    0.425528684124    1.679399999865    0.7889    1.0468   0.049    5
56636.257    1.361938891209   -1.791399599860    0.8371    1.2848  -0.138    4
56638.251   -2.130949280735    1.232801999684    0.5047    1.2302   0.230    8
56641.243    0.151225533345    0.620002799501    0.5767    1.1055   0.123    6
56692.206   -0.030246556966   -0.142999199682    0.2396    0.2152   0.117   10
56709.271    0.320271233745    1.934802000214    2.0039    1.7382   0.766    7
56713.208   -1.005585187033   -0.352299599093    0.6137    0.1863   0.419   22
56721.229   -2.110735715077  -31.464799199732    0.5502    0.8498  -0.388   15
56734.206   -1.651367107809   -0.020700000114    0.5904    0.2184  -0.112    8
56743.250   -0.410558044294   -0.425898000067    0.0977    0.1343   0.084   45
56748.206   -0.350366837261   -0.060897598964    0.1961    0.2703  -0.224   23
56755.208    0.760623076791   -0.508697998924    0.4583    0.3708   0.016    3
56771.250   13.418450874020   -7.581196799933    0.2697    0.3125  -0.011   16
56772.273    0.010927885844   -1.077199200239    0.2482    0.6939  -0.033   15
56777.269   -0.714960373266   -1.506697199005    0.3297    1.1809   0.226    7
56800.269   -0.649526240404    0.128102400687    0.9509    0.4592   0.407    7
56828.269   -0.101818408058    0.280101599515    0.3828    0.2322  -0.089   23
56841.272    1.215054341939   -0.345599999818    1.7116    0.3604  -0.537    5
56863.275    0.335543678339   -1.357999199492    0.5018    0.7367  -0.330    4
56867.208   -3.288058231203  -11.963599199305    1.1596    4.4661   0.989    9
56884.269   -0.024705298914   -0.068597999281    0.2109    0.9768   0.040   15
56891.271    0.571216636226   -0.320399999332    0.3198    0.6957  -0.215   15
56916.207    1.076104245055    0.067500000789    1.3231    0.4362   0.900    7
56940.273    0.151074579895    0.137102399833    0.2923    0.3643  -0.009   18
56945.229    0.441102933484    1.331301600160    0.1903    0.2443   0.111  124
56967.250    7.194048697360  -11.572797600223    0.2195    0.2833  -0.281   32
56975.271   -0.237322313269   -0.079200000158    0.1829    0.2870  -0.072   28
56988.997   -5.680136859177   11.215202400372    4.1442    8.2753  -0.978    3
57002.230   23.690937796361    2.594602799810    2.0723    1.0499   0.195    5
57003.271    0.049558078736    0.553302001016    0.4405    0.7259   0.527   11
57022.268    3.092959681271   -9.877197599018    0.5361    0.6140  -0.094    7
57046.458   -0.376121558837    0.726602400647    0.1874    0.3626  -0.367   36
57052.270    0.044318727584   -0.351298799650    0.2099    0.2535  -0.112   23
57059.271   11.958887180054   12.851802000213   11.8171   12.3795   0.998    3
57066.273    0.253489550266    0.707101199993    0.9865    0.5466   0.643    4
57073.271    0.255588191321   -1.014897599561    0.4671    0.3350  -0.308    5
57087.271    0.014970537696    0.302702400745    0.4158    0.2998   0.115    5
57094.270   -1.811576311935   -0.447699598993    0.6781    0.2546   0.235    8
57098.832   -0.009134726364    0.905601600110    0.1930    0.3518  -0.228   45
57101.271    0.521805834130    0.246401999604    0.8207    0.2415   0.643   18
57105.209   -0.487818430078   -0.496097999481    0.1373    0.2236  -0.133  104
57114.274    1.221343013619    1.267102800284    3.9455    1.4054   0.758    4
57122.270   -0.165452232088    0.268603200482    0.5584    1.2222   0.783    5
57129.272    0.205875584460   -0.072496798964    0.4737    0.2639  -0.548    7
57136.273    0.181921273850    0.366299999932    0.2086    0.1771   0.079   68
57140.207    1.041516704015   -0.441698399456    0.2558    0.7561   0.170   10
57142.271    0.426578004651    0.780703199688    1.2412    0.4902   0.464    4
57150.270   -0.950931561242   -0.606398400294    0.1332    0.1402   0.096  103
57157.268    1.204273834868   -0.156196799495    0.8475    0.2667   0.128   13
57175.209    0.341232213031   -0.805399200132    0.1832    0.1561  -0.102   37
57178.270   -0.271758900860    0.361202400789    0.6893    0.3538   0.313   24
57184.581 -175.776810614636  -61.211797198979   33.6045   84.1437   0.778   10
57185.268    5.398794048414    1.803801600886    6.9767    1.6775   0.967    3
57192.270    0.141192439903   -0.171496799162    0.4385    0.3195  -0.216   10
57199.272   -0.581102350895   -0.185997599722    0.4123    0.2133   0.557   29
57205.269   -0.057647059248    0.220701600995    1.0374    0.4360   0.298    4
57213.272   -4.990783726580   -0.007099199628    0.5563    0.2798  -0.421    8
57218.232   -0.014974112371    0.059702399824    0.4271    0.5265  -0.166   25
57227.272    0.594125200985   -0.471398400315    0.5869    0.5103  -0.322   19
57234.270    0.337340412496   -0.262198800272    0.2966    0.2232  -0.077   26
57239.208    0.978479442298    0.338500800190    0.5737    0.1533   0.335   20
57241.268    0.201085416846    0.463499999981    0.5251    0.2464   0.104   18
57246.206   -0.347973540792   -1.795197600174    0.3147    0.2259   0.050   13
57252.207   -5.107123488795   -0.897199199734    1.8292    0.5994   0.897    4
57259.209    1.289468673039   -1.162699199320    0.2513    0.1657  -0.143   18
57262.270    0.440801026585   -0.077198399673    0.1933    0.1688  -0.068   34
57266.207    0.096722861003   -1.469098799411    0.1409    0.1595  -0.023   50
57274.206   -0.575859425066   -0.753998399716    0.1340    0.2147   0.154   48
57275.229   -0.175183418631   -0.452199599366    0.1361    0.2096   0.057  110
57287.206    0.382108323618   -0.340099200002    0.2165    0.1740  -0.074   11
57290.270   -0.324166608956    1.211803200185    0.2704    0.5214  -0.121   30
57301.209    0.159911076170    0.351802799692    0.1416    0.1354  -0.199   31
57304.241   -1.725184876596    0.579902399700    0.7385    0.2071  -0.399    8
57309.208  -53.611520695211   -9.065700000299    2.3244    0.4312   0.803    3
57318.270    1.809779679912   -0.506098799669    0.2638    0.2547   0.194   21
57359.251    1.251585893776    0.009403199819    0.0587    0.1291  -0.164  169
57365.227   -0.008085405836    2.305101600797    0.4125    1.0963   0.041    9
57386.269  -11.693269572100  -33.850396799195    1.6315    4.3074   0.993    4
57395.272   -0.322218921351   -3.454797600000    0.3741    0.3431   0.061   18
57406.208    0.088188271628   -0.306597600108    0.4030    0.2669  -0.116    3
57416.270    0.693995921437    0.729100800534    0.4094    0.1930  -0.324   15
57423.269    0.339284525426   -0.072197999579    0.3679    0.1947   0.233   19
57430.270    9.449721376236  -14.828399999089    2.7158    4.4252  -0.978    5
57465.269   -1.374368855796   -6.638997599673    0.2215    0.4446  -0.314   21
57469.206   -0.032341521212    0.862300800364    0.1504    0.3893   0.270   18
57484.229   -0.290326583678    2.212300800153    0.7267    0.8019  -0.395   10
57486.271   -3.488547187870   -2.056399199724    0.3673    0.3788  -0.234   11
57493.269    0.077109432334   -7.452399599828    0.2932    0.9308   0.033    4
57497.206  -15.509724216012   -2.572898399933    4.8217    0.4407   0.814   18
57514.271  -15.727429525936   20.445001200819    0.8190    0.9079  -0.704   45
57521.269    7.700582189029    2.612300399996    0.7899    1.1100   0.690   11
57540.207   -1.429317137001    6.751000799987    0.2585    0.5978  -0.301   25
57549.269  -12.178392900944   22.322001600728    2.5091    3.8864  -0.966    3
57553.206   -0.399479307134   -4.594399200286    0.1553    0.5849   0.063   51
57569.248    2.568009460234    0.495500400710    0.2955    0.4375  -0.285   33
57574.208    1.117580492631    0.740700000534    0.3076    0.3013  -0.049   14
57591.269    0.842975537087   -2.676099599519    0.4035    0.4102   0.022   19
57596.229    4.382730159075    3.538202399866    0.3862    1.2322   0.478   45
57605.269   -3.841907458589   -5.205297599353    0.3469    0.5641   0.263    9
57609.206   -0.527648896947   16.431300000619    0.7166    3.5274   0.623    3
57619.269   -0.066332499940    2.469301200314    0.2957    2.3445  -0.504   10
57625.248    0.081752323308   -2.591499600513    0.4494    0.4332   0.306   35
57626.271    9.872558533801    4.493800800276    0.2184    0.3525   0.118   19
57633.269    1.376460245366   -1.719900000019    0.4685    0.4775   0.642   15
57638.207    1.299950950020    4.504201200817    0.1889    0.4856   0.513   26
57647.269   -3.561017406040    2.007100800760    0.2908    1.6782  -0.013    6
57658.208    2.104896329070   -1.910998799204    1.1001    0.7775  -0.253    5
57661.269   -4.447715108398    4.862602800415    0.2970    0.3611  -0.251   22
57665.188   -3.050886871383    0.396403199865    2.4019    1.5029   0.068    4
57668.271    2.697224795899    2.075101199672    0.3021    0.3014  -0.153   24
57673.209    1.048703742773    0.905500800741    0.3327    0.4665   0.103   14
57675.269    3.363971066369    2.068401600397    0.1362    0.1249   0.057   68
57679.207   -0.205879159136    0.816001201009    0.2031    0.2062   0.005   17
57689.269   -1.254133718370   -0.587998800050    0.1921    0.1623   0.027   42
57696.271    0.090883372862    1.639101600048    0.2537    0.2480   0.045   12
57703.269  -18.324187039069    1.056700800461    1.3928    0.3072  -0.447   14
57707.207   -2.217046060660   -1.402797599681    0.5017    0.4967  -0.196    7
57710.267    0.495752984599   -2.591197199209    0.2212    0.1802   0.083   38
57714.208  -12.014590126372   -1.918098000431    5.5313    0.6973   0.458    3
57715.271   -0.430922461268   -0.230597999895    0.2031    0.1855   0.175   14
57722.229   -0.016921799977   -0.314197199458    0.3417    0.3031   0.004   25
57731.269    0.220698845516   -0.985597199055    0.0570    0.0737  -0.067   78
57735.207    2.707106935891    0.831103200660    0.2956    0.1195   0.226   72
57737.270   -0.627516042724    0.520401600212    0.2164    0.1641   0.183   66
57744.272    0.003891800536   -0.085399199712    0.1137    0.1684  -0.076   57
57757.209    2.610082270122    0.236700000400    1.0080    0.2676   0.495    4
57758.272-5424.036937091914 -887.604397199304    1.1147    0.3435   0.710   11
57766.271 4894.506226561331  143.093602800448    0.1834    0.4368   0.102   30
57773.269 1682.251616419658 -314.921296800108    0.1001    0.1279   0.012   52
57780.271 2103.438258875517 1101.566401199960    0.1355    0.1441   0.014   76
57784.209************************************    2.0195    8.2517   0.988    3
57794.271   -1.397277420554   -1.460199599634    0.1861    0.1530   0.160   32
57808.271   -2.816410612797    0.952801199539    0.3454    0.2054  -0.011   33
57809.367    0.123526800973    0.184402800230    0.0936    0.1949  -0.026  135
57822.271   -2.365727344086    1.011700799936    0.5971    0.5166   0.097    4
57843.270   -3.337019747626    2.793002400558    0.4812    0.2023  -0.168   14
57850.271    1.137793956155   -0.381099599878    0.3639    0.1726  -0.176   15
57862.208   -0.870976074224    0.321800400727    0.1464    0.4869  -0.175   91
57871.270   -0.527346990048   -0.927799199069    0.1834    0.1989   0.163   19
57876.208   -0.420292907647   -0.575398799008    0.2012    0.1209   0.056   21
57890.230    3.438683729693    6.368400000945    0.5414    1.1728  -0.253   22
57892.271    0.426279672428    0.761400000648    0.1483    0.1699  -0.241   30
57896.209    1.082094584512   -1.624298399783    0.7198    0.9767  -0.911    7
57906.271    0.756433046166   -0.625499998996    0.1915    0.1798   0.172   21
57911.206    3.864514218582    0.434502000779    0.6983    0.1844   0.186    7
57913.270    1.791661180634   -0.464400000055    0.2476    0.1758   0.026   33
57953.206   -1.311331491946    0.458503200207    0.2119    0.2534  -0.155   39
57955.270    0.244056593813    1.348102800591    0.1012    0.1302  -0.041  113
57962.272   -3.314862273306    9.775202399531    0.1951    0.2514  -0.240   60
57966.209   -0.264722815552    0.066301199730    0.4608    0.2989   0.308   13
57969.270   -0.104513509292    1.042001999885    0.1551    0.1583  -0.147   38
57980.209    2.397914439306    2.486800800483    0.1883    0.1820  -0.077   16
57987.207    0.421935113678   -0.460198799068    0.1169    0.1256  -0.077   45
57994.209    0.775446337846   -0.870598799452    0.4656    0.1515   0.348   10
58001.189   -0.371478667864   -0.123699599364    1.0963    1.3137   0.507    8
58008.209   -0.911704908171   -1.002898799207    0.1309    0.1255  -0.061   33
58011.270   -1.328551624146   -6.699999599924    0.1113    0.2266  -0.086   46
58015.207    1.597313619007   -0.667198800208    0.2376    0.2274  -0.091    9
58023.228   -1.233172739084   -0.621399598977    1.5765    0.5253   0.465   10
58025.270   -3.228765391248   -3.379399200476    0.3387    0.3565   0.529   23
58032.268   -0.139248326973   -1.081198799291    0.0896    0.1316  -0.039   93
58037.206    0.481677239305    0.330102000135    0.1029    0.1263  -0.184   45
58046.268   -2.267653357790   -0.191599200505    0.1406    0.1875   0.050   38
58050.209   -0.086844295687    2.076202800083    1.2046    0.2025   0.281   11
58057.207    0.601912274598    1.845702000836    0.1439    0.1359   0.076   40
58060.272    2.232163977129    0.600001200723    0.2215    0.1704   0.075   28
58064.209   -0.796112559585    0.220903199732    0.9992    0.2022   0.543   20
58067.270    1.782828361169   -2.740499999732    0.2135    0.2280  -0.001  104
58079.272   -1.325105432474   -0.075999600213    0.2502    0.2582  -0.010   43
58081.000    1.009175182803   -1.517198400514    1.4324    2.6502  -0.589   28
58085.500    3.289704114043    0.491702400396    0.2489    0.2138  -0.176   23
58086.500    0.881903960068    0.238201199565    0.1394    0.1043   0.110   65
58087.498   -0.141494346802   -1.364299200013    0.0808    0.0932  -0.001   78
58088.498    0.768859436076    0.037303200529    0.1906    0.1160   0.334   58
58089.499    2.151611927798    3.326202000231    0.1341    0.1335  -0.001   48
58090.500    2.520542873201   -0.968896799591    0.0997    0.1201  -0.048   49
58091.497    5.230495761642    0.572702400703    0.2466    0.1565   0.230   30
58092.498   -2.887084096811   -0.061999199374    0.0994    0.1036  -0.204   65
58093.499   -3.362774469202   -1.576497599665    0.1508    0.1201   0.162   35
58094.496    0.870674269459   -2.200798799201    0.0843    0.0937  -0.107   92
58095.500    1.966395415726   -4.309200000030    0.1028    0.1298  -0.202   72
58096.497   -0.991958625279    0.384400800790    0.0917    0.1071  -0.169   63
58097.498   -0.517166619966   -0.360899999485    0.0904    0.0931   0.094  152
58098.499   -2.208511471284   -5.044899600470    0.2521    0.2968  -0.050    7
58099.500   -1.623815652077    1.986299999679    0.0823    0.1059  -0.100   89
58106.209   -1.561680332114   -0.340797599740    0.4039    0.2886   0.092   14
58109.000    0.692048233832   -4.835797199476    0.8479    2.6020  -0.120   42
58115.209   -3.891318158551    0.245800800514    1.2200    1.1850  -0.813    5
58116.268    0.447391503030    4.661402400075    0.2136    0.8481   0.407   20
58123.270   -1.042116841003    1.542700800705    0.2501    0.2709   0.200   30
58127.208   -1.078353737426   -1.798898399841    0.1846    0.1899  -0.048   29
58130.268    7.179523768528    5.333000399688    0.1259    0.2494   0.038   89
58134.209    0.511474510599   -0.038700000005    0.2058    0.1963  -0.164   20
58137.270    0.572715038159   -0.383497200396    0.1895    0.1798  -0.161   39
58155.208    0.889241850143   -0.284299200182    0.1868    0.1333   0.039   23
58158.272    0.874569644670   -0.215899199318    0.1243    0.1674  -0.091   23
58162.206   -0.427929129944   -0.144899999199    0.1567    0.1487  -0.135   76
58165.270   -0.141494346802    0.142902000633    0.1081    0.1329  -0.085  114
58170.230   -0.157366826251   -1.797897600397    0.1147    0.2918   0.025  229
58183.208   -5.216125360935   -0.596699999811    0.9733    0.9372   0.597    9
58186.272   -2.475627583305   -4.015997999751    0.7818    0.2142  -0.325   12
58200.272    0.123526800973    0.846899999729    0.2790    0.2015   0.227   39
58212.209   -0.207826846741    0.406202399716    0.4497    0.2529   0.363   14
58213.228    0.857051282380    0.164102400468    0.6477    1.2879  -0.204   12
58216.836   -1.277940650206    1.748300400450    0.2260    0.3893  -0.278   36
58219.229   -0.880110800588   -0.497998798998    0.1960    0.1784  -0.037  117
58221.270    1.954116404588   -0.983998799242    0.2342    0.2174  -0.357   13
58225.208    0.083998241003   -1.147096799947    1.0010    0.8210   0.154    8
58232.210   -1.680564344247   -0.105796800121    0.3506    0.2803   0.322   22
58235.270    2.273640224705   -5.658598799130    0.2865    0.2881   0.087   25
58240.165    0.898674806596    0.556300800625    0.2814    0.2564   0.081  131
58241.209   -0.842529928224    0.192502800900    0.3222    0.1980   0.114   31
58242.272   -0.362196664860   -1.007899199301    0.1547    0.1740  -0.147   28
58245.742   -0.543370525081    1.438200000692    0.1152    0.2029  -0.172  108
58246.082    0.319822050206   -1.207198800124    0.2275    0.7491  -0.252   37
58247.207   -0.227289219827    0.446000399812    0.2816    0.2413  -0.307   17
58254.227    1.699426682479    0.102103199495    1.1250    4.4386  -0.380    5
58258.146    0.763318280158    0.402501600050    0.1964    0.3297  -0.347  117
58268.209    0.372377137075   -0.899999999326    0.2944    0.2697  -0.107   21
58270.269    0.940600339844   -1.412899199238    0.2877    0.1618  -0.033   48
58281.208   -0.734872032024   -0.761097599344    1.5957    0.7494   0.808    3
58288.206    0.128917003442   -0.018298799276    0.4045    0.1383   0.283   39
58291.271    1.589375489810   -1.269698399220    0.2418    0.1606   0.197   85
58298.269    0.167098012794    0.149601599908    0.2377    0.2012  -0.113   27
58302.210    4.181792018869   -0.356399999113    1.6302    0.6479  -0.230    6
58330.206    0.924127621273    0.152099999795    1.1711    0.2836   0.587    9
58344.206    0.883851647674   -1.868799599869    2.4951    0.3622   0.660    9
58361.271    0.188806405709    0.098802000181    0.3201    0.2052   0.175   29
58368.269   -0.312185827909    0.106102800146    0.3537    0.2673   0.282   33
58379.208   -0.833546155309   -0.907999199029    0.6662    0.1927   0.246   18
58382.269   -0.956321865844   -0.328096799329    0.5491    0.3378   0.225   20
58389.271   -0.794017595339   -0.346899600245    2.5069    0.6596   0.829   21
58393.208   -3.072149655434   -0.437597999436    1.5941    0.3026   0.855   11
58410.269 -506.137879242162-2641.914298799186    0.6492    0.3544   0.369   15
58417.271   -0.693097554359   -0.509597998999    0.9444    0.3705   0.462    4
58421.208   -0.313684331975   -0.535899599896    1.3645    0.3909   0.711    5
58422.271   -0.462516568851    0.276001199495    0.3419    0.3368   0.050   16
58431.271   -6.066438788096   -6.156496800358    7.4090    2.5388   0.465    4
58443.269   -0.177282059686   -0.081900000382    1.0003    0.4038   0.262   33
58445.165   -1.238412090236    2.983201199669    0.8040    1.1220   0.647   27
58449.208   -0.703130545668   -0.036298799166    0.2142    0.4854   0.173   10
58451.250   -0.713911154872   -1.426197600018    0.3732    0.4691   0.039   27
58463.208   -2.125558976133    1.095800400819    0.2455    1.7229   0.071   15
58470.207    0.614187711059   15.348200400211    1.9255    2.6212   0.641    3
58486.208   -0.864540125904   -0.516999599931    0.2258    0.5053   0.048    9
58487.271   -1.223739782630   -0.210797999856    3.5315    0.7461   0.907    7
58494.386   -0.376868972466    0.672800400991    0.2894    0.2469  -0.105   35
58498.207    0.310536472526    1.131501599616    0.3577    0.9795   0.579    5
58506.209    0.787125211995   -0.183196800130    0.4580    0.1868  -0.257   10
58508.269    0.231331973812   -0.100699199379    0.1890    0.2361  -0.053   31
58519.208   -0.198242936838   -0.460799999757    0.1619    0.1532  -0.025   39
58522.269   -0.161409478103   -0.217800000435    0.2091    0.2323  -0.186   30
58526.207    0.463113131164   -0.405197999953    0.3172    0.2890   0.309    7
58536.269    1.115183621486    0.212803200661    2.1525    0.4809   0.424   10
58540.207    0.395134748384   -0.185097599648    0.1613    0.1569   0.015   41
58562.228    0.042521993427   -0.439297200217    0.2546    0.4521   0.136   39
58578.269   -0.041774477665    0.327103200526    0.1430    0.1380   0.018   77
58582.207    0.082797967026    0.928303200709    0.1486    0.1561  -0.060   26
58589.209    0.168894849084   -2.156698800349    0.2031    0.6094   0.090   19
58603.209   -0.282241177841   -0.818899199651    0.1813    0.1885  -0.021   17
58613.271   -0.188809980385   -0.130298399270    0.3261    0.2575   0.000   15
58627.271    0.832493260106    0.122000400182    0.5553    0.2896   0.594   28
58632.210    0.154369818118    0.347101200582    0.1220    0.1747   0.028   69
58638.207   -0.138349959895   -0.134697600274    0.3430    0.3064   0.295   10
58646.210    0.722593020887   -0.817498799854    0.1540    0.2076  -0.365   78
58659.209    0.223246567976    0.063403199491    0.1203    0.1451  -0.133   61
58666.207    0.356055371953   -0.314697599180    0.1623    0.3055  -0.110  104
58673.209    3.113022191346   -0.097498799434    0.2925    0.1810   0.054  107
58676.270    0.376567167700    0.811900800990    0.6143    0.3366   0.469    7
58680.207   -0.368187004317   -0.113198399454    0.1534    0.1538  -0.132   41
58683.271    0.493956250443    0.348202800993    0.2315    0.2677   0.115   20
58687.209   -0.269365604392   -0.356399999113    0.3092    0.5068  -0.060   78
58701.209   -0.012577241227    0.501501600247    0.1903    0.3252   0.131   71
58704.270   -9.262413474593  -15.489799200097    5.7973    9.5410   0.980    5
58708.207   -0.142841897419   -0.162899999090    0.3567    0.2874  -0.152    9
58725.272   -6.681079257370   -7.837599599725    8.1076    7.6062   0.976    3
58729.209   -0.380764347677   -0.365399999858    0.1048    0.1204  -0.061  192
58730.228   -0.271162338548   -0.240199199730    0.0599    0.1969  -0.331   29
58736.207    1.564971995661   -1.386496798972    0.1968    0.2029  -0.186   48
58739.272    0.425977867663   -0.122497199584    0.1328    0.1634  -0.050  201
58746.270   -0.434666883030    0.669301200062    0.2728    0.2534   0.099   62
58758.268   -0.284037911998   -0.261597599582    0.4720    0.4384   0.247   11
58765.208    0.554147457476   -2.922498000402    0.5304    0.7043  -0.214   24
58771.209   -0.037433493591    0.265903200258    0.0669    0.1459  -0.365  305
58787.269   -0.111251364512   -0.136897199177    0.3681    0.3400  -0.225   10
58795.272    0.094778748074   -0.542397600434    0.1935    0.3575   0.443   92
58809.272    0.641739166791    0.739702799812    0.2643    0.2515   0.067   36
58813.209   -0.593079455133    0.461800800799    0.3430    0.4098  -0.482   10
58813.249    0.267565295560   -1.553896800033    0.1552    0.2617  -0.905   45
58820.207    0.814974897816    0.210301200454    1.2427    0.5127  -0.186    7
58827.209    0.039528559970    0.190400401046    0.6022    0.3077   0.484   46
58827.249   -0.417446852963    1.845802800204    0.1561    0.4303   0.144   18
58830.270    0.259630843173    0.004802400078    0.3779    0.2761   0.155   16
58835.208    0.233427040192   -0.637199999964    0.8686    0.3834  -0.019   15
58844.248    0.123224894074    0.314002799762    0.1540    0.6257   0.781   15
58851.268    1.264914225440    1.376301600686    0.7390    0.9415  -0.275   49
58870.206    0.591879283290    0.772300800911    0.2383    0.2457  -0.440   16
58883.209    0.114841258148   -0.003697199347    0.3202    0.1780   0.394   32
58890.208    0.000000000000   -1.555099199813    0.6663    0.3169   0.185   10
58904.208   -7.371481710495   -0.947998799461    1.9875    0.4846   0.853    7
58911.250    0.389446213692    4.044402000503    0.6150    1.0177  -0.936    8
58914.270    0.420289332971    0.932302799761    0.5241    1.1814   0.104   10
58925.209    0.110051192668   -0.334997998941    0.1352    0.1641   0.025   69
58925.250   -1.715600966693    0.811900800990    0.5551    0.9587  -0.945   10
58932.208    0.486769211684   -0.169898399349    0.1145    0.1311  -0.053   48
58942.270    0.237318738594    0.118900799606    0.1763    0.2697  -0.100   36
58948.271   -0.124425168051   -0.695199600287    0.3534    0.3241   0.267    7
58956.270   -0.116339762215   -0.113799600143    0.1814    0.1667  -0.008   84
58967.210    1.235864367776    5.838901200939    1.1341    3.8881   0.967   11
58974.208    0.307392085619    0.107002800220    0.1286    0.2114  -0.003   89
58977.272   -0.340035513730   -0.331398000242    0.3042    0.1957   0.052   27
58996.207   -0.791620724195   -0.715298399712    2.1888    0.6063   0.661    3
59009.250   -0.880858214217    6.338901600422    1.3946   11.3059  -0.991    4
59025.251    3.993582175473   -1.082797199103    9.4365    5.9914  -0.996    4
59039.251   -0.449788374175    1.101600000020    0.7552    3.0055  -0.911   12
59051.250    3.338367400377   -5.069897999022    0.2924    0.4029  -0.575    7
59086.208    0.497847948845   -0.094399200457    0.3173    0.7816   0.582    7
59152.249   -1.613635281995    1.646802000366    0.1833    0.2647   0.221   29
59163.250    0.070971714104   -0.917398800127    0.0858    0.1491  -0.452   12
59170.208    0.308290554831   -0.040399199186    0.5333    0.2437   0.168   16
59172.250   -0.096877286995    0.370702799657    0.0644    0.1287  -0.185  224
59173.269   -0.409361447127   -0.494899200021    0.9405    0.3372  -0.230    8
59187.269    0.639791479185    0.283201200091    0.4103    0.2365   0.004   28
59205.206   -3.359630082295   -1.890597600074    1.0056    0.4616   0.350   21
59236.249   -0.158114239880    0.013100400764    0.0479    0.2174  -0.099  100
59247.250    0.410256239529    0.154900800986    0.0532    0.1654   0.162   71
59250.271   -0.564629632323    0.663901199616    0.4023    0.2726  -0.044   46
59254.208   -1.405060919492    0.627800400466    0.4948    0.2936   0.338   26
59257.269    0.868877535303   -0.163097999106    0.4780    0.3606  -0.208   25
59262.248    0.310687425976    0.695700000009    0.0418    0.1625  -0.113  104
59271.269   -0.841929791235    0.037601999914    0.3451    0.3620   0.059   10
59275.207    0.082650690386   -0.030196800260    0.3718    0.2490   0.428   33
59278.249   -0.132510573887    0.841500000881    0.0445    0.1802  -0.166   87
59278.271    0.295864164920    0.308102399593    1.7265    0.8938  -0.339    8
59289.250   -7.497850889343    8.045503199661    0.0656    0.0838  -0.728   45
59299.269   -0.072768448260    0.674301600156    0.1895    0.2609  -0.339   54
59303.207   -0.609099313356   -0.115199999939    1.3921    0.3462   0.520   16
59305.248    0.091332556401    0.387802801072    0.0496    0.1041   0.043   93
59305.270    0.700284593117    0.513000000879    0.8042    0.3462   0.168   11
59313.269   -0.213217049210    0.169401599948    0.3673    0.1952   0.012   42
59320.249   -0.218754732586   -0.854197199374    0.0355    0.0813  -0.467  209
59320.271   -0.146884549270    0.149399999572    0.3417    0.2748  -0.156   46
59324.209    0.132657850528   -0.213498000079    0.2531    0.1870   0.183   86
59327.269   -0.770957974998    1.161500399860    0.4192    0.6635  -0.443   30
59334.249   -1.725184876596   -2.543896800411    0.0292    0.0633  -0.456  176
59334.271   -0.106008438683   -0.411998400196    0.3821    0.3358  -0.263   67
59341.269   -0.875618863064    0.165301199928    0.3908    0.3577  -0.142   51
59348.249   -0.373426355469    0.680000399989    0.1737    0.5269  -0.296   88
59348.271   -1.104704919181   -0.415997999248    0.3006    0.2585   0.238   62
59362.249   -0.114693879374    0.330202799503    0.1444    0.3609  -0.291  110
59375.249    0.266368698392   -0.552797999376    0.2243    0.4946  -0.178   93
59380.209   -0.462814901074   -0.335397599294    0.7941    0.3722  -0.096    7
59383.269   -0.379715027149    0.559900800923    0.3690    0.3306  -0.227   20
59387.207    2.227822993054    0.149000400818    2.7593    0.3646   0.450    7
59390.249   -0.269214650942    0.374900400324    0.1898    0.6083  -0.321  104
59390.271   -0.141045061129   -0.523897199223    0.1949    0.2945  -0.212   24
59402.208    0.205728205686    1.404701999519    0.1310    0.2038  -0.084   80
59404.249   -0.821116190723    1.793901600067    0.2018    0.5878  -0.573   86
59416.230   -1.665892036641    0.617399999925    0.3340    0.3847  -0.160   50
59418.249    0.234623637359    0.396201599528    0.2180    0.5277  -0.679   49
59425.251    0.150327166267   -1.364597999398    0.2267    0.6322  -0.694   39
59429.207    0.254837100883   -0.672699600024    0.1748    0.2326   0.056   50
59431.249   -0.015125065821    0.012301200059    0.2364    0.3543  -0.410   97
59446.249   -0.832795064871    7.136301600852    0.5209    2.4915  -0.968   12
59450.209    0.099270583464   -0.179899199537    0.2696    0.3934  -0.141   17
59460.250   -0.163055360943   -0.197298000337    0.1288    0.4858  -0.794   70
59465.206    0.160209306259    0.323200800523    0.1285    0.2516  -0.003   61
59478.209   -0.340186467179   -0.171298799145    0.1666    0.2772   0.047   71
59487.249   -0.286582161916    1.726902000598    0.3392    0.8185   0.317   18
59488.250    0.952728397532   -3.171898799614    0.5400    2.6226  -0.878    8
59521.210    6.662508102011   -0.277397998971    1.3573    0.4007   0.191    6
59555.207    0.058092668112    0.000000000000    0.1360    0.3290  -0.214   47
59562.209    0.105706633918   -0.051598800432    0.1445    0.1708   0.009  101
59569.207    0.564927964546    0.337701601083    0.1075    0.2093   0.206   90
59600.250    0.014970537696   -0.130499999607    0.0558    0.1902  -0.781  118
59607.248   -2.253128428957    1.237500000073    1.1138    0.9603  -0.638    8
59613.249   -0.553849125253    0.057902399675    0.3374    0.3902   0.085   22
59621.248   -1.657504826040    3.463401600712    0.1904    0.3576  -0.912   17
59628.250    0.000596562313    0.530100000695    0.0768    0.1182  -0.749   45
59635.248   -0.140297647501   -0.457199999460    0.0739    0.1342  -0.570   48
59642.250    0.253791355032   -1.132199999354    0.0696    0.1074  -0.825   38
59649.248    0.390642912994   -0.284198399214    0.3556    0.3852  -0.573   16
59662.251    4.606724140680    3.308601600693    1.7631    2.2151  -0.114   14
59677.248    0.129513565754    1.391500800985    0.4887    0.9766  -0.970    9
59683.249   -3.657441934820  -29.291497198969    2.0135   15.2984   0.991    4
59683.271    0.802099324366   -0.030196800260    0.3666    0.3555   0.012   14
59689.206   -0.113346328757    0.141001199516    0.1405    0.1820  -0.117   62
59691.248   -0.710917721414    3.193102799770    0.2707    0.5374  -0.979   18
59691.270   -0.142841897419    0.032101200098    0.1641    0.2065   0.068   32
59698.272    0.125470913903    0.033501599894    0.3152    0.5317   0.087    6
59705.248    0.765265967764   -0.552196800285    0.7059    0.6803  -0.644    3
59719.270    0.005537581242    0.722401199660    0.5472    0.5281   0.445    5
59733.248    1.386342385358    2.159200800556    0.4915    1.0367   0.394    9
59740.250    0.016019858223    1.086501600689    0.1335    0.2458  -0.550   34
59744.209   -1.509574530918   -0.874098000381    0.3605    0.3900   0.054   10
59747.248   -2.170179508482    3.245000399588    0.1175    0.1800  -0.525   49
59765.208   -0.026354756430   -0.117900000163    0.1736    0.1590   0.063   48
59772.210   -2.999981242029    0.635201999799    0.2718    0.2797  -0.241   15
59795.250   -0.974591216438    6.835100400870    0.0878    0.2588  -0.196   30
59800.210    0.862739817072    0.358801199951    0.3276    0.5436  -0.043   20
59810.272    1.014565385272    2.223100801046    6.3294    7.6214   0.971    6
59877.208   -0.567026503468   -0.095997600269    0.3174    0.3863   0.281   14
59879.250    1.284229321886   -1.789797599727    1.1843    1.4242  -0.898    9
59919.208   -0.418643450131    0.241603199846    0.3054    0.3136   0.250   13
59948.209    0.017518362290    0.136602000111    0.2104    0.2255  -0.200   23
59977.250   -2.071807292096   -6.977498399863    0.5710    2.9244   0.784    5
59982.206    0.643384947498    0.120200400033    0.4119    0.2415   0.076   37
59984.248    0.264122678563    2.098000800288    0.6209    2.9423   0.859   17
59984.248    0.013924893977    0.108802800369    0.1507    0.3774  -0.023   46
59990.227   -0.055401039419    0.000403200673    0.2296    0.4949   0.333   64
60038.207   -1.065776496200    0.110001599829    0.2849    0.3862   0.001  128
60059.208    3.190433530579   -0.092498399340    0.2271    0.2404   0.082   53
60061.250    1.026542591644   -0.480499200428    0.3228    0.2789   0.324   48
60081.229    0.172337363947    0.358902000919    0.2438    0.9856   0.120    9
60082.248   -0.233577891508   -0.311896799587    0.2469    0.3589   0.133   99
60090.269    0.407862943060    0.065300400287    0.3388    0.2473  -0.057   17
60096.270    0.421636883588   -0.074699999786    0.9226    0.2944   0.033   17
60102.228   -0.901822768179   -3.135196799775    0.5925    3.2178   0.807    5
60104.269    3.245385386459    1.040900401073    0.7825    0.4667   0.004   10
60118.269    0.096273677464   -0.278697599398    0.2604    0.4898  -0.254   22
60125.271   -1.443993019282    0.025002000470    0.6432    0.3236  -0.019   31
60159.250    0.236122141426   -0.888699600310    0.4894    2.4671   0.774    3
60199.209   -0.030095603517    0.199202400175    0.2995    0.2303  -0.045   24
60207.230   -2.057731546803   -1.221300000331    0.4905    1.3320   0.359    3
60227.209   -0.704927381957    5.876200799548    0.4597    3.3117  -0.036   21
60236.230   -0.312785964897   -1.857798000238    0.3311    0.8340   0.394   10
60237.271    1.153662860929    0.320400000930    0.9310    0.4110   0.087    8
60251.271   -2.093217454921   -1.237996799475    0.7165    0.3698   0.272   29
60256.228   -0.048063149345    3.049300800662    0.3002    1.0193   0.172    9
60269.209   -0.661205114553    0.338500800190    1.2583    0.4421  -0.569    6
