%-----------------------------------------------------------------------------
%                R.A. (mas)        Dec. (mas)        Err. (mas)     Corr. Del.
% Uncertainty in R.A. is in R.A. cos(Dec.)!!!!
%-----------------------------------------------------------------------------
53768.252    0.463953962886    0.000000000000    0.2077    0.4863  -0.452   36
57098.832    0.877835248031    0.880599599640    0.1850    0.3156  -0.151   81
57804.381    0.244343996315    0.139201200966    0.1480    0.2625  -0.135  100
58245.742    0.000000000000    1.945699200157    0.1265    0.2423  -0.224  115
58670.101   -1.088148633829   -2.208999599240    0.2740    0.5554  -0.330   53
58681.230   -1.409842865277   10.273600800481    5.6470   12.0919   0.119   15
59271.737    1.429180526313   -1.257901199203    0.1034    0.1952  -0.259  109
