%-----------------------------------------------------------------------------
%                R.A. (mas)        Dec. (mas)        Err. (mas)     Corr. Del.
% Uncertainty in R.A. is in R.A. cos(Dec.)!!!!
%-----------------------------------------------------------------------------
55889.295    4.036035584090    0.000000000000    0.8991    0.5987  -0.501   20
56007.541   -0.277442461545    3.260898009216    1.8165    1.4424  -0.573    8
56075.540    1.404407459704   -0.117701995350    2.6989    1.8517  -0.242    7
56111.543   -0.695827038383    0.393800397092    0.9305    0.9608  -0.231    9
56439.541    0.865044549958   -0.008701186971    1.0212    0.8118  -0.210    4
57988.230    2.406536297721    0.366300014321    0.6016    0.6824   0.033    8
58276.251    3.750708305789   -2.616001188471    1.0588    0.6966  -0.007    6
58570.249   -1.029814283681   -2.206799990745    0.5527    0.9867   0.315   12
58588.274    1.370848717722    0.731300409029    0.7779    1.1039  -0.392   18
58610.083   -1.153224925356   10.249599594658    0.4394    4.8518   0.317   23
59248.229    0.000000000000    1.392199200723    0.6802    0.8624   0.339    8
