%-----------------------------------------------------------------------------
%                R.A. (mas)        Dec. (mas)        Err. (mas)     Corr. Del.
% Uncertainty in R.A. is in R.A. cos(Dec.)!!!!
%-----------------------------------------------------------------------------
50631.755    0.716344666959    0.000000000000    0.3133    0.9359   0.050   89
50687.836    0.161612075519    0.887799593841    0.2293    0.5028  -0.017   81
56875.043    0.028939055700    2.038798800186    0.1573    0.3518  -0.045   90
57978.131    0.530547987639    0.225298794021    0.1640    0.3090  -0.088   90
58301.297   -0.932757815559    3.226798796163    0.1458    0.3248  -0.167   72
58512.780   -0.906335261678   -2.340702006620    0.2047    0.4384  -0.235   80
58677.683    0.000000000000   -2.226599998778    0.2979    0.6103  -0.397   78
59271.737   -0.352857535804   -0.307900802454    0.1160    0.2738  -0.112   82
