%-----------------------------------------------------------------------------
%                R.A. (mas)        Dec. (mas)        Err. (mas)     Corr. Del.
% Uncertainty in R.A. is in R.A. cos(Dec.)!!!!
%-----------------------------------------------------------------------------
46840.289   -0.025551448707    2.669799600596    2.3449    1.8079   0.088    9
48865.304   -0.466054260240   -0.630698399107    0.7632    3.0038   0.445    4
49482.167   -0.330105756676   -0.544600793262    0.5109    0.5412  -0.163    7
49896.281   -0.348823311022   -1.174201190679    0.4206    1.3259  -0.057    6
49897.395    0.371367753010    1.222700404924    0.5004    1.9741   0.071    6
49980.252    1.150994172574   -4.614901190791    0.8633    2.5798  -0.741    4
50036.252   -0.153164232151    0.926499606635    0.2951    0.6386  -0.172   11
50038.085    0.328466181230   -0.056700001494    0.3193    0.3961  -0.118   13
50043.250    0.058477724921    0.214898409467    0.2792    0.5315  -0.181   23
50050.252    0.222302552675    1.434801602329    0.5581    0.9630  -0.204    5
50113.250   -0.125428826450   -1.892199600206    0.4676    1.1553  -0.063   12
50120.252    0.251405296449    0.248698802352    0.3783    0.6055  -0.085    9
50134.252    0.459495865254   -0.093499198783    0.4207    1.0406  -0.083    3
50148.252    0.235829236508   -1.057600790944    0.3252    0.6907  -0.209    9
50149.333    0.559238848511    0.271900799476    0.4246    0.6545  -0.092    9
50169.250    0.110944698406    1.050699610516    0.4205    0.6647  -0.078    9
50176.252    1.015045669011   -0.588398398804    0.4019    0.9914  -0.517   17
50183.250    1.350342389400   -0.044798392196    1.0029    1.4007  -0.657    5
50204.252   -0.874994871629    1.455901204395    0.8653    1.1943  -0.680   10
50218.252   -0.488460952540    0.592401609367    0.4825    0.8879  -0.361   10
50232.252    2.109336086596    0.065098799951    0.4932    1.0874  -0.414    8
50246.252    1.074890825205   -2.722298393110    0.6791    1.0871  -0.314    5
50253.254   -0.211235325212    1.742900403201    0.3935    1.0385  -0.007   12
50260.252    0.323957348752   -1.410598792972    0.4347    0.8527  -0.292    7
50274.252    0.530408248911    0.499100409002    0.3611    0.8726  -0.062    7
50281.250    0.199482704512   -1.280998795039    0.4558    0.8129   0.020    8
50295.254   -0.067223338903   -0.269701202171    0.5274    0.7222   0.113   11
50330.252   -0.160407927174   -1.233899996578    0.3338    0.9022  -0.025    9
50344.252   -1.295960341093   -1.148698800080    0.3442    0.6909  -0.171   12
50351.254    0.127616045446    0.779000403384    0.2717    0.7472  -0.065   20
50358.252   -0.114361598987    0.199000803036    0.2980    0.8401  -0.097    9
50386.252    0.071869921068   -0.640501194482    0.5146    1.3203  -0.120    3
50393.251   -0.774569850337   -0.244501200086    0.4902    0.9570  -0.312    4
50400.252    0.685487555884   -0.379000792350    0.4427    0.8479  -0.102    5
50407.247   -0.338713620970    2.767298403228    0.9676    1.7467  -0.603    3
50414.253    0.353879880249   -0.573998397613    0.4275    0.9187   0.066    5
50428.249   -0.215334263828    0.008301609000    0.6601    1.3022  -0.607    3
50456.253   -0.223532234260    0.064198809469    0.4056    0.8657  -0.392    7
50470.253   -0.308653339785   -0.417898790772    0.4069    0.9948  -0.024   16
50484.253    0.619493898566   -1.028001594250    0.4477    0.9938  -0.454   11
50498.253    0.190464946356   -0.033901201846    0.7927    1.4183  -0.151    3
50512.253    0.660483750726   -2.905898395511    0.8192    1.8401  -0.726    3
50526.253    0.113951705125   -0.534700795640    0.3053    0.9528  -0.246   13
50539.172    0.098513301672    3.696400804643    0.1157    0.3702  -0.196   98
50588.082   -0.724017951674    4.016001598472    0.0965    0.2575  -0.211  203
50596.253   -0.348823311022    0.295498806224    0.3879    0.9312  -0.225    6
50631.251    2.868467626681  -10.569398399696    0.9376    3.9518  -0.837    4
50631.755    0.366586683159   -1.546700393362    0.3215    0.9411   0.136   81
50638.253   -1.692741793122    5.571601202803    0.7298    2.8751  -0.811    3
50654.331    2.630998814726    6.077199607546    0.0918    0.2527  -0.449  153
50666.253    0.960801370392   -4.130999990082    0.9297    3.2421  -0.905    5
50687.836    0.367540958568   -0.963298791135    0.2175    0.4729  -0.002   75
50694.253   -2.294200175378    1.445198405747    1.0279    3.6123  -0.847    4
50700.090   -0.949052011693    0.062798406475    0.2155    0.4341   0.241   89
50708.253    0.141142729279    1.621799999896    1.1299    4.1053  -0.798    3
50722.250    1.301564553870   -4.736199592514    0.8941    3.7738  -0.801    5
50736.253    0.358933094274   -2.819300389945    1.0214    4.3418  -0.853    5
50771.252   -0.407028891769    2.436098401404    0.6514    2.3384  -0.812    6
50778.253    0.441188204770  -13.140899990560    1.1385    6.8475  -0.880    4
50792.250   -0.058887618783   -1.774598401028    1.0255    5.0799  -0.888    3
50800.340   -0.299225687768   -0.080499600585    0.0668    0.1444  -0.195  230
50806.166   -1.152361510647    4.970300408047    1.0609    4.4612  -0.938    3
50820.250    1.508287691402   -7.418998791309    1.1940    4.5839  -0.921    3
50834.254   -0.302504838661    1.832000407376    0.5287    2.0576  -0.805    6
50854.079   -0.750113688729   -1.869699595147    0.3829    0.7321   0.871  149
50862.254   -0.400608246472   -1.177099198912    0.3824    0.9172  -0.297   13
50876.254   -0.350600636156    0.837500398632    0.6303    1.2374   0.239    3
50890.254   -0.116273318607    1.897898401637    0.5325    1.1879  -0.076    4
50904.254    0.384346793293    1.568401204111    0.4727    1.2045   0.105    6
50918.254   -0.944543179216    1.609300801420    0.4171    0.8894  -0.259    7
50919.324    0.933066057891    1.296100801085    0.0834    0.2375  -0.300  207
50946.254    0.920493649467   -1.629000000491    0.4350    0.8990  -0.232   19
50960.254    0.069272808211    0.172598409165    0.3902    0.9794  -0.338    8
50974.254    1.843449924106    1.490799598969    0.6667    0.6952   0.066    3
50988.254    1.078304463783   -0.524199602125    0.6646    0.6746   0.193    7
50989.324    0.884832510708    2.044299603199    0.1712    0.3639   0.025  156
51002.254    0.364537213851   -0.408398396701    0.5351    1.0618  -0.680    9
51016.250   -0.503764868307    0.295599602396    0.5143    1.0340  -0.329    7
51030.254   -0.713904906420   -1.189699193560    0.4228    0.9383  -0.224    8
51036.087    0.361258062958    1.599098402494    0.0743    0.1922  -0.175  138
51058.254   -0.706116829850   -1.338001197837    0.4081    0.8664  -0.221   13
51072.250    0.220797371715    0.006300010114    0.3807    0.6962   0.033    8
51086.254    0.704205110230    0.434401199811    0.4126    0.7588   0.199    9
51088.084    0.234324055548   -0.832600791512    0.1237    0.3281  -0.186  133
51100.250   -1.019144607627    2.160100808624    0.4128    1.0477   0.020    8
51114.251    0.234871699097   -1.721001594035    0.7592    0.9586   0.426    7
51128.251   -0.615394866750    0.715201210255    0.5226    1.1399  -0.294    6
51135.252   -0.213147044832   -0.012099594926    0.5400    0.8544  -0.190    7
51142.251    0.288840498340   -0.875901591257    0.3663    0.6823   0.101   11
51149.249    0.211507469386    0.287200803939    0.3139    0.6209  -0.143   12
51156.251    0.601730526430    0.765298800331    0.3921    0.6857   0.069    7
51169.166    0.990586245401   -0.259898394006    0.0890    0.2266  -0.063  169
51170.251    0.174888793216    0.491400008684    0.4242    0.6779   0.096   12
51184.251   -0.156991026593   -0.001299594032    0.3459    0.6911  -0.263    5
51198.251   -0.366858920533    0.399700803655    0.3000    0.7537  -0.025   12
51212.251    0.845347839508    1.825498804919    0.4264    0.8639  -0.154   10
51226.251   -0.634112514296   -0.353800790265    0.3136    0.6206   0.015   15
51240.251    0.080749929535   -0.523900794747    0.4005    0.9577  -0.236    7
51246.084    0.037710608067   -0.579099597076    0.1055    0.2863  -0.140   93
51254.251   -0.270670494344   -0.014601593534    0.2924    0.6312  -0.085    9
51268.251    0.789736109616    0.682401604024    0.3344    0.8314  -0.170   10
51284.084   -0.076378753546   -0.013899601470    0.0824    0.2483  -0.056  137
51296.251    0.208090568805    0.850201202240    0.3503    0.9007  -0.141   14
51309.086   -0.335978758425   -1.210798795626    0.1772    0.3554   0.020   62
51310.251   -0.652695674156    0.024998409742    0.4122    0.8089  -0.367    5
51324.251   -0.607469133692   -0.265701598323    0.6170    0.8437   0.136    5
51338.251   -0.220662977229   -1.888999190669    0.4993    0.9277   0.193    6
51351.086    0.157948564004    0.058701600381    0.3547    0.3543   0.251  137
51352.251   -0.526037072921   -0.257198396980    0.3020    0.5859   0.075   15
51366.251    0.283787284315    0.735300000088    0.3784    0.7192  -0.004   10
51380.251   -1.276013105163   -0.719999995624    0.3807    0.7484   0.122   13
51393.082    0.135128715840   -0.369298793146    0.2385    0.3867   0.444  152
51394.251    0.817609171805    0.900500410239    0.3663    0.7004  -0.053    7
51408.251    0.621543367874   -0.379000792350    0.3215    0.7534  -0.122   19
51422.251   -0.286381135171    0.398199604490    0.2878    0.7449   0.063   15
51436.251   -0.141414873452    2.269400398802    0.4104    1.0984  -0.287    5
51449.166   -3.101971801305   -7.049998792752    0.7269    2.3900   0.714    4
51450.251    0.231592455004   -0.884998800643    0.3701    0.8529   0.065   11
51464.251    0.138545616421    0.968000399837    0.3085    0.7653  -0.211   11
51478.251    0.119280418526    0.302000408681    0.4975    0.8319  -0.028   10
51485.250   -0.044541147227    0.797500804595    0.4410    0.9803  -0.129    6
51492.251    0.208365974981    0.527198406530    0.5401    0.9296  -0.228    4
51499.250   -0.233369780139   -1.239998401559    0.3695    0.7769  -0.236    7
51506.251   -3.803173166818   21.025800006669    2.3045   12.1955  -0.977    4
51520.251   -0.103566515697    0.448999199421    0.3820    0.5752   0.070    8
51527.250   -0.130619790163   -0.299401195036    0.3854    0.9710  -0.167    5
51533.086    0.309335377821   -1.606100391882    0.0840    0.2772  -0.157  147
51534.251   -0.769788780486   -1.541599193899    0.4493    0.6982   0.137    5
51548.252    0.075968859684    0.478800001247    0.3733    0.7509  -0.114    8
51562.252   -0.214786620279    1.260698400074    0.2925    0.7836   0.132   11
51575.072   -1.294458515335    1.078898404216    0.2316    0.3230   0.003  175
51576.252    0.464824578655    0.452599199718    0.3635    0.7620  -0.362   11
51590.252   -0.562927893265   -0.517399192290    0.3767    0.7950  -0.018    9
51604.252    0.548306108734   -0.105199190159    0.4609    0.7886  -0.074    7
51617.079    0.150842525469   -0.432698395514    0.0650    0.1784  -0.241  210
51618.252   -0.011067227463    0.337298406805    0.4453    0.7641  -0.024   15
51632.252   -0.229270841523    0.389001598933    0.5162    1.1924  -0.141    4
51646.252   -0.725382027745    2.501600398830    1.1882    6.3905  -0.920    4
51660.252   -0.691498214120    7.469798399029    0.8235    3.9127  -0.779    5
51674.252    0.396919201717    0.000000000000    0.4064    1.1100  -0.330   12
51687.087   -2.058918675620   -2.216098792474    0.1299    0.3496  -0.113   74
51688.252   -0.160270177486   -0.541598394932    0.4649    1.0131  -0.231    5
51702.248   -0.645317491447   -0.526701600734    0.5373    1.2916  -0.251   12
51716.252    0.099742983257    0.266900408974    0.4524    0.8820   0.102    9
51731.249   -0.337618333871    0.735800399809    0.7091    0.7019   0.367    5
51732.286   -0.035388994586   -1.685800798157    0.1322    0.3445  -0.301  130
51744.252   -0.859284324003    0.678700807555    0.6523    0.7455  -0.274    5
51774.246   -0.108895229098    2.688199205636    0.8976    1.8046   0.138    5
51786.252   -0.139637548318   -2.930698794046    0.7054    1.9840   0.046    4
51787.337    0.847259559128   -1.402300790687    1.0980    0.8820   0.044    6
51841.083    0.706254579538   -1.640800800828    0.0959    0.2836  -0.507   87
51842.252   -2.676635249052   -1.739401199075    1.1447    1.3325   0.497    4
51870.249   -0.641900590866   -0.862999195306    0.4829    0.6855  -0.109   10
51883.083   -0.007240433021    0.365399998259    0.0781    0.2081  -0.153  124
51884.252    0.052329223797   -0.163400390818    0.3329    0.5375  -0.359   12
51912.249    0.420007932053   -0.148100399144    0.3829    0.6919  -0.129    6
51926.249    0.026915524778   -0.260499589899    0.5153    1.0433  -0.482    3
51927.334    1.151813960298   -0.289101593864    1.3446    1.4457   0.553    3
51939.084   -0.106845666590    0.244198798782    0.1496    0.2932  -0.147  136
51940.249    0.295674299502   -0.753699592337    0.4466    0.7509  -0.388    4
51954.249    0.661028039074   -0.564098399991    0.6870    0.7280  -0.248    4
51968.245    0.563200130639    1.425200399297    0.4188    0.7346   0.066    4
51981.080   -0.292257398921    1.901199607346    0.0895    0.3158  -0.240  106
51982.245   -0.527129098018    0.366199205359    0.4526    0.7395  -0.188    4
52009.168    0.146195943304   -0.824500800434    0.0877    0.2903  -0.054  129
52010.249   -0.932108520480    0.414500408397    0.7870    0.9865  -0.138    3
52024.249   -0.301957195112    0.305701205150    0.4552    0.7569  -0.516    6
52031.247   -0.179807612755   -0.232898398167    0.3800    0.8441  -0.365   11
52038.245    0.480262982108   -0.723700792093    0.5637    0.8782  -0.583    5
52039.272   -0.909426328804   -0.908798399735    0.0738    0.1695  -0.371   97
52045.247    1.237210471998    1.385701204981    0.3977    0.6379  -0.431    6
52052.245    1.596825697508   -1.779699600490    0.3671    0.6792  -0.498    5
52059.247   -0.271352625580    0.571600801891    0.4104    0.6920   0.093    8
52066.245    0.062576663537   -0.145299593157    0.4198    0.6235   0.302    6
52073.247    0.520842847206   -0.262299596443    0.4651    0.6084   0.174    6
52080.249   -5.698404671171    6.443701201420    5.5821    6.0027  -0.993    3
52087.247   -0.109715016821    0.491400008684    0.3123    0.5261  -0.046    8
52093.248    0.360982563582    0.113900402710    0.4303    0.6614  -0.408    5
52096.083    0.107940953689   -1.381499996000    0.1119    0.2554  -0.037  148
52101.247    0.314529696736   -0.752299202134    0.3603    0.6005  -0.049    7
52108.249   -1.678123177393   -1.554001190129    0.9422    0.9476   0.068    4
52115.251    0.077333028955    0.962398800652    0.5758    0.7867   0.225    5
52122.249   -0.244981389149   -0.218001591179    0.4516    0.6006  -0.133    7
52129.251   -0.610066246550    0.303901198606    0.6660    0.8596   0.010    3
52136.249    0.616214747674    0.699699600659    0.6075    0.7592  -0.274    3
52143.251   -0.241977644432    0.791600398031    0.4564    0.5632  -0.295    8
52150.249    0.470835330091    1.360598405142    0.3974    0.6796  -0.500    5
52157.251    0.532320061731    1.809100798766    0.4971    0.9576  -0.388    4
52164.249   -0.854227847976   -2.252199591624    0.8581    1.4524  -0.809    3
52171.251   -0.037028570032   -0.051001200063    0.5252    0.7450  -0.407    5
52178.249   -0.148520818787   -0.507999594390    0.5699    1.3008  -0.468    3
52185.248   -0.407986429180   -0.244198798782    0.3640    0.7353  -0.213   15
52192.249    0.249355827141    0.760298409830    0.7731    0.7282   0.284    3
52199.251    0.091135118963   -0.713098789618    0.5936    0.8437  -0.456    4
52206.249   -0.194563884972    0.733600802505    0.5912    0.7088  -0.362    6
52212.082    1.290221827031   -0.379501192072    0.1670    0.2661  -0.104  115
52213.248    2.722406077863  -11.755501199673    4.6433    4.7568   0.453    3
52220.249    0.379155829581    0.017600397939    0.5658    0.6584  -0.217    3
52227.240   -0.080202285986    0.717400807559    1.2558    3.7957  -0.920    4
52234.249    0.767191667628    0.124401609014    0.4097    0.6619   0.385    6
52248.249   -1.343374100553   -0.176198396673    0.6500    0.8572  -0.020    3
52255.248   -1.887309033297    6.519499206092    1.1415    2.8771  -0.897    6
52262.250   -0.957932113361   -0.213800394988    0.3972    0.6346   0.120    7
52271.249    0.576454577098    0.773398804199    0.3102    0.5575  -0.043   10
52291.250    0.108350847550    1.431799203999    0.1781    0.4244  -0.470   49
52299.271    2.152923051614   -1.338998390565    1.1579    0.6865  -0.777    3
52340.245    0.348275760673    1.496401198153    0.0735    0.2299  -0.256  131
52360.250    0.531228036634   -0.199799997347    3.9768    9.9860  -0.835    3
52403.251   -0.163687078067   -0.471999591412    0.0966    0.3338   0.234   73
52480.253   -4.797586206661   -3.406100400127    0.1981    0.7074  -0.214   29
52543.244    0.301003012903   -0.088300797074    0.1479    0.4477   0.008   95
52711.248    0.070230345622    1.365400810016    0.1267    0.3376   0.210   68
52767.244    0.010247439740    0.241498801756    0.0866    0.2249  -0.305  172
52809.248   -0.392954657587    0.679701606998    0.1331    0.3375  -0.433  180
52815.231    0.395414020757    0.461901608162    1.4232    0.7826  -0.022    6
52830.246   -0.126520851547   -0.715399195883    0.0956    0.2753  -0.307  157
52900.250   -0.902185895783    1.432299603721    0.0721    0.3389   0.051  124
52941.227    2.117396400541   -2.632201196207    1.2179    2.3605   0.170   10
52991.252    0.000000000000   -0.291898793137    0.0703    0.1943  -0.158  142
53031.002    0.236921168405   -0.362300397683    1.0209    3.6611   0.849    3
53068.250    0.419325894017   -7.684300798871    0.1418    0.3120  -0.132   79
53095.001   -1.613087150686   -0.375299995881    2.4937    3.2668   0.017   14
53192.001    1.421117023369   -1.044601192746    1.2644    2.1755  -0.010    6
53396.230   -4.308302204396    1.172001606164    2.2542    2.0004   0.122   10
53523.418   -5.363107950782    4.163400005552    0.2349    0.5468  -0.065   45
53535.204    0.418916000156   -0.557200800699    0.3145    0.2593   0.045   18
53564.227   -1.426035842908   -1.156100393018    1.7773    3.7338   0.728    5
53752.166   -3.832000504416    2.852100008965    2.2093    2.1597   0.135    8
53837.251    0.122421819731   -0.101001600683    0.7139    1.9637  -0.009    3
53906.203    0.166556428298    1.674698408749    1.2376    1.6626   0.644    4
53929.082    1.174905952635   -3.594700793030    0.6780    2.7630   0.050   12
54125.251    0.103156621835   -0.330299998552    0.1304    0.2774  -0.166   92
54207.082   -0.733717747865    0.397501206351    0.9367    0.8170   0.385    7
54306.232   -0.968727196650    0.172699205336    0.8399    0.7405   0.116    6
54362.229    0.163687078067    4.861699203218    0.7382    1.5963  -0.149    9
54474.240    1.153181391570    3.041200801590    0.8196    1.8892   0.829    3
54564.004   -4.050204025275    1.270299603107    1.0208    1.4613  -0.002    9
54684.230   -1.604203787017   -0.676000797739    2.0104    0.6278   0.455    5
54853.249   -0.256458510474    0.159400799760    0.1220    0.2886  -0.107  106
55054.206    0.387763693874   -0.013899601470    0.6484    0.5402  -0.504   10
55168.252    0.112859773228   -0.391201196237    0.1296    0.3120  -0.530  212
55810.065    1.443389321183    1.135000803743    3.1160    4.1523   0.601    6
56477.793    0.178168037308   -0.398300400661    0.2174    0.5431   0.187    4
56511.787    0.682070655303    1.384498800405    0.3478    0.6732   0.370   12
56551.793   -0.146881243341   -0.776800793290    0.2630    0.4898   0.094   17
56565.789   -1.069972005665    0.617198401187    0.3147    0.9702  -0.265    6
56600.791   -0.263292311635   -0.402501596852    0.1820    0.3261  -0.069   20
56626.286   -0.455669070812   -1.389999590629    0.1817    0.3999   0.057   28
56628.225   -0.044951041088    1.143298806028    0.2233    0.6572   0.123   23
56632.269    0.193881846937    0.307699210111    0.2052    0.4371   0.058   28
56634.263   -0.433810022061   -0.259099199695    0.1912    0.3909   0.172   34
56636.257    0.098237895496   -0.422301592096    0.1835    0.3710   0.054   43
56638.251    0.525489522572    0.378399609247    0.1855    0.3809   0.115   42
56641.243   -0.126658508035   -0.343598391339    0.1847    0.3849   0.146   37
56735.791    0.849991159672    0.381801598337    0.2007    0.4944   0.193   10
56803.794   -0.130757539851   -0.262799996165    0.2141    0.3994  -0.082   13
56812.790   -0.127478295758    0.100400404790    0.1551    0.3624  -0.005   17
56838.792   -0.201942067681   -0.193798794612    0.1080    0.2563   0.007   24
56901.794   -0.202761855404   -0.016599598496    0.3554    1.3175   0.725    7
56904.665   -0.352240304803   -0.732599990272    0.1997    0.7188  -0.098   15
56905.662    1.434233813340    5.084899208896    0.2852    0.8094  -0.157   15
56906.659    0.535054924277    0.625600806359    0.2545    0.8239  -0.145   13
56907.656    1.972840032683   -3.218000394156    0.2851    0.8776  -0.138   14
56908.412   -1.517580855733    2.030900401451    0.2722    1.2758  -0.223    8
56910.969  -27.726196043897   11.265001207050    1.0511    1.2427   0.093    6
56911.645   -0.660755894900    3.420799208698    0.2503    0.8235  -0.058   14
56912.642   -1.020508776897    0.453898806541    0.2476    0.8557  -0.054   15
56913.639   -1.600514742262    2.526001206604    0.2417    0.8440  -0.104   14
56914.636    0.678929160898   -4.216201199370    0.2633    0.8174  -0.078   14
56915.399   -1.040183868654    3.886300804368    0.2440    1.2186  -0.045    8
56916.959   -2.728554578987   -0.458200798903    2.1391    1.5149  -0.501    5
56917.627    0.300865263215   -2.538100801530    0.2472    0.7981  -0.108   15
56918.625   -1.744664478260    3.915500410301    0.2639    0.8845  -0.084   14
56919.603   -0.915164936066   11.015899207223    0.2623    1.0097  -0.087    9
56920.619   -0.059845156194    2.579900402111    0.2490    0.7946  -0.058   14
56921.616   -2.284910273049    1.907499604670    0.3440    1.2600  -0.089    9
56941.496    1.346377845270    0.417499200012    2.1378    1.5587  -0.348    5
56942.501  -10.585483159346   13.053499209548    1.8634    1.6312  -0.382    7
57102.499   -0.487641071617   -4.126899590062    0.6813    0.7024   0.149   12
57464.250   90.303441988034  221.066899199229   44.9651   55.3930   0.369    4
57988.230   -0.896857275582    0.299098806522    0.3420    1.5267   0.109    3
58030.230    1.789205625486    9.938498408246    0.2757    0.8908   0.576   15
58248.229   -0.614027528678   -8.737999201003    0.7095    1.5146  -0.022   10
58276.251    0.655289525011  -13.664098793242    0.5392    1.1398   0.010    6
58305.026    1.021194170135    0.161100010132    0.1864    0.3802   0.072   46
58408.227 -131.981890578379  -11.769501597314    3.5188    0.3350   0.580    6
58555.229    0.404159634738    4.335300003788    0.2417    1.0543  -0.266   10
58563.250   -2.689751945823    1.695700808568    0.3946    0.6225   0.091   21
58577.250   -2.153742839337   -0.813200399818    0.2969    0.8795  -0.010   80
58618.228  224.531846838158   22.303101599164   30.5882    2.9345   0.978    5
58619.250    0.249355827141    0.718401607003    0.5761    1.3970  -0.270    5
58744.228    2.779247489340    0.808700409038   22.3556    2.2600   0.969    3
59230.577    3.123696455570   -2.717999994672    0.1375    0.3073  -0.119   55
59271.737   -0.815559702497   -0.364201200398    0.1137    0.2729  -0.103   81
