%-----------------------------------------------------------------------------
%                R.A. (mas)        Dec. (mas)        Err. (mas)     Corr. Del.
% Uncertainty in R.A. is in R.A. cos(Dec.)!!!!
%-----------------------------------------------------------------------------
53523.418   -3.720258419194    1.422698400688    0.1990    0.5097  -0.020   88
53560.315    0.000000000000   -5.102798395029    0.3253    0.6336  -0.154   71
56817.881    1.368567677104    0.800899199760    0.1543    0.3290  -0.099   90
57943.713    1.925478588022   -0.478900797418    0.1508    0.3315   0.024   81
58272.782    1.613913853803    4.719200403258    0.1714    0.4092   0.005   49
58551.686   -1.164134604088    1.130299201435    0.2141    0.4556   0.048   78
58795.122   -1.268084321285    0.464799603606    0.1730    0.3826  -0.183  115
59230.577    3.244163757837   -0.791398799294    0.1411    0.3245  -0.269   54
59271.737    0.822933855822    0.000000000000    0.1129    0.2524  -0.253  102
