%-----------------------------------------------------------------------------
%                R.A. (mas)        Dec. (mas)        Err. (mas)     Corr. Del.
% Uncertainty in R.A. is in R.A. cos(Dec.)!!!!
%-----------------------------------------------------------------------------
47098.356   -8.520552110272  -11.905300799597    5.1490    8.6649   0.696    6
47207.339   -0.018279801232   -2.161501198827    1.4040    6.4365   0.032    6
47278.256    0.350935939476    4.038598800982    0.8814    4.4826   0.364   12
47288.249    4.239376421284   -0.564400799696    4.6895    2.8451   0.378    4
48787.411   -0.043902983639    2.596399199639    1.1333    2.9523   0.428    8
49254.416   -0.992114254293    3.062998800196    0.5292    2.1948   0.087   30
49819.958   -0.388844119729   -0.678200399840    0.3606    0.4650   0.222  100
49848.331   -0.001798205930   -5.082400799417    0.5762    2.2774  -0.122    5
49960.334   -1.234260217092   -0.233499598856    0.6345    0.6076   0.263   13
50065.333   -0.134107649079    0.007700400317    0.2147    0.6014  -0.104   38
50255.288    0.649722884878    2.334099599999    0.2912    0.9347   0.085   19
50749.085    0.279158464170   -0.562600799547    0.3215    0.4338   0.148   25
50905.916   -0.477250579239    2.200298401078    0.5856    1.2141  -0.260   20
51072.250    0.060089596715   -0.114501600201    0.2148    0.3499   0.083   41
51198.251    0.028769966125    0.193197600318    0.1959    0.4212  -0.077   22
51303.249    0.235255582742   -1.488600000066    0.3179    0.6344  -0.377   10
51429.249   -0.246040729863    0.988200000229    0.2267    0.4191  -0.109   25
51562.252    0.166775857457    0.084297600900    0.2106    0.4650   0.058   22
51576.252    0.458222794662    0.342500400841    0.2248    0.4554   0.060   18
51786.252    0.292795514993   -1.141999199206    0.9103    0.7629  -0.200    7
51870.249    0.105042700727    0.507200400079    0.2306    0.3493  -0.170   28
51981.080   -0.020825888295    1.582199999817    0.0548    0.1707  -0.252  189
52830.246   -0.244393694658    0.464000399703    0.0639    0.1404  -0.125  215
53150.205    0.275414867832    1.104598799628    0.1836    0.5562   0.235   19
53256.204    0.350935939476   -1.257199199145    0.2114    0.7605  -0.032   40
53262.224    0.000000000000   -0.093099600029    0.2494    0.3022   0.015   17
53598.210   -0.170372167105    0.360000001010    0.2811    0.5440  -0.315   14
53605.208    0.195995349512    0.791899200614    0.2849    0.7950   0.181    8
53768.252   -0.102191001447    0.126698400571    0.0808    0.1799   0.175  225
53941.205    0.464066631746    0.893098799715    0.2605    0.2872  -0.081   18
54110.206   -0.439939518241   -0.120200400033    0.1362    0.2378   0.117   26
54277.206   -0.175464443443   -0.287600399496    0.2085    0.2156   0.182   29
54473.206    0.043906561040    0.254397600585    0.1908    0.2207  -0.409   42
54601.248    0.039558690646   -0.451101599275    0.0840    0.5018  -0.098  201
54608.250   -0.593830090043   -2.213899199965    0.2330    0.8756   0.229   15
54781.207   -0.395885568299    0.247298400957    0.1197    0.2163  -0.014   38
54795.207   -0.774390387225   -0.221101199749    0.2537    0.4553  -0.187   73
54837.207   -0.259379221059    0.086799601107    0.0805    0.2619  -0.014   91
54844.205   -0.016032069373    0.473997601169    0.2374    0.4912   0.126  137
54845.228   -0.230756746046    0.530100000695    0.4544    0.9136  -0.580    9
54858.209    0.012888863055    0.350499600543    0.2691    0.5150  -0.014  108
54872.209    2.950122359005   -3.420500399720    4.0115    1.6924   0.414    3
54907.207   -0.181160891626   -0.088599599657    0.0898    0.1923  -0.079  109
54963.208   -0.461966595423   -0.127601999367    0.2031    0.2407   0.150   35
54970.209    0.064433889708   -0.214599598891    0.2582    0.1898   0.178  110
54991.208   -0.340593265696   -0.028501199800    0.1129    0.3203   0.041  106
55021.249    0.579747090691   -1.104501598981    0.2310    0.3520  -0.108   31
55032.999    1.842626205394   -2.678101200004    0.4930    1.2319   0.164   63
55040.206    0.400981319827    3.079000799922    0.3130    0.8773  -0.133   88
55054.206   -0.969785142294    0.348699600394    0.3403    0.3561  -0.285   40
55061.208   -0.276910936734   -0.348699600394    0.2026    0.2400   0.174   54
55082.001   -0.304030188043    8.659497600583    0.4468    1.9326  -0.204   34
55098.248   -0.446980966811    0.802699199909    0.2916    0.3414  -0.190   46
55154.248    0.010788724521    0.606200400277    0.0786    0.1576  -0.063  190
55161.998   -0.743372791452   -3.717100799960    1.4575    2.2690  -0.336  152
55214.996   -0.228059590469    6.786597600694    0.5128    1.5894  -0.031  120
55216.209   -0.132010985734   -0.150699599999    0.1690    0.2295  -0.120   76
55224.248   -0.071324371976    3.196497601010    0.1927    1.6560   0.095   24
55236.206    0.002398698162   -0.351100799634    0.2315    0.9690  -0.541   73
55274.269   -0.120172140840   -0.254599199323    0.3269    0.5268  -0.294   13
55342.209   -0.139804097261    1.218099600386    0.1268    0.5574   0.023   76
55384.209   -0.679240936561    0.667400400545    0.3673    0.5360   0.207   75
55400.269    0.591582358184   -0.876902400293    0.2749    0.6137   0.050   56
55407.271   -0.352281042076    1.503899999733    0.4784    0.8596   0.339   17
55411.209   -0.743822317382    0.792500399704    0.2442    0.4848  -0.370   27
55425.209    0.086910390608    0.121500000461    0.2301    0.5071   0.203   56
55442.269   -0.889621218030   -0.217699199467    0.5436    0.8488   0.297   14
55460.207    0.041209303251    0.024897600781    0.2055    0.3364   0.002   29
55488.207   -0.089755139510    0.470898000593    0.1938    0.2261  -0.194   52
55519.271   -1.594035811068   -0.449402400093    1.1310    0.4361   0.816    3
55524.268   -4.129838461261    1.929797999800    0.5898    0.7223  -0.008   16
55539.251    0.341945318674    1.971698399750    0.3676    1.0658   0.312   25
55572.207    0.062934243405    0.763498800183    0.0931    0.2748   0.058   81
55589.272   -0.699318739299   -1.327399200157    0.5090    0.6201   0.097   29
55593.209   -0.214426219258   -0.515199599782    0.1336    0.2416   0.439   71
55600.207    0.060388156342    0.557398800716    0.1620    0.4461  -0.098   29
55603.268   -1.143455059420    1.094598001039    0.7843    1.1095  -0.450   31
55615.230   -0.467209838064   -0.313002000318    0.1661    0.1566   0.104   45
55616.249   -1.615012767877   -0.583999199399    0.0850    0.1678  -0.055  237
55617.272   -2.038319622302    1.517097601145    1.5221    1.2175  -0.654    3
55649.205    0.281708230846    0.208997999707    0.1245    0.2320  -0.030  101
55657.230    0.117028934522    0.695397600303    0.0575    0.1222  -0.018  285
55659.272    0.599224401198   -0.266299200291    0.4623    0.8962  -0.142   23
55685.226    0.367119077363   -1.131800399001    0.2460    0.6187  -0.069   52
55705.209   -0.148194123620   -1.180101598841    0.2486    0.2952   0.062  112
55715.272    0.085112286890    0.264398400773    0.4320    0.5557  -0.043    4
55727.208    0.193298193935   -0.416199599584    0.3031    0.2375   0.181   23
55750.270    0.109088434093    0.005097600742    0.4893    0.4800  -0.084   29
55755.230   -0.154786046261    0.362800800602    0.1336    0.2929  -0.021   63
55771.268    0.205737531060    0.611697599773    0.4977    0.7123  -0.362   40
55776.228   -0.112080674108    0.171899999835    0.1336    0.1991  -0.059  104
55790.207   -1.127422990047   -0.178300799725    0.4244    0.3511  -0.152   48
55791.251   -0.223866365990    1.387799999719    0.4643    1.3208   0.305   32
55796.208    1.173127552593    0.760899600927    0.3928    0.5182   0.321   36
55797.227   -0.112530200038   -1.600300799076    0.4636    1.2007   0.463   41
55799.268    0.555022857932    0.361198800469    0.3395    0.4733  -0.044   91
55811.208   -0.002546189275   -0.036601198872    0.2376    0.5755   0.348   49
55819.500    0.020530906069    0.114199200496    0.0606    0.0937  -0.021  332
55820.497    0.056043863349    0.021099600467    0.0686    0.1158   0.225  230
55821.498   -0.038210112857    0.016898401078    0.0666    0.0953  -0.038  248
55822.498   -0.005541904479   -0.001101600411    0.2075    0.1219   0.367  202
55823.499    0.121973821959   -0.061099199300    0.0650    0.0918   0.018  266
55824.500    0.060837682272    0.314398799794    0.0669    0.1254  -0.151  238
55825.497    0.040907268435    0.548100000586    0.0630    0.1760  -0.184  258
55826.498    0.106840804445    0.130697999623    0.0737    0.1204   0.095  236
55827.499    0.124822046050    0.117100801056    0.0660    0.1254  -0.104  296
55828.499   -0.163629175950    0.174099600336    0.0787    0.1603  -0.362  299
55829.500   -0.014082897141    0.067899601142    0.1342    0.0869   0.227  243
55830.501    0.252039212861    0.185000400599    0.0590    0.0907   0.081  255
55831.498   -0.086906915419   -0.003002399929    0.0919    0.1705  -0.448  313
55832.499    0.160931918162   -0.024602400117    0.0518    0.0822  -0.015  255
55833.500   -0.016330629000    0.065498400303    0.1001    0.1708  -0.069  239
55869.269   -0.516809269885   -0.182901599466    0.4557    0.5076   0.231   53
55888.269    0.714753791629   -0.474299999276    0.5632    0.6315  -0.075   45
55895.231   -0.421958276636    0.191998800858    0.2288    0.4435  -0.204   85
55897.269    0.706212696756   -0.084099599285    0.2800    0.3355  -0.060   99
55901.206   -0.103539579235    0.521297999967    0.1509    0.2031  -0.050  113
55902.229   -0.115529390431    0.243100800290    0.1074    0.3647   0.298   73
55908.208    0.069378674933    0.290397600367    0.1047    0.2893   0.038   70
55916.229   -0.115079864502   -0.967201199131    0.0715    0.4541   0.035  279
55930.207   -0.257279082524    0.176299200838    0.0968    0.1546   0.090   90
55939.269   -0.040605233618   -0.190799999800    0.2525    0.3386  -0.233  107
56016.271   -0.331002050450   -1.812599999695    0.5406    0.9573  -0.033   59
56022.268   -0.552322227165    2.200798800800    0.4966    1.4969  -0.094   37
56030.271   -0.016481595302    0.006998400259    0.2138    0.4722  -0.340   41
56034.208    0.178316142723   -0.152402399500    0.1044    0.1632  -0.061   74
56037.269   -0.152840451430   -0.559699198988    0.2568    0.3910   0.121   39
56063.242    0.220421022644   -1.168801199825    1.3892    3.7443   0.134   13
56072.271   -0.002697257789   -0.104399999046    0.2306    0.4422   0.120   70
56079.269   -0.267021264072    0.227498400918    0.2200    0.2283  -0.235   74
56084.207   -0.362469172153    0.181299600932    0.1961    0.2084  -0.046   54
56086.271    0.056640778180    0.134200800872    0.2431    0.2987   0.273   43
56093.269    0.753715465232    0.110397599862    0.2919    0.3108  -0.255   62
56100.271    0.809457293765    0.603698400070    0.4799    0.5181   0.104   62
56106.250   -0.197344029512    0.243399599675    0.0950    0.1828  -0.089  150
56107.273   -0.189701986498   -0.472701599463    0.1688    0.3453  -0.071   91
56111.207   -1.008595849595   -0.685799999189    0.1908    0.2194   0.384  106
56114.271    0.102194476636    1.002700800790    0.2410    0.3635  -0.105   69
56118.208   -0.937868494662    0.554500800476    0.2707    0.1357  -0.427  128
56121.269    0.065181873053    0.634899600094    0.4259    0.4594  -0.035   96
56135.273    0.696024464468    0.728100001091    0.2579    0.3245   0.148   43
56142.271   -0.346437204992    0.074998800770    0.1911    0.3928   0.000   60
56148.247    1.356683564980   -0.693799198892    0.6672    1.0557  -0.144   44
56163.269   -0.024871723873    0.134999999979    0.1901    0.3493  -0.175   81
56181.207   -0.010637758218   -0.449402400093    0.1599    0.3129   0.496  165
56189.228    0.689432541827   -0.687801599675    0.8667    1.5596   0.261    9
56211.208   -0.140102554677   -0.160901998925    0.1796    0.2980   0.003   95
56219.269   -0.459567897261    0.227800800623    0.3922    0.2855  -0.187   60
56233.269    0.040759777321   -0.000799199107    0.1390    0.1638   0.009   77
56237.207   -0.164675718923    0.468500400075    0.6232    0.8216  -0.428   71
56240.268   -0.281104161213    0.072198001178    0.3617    0.4614  -0.233   48
56244.209   -0.194495805421    0.207399599894    0.1289    0.3565   0.008   57
56247.269    0.482198941865   -0.983901600193    0.2907    0.5044   0.162   50
56258.205    0.302983645071    0.402199200344    0.1218    0.2120   0.126  150
56259.228   -0.003743698550    0.061700399989    0.1149    0.1697   0.277   46
56261.269   -0.293690989452   -0.262202398993    0.2226    0.3622  -0.075  115
56280.540   -0.260127306615    2.439698400103    0.9203    0.9748   0.247   28
56282.271   -0.001496068902   -0.265802399291    0.1934    0.2581  -0.065   56
56295.209   -0.018578258648    0.909100801039    0.2565    0.2217  -0.114  143
56303.270    0.318120239985   -0.156600000167    0.2465    0.3450  -0.074   81
56308.208   -0.099493743658   -0.207201599878    0.1266    0.3279  -0.275   48
56310.271    0.035063329139    0.198298799781    0.2279    0.4854   0.132   76
56313.540    0.218022324483    1.624298399783    0.8018    1.0649   0.039   28
56315.210   -0.289048239043    0.063698400155    0.1488    0.1452  -0.234   91
56321.207   -0.075819733483   -0.008999999146    0.1188    0.2240  -0.248  167
56322.230   -0.472456760316   -1.068501599200    0.1171    0.1865  -0.076  108
56324.271   -0.047650259589   -0.218800799878    0.2619    0.3393  -0.215   84
56331.270    0.133061003895   -0.067600800158    0.2443    0.3657  -0.281   45
56366.272   -0.360523679533   -0.274500000330    0.3089    0.3337  -0.147   34
56372.251    0.192848668005    1.984600800498    0.3557    1.4719  -0.055   81
56385.206   -0.345088524991    0.536799599971    0.1412    0.2905   0.116  171
56401.270    0.062635785990    0.074699999786    0.1741    0.4118   0.216  117
56405.207   -0.277058427847    0.179100000430    0.1437    0.2545   0.115  127
56408.268    0.522056089926   -0.765899999422    0.3420    0.9071   0.035   48
56415.270    0.122272279375    0.568400400347    0.2050    0.3484  -0.297   55
56433.185    1.762160246313    8.353598400213    0.5173    0.8186   0.440   15
56443.270    0.080016433151    1.323500400474    0.5874    0.6911   0.029   16
56468.206    0.665006868694    0.334699201154    0.2360    0.1755  -0.005   86
56469.228   -0.366216550315    1.444798800598    0.5149    0.6968  -0.105   25
56471.270   -0.155987235148   -0.124999199791    0.2157    0.4517   0.385  211
56475.207   -0.180711365696    0.106300800162    0.1288    0.1338   0.204  130
56482.206    0.175169461217    0.065700000640    0.1122    0.1566   0.270   85
56485.270    0.485043588555    0.041698799613    0.4610    0.4376   0.083   16
56498.251   -0.039407724344   -0.827402399395    0.1635    0.3130   0.147  113
56503.211   -0.591132934466    0.518097600022    0.6752    1.3897  -0.574    6
56510.209    0.188054849083    0.206398800451    0.1428    0.2586   0.351   14
56517.207    0.027122828710   -0.494701200004    0.1709    0.4030  -0.318   34
56518.270   -0.090355733954    0.273999600608    0.1844    0.2687  -0.184   15
56525.228    0.577797918459   -1.082599199087    0.4618    0.6300   0.070   23
56537.998    0.366669551433   -5.232902399399    1.0793    2.2579  -0.165    6
56540.583   -7.252577039618   22.675500000879    0.9435    1.1789   0.024   37
56548.272   -0.433944612643   -0.239702400329    0.2511    0.6049  -0.114   55
56575.582    1.914702138116   -2.177402399184    0.7691    1.2433  -0.053   30
56594.206    0.232407358651    0.634499999741    0.1661    0.2912   0.252   46
56610.584    5.240179159351    2.235798001138    1.2708    1.1380  -0.026   20
56615.208   -0.250388600256   -0.170402399391    0.1459    0.2282  -0.014   63
56617.249   -0.731835981375    0.765500400668    1.4070    1.6787   0.498    3
56623.272   -0.758807843782  -10.588100399644    0.3123    0.4184  -0.185   26
56626.286   -0.150592821782    0.772797600312    0.2942    1.4890  -0.100    7
56628.225    0.012737896753    5.240800799733    0.4546    4.9311   0.737    5
56630.230   -1.134313370103   -1.508601598843    0.8582    1.3601  -0.272   22
56630.581   12.286123091239  -15.918400799109    0.7223    0.8426  -0.159   42
56632.269    0.536739581510    0.998100001048    0.3619    1.3153  -0.199    8
56634.263    0.169023487105    0.948398399814    0.2744    0.9410   0.160   11
56636.257   -0.986867332040    0.100800000347    0.3118    1.1119   0.071    9
56638.251   -0.188202340196   -1.090400400372    0.2855    1.0241   0.100   11
56641.243   -0.097997776967    3.239697599788    0.2763    1.1943   0.187   10
56644.227   -0.063833397476    1.094500800392    0.5909    1.3341   0.404   28
56645.250   -0.109534484833   -0.068702398970    0.0781    0.2045  -0.049  107
56673.582   -2.132422529994   -4.891100399895    1.2719    1.7303  -0.113  164
56677.998    0.077470243876    2.420100000400    0.6808    1.4736   0.224   51
56695.271   -0.277809988593    0.309600000037    0.1505    0.4138  -0.265   40
56701.250    0.037613095815    0.111200400887    0.0671    0.1007   0.043  265
56702.265    0.128267287184   -0.498401999671    0.1967    0.3305   0.006   16
56707.229    0.573151590650    1.489100399787    0.6687    2.1125   0.376    6
56723.271   -0.375656697047   -0.151001999704    0.2016    0.1744   0.039   40
56737.271    0.155839641823    0.216698400024    0.6183    0.5345  -0.293   14
56749.229    0.044053949942    0.656398800913    0.0780    0.1673   0.008  174
56750.270    0.641631315935    0.209897999781    0.6750    2.7959  -0.355   20
56758.272   -0.238549755363    0.365299200489    0.1935    0.3866  -0.132   69
56762.206   -0.183707080900   -0.363700799078    0.1337    0.1413  -0.036   40
56770.209   -0.217572900765   -0.029300398907    0.0973    0.1766  -0.089   94
56799.250  -40.467798680257 -108.864399599007    3.2828    8.8702   0.993    3
56805.207   -0.080466061292   -0.769701600056    0.1906    0.2510  -0.172   18
56811.208   -0.012586930450    0.023598000354    0.1755    0.1713   0.495   39
56846.206   -0.295791230198   -0.232300799397    0.2089    0.1453   0.214   67
56848.248    2.439602976944    1.805799601051    1.3374    3.6038   0.097    5
56858.501    2.442152743620    0.514998001044    0.9458    0.7070   0.303    6
56860.206    0.293093972409    0.356900400433    0.1465    0.1829  -0.037   30
56881.208   -1.033618539770    4.533998400724    0.5380    2.4155  -0.219  118
56888.207   -0.193298193935    0.164998800223    0.1638    0.1489   0.002   22
56896.227    3.399350955464    0.290700000072    0.5842    0.5636   0.022   10
56901.998   -0.913744856346   -3.342999600342    1.6582    3.9277  -0.020   43
56904.665   -0.544680184151    1.202997600736    0.5062    0.6079  -0.142   10
56905.662   -0.888722166170   -0.876301199604    0.6165    0.7728  -0.158   10
56906.659    0.713854637559    1.125799201063    0.5037    0.6628  -0.036    9
56907.656    1.831539023458   -3.594700799425    1.0082    1.1695  -0.512    7
56908.412   -0.560712253524    2.337400800911    0.8024    0.9320  -0.526    6
56910.227   65.054731931719 -114.791101198897    8.2276    8.3741  -0.848    3
56910.969   -4.181084928287    1.277798399890    1.3367    1.9110   0.721    4
56911.645    1.080671680105    0.657500399726    0.5512    0.7058  -0.151   10
56912.642    1.694730641401   -0.890200799475    0.6825    0.7927  -0.266    9
56913.639    3.640601546015    2.302398000253    0.6713    0.8248  -0.167    8
56914.636   -0.931726097951    0.570600000849    0.5762    0.7124  -0.196    8
56915.399   -0.212628013328    3.063099601164    0.9906    1.1064  -0.662    5
56916.959   -7.065723379422   -8.113701600188    1.4173    2.0869   0.736    3
56917.627   -2.061695175061   -0.507599998834    0.6266    0.7351  -0.212    8
56918.625    5.013166111854   -0.509101199597    0.6302    0.7879  -0.208   10
56919.603   -4.294366689071    4.887399600229    0.8720    0.9724  -0.567    6
56920.619   -2.076680803673    3.628900800656    1.3795    1.2468  -0.749    3
56921.616    6.866131618051   -6.869001599519    9.1038   10.2109  -0.991    3
56923.208   -0.193895210978    0.606999600983    0.2624    0.4706   0.544   30
56930.207    0.264773532213    0.842198400619    0.2695    0.3712  -0.223   12
56932.270    0.547830443059    0.085698000696    0.1857    0.2648  -0.270   89
56944.207    0.890372778775    0.565898400140    0.3856    0.4543   0.015    7
56951.208    0.610912177578   -0.455299199942    0.2719    0.1738   0.077   21
56961.271   -0.892016338791    0.391500000418    0.1958    0.1714  -0.016   54
56973.229   -1.034517591629   -0.945302399558    1.6262    1.4108   0.314    4
56976.498  -26.650124495426  -20.161299599408    3.1494    2.4732   0.914    4
56979.209   -0.607765496071   -0.341899200151    0.1552    0.1925   0.002   52
56986.207   -0.317667238866    0.237798000491    0.1875    0.2394   0.074   80
56987.270    0.312574860316    0.519098401064    0.1381    0.2618  -0.116   82
56988.997   -1.770848832300    3.043497601141    0.7785    1.4774  -0.563   23
56995.250   -0.045701087357    0.419299200161    0.1107    0.1852  -0.049  335
57009.250   -0.623196971000    1.959498000659    0.3584    0.4165   0.087   40
57021.209    0.767348836444   -2.804000399870    0.2192    0.4110  -0.035   99
57037.250   -0.069677336772   -1.527400799439    0.3556    0.7620  -0.203   28
57041.999   -0.068925673814   -0.082601998841    0.2035    0.7090  -0.149   40
57045.271    0.454475518712    0.585900000516    0.1006    0.1651  -0.035   82
57077.209    0.921987391591    0.758700000425    0.3387    0.1480   0.317   78
57085.208    0.812154449342   -1.094000399071    0.1056    0.1581  -0.069   96
57113.226   -0.378504921138    2.274498001142    0.3488    1.1747  -0.299   30
57120.206    0.242599066129   -0.851299199134    0.1655    0.2811  -0.152   63
57126.207   -0.665603987949   -0.801500398850    0.1193    0.1550  -0.049   61
57148.228   11.288467034679  -15.736499999086   11.4602   18.2081  -0.967    3
57161.209    0.030269510216    0.590400000888    0.1444    0.2516   0.012   42
57163.251   -1.585494716195    0.544698000304    1.2536    1.8087  -0.760    3
57169.208   -1.118881895174   -0.548499599340    0.1337    0.1624  -0.018   86
57177.583 -158.005687420849  221.346399599653   70.4625   65.6985  -0.697    5
57203.209    0.016183035675   -0.116499600367    0.1151    0.1332  -0.036  160
57210.207   -0.421357784404   -0.924299999738    0.1197    0.1213   0.001   96
57219.251    0.459272915035    0.143697601018    0.1611    0.1996   0.000  129
57237.999    0.641631315935    2.496898799720    0.4868    2.2848  -0.094   31
57267.230    0.745472827775   -2.734502398916    0.3636    0.6020  -0.054   31
57269.272   -1.567660965703   -0.509399998982    0.1819    0.2192   0.134   51
57276.270    0.811553854899    0.464900399777    0.4619    0.2148   0.528   33
57339.268    1.268726631399    0.402497999730    0.0909    0.1074  -0.089   99
57351.270   -0.450577276459    1.490598000231    0.0591    0.1045   0.156   59
57373.248    1.776847315298   -8.457400798889    0.5418    1.3908   0.151  287
57398.771   -0.608664547930   -0.329299199109    0.2011    0.2226  -0.063   29
57401.233   -5.299664686433   14.174899200015    0.1661    0.2606  -0.137   38
57402.270    0.077020717947   -0.133199999830    0.1477    0.2355   0.291  101
57412.998    0.569706349516   -0.494801999373    0.3932    1.1447  -0.329  136
57441.206   -0.444434879748   -0.810302399579    0.0831    0.1046   0.055  166
57462.208   -0.233903427553    0.087400800197    0.1716    0.1799  -0.047   48
57470.229    0.218324461511   -3.323199600302    0.3488    1.5169  -0.142  129
57477.209    0.154339995521    3.050697600138    0.1596    0.3753  -0.060   74
57490.208    0.473208321062   -0.429199199381    0.2311    0.2904   0.067   42
57520.253   -2.756371163951  -43.914499200248    0.8934    1.4627   0.097    9
57526.207    0.614810522042    0.154000800912    0.1718    0.3046  -0.113   24
57528.271   -6.043940107145    6.205197600551    0.7746    1.1673  -0.800   17
57563.269    3.244712400316    2.765599200849    0.3452    0.5547  -0.237   21
57570.271    0.300138998380   -0.607499999106    0.1876    0.4337   0.028   22
57581.206   -1.436998557758   -0.989600400025    0.1447    0.2483   0.023   78
57588.208   -0.624995176930   -1.845701999237    0.1857    0.2649   0.064   44
57598.271    0.707413783432    2.412399600082    0.2594    0.3382   0.500   32
57602.208    0.994512850243   -1.267401599669    0.2351    0.5408  -0.062   19
57617.209    0.988370453531   -0.846799200360    0.2609    0.3231   0.037   44
57623.206    2.394502484030    1.981198800216    0.1972    0.3566   0.118   41
57636.998   -0.694823480004    0.700200000381    0.5618    2.3054  -0.393   13
57639.230   -0.632040202901   -1.145599199504    0.1917    0.2649  -0.133   33
57660.250    0.247392885052    0.237297600769    0.6151    1.1640  -0.121  285
57674.228   20.551194222705  -20.841001200012    0.8843    1.5876  -0.149   62
57682.271  -11.022190278762   -0.410500799752    2.3441    0.3233  -0.383    3
57693.207    2.809717769512    1.453500000359    0.1879    0.1955   0.007   20
57716.999    0.266571635931    0.399999599843    0.5216    1.5197   0.011   82
57736.229   -1.420365996154    1.884499199889    1.6279    0.4306   0.544   11
57743.209   -0.880328562411   -0.219002400215    0.1227    0.1198   0.025   29
57772.228   -6.485828797618   10.098298800365    0.3694    0.5478  -0.189   26
57777.207 1885.240582889421 -348.246900000326    0.0704    0.0694  -0.013  140
57787.269  905.180231171960  635.261598000625    0.1191    0.1785  -0.168   20
57805.189    6.391427228087    1.123599600561    1.4371    1.1940   0.336   13
57806.208   -0.669049126871   -0.024901199502    0.2277    0.3599   0.225  192
57812.209   -0.207532159589   -0.260301599475    0.1965    0.2014   0.265   23
57819.207   -0.116878070431   -4.860799199946    0.1212    0.2665   0.171  233
57826.209   -0.425105060354   -0.766799999496    0.1554    0.2134  -0.007   37
57833.207   -0.478448088514    1.414598400018    0.2101    0.2517  -0.292   43
57836.293    0.084213235031    0.256798799825    0.1884    0.3749  -0.110   28
57839.792   -0.266122212213   -0.340001999355    0.1495    0.2109  -0.155  126
57847.207    0.116730477107    0.376398000768    0.0908    0.1309  -0.009  337
57849.249    2.048813364595   -1.616000399096    0.2308    0.7517   0.459   10
57849.249    0.747119965191   -1.656601200217    0.9210    0.8556   0.050    9
57864.271   -2.770306569979    0.885599999734    0.1875    0.1820  -0.138   59
57875.167   -0.093052889531    0.238100400196    0.2796    0.2571  -0.327   15
57878.271    0.208132651821    0.012099599722    0.0861    0.1091  -0.088   86
57882.209    0.175467918632   -0.382899600027    0.1153    0.1268  -0.029   65
57885.270    0.887974080614   -0.835599599114    0.1034    0.1308  -0.071  183
57897.228    0.022329009787    0.078498000100    0.4713    0.6796  -0.059   12
57924.209    0.061736734131   -0.628700398941    0.1162    0.1064   0.111  116
57939.228    0.478300597401   -3.411701999312    0.3118    1.3101  -0.203   81
57948.268   -0.965739408928   -0.263599200068    0.1036    0.1275   0.028  127
57976.272    2.576112901585   -2.123099999807    0.1216    0.1638  -0.082  153
57982.247    1.243552872710   -0.441601200407    0.2604    1.4246   0.256   15
57983.270   -1.134313370103   -0.258400799957    0.0881    0.0993  -0.052  167
57990.272   -0.103539579235    0.049899599652    0.1002    0.1606   0.023  144
58002.208    1.402837755667    0.847598401066    0.1407    0.1770  -0.074  206
58009.228  -47.640362864124   -9.529401599018   19.8860    3.4964   0.863    3
58010.247   -0.272563066340    4.151498401050    0.6424    2.0239  -0.306  155
58015.324    0.661112101631    0.313200000335    0.2316    0.5267  -0.300   42
58029.207    3.182378751354   -2.980900799798    0.1079    0.1102  -0.059  173
58033.499   -5.327837737728   -3.503599199561    0.1552    0.1453   0.336  133
58039.270    0.296240653916   -0.778802400170    0.1672    0.1512   0.070  111
58043.207    1.329862771087    0.821199601120    0.0819    0.0900   0.103  275
58059.249    1.800222868058    2.384100000619    0.1980    0.5629  -0.044   17
58065.228   -1.043508212432   -0.023799599091    0.3099    0.5734  -0.105    6
58072.226    5.253967176477    1.021298401049    6.2654    1.9672  -0.872    3
58073.249  -39.572635659959  -13.557801599795    0.1742    0.1367   0.172   80
58078.209   -1.265878407308   -4.891399199280    0.1160    0.2006   0.191  138
58081.000   -0.225362332680    0.046400400322    0.6372    2.0602  -0.054  107
58085.500    0.030118543914   -1.903701599559    0.0498    0.1233  -0.113  281
58086.497    0.537638633370    0.763200000797    0.0478    0.0885  -0.167  329
58087.498    0.431998915600   -1.968501600125    0.0457    0.1116   0.022  209
58088.498   -1.217476586973   -0.313002000318    0.0555    0.0941  -0.102  255
58090.496    0.500928166815    0.311698801170    0.0403    0.0937  -0.274  347
58091.453   -0.506319002780   -1.019501999622    0.0119    0.0559  -0.036   67
58092.454   -0.458970880218   -0.245001599808    0.1715    0.5045  -0.296   37
58092.498    0.127968727557   -2.899400399770    0.0341    0.0809  -0.049  314
58093.451   -1.037365815720    3.732498000275    0.2854    0.5053  -0.629   45
58094.452   -0.042255948435    1.193198400884    0.1028    0.2951  -0.384   46
58095.478   -0.907451493332    3.100798800126    0.2233    0.5060  -0.768   37
58095.497   -0.483392975950   -0.168901200226    0.0604    0.1702  -0.146  229
58109.000    0.229113186031   -5.133499200127    0.7245    2.6717  -0.193   89
58121.207   -4.508192211674    0.103698000586    0.1136    0.1279  -0.143  164
58128.230   -0.421508750706   -2.284999199453    0.2634    0.6030  -0.077   43
58141.208   -0.856805518538    0.532497599615    0.1137    0.1182  -0.018  105
58145.291   -4.259152189206    1.134100800471    0.5894    2.8858  -0.470    3
58148.209    1.514918327564    2.154898800200    0.1244    0.2080   0.037  105
58156.227    9.720802491575  -23.324202000197    2.0409    2.8346  -0.942    9
58157.249    2.027983898900   -4.172799600255    0.5768    1.0769  -0.103    9
58164.248   -0.673094962449    1.487800800959    0.3219    1.1018  -0.127   89
58164.248   -2.337408602520   -1.060599600144    0.5532    0.7689  -0.235   10
58171.249   -0.070274251603    1.282698000615    0.4969    0.9237   0.082   10
58172.272   -0.320065937028   -1.142200799542    0.0987    0.1114  -0.016  169
58191.229    0.122574416402    2.640700800427    0.1456    0.4640  -0.104   58
58204.206    0.472158200689   -0.521099999951    0.1069    0.1150  -0.019  106
58213.231   -0.219371004483    0.049298400562    0.0787    0.1538  -0.164  345
58218.206    0.543033046736   -0.107200800237    0.2208    0.1731   0.032   80
58220.248    0.017981139393    1.299600000415    0.1524    0.4544  -0.252   34
58220.251   -0.564459529474    0.222699601160    0.3661    0.3333   0.057   47
58227.250    0.297441842803    0.193899600376    0.7586    1.5434  -0.362    3
58240.165    0.817998388638   -0.073101599973    0.2652    0.2207  -0.161  317
58246.082    0.265075567029   -0.993099599356    0.1253    0.7230  -0.131   94
58260.166    0.191802125033    3.855999599622    0.4354    0.7405   0.159  155
58272.782    0.155390115894    2.885097600824    0.1506    0.2894   0.015   19
58277.271   -1.119928438146    0.082098000398    0.1751    0.1667   0.061   60
58282.227    1.126674904490  -10.083902399494    0.1625    0.6416   0.038   40
58289.229    2.563076445206    2.178198001168    1.8081    3.1631   0.609    3
58303.229    0.734982662882    0.235098000267    0.6357    0.5960   0.274   20
58304.233   -0.151790331057   -0.664999199707    0.2467    1.3611   0.085   21
58305.271   -0.038958198414    0.471999601004    0.2561    0.4179   0.642  175
58316.206************************************    0.1231    0.1324  -0.024  111
58331.229    0.090355631742    0.007599600949    0.3732    0.5838   0.186   33
58332.255   -0.710556989749    0.082800000456    0.3645    0.6308   0.077   31
58338.227   -0.029669120196   -0.219499199616    0.2130    0.2285   0.303  114
58346.442   -1.504428162671   -2.543101200025    1.7847    1.9256   0.281   15
58349.163    0.449681699789   -0.190299600078    1.2030    1.3133  -0.886   12
58350.185    0.587838659634    0.955098000688    0.3240    0.5286  -0.144   40
58351.208   -0.166024296711   -1.288601999505    0.1391    0.1250   0.064  185
58362.290   -2.128225728114   -0.808502399430    8.8489    8.0653  -0.984    4
58365.208   -0.314969981077   -1.552201199573    0.1345    0.1564   0.101  212
58367.250   -0.949106745112   -8.447202000283    0.7297    1.5922   0.485  152
58372.206   -0.292791937593   -0.406900799454    0.2081    0.3030   0.048  165
58381.250   -0.246641324306    0.675799200600    0.2620    0.5238   0.103   35
58386.206    0.007045025971   -1.765000799914    0.2871    0.4808   0.064   32
58401.229   -0.264773634425   -1.874901600374    0.1379    0.7478  -0.033  112
58403.271   -0.605366797909   -0.356101199728    0.2517    0.2609   0.117   77
58428.206   -0.144896373600    0.049298400562    0.1033    0.1259  -0.082  279
58435.208    0.543184013038    0.053200800565    0.1746    0.1575  -0.031  240
58436.227    0.583940315170   -0.709401599863    0.6192    0.8710  -0.107   11
58438.269   -0.070723777533   -0.446702399870    0.1253    0.1815   0.106  173
58456.206    3.420029352646   -3.872501999069    0.2273    0.5618  -0.061  119
58457.233   -0.006440956338   -2.234199599727    0.3514    0.5264   0.214   31
58459.271    0.242897523545    0.361400400806    0.1516    0.1803  -0.071  117
58464.227   -0.314369488845    2.888398800138    0.3462    0.4380   0.061   84
58464.227    5.525782157260    1.998500400369    3.9072    1.3756   0.890   17
58464.227    0.059039476342   -2.225502000286    0.1333    0.6915  -0.083   50
58465.250    0.208582177751    2.318399999979    5.4071    3.8274  -0.930    9
58471.226   -0.823090767188    0.865799999694    0.1319    0.3568   0.161   82
58491.208   -0.149391632895    0.368600399803    0.2040    0.2310  -0.057   88
58491.249    0.180711263485    1.148900400416    0.0308    0.1593  -0.138   73
58501.271   -0.585288995170    0.287200800742    0.2072    0.3514   0.072  157
58506.249   -0.368014654033   -0.810201600210    0.0242    0.0824  -0.111   59
58514.248    0.096501605854    0.040100399801    0.0909    0.3855  -0.046  169
58519.249   -0.061283630801   -0.333899998850    0.0133    0.0586  -0.227   51
58520.228    0.946711624351   -0.776901599053    0.3831    0.5192  -0.322   16
58527.229   -9.033017087164   -2.905001998954    0.5627    0.3216  -0.034   48
58528.270   -1.016388961123   -3.081002400407    0.9165    4.9027  -0.069    3
58534.249    0.262975428495   -0.100900799715    0.0146    0.0672   0.257   56
58547.209   -0.044054052153    0.424097999918    0.1028    0.1271  -0.083  123
58547.249   -0.079714398335   -0.139500000351    0.0130    0.0665  -0.110  113
58555.229    1.530202413592    1.788998400620    0.3282    1.5428  -0.259    3
58561.249    0.412669096206    0.051800400769    0.0138    0.1283  -0.638   55
58563.250   -2.583150772755    5.527000801031    0.6867    0.9521  -0.139   15
58570.249    0.002697155577    2.816999999666    0.3364    1.2752   0.142   32
58575.249    0.242897523545    0.366199200563    0.0172    0.1188  -0.062   94
58576.228   -0.397385214602    0.623800799815    0.0538    0.1290  -0.069   78
58585.271   -0.386894947497    0.174099600336    0.2517    0.2155   0.353   71
58589.249    0.166178840414   -0.842500800324    0.1170    0.5161  -0.261   42
58590.228   -0.187601745753    0.290397600367    0.1936    0.2058  -0.702  277
58591.269    0.350486413547    0.853999200956    0.1975    0.2110   0.116   72
58597.208    0.335651955660    0.623498400110    0.1073    0.1430   0.029  189
58599.271   -0.220867073385    0.527000400119    0.1701    0.1887   0.020   82
58603.249    0.505423528322   -4.254400799653    0.1544    0.7253  -0.435   40
58610.083   -0.304332325071   -1.720101600355    0.1717    0.4638  -0.026  123
58611.208   -0.180711365696   -0.033001200173    0.1200    0.1615  -0.348  256
58612.230    0.081965605383   -0.771299999869    0.2059    0.2091   0.002   55
58617.249   -0.040457844717   -0.413099999008    0.1204    0.5153  -0.400   62
58625.230   -1.058342670318    0.610099199960    0.2635    0.1491   0.158    9
58639.226   -0.986719943138   -0.935801999091    0.2551    0.4088  -0.462    8
58641.271   -0.064282923406    0.019097999981    0.1924    0.3123  -0.172   86
58646.250   -0.903704115170    4.010500800256    0.2955    0.9754  -0.735   67
58652.207    0.541385909320    1.018000800457    0.2981    0.6388  -0.218  263
58655.271   -0.040457844717    0.262998000977    0.1632    0.1929   0.015   62
58659.249    1.209090035803   -0.760701599312    0.2583    0.7894  -0.548   46
58661.251    0.200490608808   -1.654999200085    0.1873    0.2258   0.118   88
58662.270   -0.049746922935    0.120099600665    0.1265    0.1379  -0.028  105
58668.249   -1.833484618289    0.666698400487    0.5773    0.8314  -0.061   16
58669.271    0.136358753916    0.383500800716    0.1740    0.1687   0.069   76
58687.249    0.181761383857    0.279500400424    0.2140    0.6036  -0.444   84
58688.228   -0.275260221918    0.377499601178    0.0724    0.0940  -0.061  124
58697.271    0.265075567029    0.238298400212    0.1225    0.1547   0.027  125
58701.249    0.608067530887    2.351498400799    0.0221    0.1022   0.131  167
58703.251    0.243796677615   -0.749401200295    0.1754    0.1331   0.090  302
58711.272    0.386297828242    0.212097600283    0.1521    0.1565  -0.082   80
58715.209    0.431998915600   -0.631202399148    0.1395    0.2351   0.077  271
58715.249    2.818859458828   -2.962501199555    0.1384    0.2160  -0.013  176
58718.270   -0.537336700765    0.159699600744    0.2380    0.2501   0.236   33
58730.228   -0.744872437755    2.056100400338    0.0283    0.1288  -0.188   87
58732.248   -0.976679201963   -1.040900399474    0.2245    0.0896   0.237  168
58732.270    0.068328656772   -0.283100399123    0.1385    0.2170   0.114   98
58743.209    0.097249589199   -0.579301199011    0.0946    0.1211   0.002  261
58743.249   -0.248737987651    1.176098401068    0.0391    0.0963   0.440  168
58744.228  -32.829225847212   -6.515100000293    1.2723    0.3877   0.052   13
58751.230    1.057598162162    1.796000399601    0.2513    0.2710   0.580   25
58757.249   -0.280356177868    1.083499200760    0.3720    0.6922  -0.338  106
58778.211   -0.041806422505   -0.455702399016    0.1820    0.2713   0.029  115
58785.209    0.060539122644   -0.168199200168    0.1545    0.2705   0.038  285
58785.249    0.023077095344   -0.777200400037    0.1502    0.6079  -0.701   75
58799.205   -0.783532076542   -0.229802399510    0.2554    0.2611  -0.151  162
58800.228  -88.306555489843   95.748300000587    1.4404    1.9040  -0.672   22
58802.248    0.158986323330    1.535198400404    0.0146    0.0485  -0.190   87
58802.270   -0.193895210978    0.055097999763    0.1182    0.2128  -0.143  159
58806.207    0.716404404234    0.154000800912    0.1622    0.2170   0.091  320
58807.230    1.680496675746    1.128398400319    0.1217    0.0894   0.147   35
58808.249   -0.818444337167   -2.744402399735    0.2711    0.5241  -0.070  120
58823.272    0.258631135502   -1.791701999565    0.2949    0.5357  -0.480   87
58827.249   -0.118226648220    2.962299600817    0.1295    0.3544  -0.246   57
58828.228    1.435204031441    1.172498400770    0.1381    0.2151   0.135  115
58834.083    0.236453092017    0.492800400487    0.1037    0.5264  -0.115   80
58844.248    0.165427279668    0.293500799664    0.0717    0.2966   0.196   38
58844.270    0.115831425248    1.786197601028    0.3523    1.0214   0.635    8
58848.207   -0.977427185308   -1.091300398848    0.4046    0.6743   0.324   77
58858.248    3.810524084979    0.955098000688    0.1568    0.4828   0.266   39
58868.913    0.501528761258    0.247600800662    0.5906    0.4533   0.093   22
58870.250   -0.103392088122    1.215899999885    0.1073    0.3397  -0.355   53
58877.230    0.278259412311   -0.720302400126    0.1395    0.5968   0.406   20
58883.249   -0.093200380644   -0.965001600228    0.0832    0.2015   0.123   98
58900.248    0.199142031019    0.120099600665    0.0372    0.1297   0.328  143
58900.270   -0.075071647926   -0.417902399086    0.2684    0.3049  -0.014   49
58905.227    0.133212072409   -2.201601600227    0.2334    1.1005   0.256   41
58907.268    0.078218329433    0.027198000652    0.1643    0.1963   0.125  117
58920.249    0.245443712820   -0.241401599510    0.1249    0.3950   0.205   50
58921.268    0.093354924347    0.082998000472    0.2684    0.1835   0.013   65
58926.228    0.071025812349    0.026398799946    0.1700    0.2649   0.154   99
58928.270    0.025925319435   -0.239702400329    0.2597    0.2287   0.178   33
58941.251   -0.272264608925    1.061499600219    0.2446    0.9199   0.232   18
58946.208    0.062337226363   -0.094802399531    0.0728    0.1232  -0.009  327
58947.227   -0.615555030198    0.532198800229    0.2329    0.6175  -0.500  176
58960.208   -0.853658837031    4.752799200602    0.0884    0.9138  -0.106  230
58968.229    1.848772179506    1.818198000159    0.3568    0.5446   0.088   23
58969.270    0.547528306031   -0.449701199479    0.1828    0.3897  -0.220   85
58983.251   -0.109534484833    0.066499199747    0.1360    0.1923   0.196  248
58991.269    0.226113893426    0.129297599827    0.1616    0.1868  -0.016   84
58995.188   -0.145345899529   -0.198701998855    0.1399    0.3700   0.314   85
58998.270    0.215177677792    0.041500799597    0.2341    0.2121   0.039   89
59005.269    0.112533675227   -0.424601999960    0.1923    0.1643  -0.032   87
59009.250   -0.331153118964    0.916700400388    0.1819    0.7189  -0.719   60
59010.229    1.290153011927   -0.835901998819    0.1313    0.4081   0.161   38
59019.269   -1.525106662064   -0.574801200237    0.3450    0.2072   0.299   76
59023.250   -0.162428089275    0.631998001133    0.1883    0.4243  -0.346  144
59025.251    0.163032158907    0.090698400790    0.2110    0.2366  -0.522  410
59038.229   -0.452227889064   -0.001800000149    0.3481    0.8476  -0.113   36
59039.251   -0.207981685519    0.117597600457    0.1269    0.2702  -0.355  620
59044.208   -0.122121313072   -0.307601999872    0.0849    0.1155   0.009  329
59047.269   -0.146396019902   -0.268599600162    0.1662    0.2037  -0.023   65
59054.270    0.158087271471    0.565099201033    0.2382    0.2354   0.269   18
59071.916   14.046636302348   -4.343799600015    0.8643    0.4498   0.067   31
59074.250    1.123377154470    6.297998399596    0.3666    3.0157   0.671   23
59081.230    2.646689188005   18.758397600038    2.8016   22.8340   0.987    4
59093.250   -0.283351790861   -0.992001599265    0.0902    0.1995   0.042  188
59103.269    0.030719036146   -0.208000798985    0.2666    0.2749   0.059   49
59115.340    0.788926285485   -5.586800399904    2.3757   13.4358   0.903   13
59121.250   -0.098145165869    0.091699200233    0.0540    0.1053   0.076  166
59122.229   -0.811550379710    4.525099200947    0.1894    1.0302   0.297   35
59137.248    0.305231274718   -1.585202399745    0.2910    0.8895   0.015   36
59143.231   -0.168872520802   -1.096801200262    0.2420    0.8221   0.138   52
59156.270    0.950009374372  -10.670101199395    1.5429    3.7692  -0.011   29
59163.206    0.288149084973   -0.734702399718    0.0889    0.1487  -0.372  438
59165.248    0.458071726148    1.825498800123    0.1991    1.0417   0.380   34
59171.227    2.082226081130   -0.037900799299    1.1623    0.4930  -0.459   35
59177.166   -0.301034575050   -2.015099998864    0.3779    2.1354   0.644   45
59180.271   -0.772441214993    0.204598800302    0.6304    0.5156   0.047   49
59186.250    0.164229668182    0.529200000621    0.1670    0.7715   0.260   49
59194.249    0.019329819393   -0.298101599405    0.0223    0.0697  -0.230  249
59198.208    0.454176959084   -0.061999199374    0.1706    0.2084   0.211  165
59199.227    0.792522595133    9.158399999976    1.4410    8.9994   0.966   67
59201.269    0.016632561605    0.075999600213    0.3779    0.2286   0.226   12
59206.251   -0.052595147026   -0.074199600064    0.0315    0.0906  -0.245  205
59222.249    0.009292655619   -0.919699199997    0.0381    0.1287  -0.322  208
59230.577    1.676001416451   -1.180602000161    0.1096    0.2083  -0.232   70
59234.229    0.422411379966   -0.604900799850    0.1485    0.4503  -0.181   97
59235.456   -0.339093619394    1.648800000531    0.3913    0.8589  -0.068   22
59240.208    0.629342945112    0.659199600506    0.1608    0.2370   0.245  369
59249.248   -0.648820255619   -0.459500399330    0.4217    0.3234   0.267   89
59255.202   -0.063833397476   -1.348099200271    0.3194    0.7781  -0.126   79
59256.246    0.282754773818   -0.561402000088    0.3433    0.9379  -0.532   66
59268.208    0.534793986679    0.347799600320    0.1229    0.1564  -0.058  292
59269.227   -0.291892885734   -0.441601200407    0.2004    0.3930  -0.111   54
59270.250   -0.289947290902    0.462797999923    0.1336    0.3961   0.117   91
59271.737    0.904308287014   -1.720900799462    0.0989    0.1827  -0.245   90
59276.229    0.172321237126    4.719099600692    0.2580    0.5867   0.252   50
59277.248   -0.102493036263    2.311599599736    0.1931    0.4733   0.165   75
59283.227    0.098896726615   -0.181299599333    0.1595    0.4507   0.118   63
59284.250   -0.206931565146   -0.211399198946    0.1497    0.3699   0.099   84
59285.269   -0.479498208887    0.464097600350    0.2466    0.2795   0.061   29
59290.226    0.167376451900    0.455698800295    0.1526    0.3918   0.022   72
59291.248    0.073424510510    0.372398400117    0.1290    0.3262   0.074   62
59292.271    0.501377692744    0.043300799746    0.2620    0.2639  -0.123   37
59304.229   -0.567307753566   -1.165499998912    0.2616    0.5299  -0.134  112
59305.248    0.301336507655    1.357398000401    0.0425    0.0964   0.119  149
59318.229    0.192399039864   -3.036600000250    0.2873    0.9506   0.383   61
59325.217   -0.200188676203   -1.179900000103    0.1933    0.5064  -0.042   36
59326.250    0.179664822724   -1.618700399320    0.1413    0.4220   0.165   68
59333.248    0.330854559337   -0.231400799322    0.5448    0.4585  -0.153   42
59345.207   -0.314070929218    0.146998800332    0.1606    0.2719   0.045  245
59346.229   -0.445632389022   -0.273200399903    0.2990    0.4196   0.129   30
59352.187    0.006595500041    0.393699600920    0.3072    0.2378  -0.017   70
59361.249    0.239599773524   -0.253900799585    0.1200    0.3090   0.096   65
59367.228    0.048549311448    0.463600800948    0.0928    0.2512   0.063   79
59369.269   -0.062484819687    0.045698400264    0.3101    0.3618   0.075   55
59374.251    0.246195273565    0.406098000028    0.1552    0.3802  -0.089   96
59381.228   -0.122570839002   -0.261302398918    0.1351    0.4006   0.181  135
59408.209    0.011989811196   -0.515800798873    0.1452    0.1620   0.154  167
59408.209   -0.734533136952   -1.528999199252    0.1659    0.3790   0.175   87
59410.250   -0.240948453524   -0.011102399000    0.2457    0.2269   0.384  218
59417.249    0.101896019220    0.024800400134    0.1125    0.3683   0.067   65
59418.271    0.058291492997    0.049399199931    0.1817    0.2338   0.023   55
59425.251   -0.187303288337   -0.029901599596    0.1103    0.3734  -0.640  163
59430.248   -0.020527430880   -0.069699599692    0.1445    0.3960  -0.066   71
59431.271    0.037462027301    0.027799199742    0.1806    0.2236   0.008   76
59438.251    0.052746113328   -0.291002399777    0.1176    0.3716   0.158   71
59439.270    0.356927267674    0.148698001112    0.1955    0.2501   0.017   96
59446.271   -1.078122117853   -1.356800400032    0.2472    0.3647   0.143   65
59453.270    2.171384203597   -0.268099198841    0.5584    0.2972   0.003   15
59460.271    0.312725826619    0.040600801121    0.1456    0.1907  -0.032   43
59467.270    0.752665344859    0.346298401155    0.2534    0.2009   0.122   37
59473.249    0.509469261688    0.049298400562    0.3211    0.3254   0.056  110
59474.271    0.305680800648   -0.439099200200    0.2199    0.2685   0.027   27
59481.270    1.372269685824   -0.575899200328    0.4119    0.4696  -0.116   26
59486.230    0.226415928242    0.917200800110    0.1755    0.6463   0.283   87
59488.250    0.371463370356    0.225799200138    0.2070    0.4979   0.121  137
59493.228   -0.209481331821   -0.190101600062    0.1693    0.7200   0.331   48
59499.189    0.964095848913   -0.065699999041    0.3285    0.3724   0.223  123
59502.272   -0.260278272918    0.149698800556    0.2184    0.1989  -0.011   53
59507.228   -0.673094962449   -2.434600799361    0.1441    0.1400   0.264   33
59508.251    0.342243878301   -0.688899599766    0.1530    0.3780   0.153   78
59514.230   -0.536139089279    0.476200800392    0.1393    0.4529   0.226   75
59516.250   -0.056640880392   -0.245699999546    0.5527    0.7036  -0.676  172
59516.272   -0.133359665734   -0.254502000274    0.1573    0.1889   0.006  114
59522.229    0.071025812349    0.510897601025    0.1557    0.6107   0.342   54
59528.230    0.482497399280   -0.160502400171    0.1225    0.3826   0.125   79
59537.270    0.055144811490   -0.526399199430    0.0923    0.1754  -0.066  134
59541.189   -0.172918356380   -0.188200798945    0.1073    0.3043   0.197  105
59542.208   -0.251287652115   -0.362501999618    0.0776    0.1083   0.070  451
59544.272   -0.738427904016   -0.996901199990    0.2693    0.3688  -0.214   70
59551.270   -0.037160094696   -0.266399999660    0.1348    0.2645   0.384  115
59555.207    0.245745747636   -0.226202399212    0.1605    0.3764   0.197   77
59557.249    0.092603261390    0.000000000000    0.1126    0.3186   0.108   88
59558.268    0.211131944426   -0.363401999692    0.1618    0.2474   0.487   98
59563.228    1.316527857291    0.539899200547    0.1071    0.3391   0.154   95
59564.251   -0.909548054466   -0.045799199633    0.2469    0.4276   0.045  264
59565.270    0.581095668480   -0.066801599452    0.2186    0.3967   0.588   83
59571.271    0.277061903036    0.377200800195    0.1884    0.5363   0.471   86
59586.272   -0.106089243699   -0.079801199249    0.1309    0.2119   0.079   59
59592.284    0.142803287655   -0.417200399028    0.3412    0.5704   0.216   34
59593.270   -0.142501252839   -0.583002000276    0.0908    0.1411   0.191   97
59594.585   -0.179661245323   -0.406800000086    0.5429    0.6756   0.136   46
59597.083   -0.397385214602   -0.567201599289    0.1275    0.3869   0.171   73
59600.250    0.111933080783   -0.522302399730    0.0506    0.1725  -0.750  112
59600.272    0.351834991335   -0.766900798865    0.0939    0.1243   0.188  117
59607.270    0.183408521273   -1.051999199753    0.1599    0.2573  -0.554   97
59618.209   -0.805559051512   -0.717300000197    0.1139    0.1339   0.065  364
59625.207    0.041058336949   -0.250999199025    0.1917    0.1809  -0.066  186
59626.230    0.368316586638   -0.817502400174    0.3195    0.4754   0.152   49
59628.272    0.128565744600   -0.799300799947    0.0996    0.1648  -0.017  150
59633.228   -0.214124082230   -1.660899600253    0.1306    0.4525   0.314   84
59634.247    0.447434070141   -0.676900799412    0.3059    0.3794   0.344   83
59642.272    0.450580751648   -0.938599199962    0.1528    0.2432  -0.128   50
59654.230   -0.132611580177    0.243900000996    0.1472    0.6295   0.441   42
59655.249    0.080915485010   -0.986101199096    0.1438    0.1723  -0.102  234
59656.250    0.144601391373   -0.315799199591    0.0340    0.1365  -0.108   95
59656.272    0.091556718418   -0.486500399965    0.2221    0.3230  -0.099   47
59661.206   -0.168721452289   -1.117501200376    0.1262    0.1569  -0.120  223
59690.251   -0.004944887436   -0.848401198894    0.1207    0.3398   0.297   53
59696.227    5.639962969903   -4.231000799315    0.8326    0.6501   0.102   22
59703.207   -0.254732893249   -0.985301999989    0.0925    0.1352   0.126  301
59705.270   -0.143849830627    1.054098000886    0.2262    0.6196  -0.251  111
59719.248    0.301635067282   -0.034300799001    0.1033    0.1866   0.591  171
59724.230    0.104291037770   -0.866001600031    0.1133    0.3056   0.182   95
59726.268   -0.061434699314   -1.209200399011    0.1647    0.1878  -0.314  114
59730.082    0.615709573901   -1.224500400276    0.7547    0.4518   0.632  132
59733.270    0.029370458357   -0.393001199583    0.1840    0.2595   0.125   88
59737.120    0.009742181548    0.035398800691    0.1668    0.3619   0.040   45
59738.208   -0.056489914089   -1.262800799928    0.1370    0.1675  -0.036  240
59739.227   -0.377156241138   -0.646199999110    0.4659    0.3537   0.222  158
59740.268    0.007192414873   -0.593600399235    0.2027    0.2712  -0.065   51
59747.270   -0.698268618926   -1.186099199657    0.2314    0.5633  -0.361   51
59774.251   -0.335198852330   -0.790199999834    0.3378    0.2270   0.008   83
59779.208    0.052145518885   -0.615099600054    0.2330    0.1948   0.166  180
59794.230   -0.567904770608    0.059198399782    0.1334    0.4710   0.265   68
59795.271   -0.140401114304   -0.570999599603    0.2765    0.2574   0.346   93
59824.250    0.088108002095   -0.070401599750    0.0960    0.2535   0.649   79
59829.229    0.314524032548   -1.388401200408    0.1177    0.3837  -0.148  239
59831.249    1.476111299875    0.556498800641    0.8408    1.8782   0.987   88
59831.270   -1.619957553102    0.212000399635    0.3720    0.3735  -0.277   87
59835.208    0.610764686464   -0.532101599582    0.2211    0.2119   0.218  360
59843.229   -0.446833577909   -1.601701198872    0.1420    0.4915   0.003   45
59845.249    0.051998027772    1.589900400134    0.0423    0.1402  -0.085  122
59845.271   -0.500777200512   -0.194101199114    0.2934    0.2641  -0.120   50
59859.249   -0.199142133230   -0.924101999722    0.0472    0.0950   0.016  126
59863.084    0.139955063564    1.165500000511    0.1204    0.3770  -0.102   75
59878.227    0.605668832725   -0.169099200242    1.1679    0.6929   0.338  156
59891.208   -0.444434879748   -0.137300399849    0.1203    0.1542  -0.043  234
59899.229    0.349885819103    0.686599199895    0.1671    0.7116   0.338   46
59901.271    0.013187422682    0.074800800753    0.1611    0.1802   0.068   93
59954.206    0.803012760026    0.131299200312    0.1890    0.1484   0.180  277
59957.271   -0.603867151607    0.243500400643    0.3168    0.2283   0.168   66
59961.208   -0.364716904012    0.096098399638    0.1881    0.1432  -0.187  304
59963.250   -0.636682953309    4.541097600352    0.1411    0.6396   0.381   56
59964.269    0.303735205816    0.214300801105    0.1448    0.2162   0.043   66
59977.250    0.050347415167   -1.319900400176    0.3048    1.4922   0.414   23
59996.206    0.966940495604    0.718200000271    0.1673    0.1519   0.358  234
60024.206   -0.065030906751   -0.719100000346    0.2300    0.3490  -0.118  338
60032.227   -0.328006437457   -0.056401198911    0.1651    0.1499   0.236  177
60062.269    0.118226546009    0.650397599777    0.1881    0.4795   0.158   37
60067.207    0.087960510981    0.643698000502    0.3175    0.3510   0.654  181
60081.229    0.359174999533    0.115199999939    0.1360    0.3754   0.240   34
60101.208   -0.633985797732   -0.150602399351    0.4142    0.2845   0.055  108
60102.228   -1.321918693257   -4.037601600260    0.3231    1.6074   0.480   11
60106.041   -0.220118987828   -0.252302399772    0.1686    0.1689   0.047  164
60159.250    0.224916384151    0.285400800593    0.1693    0.6189   0.198   41
60185.209   -1.382903866641   -0.365601600194    0.3476    0.3171  -0.029  275
60195.271    0.315423084407   -0.005101199463    0.2007    0.2658  -0.054   50
60207.230   -0.435893784875   -0.645299999036    0.2011    0.5355   0.146   20
60236.230   -0.388844119729   -0.393400799936    0.1399    0.3645   0.270   40
60256.228   -0.409072990981   -0.298501199758    0.2025    0.4972   0.161   31
