%-----------------------------------------------------------------------------
%                R.A. (mas)        Dec. (mas)        Err. (mas)     Corr. Del.
% Uncertainty in R.A. is in R.A. cos(Dec.)!!!!
%-----------------------------------------------------------------------------
50631.755    0.258435379767   -0.302299203270    0.3822    1.1354   0.069   63
50687.836    1.051906536084    0.384501595363    0.3056    0.7087   0.143   64
54664.250   -5.137987043188   -1.800997200974    5.7940    2.9728   0.544    7
57770.475   -0.326816160109    0.800801997514    0.1592    0.3668  -0.085   88
57775.461   -0.003471477875    0.000000000000    0.1949    0.4104  -0.236   21
57828.250    0.000000000000    0.374400005398    0.3736    0.5122   0.430   13
57982.247    1.363631674885   -0.142599596131    0.5438    0.6210   0.270   26
58340.948    0.774238686046    0.739602005240    0.2493    0.4688  -0.176   80
