%-----------------------------------------------------------------------------
%                R.A. (mas)        Dec. (mas)        Err. (mas)     Corr. Del.
% Uncertainty in R.A. is in R.A. cos(Dec.)!!!!
%-----------------------------------------------------------------------------
48573.254   -0.065153031825   -0.075099600139    0.6625    1.5468   0.401    6
48580.256    0.706061124902   -3.657798000489    0.7136    0.6284   0.067   15
48643.331   -0.358336578540   -0.999799200230    0.5468    1.0746  -0.246    6
48664.248    0.227582124906    1.482001196962    1.0291    1.6062   0.621    4
48804.428  -27.716447972060    8.676899998505    6.0763    3.1599  -0.233    4
48812.251   -6.464084386729   -1.671498002409    0.6912    1.5112   0.238    7
48831.876   -1.478620247718    0.393501599305    0.5551    0.6267   0.189    9
48833.125   -1.038246139977    0.000000000000    0.5277    0.6450   0.106   11
48840.135    2.678847090793    2.401700396959    0.4888    0.7445   0.397    9
49028.085   -0.332633201199    1.024603199085    0.4615    1.7507  -0.099    7
49056.085   -0.718613292325   -1.080198001446    0.7339    0.9649   0.349    6
49125.168   -1.087110047441    1.422899999426    0.4117    0.6532  -0.213    9
49153.168   -0.870136285234   -3.706498800682    0.3176    0.3884  -0.333   12
49209.169    0.983106097836   -1.171699201663    0.6653    1.1400   0.191    7
49216.170   -0.424683923944    1.711101599611    0.3709    0.6672  -0.087    7
49365.302    0.735799094723    0.503099996862    0.4258    0.5185   0.066    7
49391.165   -0.380302897014    0.748101599868    0.7431    1.4080  -0.183    7
49426.167    1.021659278143   -1.207396800140    0.8164    5.8013  -0.779    4
49482.167   -0.649127930547    0.148402797251    0.3699    0.5112  -0.303   13
49629.086   -0.699336702171   -0.312897602228    1.2404    1.1501  -0.562    3
49706.168    0.168558142796   -0.185299199984    0.2305    0.3551  -0.165   32
49736.363    0.321576550446   -1.041498001442    0.4747    2.7625  -0.463    6
49883.336   -0.206662933120   -0.155898001708    0.7369    2.0320   0.695    5
49904.250   -0.150776967383   -0.890100000106    0.4216    0.6794   0.011    4
49939.333   -1.144642080430   -0.922096802114    0.3975    1.6594  -0.147   21
49960.334   -1.468904791646   -0.694598401196    0.8943    0.8425   0.223    4
49980.252   -0.328150320665   -1.223596801481    0.2056    0.7949  -0.070   17
50050.252    0.434395710537    0.542001598802    0.2663    0.4874   0.257   21
50177.333   -0.342198004760    1.173200397631    0.4326    1.7401  -0.159   24
50255.288    0.391208997185    2.096301599508    0.3448    0.9467  -0.029   20
50260.252   -0.161535982594   -0.742298401946    0.2725    0.6049  -0.049   13
50421.251   -0.108336177628    0.175903199207    0.3987    1.0878  -0.398    6
50459.832   -0.355793833252    0.030599999334    0.1435    0.2496  -0.081  150
50624.253    0.301102181094   -0.715298402909    0.3316    0.7510  -0.339    7
50736.253   -0.549456310895    0.519800397925    0.3450    0.9221  -0.225   16
50757.251   -0.600712311136   -0.061696801268    0.4324    1.4903  -0.694    6
50771.252   -0.038402527796    0.000802797828    0.2769    0.9922  -0.512   14
50785.252    0.149729840696   -0.065498400303    0.3727    1.1882  -0.511   12
50799.252   -0.015840836308   -0.363999601660    0.3970    1.3907  -0.706   10
50813.168   -0.521963450819    1.489701597279    0.4856    1.5075  -0.493    5
50827.252   -0.523605950522   -0.054496800672    1.0073    2.9281  -0.836    3
50841.252    1.056027213460   -3.326299200879    0.9083    2.3314  -0.677    4
50855.252   -1.010451974880    3.066800397633    0.8286    3.1819  -0.923    7
50868.167   -1.741319799086    1.537401598029    0.9179    1.4622  -0.330   10
50869.252    0.134936131076   -1.215000001409    0.4509    0.9924  -0.539    8
50925.252   -0.577401128503    0.866001596833    0.5480    1.6773  -0.333    7
50939.252    2.211726046572   -1.591999201267    0.9211    1.9485  -0.600    3
50953.252   -0.328749261230   -1.015297203111    0.5501    1.1015  -0.309    7
50967.252   -1.030922776683   -0.040399200785    1.3052    1.7432  -0.049    3
50981.252   -0.401820927434    1.676699998043    0.6743    1.0207  -0.600    8
50995.252    0.345784411117   -0.566398803059    0.6842    1.3832  -0.691    5
51009.252    0.700681668261   -0.001800000149    0.8374    1.0386  -0.665    5
51037.252    0.170501947520    2.498702396991    0.5729    0.9431  -0.562    5
51051.252   -0.436188862750    4.507300798196    1.2545    3.6406  -0.830    3
51065.252    0.445603013801    2.793502798681    0.5786    1.4331  -0.592    6
51079.252    0.172890370819   -0.535096802068    0.5455    1.5097  -0.469    4
51093.252    0.240284944841   -0.501796802510    0.5924    1.8050  -0.573    5
51107.249   -0.089360892496    0.336002397106    0.4615    1.3556  -0.582    8
51177.249    0.383738650860    1.119103197311    1.2245    1.2827   0.059    3
51191.253   -0.242228749565   -0.682297201138    0.4120    0.7627  -0.555    6
51205.249    0.352957121900   -1.593997203031    0.7010    1.3019  -0.196    3
51219.249   -0.275101168210   -0.399798002704    0.5422    1.3961  -0.598    4
51246.084   -0.017185700468    0.132901197247    0.0880    0.2207  -0.320   94
51247.249    0.046471814687    1.620302397853    1.4512    1.5124   0.161    3
51261.249    0.122982904216   -1.978696800009    0.3958    1.1878  -0.565    5
51275.249   -0.444555785183   -0.480600001396    0.5127    1.6231  -0.439    4
51289.249    0.570526155192   -0.094298402686    0.4361    0.6215  -0.415    6
51303.249   -0.254928001950    0.439901999627    0.4147    1.0270  -0.370    8
51345.249   -0.626415688478    0.980301599895    0.4576    1.3677  -0.648    6
51359.249   -0.558870461945    0.620200799517    0.6366    1.5276  -0.599    5
51373.253    0.153915085687   -2.835900001230    0.6965    2.5529  -0.751    5
51387.249    0.388669921376    0.439300797339    0.6205    1.6483  -0.604    4
51401.249   -0.867148819442    1.900799997401    0.9442    2.8736  -0.900    5
51415.249   -0.738786458585   -0.969897602232    0.5506    0.7972  -0.475    6
51429.249    0.213236805269   -1.914300001715    0.6640    2.8844  -0.664    3
51443.249    0.622976367083   -1.202896802965    0.5953    1.4473  -0.737    5
51471.250    0.054842406598   -1.385899200201    0.7760    1.8478  -0.499    4
51485.250    0.345336123063    1.123603197684    0.9193    4.2426  -0.794    3
51499.250   -0.264940991634    1.711400397397    0.3944    1.0287  -0.565    6
51513.250    0.294528410875    0.505000799578    0.4457    0.7935  -0.416    6
51569.250    0.033324274248   -0.426297602019    0.5762    1.5592  -0.529    4
51583.250   -0.390165336117    0.819899997495    0.5691    1.4598  -0.403    5
51597.250   -0.683348780902   -0.735796802687    0.5573    1.1899  -0.532    4
51611.250    0.255376290003    1.378501197991    0.4914    0.7852  -0.477    6
51625.250    1.812598415007   -0.054399601623    1.8112    5.6315  -0.951    3
51653.250    1.454559472009   -3.002497201265    1.3724    3.3957  -0.808    4
51667.250    0.869838649692   -3.585499203140    1.4552    2.9156  -0.812    4
51723.250    0.214434584468   -0.785397602954    0.8314    0.9648   0.092    3
51737.250   -1.145090368483    0.687301198354    0.5497    1.1613  -0.484    4
51751.250    0.486247083794   -0.933199201114    0.7895    0.9890  -0.441    3
51807.250    3.732783516497   -5.602096802448    3.9649    9.1065  -0.985    3
51891.250   -0.113715736198    0.240400796869    0.3343    0.6136  -0.317    6
51919.251    0.573215883512   -0.010800000894    0.4797    1.1019  -0.521    5
51947.251    0.152268916505   -1.040299200383    0.8399    2.2048  -0.895    4
51975.247   -0.592940761719    0.785203198461    0.6181    1.7340  -0.527    4
51995.223    0.129258936963   -1.915498802774    0.4927    1.9920  -0.670    3
51996.249    0.412877680117   -0.090698402389    0.3860    0.9624  -0.734    6
52003.247   -0.623575205717    0.617900399646    0.9681    2.2266  -0.908    4
52017.251   -0.612518554964   -0.157500000242    1.1788    3.0298  -0.949    4
53108.205    0.107590254032   -0.483897600390    0.1903    0.2308  -0.137   58
53122.205    0.000000000000    0.506001599021    0.1612    0.4892   0.129   27
53458.206    0.387923895851    0.262400399009    0.2770    0.3373   0.249   15
53488.251   -0.503432784262    0.088901999362    0.1833    0.1788   0.000  148
53535.204   -0.481764101330    0.309801598775    0.2959    0.3229  -0.154   18
53801.205    0.025703377341    0.561700797874    0.1983    0.2335   0.076   23
53871.205    0.836216739901    1.033199999156    0.4585    0.5169   0.025   12
54076.249   -0.203822552289   -0.022197600558    0.1256    0.3839   0.558  102
54208.207    0.199339671756    0.691801198727    0.1839    0.1879   0.164   39
54501.206    0.236250352361   -0.110998800551    0.2151    0.3192   0.015   21
54579.209   -0.571723934390    0.139003199351    0.3206    0.2431  -0.131   13
54657.249    0.281230217925    0.622601998757    0.1674    0.2938   0.003   74
54937.249    0.322024838499    1.016200797110    0.4388    0.8750   0.314   13
54965.249   -1.367142384238   -1.228298400591    0.1147    0.4886   0.023  215
55154.248    0.238043504574    0.313001998720    0.0987    0.1541   0.039   92
55349.207   -0.486548286885    0.397501199956    0.1807    0.1783  -0.047   25
55413.250    0.241030868436    0.140702396934    0.1148    0.2794  -0.173  131
55418.207   -0.022862894580    0.314600396933    0.3473    0.5685  -0.530   11
55505.271    0.142406477401    0.105202796874    0.4518    0.5740  -0.187   20
55538.228   -0.005978397204    0.160102798219    0.1014    0.1552   0.221  184
55754.208    0.012103879370   -0.404899202167    0.2447    0.4121  -0.023   31
55848.270   -0.219365753054    0.638600398162    0.2655    0.4325  -0.092   48
55889.295    0.602057277226   -2.208999600839    0.6237    0.6936  -0.239   19
55911.269    0.309171467984    0.781001999073    0.2898    0.6705   0.221   29
56007.541   -0.659141022162    2.173003198180    0.8659    3.6164  -0.218    7
56063.242    0.533619042136   -2.118798001050    1.5540    3.7940   0.057   22
56075.540    0.528386568528   -0.482896800946    3.7524    2.2872  -0.233    4
56111.543   -0.167510812249    0.441802799145    0.4809    0.7652   0.439   24
56189.228   -0.083533045872   -1.845097201425    0.9111    1.5697   0.290   13
56349.207    0.079946741446   -0.502398001601    0.3435    0.5412  -0.283    7
56450.268    1.566037335490   -0.299296801742    1.3367    0.9043  -0.648    5
56454.206    0.011357955774   -0.316800000633    0.1968    0.4262  -0.222   25
56531.208   -0.050807712188    0.786599997937    0.3106    0.2390   0.291    7
56626.286   -0.117302040624    1.959299999044    0.4399    1.0466   0.244    6
56628.225   -0.983852021432   -3.260599201838    0.8749    3.7076   0.848    3
56630.230   -1.111317806181   -0.465699600483    1.0778    1.6350  -0.206    6
56632.269   -0.648830295005    1.628503197892    0.4995    1.3078   0.290    5
56634.263    0.756269998456    1.085000399925    0.5588    1.8038  -0.229    3
56636.257   -0.486548286885    3.186403198896    0.3749    1.0758   0.179    5
56638.251   -1.954556604355   -1.370998802486    0.5320    1.4332   0.438    6
56641.243   -2.543315586702    3.231701997208    0.4335    1.4331   0.500    5
56686.209   -0.107141965978    0.129902399237    0.2284    0.1772  -0.026   18
56901.794    3.760728232175   20.634101998240    3.0415   17.6149   0.994    3
56975.271    0.234159462675    0.043401599115    0.1644    0.2635   0.030   57
57037.250    0.321576550446   -1.980097203003    0.3830    0.8128  -0.246   56
57038.269   -0.946346069742    0.404099998264    0.2698    0.1951   0.105   33
57043.208   -0.310369247183   -1.870200001264    0.1115    0.1219  -0.025   51
57049.209   -0.397635682443    1.268301598145    0.1633    0.3465   0.025   25
57102.499    7.393693044057   -4.248399600115    0.6903    0.7052  -0.206    6
57163.251    1.124020728046    0.082101599119    2.1290    2.6965  -0.963    4
57281.584  121.172495053315  -66.310498800703   75.8771   76.2115  -0.676   11
57324.249  230.234213236592   17.594200797078   43.2471   41.0705  -0.457   14
57350.584 -522.452228620721  328.202503197161   39.2265   34.6291  -0.586   36
57352.626 -142.945928978978 -150.789099600246   68.8217   72.0702  -0.824   13
57401.233   -8.443297139808   13.279701597568    0.2094    0.2868  -0.092   22
57520.253   -6.093794581330  -48.073399200632    0.9785    1.5645   0.085    8
57661.269   -5.198553859319    3.213899997334    0.1704    0.3444  -0.115   41
57735.207    1.494758821499    0.652903197107    0.2677    0.1244   0.223   82
57772.228   -8.327935234429   10.094000397132    0.3834    0.5920  -0.162   62
57849.249   -1.128951896633   -1.836399601984    1.3435    0.9903   0.089    5
57855.228 -121.789345938232   27.607802399388    0.5086    0.6098  -0.090   46
57872.197    0.368346102605   -0.617198401187    0.1122    0.1987  -0.037  118
57875.189   -0.339956564493   -0.369496801156    0.1649    0.2389   0.174   79
57901.417   -0.702324167964   -0.544899600641    0.1001    0.1812  -0.170  193
58036.001    0.762248395660   -2.271297601197    0.2787    0.5557  -0.081   54
58128.230    1.011499203497   -3.472200002719    0.3244    0.6722  -0.046   37
58159.408    0.179166505495    1.106200798162    0.1874    0.3555  -0.304   28
58203.797    0.702772456017    1.108702799968    0.4985    0.6953  -0.300   28
58221.270    2.813933874379   -0.744796800234    0.2914    0.3135  -0.374    5
58279.305    0.281230217925    2.355602397941    0.1417    0.2611  -0.244   44
58301.297   -0.287205047580    0.583401599030    0.1084    0.2089   0.069  122
58305.026   -0.626713324020    0.668300397422    0.2205    0.4105   0.475   28
58326.959    0.445900751273    0.007901999055    0.1756    0.3161   0.020   28
58632.210    0.298713655866    0.062503199416    0.2882    0.4214  -0.520   12
58708.207   -0.158096661198   -0.583599600645    0.2169    0.2197  -0.032   30
58820.207    0.119245947279   -0.381898800583    0.7871    0.4142  -0.259   12
58996.207    0.837113316008   -0.460598401020    0.4273    0.4037   0.186   25
59073.209    0.464133680358    1.901203198074    1.4446    0.3449  -0.070   15
59136.207   -0.025703275411   -0.293198403156    0.0839    0.1499  -0.098  107
59212.208    3.924204553873   33.475499997593    0.5808    3.2085   0.687    5
59271.737    0.222952159411   -0.034200002830    0.1333    0.2030  -0.259   64
59373.207    1.076053396688    0.171500397883    0.4050    0.3299  -0.159   16
59465.206    0.158096763128    0.327599998329    0.1214    0.2676   0.093   65
59527.207    0.599966387541    0.373701597667    0.2368    0.2433  -0.073   35
59590.209    0.238642445138   -0.122198401797    0.1926    0.2171  -0.161  103
59600.250    0.108784567611   -0.667800000898    0.0534    0.1894  -0.790  120
59653.207    0.229823565173   -0.310899600464    0.2417    0.2529  -0.074   41
59656.250    0.125224344483   -0.330598802734    0.0560    0.1777  -0.482   72
