%-----------------------------------------------------------------------------
%                R.A. (mas)        Dec. (mas)        Err. (mas)     Corr. Del.
% Uncertainty in R.A. is in R.A. cos(Dec.)!!!!
%-----------------------------------------------------------------------------
48787.411    8.484652023343   -0.944801999836    8.3930    4.0986   0.492    4
49184.423    2.049625793619   12.403198800826    0.4933    1.3382  -0.128   22
49554.333   -0.227552499559    5.808898801973    0.8990    2.6477  -0.264    6
49914.167    0.992082710716    0.878000401983    0.4061    0.8473  -0.056  113
50324.335   -2.383644900739   -1.836399598787    1.4762    1.7255   0.620    3
50413.168    0.398445024006    0.001400399796    1.8467    2.1401  -0.435    4
50458.831    0.092305046710   -0.184301997663    0.2058    0.3117  -0.052   98
50765.338    0.050103542482    0.406497600380    0.9932    0.8060  -0.166   10
51841.083    0.522809234035   -2.639699997786    0.0857    0.2617  -0.411   37
52711.248    0.619437530863    0.416498400568    0.0596    0.2144  -0.269  154
53185.207    0.526087348633   -0.604601997267    0.1955    0.7114  -0.074   27
53283.207    0.380550879895    0.398998801998    0.2612    0.2502   0.039   20
53542.206    0.125112130366    0.531100801737    0.3252    0.3213  -0.183   17
53642.248    0.151505998016   -3.904200000093    0.2620    0.4998  -0.366   51
53878.207   -0.101248558694    0.972597602455    0.4162    0.4633  -0.402    6
54011.205   -2.483107625438  -12.089401198523    1.6249   12.2421   0.986    6
54214.208   -0.625993963493   -0.369899998631    0.3958    1.1689   0.784   21
54292.229   -0.140916308589    0.750700800722    0.2229    0.2996  -0.255  120
54585.207   -0.162088669015    0.518198402588    0.3663    0.4503  -0.352    9
54608.250   -1.345785356015   -0.109501198509    0.4164    1.0337  -0.005   14
54803.228   -1.306568514709    0.584200802933    0.7834    1.0367  -0.034    7
54872.205   -0.181625430498    0.983098802365    0.3878    0.9953   0.177    6
54956.209   -0.681465789894    5.248299602911    1.8334    4.6834   0.746    3
55042.251   -0.454958324138   -0.190501198816    0.3463    0.4886  -0.159   33
55112.251    0.135548024669   -0.302201997826    0.1684    0.3435  -0.194   86
55168.252   -0.028777386931   -0.052901999581    0.1123    0.2626  -0.370  138
55414.269    0.532651003124   -0.796100398404    0.5725    0.9639  -0.151    7
55582.270   -0.115714251438   -1.577001598108    0.4800    1.7361   0.001    6
55645.272    0.007755261557    0.055598402682    0.2994    0.7322  -0.234   18
55663.209    2.265099781504    1.053597602763    1.9032    1.5110  -0.580    3
55698.207    0.669240399807    0.130798802189    2.4507    7.1100   0.943    4
55740.207   -4.599686071847   18.073098000571    4.2825   14.3183  -0.910    5
55792.270    0.711592240805    1.366300800498    0.8295    1.1549  -0.136    9
55845.206    0.141363555390    0.517899601604    0.3257    0.5136  -0.106   30
55853.271   -0.535181197385    0.781797602656    0.6298    0.7496  -0.246   23
55917.270    1.717539398907   -0.783399597992    0.8807    1.2729  -0.248    8
55925.269   -1.606742624516   -3.398299197244    0.6149    1.4682   0.568    4
55932.271    6.092951187510   -7.115900400123   16.5779   14.4813  -0.997    3
55966.250   -0.087233876255    0.407199602037    0.1190    0.2239  -0.401  126
56009.273   -0.173125706960    1.107298799852    0.4178    0.7770  -0.221   13
56058.267    0.133758630601   -0.194500799466    0.2014    0.4357  -0.325   53
56132.208    0.817912071670   -0.350402398297    0.7501    0.4107  -0.281    4
56146.208    0.103191849602    0.554198402369    0.4216    0.3701   0.088   21
56170.271    0.232029544801    1.706997602469    0.7674    1.3003   0.635    6
56198.271    1.416023345266    1.356199200941    0.8367    2.8336   0.266    3
56204.250   -0.350127315520    0.071398800472    0.1613    0.2592  -0.313   84
56212.271   -0.052487061763   -0.105800398842    0.2564    0.4438  -0.210   40
56268.271   -1.238420593064   -0.445600797860    0.8937    1.9849  -0.107    5
56373.270   -0.675650157458    1.121698801043    0.6203    1.0043  -0.759    7
56441.206    4.274163229910   -2.299201197431    1.7463    0.9668  -0.604    4
56492.272    0.165223668707   -0.973202398669    0.7853    1.3488  -0.454    8
56506.272    0.350578224109    0.719100001945    0.3638    0.9108  -0.349   16
56709.271   -0.259761999646    1.466200802369    1.6100    0.8074  -0.017   10
56743.250   -0.280490469911   -0.419601598267    0.3190    0.9785  -0.265   13
56751.271   -0.004172913349    0.108698400680    0.4353    0.6046  -0.035   18
56849.267   -0.925273274549    0.237999600827    0.5030    0.5485  -0.126   14
56884.269   -0.433037941658    1.202598001981    0.3993    1.3402  -0.164   10
57003.271   -0.338646387415    0.555498002797    0.4802    0.6982   0.515   10
57073.271   -1.083636277016    0.309499200668    0.5125    0.4612  -0.656    7
57114.274   -2.709765427963   -0.389001598933    1.8212    0.7488   0.617    8
57122.270   -0.276611109955   -0.090302399158    0.2846    0.2648  -0.201   23
57129.272   -0.952561839233   -0.227599197089    0.4371    0.9753  -0.021    6
57136.273    0.272885443406   -0.441100797488    0.6402    0.8500   0.246    7
57156.760  398.941574146659  -61.682299197940   99.8567   74.4296  -0.405    3
57164.270   10.760337934202    5.854399202221    4.7817    2.0312   0.501    3
57192.270    0.148821906915    2.948698801930    2.1719    1.3582   0.244    3
57199.272   -0.784059954211    0.313700400056    0.5253    0.4735  -0.402    5
57205.269   -0.100951546945    0.991699202757    0.6043    0.9268   0.135    7
57213.272  -37.818048304037  -25.540001998081    1.7352    1.7488   0.890    4
57220.270   -5.545838255146   12.320200801952    0.9192    1.0307  -0.117    6
57227.272   -0.351172349322   -0.097599598803    0.3776    0.3288  -0.013   38
57290.270   -0.438255888809    1.464199200285    0.4253    2.2404  -0.470    5
57359.251    0.594385708764    0.356799601064    0.0874    0.1684  -0.024   91
57367.268    0.004623821938    2.507400002827    0.2063    0.5306  -0.463   20
57395.272    0.194151290690   -4.949100000218    0.6714    0.4330  -0.301    6
57549.269   -0.159554812966   -1.537599599644    1.1413    0.7882  -0.552    3
57624.229    1.285993839568   -1.043402398082    1.8216    0.7442   0.775    5
57654.271    3.046475542897   -4.584099599114    0.7833    0.8637  -0.274    3
57658.208   22.599541648502  -39.910899599604    2.4208    4.9815  -0.801    3
57723.248   -0.082162705800    0.055400401067    0.0947    0.1613  -0.098  181
57737.270    0.246792249293    0.364798802366    0.5910    0.3924   0.527    5
57843.270   -0.294805825887    2.502597601151    0.3286    0.1720  -0.158   33
57850.271   -2.596735369343    0.484099202325    0.5877    0.2454  -0.434    9
57862.208    0.230984510998    1.310698800694    0.2937    0.6474   0.058   11
57871.270    0.543684480996   -0.516099598258    0.1780    0.4291  -0.374   27
57955.270   -2.551702997316    3.703698001090    0.1443    0.1685  -0.130   54
57962.272   -1.652222345059   19.271098799933    0.3816    0.4603  -0.276   13
57969.270    0.603780129336    1.114898400800    1.2763    0.6460   0.416    4
57994.209    1.955681689609   -1.186300798395    7.8865    1.9290   0.990    4
58011.270    0.636436876224   -7.851002398596    0.1170    0.2800  -0.111   49
58072.226   -2.755842732075   -0.393699597723    1.2204    1.0505  -0.022    6
58081.000    0.360717004947   -1.006001998505    1.9306    3.0973  -0.759   23
58106.209    5.338119528819   -0.716900398245    2.2824    0.3793  -0.247    3
58109.000    0.944960372800   -4.585600798279    1.6896    2.4772  -0.024   16
58162.206  -18.937805048164   37.147298402118    2.5073    5.2344  -0.920    3
58246.082    0.268265181540    0.125899201464    0.2121    0.7712  -0.199   28
58291.271   -0.332977531674    1.226397601073    0.4721    0.5432   0.615   13
58368.269    0.050998239516   -1.186502397132    0.6009    1.5154   0.427    6
58431.271    4.113266371393   -6.077501999258    5.6194    3.2066  -0.780    4
58494.386   -0.418125002113    0.673099201975    0.4306    0.5197  -0.361   14
58561.209    0.009694992393    0.083898002146    0.6936    1.0424  -0.880   11
58561.209   -0.546812462259   -0.546101998822    0.0527    0.1110   0.062  413
58575.209   -0.102891277782    0.722300401890    0.0873    0.1303   0.012  350
58578.269    0.028931182056    0.713897999916    0.6283    0.5424  -0.572    4
58687.209   -0.384423221423    0.165499201543    0.3763    0.5365  -0.167   24
58704.270   -0.117206532041   -0.122201998920    0.6226    0.8402   0.144    7
58739.272    0.612129516106   -0.433000800015    0.2174    0.1792   0.028  103
58767.272    2.695453632059   -1.517399997653    1.3730    0.4794  -0.319    3
58809.272   -0.733659399981   -0.098701197615    1.0576    1.2647   0.166    8
58862.207   -0.077689220630   -0.198399597551    0.1577    0.1540   0.081   86
58925.209   -0.173719832173   -0.218800798280    0.2085    0.3075  -0.345   23
58925.250   -1.712167656631    1.691100002432    0.5491    0.9448  -0.938   13
58967.210   -0.324331133155    1.740398401395    0.9133    1.9560   0.815    6
58974.208    0.256931030131    0.077500802576    0.1155    0.2006  -0.027  162
59051.210   -0.405448805153   -0.611301598141    0.6069    0.2670   0.373   12
59058.208   -3.853647588371    1.189000801816    1.3266    3.2518   0.645    3
59086.208    0.415143797546   -0.813999597327    0.2971    0.2989  -0.168   11
59093.206    0.218608987576   -0.918601198308    0.4264    0.2033   0.452   77
59152.249   -1.894093658950    0.625500000595    0.2442    0.3936  -0.338   14
59152.271   -0.163283937870    0.130899601558    1.3913    0.3106   0.480   10
59159.269    3.195594563276    0.660798001917    1.2751    0.3625   0.522    7
59172.250    0.136890070220   -0.104799599399    0.0704    0.1424  -0.203  211
59184.208   -1.581987814165    1.089198002191    2.0496    0.4809   0.391   13
59236.249    0.450037388735   -1.442501999449    0.0790    0.4095   0.419   16
59247.250    0.665661611672   -0.438001200109    0.1058    0.2874   0.280   18
59262.248    0.626741883830   -0.756399598956    0.0601    0.1918  -0.028   50
59271.269    0.758116995151    0.108698400680    0.5567    0.4712   0.188    4
59278.249   -0.424835331584    0.856800000548    0.0877    0.3947  -0.692   24
59278.271   -2.936276453791   -2.302599598991    8.8759    3.0985   0.873    8
59289.250   -4.644421432125    6.426399601267    0.0557    0.0755  -0.788   59
59305.270   -3.918814508882   -0.988300797999    4.1451    0.8474   0.796    3
59320.249   -0.946599531816   -0.152402397902    0.1104    0.1691  -0.819   29
59334.249   -0.134055642350   -6.581401200023    0.0442    0.1016  -0.720   34
59348.249   -1.373521269216    5.966697600002    0.2547    1.2066  -0.559    7
59362.249    0.602885432302    0.669499201678    6.1892    1.7706   0.920    7
59368.228    0.089620955609    2.397898801121    0.5923    0.5894   0.052    9
59383.269   -0.260656696680    0.434998801779    0.3468    0.3364  -0.046   15
59390.271   -0.312399296461   -0.746499598137    0.2077    0.2971  -0.179   39
59402.208   -0.270348129001    1.006099200751    0.1910    0.2387  -0.154   31
59415.207    0.495520669351    0.268300802375    0.2142    0.2220   0.010   18
59416.230   -1.373224155751   -0.372099599133    0.3186    0.3845  -0.090   63
59418.249  -40.465484799431   46.361098799963   10.0553   10.3783  -0.995    5
59431.249   -1.200696134077    4.272498000191    0.4358    1.9153  -0.840   12
59437.210    0.124514445081   -0.295901997305    0.1941    0.2514  -0.195   38
59457.207   -0.082012369032    0.130298402468    0.1618    0.2180   0.036   55
59487.249    3.131623013336    1.980799201462    1.1932    1.1873   0.132    3
59509.270    0.490152385431    3.331098002235    0.6467    0.4588  -0.185    4
59523.270    0.769000237970    0.857397602516    0.3689    0.3533  -0.003   17
59530.272   -0.280787583376    0.237700799843    0.4254    0.2925   0.184   14
59555.207    0.172531581746    0.107697601237    0.1350    0.2819  -0.121   53
59578.269    0.456747616489    0.014997599962    0.2769    0.3729   0.124   22
59593.248   -0.273332893640    0.314298002024    0.0498    0.4353   0.119   26
59598.208    0.291377272803   -0.232700399749    0.2439    0.2573   0.011   14
59628.250    0.371603807839   -0.966002398073    0.0405    0.0982  -0.543   66
59635.248   -0.341330580233   -0.171302399465    0.0502    0.1233  -0.361   38
59639.207    0.072023823246   -0.944099998179    0.2336    0.4396  -0.089   31
59642.250   -0.209658355448   -0.235400399973    0.0400    0.0717  -0.699   60
59646.209    0.195493336241   -0.084301199621    0.2899    0.2202   0.173   34
59649.248   -0.296595219955    0.065300401886    0.1253    0.2545  -0.391   39
59670.272   -2.366198105145   -0.264099599789    2.4915    0.6059   0.889   11
59674.209    0.185801903920   -0.097002000032    0.2868    0.3418   0.124   15
59698.272    1.087368961993    1.129798801713    0.3948    0.5299   0.117    8
59719.270    0.000000000000    0.948398399814    0.3728    0.4627   0.300   11
59726.250    0.166565714257   -0.944499598532    0.2707    2.3311  -0.909    8
59733.248    1.221274369290    1.931000402777    0.4195    1.0827   0.623   17
59740.250    0.851760527340   -0.357602398893    0.0813    0.1841  -0.271   48
59747.248   -0.375329372671   -1.170601199973    0.0727    0.1274  -0.182   79
59752.208    0.804341075960   -0.518299198760    0.3422    0.1901   0.274   40
59761.270   -0.444669104815    0.119700000312    1.1827    0.6982   0.700    3
59765.208   -0.042348280925   -0.410799599138    0.1401    0.1367   0.052  153
59767.271   -0.770342283521   -0.188999999651    0.3747    0.3529  -0.233   12
59775.270    0.183715396387    0.067600801756    0.4759    0.4196   0.061    7
59803.248   -1.211729713666   -0.940201200095    0.7159    0.6931  -0.444   17
59808.209   -0.717404313169   -0.629999997770    0.4718    0.3196   0.559   43
59810.272   -0.121232770410   -0.682300798260    0.6516    0.5016   0.334   15
59814.210    0.644041902729    0.525600001922    0.6062    1.3085   0.697    6
59838.269    0.116612406828   -0.434300397245    0.3798    0.2893   0.076   18
59842.210    0.443627631085   -0.314402398516    0.3768    0.3412   0.092   10
59852.269    0.097673330630    0.088300800272    0.3157    0.3103   0.053   19
59857.207    0.479712931056    0.061099202497    0.4062    0.1733   0.212  103
59877.208    0.898285281686   -0.365500797628    0.3126    0.3469   0.207   13
59879.250   -0.188783108486   -0.869399998393    0.3169    0.3575   0.082   26
59915.271   -0.009093848752   -0.104201997431    0.2901    0.3203  -0.114   11
59922.269    0.186249252437    0.000000000000    0.1998    0.2393   0.161   33
59928.270   -0.245743655419   -0.027799199742    0.5301    0.2320   0.237   17
59935.272    1.049193696133   -0.598399198992    0.2777    0.1929  -0.128   26
59949.268    0.445417126869    0.142398000591    0.9255    0.4126   0.162   19
59968.206    0.899330315488   -0.360399598165    0.3130    0.3050  -0.065   13
59971.271    0.195045987724   -0.075499197294    0.2344    0.1852   0.063   31
59978.269    0.998492468366   -0.440999998119    0.4320    0.3401   0.087   20
59984.248   -0.008796735287    0.636800401210    0.5820    2.4257   0.835   19
59985.271    0.265581090439   -0.541101598728    0.4275    0.4275   0.026   18
60069.271    0.456153592993    0.495799200095    2.1770    0.5618   0.709   13
60188.269   -0.433037941658    0.241300800141    0.5448    0.3028  -0.096   14
60227.209   -1.135529315282    4.495197602949   16.0713   16.2054   0.977    3
60235.211    0.393821100352   -0.184301997663    0.4896    0.2143   0.167   37
60237.271   -0.067550338076   -0.059601597258    1.1301    0.2907   0.328   22
60251.271   -2.625662991326   -0.772300799312    4.2997    0.5982  -0.667    6
60276.207   30.953566480863   -3.480199197625   17.1863    1.1283  -0.720    4
