%-----------------------------------------------------------------------------
%                R.A. (mas)        Dec. (mas)        Err. (mas)     Corr. Del.
% Uncertainty in R.A. is in R.A. cos(Dec.)!!!!
%-----------------------------------------------------------------------------
50084.998   -0.037890622069   -0.587098804772    0.2051    0.3784   0.092  109
50155.831    0.110764560372   -1.485201593709    0.3923    0.7106   0.746  117
52964.271    0.052961223187    0.115599600292    0.1353    0.2103  -0.082   55
52968.205    0.172022858237    0.222901198299    0.2758    0.3065   0.206   16
54482.250    0.241996187829   -1.000101595139    0.5258    0.8653  -0.475    8
54608.250    0.049921201134   -1.283399997476    0.2490    0.5585  -0.114   18
54803.228    0.833706499010    0.278701196521    0.4215    0.6230  -0.426    5
54865.207    0.441813897235   -0.322898392824    0.3098    0.3371  -0.430   17
54880.208   -0.332154362099    0.562701603712    0.1861    0.2563  -0.082   30
54881.249    0.073703721232   -0.339400801863    0.4501    0.5198  -0.001   23
54901.206   -0.038026639686    0.770000396244    0.1482    0.2997  -0.101   37
54928.206   -0.385809256271   -0.159098398456    0.2333    0.2636  -0.004   40
54936.208    0.125559730530   -0.158101192937    0.1356    0.2663  -0.205   48
54963.208    0.138834936825   -0.338198397287    0.2183    0.2731   0.123   17
54965.249   -1.145536603090   -1.266199203087    0.1250    0.4793  -0.104  226
54991.208   -0.073703626906    0.231299996756    0.1757    0.2969  -0.011   17
55047.208    0.199127339819    0.432601206057    4.3874    3.1933  -0.987    3
55082.001   -0.674819433726    3.468898806602    0.5570    1.6883  -0.341    6
55089.208   -0.314040437530    0.947599195911    0.2439    0.3597  -0.052   11
55112.251    0.133996124225    0.124200003881    0.1319    0.2203  -0.456  216
55138.206   -0.021986936624    0.052898396063    0.2349    0.2721  -0.161   34
55154.248    0.087533090844    0.651801595097    0.0868    0.1396  -0.195  183
55161.998   -1.559001391513   -3.352399203038    1.0930    1.9962   0.130  116
55173.208   -0.122519708477   -0.135799199086    0.1243    0.1677  -0.163   73
55182.248   -0.108275494564   -0.038300396454    0.1848    0.4347  -0.154   32
55194.206   -0.078267008547    0.569599203004    0.2716    0.4536  -0.380    9
55208.206    0.075641830795    0.527399998873    0.1527    0.5397   0.124  109
55214.996    1.241366674287    4.206599996337    1.0072    1.2186   0.305   15
55222.206   -0.009816944217   -0.175201203945    0.1757    0.4087  -0.182   45
55224.248   -0.300489800275    1.194400802262    0.2352    0.8836  -0.260   19
55236.206   -0.590469079675   -0.165999604462    0.3650    0.9140  -0.508   57
55257.208    0.151834617835    0.283701599813    0.2166    0.2179  -0.152   22
55271.208    0.716168223547    2.677100397364    0.2757    1.3803  -0.589   11
55285.208    0.082554864902    0.014500797363    0.1072    0.1723   0.041   85
55299.208    0.582032685980    0.103100401816    0.3530    0.8423  -0.344   44
55313.208    0.004838812600   -0.143999999125    0.2134    0.3029  -0.099   36
55327.208    0.239782552981    0.917899203046    0.2860    0.5417   0.049    8
55342.209   -0.359534463292    0.035398807086    0.1726    0.3653   0.042   51
55362.207    0.044664242834    0.109501195311    0.1849    0.3238  -0.154   31
55371.250   -0.274215007296   -1.311699600137    0.1633    0.3522   0.253  230
55397.209   -0.012169992407    1.743800406473    0.4677    1.0607  -0.430   39
55400.269    0.504316633678    0.121701599198    0.4287    0.6529   0.430   23
55407.271   -0.310031313532    1.731700798757    0.5340    1.3288   0.248   10
55411.209   -0.200926130366    0.171601203647    0.2365    0.4035  -0.373   27
55414.269   -0.212956803757    0.189899999725    0.3816    0.5880  -0.108    9
55435.271    0.174097079744    0.114800405981    0.4437    0.6526  -0.191   22
55442.269    0.405031696127    0.377600402146    0.5667    0.6007   0.337    9
55477.268    0.186821329794   -0.704998798540    0.2045    0.4191  -0.032   31
55483.229   -0.202861032857   -0.540799200621    0.2250    0.3334  -0.194  207
55538.228    0.129157311625   -0.093999598505    0.1168    0.1494   0.193  200
55544.207   -0.098458550347    0.408499205662    0.2285    0.3896  -0.289   10
55547.271    0.233559794135    0.813700799540    0.4255    0.9793   0.324   15
55568.270    0.103157949605   -2.117498394227    0.2484    0.7564   0.057   18
55603.268    0.140079469729    0.285901197117    0.4274    0.7842   0.079   56
55615.230   -0.464076264818    0.227998803837    0.1958    0.2200   0.001   12
55616.249   -3.244116771199    0.247298399358    0.1204    0.1300  -0.129  237
55642.207   -0.234250069395    0.517298396119    0.5272    0.5834  -0.339   16
55650.228   -0.070663699179    0.240300003895    0.1353    0.1590  -0.043   70
55657.230    0.078821266190    0.263098803543    0.0690    0.1095  -0.110  304
55663.209   -0.065821585180    0.517899604802    0.3866    0.5520  -0.261    9
55665.247   -0.114773684369   -0.177400801249    0.1277    0.2957  -0.028   41
55666.270   -0.209359222662    0.142300801542    0.6400    0.8562   0.163   24
55671.270   -0.199817709405   -0.112298394583    0.2299    0.6162   0.201   16
55680.270    0.042039159408   -0.592300800406    0.8580    0.7945   0.011    3
55684.207    0.188201880316    0.068500801831    0.2699    0.4057  -0.335   16
55713.208    0.688648803338   -0.417898803562    0.4696    0.6027  -0.554    6
55727.208   -0.144782170386   -0.162601196507    0.2923    0.2606   0.053   24
55734.228    0.093065480104   -0.119599204140    0.2254    0.2580  -0.391   47
55736.270    0.066790687125    0.102700798266    0.4045    0.7346   0.139   29
55740.207   -0.064576957950   -0.090698392796    0.3557    0.4906  -0.070   33
55741.230    0.027380006867    0.195199197606    0.2107    0.1473   0.151  192
55743.268   -0.528656618492   -0.888001198973    0.9416    0.7929  -0.173   16
55755.230   -0.135380070471    0.051901203335    0.1602    0.2936   0.093   46
55775.209   -0.274905282557   -0.114400802431    0.1704    0.3538   0.140   51
55776.228    0.154323683643   -0.225201604565    0.1878    0.2492  -0.387  101
55782.208   -0.330219553934    0.440100001242    0.2803    0.3441  -0.142   18
55791.251   -0.747557354412    0.424900805740    0.7482    1.4489   0.159   13
55817.206    0.287075274964    0.263498407094    0.1568    0.2913   0.012   39
55841.272   -0.322752262184   -0.007599604146    0.2633    0.3909   0.060   23
55847.251   -0.086149144598   -0.002401202437    0.0770    0.1110  -0.100  232
55848.270   -0.132751591321    0.595900800704    0.2229    0.2805  -0.203   63
55853.271   -0.438495048498   -0.017701194110    0.3094    0.4994   0.039   24
55868.209   -0.000554257643   -0.176698796395    0.1480    0.2598  -0.108   28
55887.206   -0.928431356319   -0.296100002117    0.5358    0.5981   0.629   61
55894.208    0.010646727145    0.171298802343    0.1462    0.1908  -0.106   34
55895.231   -0.409595077767    0.059601603652    0.2347    0.3935  -0.155   65
55897.269    0.096384328840   -0.174200404501    0.3242    0.3138  -0.013   34
55902.229    0.061258203540    0.321998402342    0.1632    0.2561  -0.044   36
55911.269    0.212127115154   -0.091000794100    0.2580    0.4563   0.171   54
55939.269    0.281267454745    0.133801206914    0.3523    0.3542   0.100   13
55950.208    0.098319137005    0.172299601786    0.1683    0.2358  -0.205   52
55951.227   -0.074533409834    0.230799597034    0.1309    0.2395  -0.147   35
55964.208   -0.520359638139    0.783000007232    0.2627    0.3175  -0.632   13
55971.206    0.135516182414    0.287301600110    0.1363    0.1866  -0.206   68
55985.206    0.784754305495   -0.690199193798    0.4659    0.3953  -0.541   18
55988.267    0.444578394002    0.058399199077    0.5163    0.5874   0.092    5
55992.208    0.236878642871   -0.304401598328    0.1821    0.3389  -0.276   40
56000.207   -0.127219107736    0.044301599189    0.3634    0.7950  -0.339    9
56006.208    0.104266370566   -0.167500803627    0.3298    1.2401  -0.537    4
56030.271    0.236048954268    0.036298797568    0.1760    0.3913  -0.132   61
56034.208    0.067895806687    0.074098807090    0.1839    0.2141  -0.091   17
56062.208    0.466014468707   -0.674301600156    0.3470    0.5609   0.696   10
56072.271    0.210052799322   -0.255700804530    0.2277    0.4240   0.095   40
56079.269    0.179214624702    0.151099203549    0.2746    0.2654  -0.302   26
56084.207    0.103436681963   -0.539798401178    0.2045    0.2347  -0.011   34
56093.269    0.328835607688    0.233798401439    0.2847    0.3920  -0.242   22
56107.273   -0.233699207476   -0.739299603936    0.2062    0.2968   0.010   75
56114.271    0.699849788127    0.825001200155    0.3917    0.4188  -0.039   10
56121.269    0.190830359466    0.813301195990    0.5311    0.5484  -0.195   20
56125.207    0.090437000954   -0.603100801300    0.1210    0.1876  -0.074   54
56128.271   -0.422730776395   -0.432799204475    0.2827    0.3124   0.006   17
56142.271   -0.429507792884    0.896900397152    0.2683    0.5087   0.015   20
56149.269    1.228781837578   -1.433199594203    0.3445    0.4441  -0.255   21
56153.207   -0.167184045637    0.149000402416    0.1359    0.2896  -0.280   53
56162.250    0.061258203540    0.251398799378    0.1635    0.2493  -0.255  178
56170.271    0.096384328840   -0.336499199705    0.1793    0.3492  -0.178   50
56181.207    0.000829688603   -0.672699604820    0.1923    0.3226   0.302   98
56188.209    0.152110048795    0.074498397851    0.1516    0.3042  -0.237   50
56219.269    0.047983091570   -0.137001603662    0.3690    0.2870  -0.284   21
56223.207   -0.354005281105    0.765298800331    0.2570    0.7361   0.353    7
56230.209   -0.297861321125   -0.039200399726    0.2818    0.3045  -0.263   17
56233.269    0.000000000000   -0.124801199775    0.2346    0.3000  -0.237   14
56240.268    0.242825876432    0.472399194962    1.1120    0.8085   0.635   10
56244.209   -0.192350417655   -0.346499993498    0.1723    0.2792   0.049   66
56251.207   -0.089746725693   -0.208800004486    0.1439    0.1854   0.197   43
56258.205    0.279053819897   -0.011401196787    0.1110    0.1824   0.131   87
56268.271    0.058354293430    0.638798402974    0.3561    0.4672   0.120   18
56272.209   -0.060982772580   -0.150699599999    0.1718    0.2362  -0.114   41
56273.231    0.476106938209   -0.190501195618    0.2144    0.2189  -0.199   31
56275.270   -0.129017898283   -0.330998396691    0.1721    0.3588  -0.080   74
56280.540   -0.454813578244    1.318499997183    1.2986    1.5407  -0.077   16
56300.209   -0.007191766465    0.003398395165    0.1614    0.2410  -0.415   81
56313.540    1.006422933906   -0.344998794333    1.5898    2.3141  -0.170    5
56317.270   -0.116987319218   -0.084700796776    0.2988    0.4067  -0.232  112
56336.208    0.151144342574    0.000100796171    0.1810    0.2360  -0.093   34
56338.271   -0.011476321422   -1.088398798288    0.1844    0.3658   0.570   78
56349.207   -0.122934552779    0.640299602139    0.1840    0.2866  -0.242   22
56352.272    1.158672396043   -0.092498399340    0.5907    0.5379   0.270    7
56359.270    0.267437990807    0.533401201608    0.2558    0.4007   0.153   28
56366.272    0.298276259752   -1.010199603968    0.6249    0.8434   0.390    4
56373.270   -0.317498605283    0.493700402160    0.1517    0.3006  -0.278   70
56385.206   -0.121690019875    0.343198800579    0.2461    0.2715   0.046   73
56391.207   -0.132891004663    0.173199605058    0.1427    0.2169   0.157   89
56405.207   -0.324687164675   -0.025801197978    0.1760    0.2142   0.227   77
56408.268    0.448590819398   -0.782301596303    0.3676    0.6479  -0.224   41
56418.999    1.663128443063    4.414798804930    1.4817    5.8856   0.576    4
56420.208   -0.206594631569   -0.567601198043    0.4310    0.3993   0.274   43
56422.275   -0.160961286791   -0.283499994680    0.8119    2.8762  -0.783    4
56426.209   -0.699849693801    0.746499604531    0.4497    0.5024  -0.351    8
56434.208    0.138698824882   -0.059500794691    0.7282    0.5868   0.340    4
56447.207   -0.227061604329   -0.003600000298    0.4707    0.6275  -0.472    5
56461.207    0.245036209882    0.653000405748    0.2409    0.3741  -0.232   16
56468.206    1.030759617322    0.207601206625    0.5813    0.4130   0.005    3
56475.207   -0.024751527717   -0.053798399335    0.1433    0.1523   0.085   65
56482.206    0.053790911789   -0.253101603676    0.1803    0.2087   0.211   24
56490.208   -0.527412085588    0.113400002988    0.4110    0.3518   0.344    3
56496.209   -0.743408817072   -0.061099196103    0.2062    0.2289  -0.047   25
56498.251   -0.645365205352   -0.781200000688    0.2214    0.2640   0.300  135
56503.211   -0.947514382833    0.878399995941    0.8864    1.0151  -0.783    4
56506.272    0.045218500477    0.699299997109    0.2464    0.5264  -0.235   39
56517.207    0.634028202946   -0.858398395565    0.4531    0.4298   0.386    8
56524.209    0.376543268299    0.093700803916    0.2284    0.2028  -0.090   29
56526.251   -0.151559186876    0.974998795300    0.2723    0.4861   0.049   20
56611.270    0.388159003063   -0.285400797395    0.4491    0.6305  -0.289   18
56636.206   -0.146717072877    0.073699203540    0.2657    0.3670  -0.555   12
56657.208   -0.028763953113    0.560401197447    0.1603    0.3882  -0.387   54
56667.270   -0.033463352371    0.825098402402    0.2102    0.3555  -0.264   34
56671.208   -0.145057601346    0.930999597415    0.2736    0.4784  -0.364    6
56674.269    0.289703754114    0.812401205508    0.4217    0.4247  -0.135   17
56679.207   -0.350547113352    0.243399604472    0.2535    0.2305   0.201   14
56709.271    0.183087636756    0.536198400880    0.7340    0.6846  -0.493   12
56723.271    0.921239589854   -0.951501597513    0.5249    0.5728   0.502    3
56734.206   -0.231485572628    0.296798400257    0.3004    0.3049  -0.253    9
56737.271   -0.547324800705   -0.231598804135    1.1171    0.8848   0.028    5
56748.206   -0.047846979627   -0.195998404706    0.1736    0.2377  -0.479   26
56755.208    0.178384936099    0.000000000000    0.2134    0.3054   0.152   51
56758.272    0.112148506618    0.392299197927    0.1937    0.3846  -0.161   43
56770.209   -0.252367389689    0.040798801137    0.1852    0.2897  -0.253   14
56800.269   -0.320678040677    0.664999204503    0.4293    0.4308  -0.689   12
56805.207   -0.184883125905   -0.397400397389    0.2079    0.1716  -0.137   26
56828.269    0.013829369612    0.005799597602    0.2977    0.2490  -0.112   29
56848.248    4.608829541167   -7.145701195554    2.5190    3.5076  -0.602    4
56853.208   -0.342525658285    0.872899205717    1.0403    1.2311   0.745    3
56867.208    0.389542949309   -0.016199994946    0.2364    0.2718  -0.167   17
56881.208   -0.562395401823    2.304201603920    0.9101    2.7208   0.409   10
56884.269   -0.143537637482    0.046299604151    0.3474    0.3142   0.172    9
56905.271    0.591298768278    0.563601606984    0.6275    0.8701   0.444    5
56909.208   -0.497957762889    0.897800400423    0.3204    0.3475  -0.356   12
56912.269   -0.195947998750   -1.301500795137    0.3608    0.5338  -0.062   20
56930.207    0.120996443215    0.060001207203    0.2454    0.4466   0.010   12
56945.229    0.538198131749    1.293400804059    0.1764    0.1946   0.143  236
56961.271   -0.008436393695    0.645501597774    0.4629    0.5194   0.254    6
56965.209   -0.544142063912    0.372398406512    0.3765    0.2252   0.064   21
56972.207    0.114913097711   -3.197498394059    0.3088    0.6933  -0.272   23
56987.270   -0.098733981307   -0.042300000302    0.1505    0.2642  -0.151   38
57010.269   -0.311690785064   -1.282298401861    0.5784    1.5699  -0.575    5
57011.551    0.168982836184    0.610200005724    0.1787    0.3253  -0.117   45
57014.207    0.049642468776   -0.381599993204    0.5605    0.8276  -0.506   15
57046.458    0.092786747746    0.114998404399    0.1462    0.2249  -0.243  115
57059.271   -0.090851845255   -0.262299596443    0.3045    0.3703   0.545   45
57066.273   -0.097489448403    0.178700395281    0.1768    0.2088  -0.185   14
57073.271   -0.063056994087    0.173300401229    0.1559    0.1765  -0.177   58
57080.273    0.025305785360    0.229201195623    0.4895    0.2825  -0.098   16
57087.271   -0.085458869337    0.061200005064    0.2754    0.1990   0.199   27
57094.270   -0.505010210338   -0.400201203377    0.3974    0.4979   0.305   11
57101.271   -0.022677306210   -0.139899599105    0.2935    0.1974   0.126   36
57105.209    0.031253018921   -0.548301602521    0.1340    0.2524  -0.127   63
57108.270    0.077716146628   -0.538401604899    0.1521    0.2032   0.075   46
57112.207    0.563225090426    0.230500802445    0.1964    0.2403  -0.038   37
57114.274   -0.101223047115   -0.180201594446    0.2141    0.2462  -0.162   47
57120.206   -0.405997496673   -1.484899192405    0.3450    0.4614  -0.406   13
57122.270   -0.067620375727   -0.018000001489    0.1323    0.1573  -0.057   61
57126.207    0.892339524798   -1.122598794723    0.1993    0.2491  -0.153   27
57129.272    0.136760715319   -0.209800803930    0.2284    0.2111  -0.304   29
57136.273    1.900976093553   -0.301100392619    0.2705    0.2228  -0.065   33
57140.207    0.686299150872   -0.920998803622    0.2194    0.3134  -0.165   32
57142.271    0.021847617607   -0.045298804707    0.1950    0.2297  -0.189   21
57150.270   -0.041209376479   -0.135601200668    0.1363    0.1685  -0.116   54
57154.207    0.447067459810   -0.798001204316    0.1180    0.1772  -0.266   53
57157.268   -0.638037232618   -0.951699595930    1.4754    2.9778   0.315    4
57161.209    0.571936915080   -0.164901602773    0.1847    0.2746  -0.072   30
57164.270   -1.200017884465    0.178199995560    0.2794    0.2863  -0.448   23
57177.583  141.968134247732 -154.730901601852   75.0636   76.0735  -0.279    4
57178.270   -0.147961605781    0.356601596252    0.2130    0.3008   0.011   47
57184.581  172.334507330132  862.021699205684   91.4191  122.0075  -0.347    3
57185.268   -0.509709609596    0.351298804446    0.4259    0.4137  -0.258   18
57189.209   -0.424114722641    2.767600804532    0.3133    0.6625   0.018    8
57192.270    0.553132715250   -0.299199602694    0.3343    0.3433   0.148   17
57199.272   -0.207563733514   -0.176198396673    0.1993    0.1660  -0.024   63
57205.269    0.010231788518   -0.488699998868    0.4677    0.4208  -0.198    8
57210.207   -0.475141137662   -1.297400395117    0.2122    0.1669   0.040   45
57213.272   -1.401358859133    2.891998806831    0.3272    0.2514  -0.052   18
57220.270   -0.598902077646    5.075999997928    0.2156    0.2365   0.176   32
57227.272    0.190415515164   -0.060901197685    0.2243    0.2511   0.202  122
57237.999   -0.219730424522    0.294299995574    0.4763    1.2325  -0.112   40
57239.208    0.764151315117    0.610099196763    0.2396    0.2294   0.049   28
57246.206   10.665899214874    4.193899205518    0.4080    0.7641  -0.299    9
57248.270    0.020188240402   -0.111301201855    0.1499    0.1783  -0.094   43
57255.272    1.700049963187    0.731901604922    0.1810    0.1670   0.089   49
57259.209    0.038026734012   -0.402501596852    0.1770    0.1626  -0.166   55
57262.270    0.315284970434   -0.686098793778    0.1648    0.1817  -0.178   39
57267.230    8.210545873168    0.183301195023    1.9152    1.2414   0.299    5
57280.207    0.583416632226    1.431399600449    0.2404    0.2295  -0.242   17
57294.207   -1.596752600239   -0.531100795342    0.1738    0.1569  -0.196   31
57301.209    0.351101370996    0.083498404990    0.1700    0.2811  -0.436   22
57309.208    0.700125219086   -0.501598800895    0.1974    0.4439  -0.279    7
57315.209    0.368939864606   -0.338101195041    0.3019    0.4201   0.149   13
57330.206    3.966228926909   -0.641199592621    2.0656    0.3749  -0.457    3
57351.270   -0.944335041764    0.868499998319    0.1272    0.1647  -0.397   28
57365.227   -2.747542860230    1.712599201653    0.4325    0.8735  -0.155   20
57373.248    0.047292721984   -0.354999600916    1.2138    1.8547   0.246   15
57374.270    0.458132332655    0.514699195264    0.1643    0.2028  -0.070   41
57386.269    1.034493216034    1.860299997247    0.1316    0.1762  -0.058   60
57400.207    0.120860331272   -1.114401601399    0.1379    0.1628  -0.204   57
57402.270   -0.690998550130   -0.785800800429    0.2085    0.2589   0.278   46
57414.207    0.558246958809    0.036601198872    0.1092    0.1332  -0.100   75
57420.208    0.905614731093   -0.136400394979    0.1682    0.2039  -0.136   31
57430.270    0.865928619875    0.674099995024    0.2498    0.2860  -0.130   30
57434.208    0.573735705627   -0.951300005170    0.1363    0.2921   0.171   70
57458.270   -4.318989675110    0.761000401894    0.3749    0.4159  -0.086   13
57462.208   -0.365342283511   -0.676501197461    0.2747    0.3932   0.230   31
57485.251    0.133856710883    0.094399202055    0.3965    0.8898  -0.535  124
57500.271    3.467029932514   -4.261899594837    0.2373    0.2904  -0.010   92
57507.269   -1.796709628661   -0.110998800551    0.1174    0.1556  -0.188  158
57518.208   -0.091820947200   -0.392101199509    0.2770    0.3444   0.165   56
57528.271   -0.798723088449    0.638701200728    0.3458    0.3848  -0.184   24
57560.208    0.208393422116   -0.753400797748    0.1957    0.2603  -0.063   47
57567.206   -0.193458838616   -5.053701598001    0.2028    0.3690  -0.334   91
57570.271    1.288105138627    0.651801595097    0.1736    0.2690   0.225   53
57577.269   -6.456565584850    2.006398797505    0.6975    0.5628  -0.751   14
57596.229   -3.987940432573    6.515701207377    1.7363    1.1360   0.269   10
57612.271   -1.915631850369   -5.152298402322    0.6082    0.4292   0.496    4
57617.209    2.373764183025   -0.142498799960    0.3727    0.4800   0.202   18
57638.207    0.396180458131   -0.122900397059    0.1820    0.2599   0.230   42
57651.206   -0.474311449060    4.621899599044    0.2179    0.4433  -0.041   36
57661.269   -5.077608506642    4.464100807411    0.2294    0.3568   0.000   25
57666.207    0.006913034107   -1.129100397179    0.2994    0.2029   0.317   38
57682.271   -0.958715273296   -1.984899604679    0.4923    0.6264  -0.399    3
57686.208    1.183563337101    5.888998805403    0.2577    0.6040  -0.309   31
57743.209   -0.156258586134    0.402800404231    0.2751    0.4202  -0.338    4
57750.207    0.198158332200   -0.929199603661    1.0542    1.3459  -0.696    4
57765.248   -0.199402865104   -1.485601197260    0.2578    0.2762   0.108   19
57766.271 4716.509601159398 3458.919801600757    0.1602    0.3132   0.045   40
57778.229    0.346259256997    0.179798396971    0.2657    0.2402  -0.190   29
57780.271 1991.994851478493  241.273101606509    0.2017    0.2190   0.257   38
57785.231   -0.277948606009    1.728500402010    0.0896    0.1365  -0.165  248
57804.381   -0.165385255090   -0.465098398195    0.1463    0.2111  -0.176  107
57819.207   -0.387193202517   -4.869201605118    0.3744    0.4934  -0.122    4
57850.271   -0.364237163949   -0.178300804521    0.1668    0.1358   0.066   40
57864.271   -0.089607312351   -0.702201599267    0.2836    0.3258  -0.141   26
57869.228   -0.992042608049   -0.879400795384    0.3344    0.2738   0.110  255
57897.228   -1.409655839486    1.558299601356    1.1957    2.0204  -0.852    6
57919.271   -0.453290218657    0.064000798261    0.2764    0.2386   0.194   26
57927.270   -3.039596361137   -1.257800404630    0.2227    0.2454  -0.081   39
57932.230    2.254563228958    0.413100005403    1.3330    0.5811   0.245   21
57933.249    0.481914758428   -0.464500796227    0.1280    0.1720  -0.154  273
57939.228    0.296201943920   -2.108498399878    0.7442    1.5355  -0.229    6
57947.249    2.551873688164    0.711298795864    0.6176    0.3982   0.174    9
57948.268   -1.626346241955   -1.297799998667    0.1387    0.1519   0.114   65
57953.206   -1.448927106402    0.324799195539    0.2616    0.3000  -0.092   34
57966.209   -7.443905492242   -1.318600793354    3.7264    0.8378   0.857    5
57983.270   -0.858876172427    0.002300406265    0.1673    0.1695  -0.165   46
58008.209   -0.715199121603   -2.815300798886    0.4137    0.4815   0.088    9
58010.247    4.984546422262  -12.691400404208    9.0873   22.7874  -0.988    5
58011.270   -1.012645598427   -9.513900003810    0.1088    0.2186   0.144   59
58025.270   -2.913067528662   -2.000699996074    0.1458    0.2225   0.195   43
58050.209    2.132046821879    1.671998398933    0.3885    0.2455   0.058    9
58078.209   -1.271926116548   -5.561999999770    0.1538    0.2168   0.144   52
58086.497    0.888191081784    0.384199206849    0.0797    0.1191  -0.304  215
58088.498    0.330219553934   -0.339598800281    0.0754    0.1021  -0.336  261
58089.499    0.912112920898    0.542998797926    0.0695    0.0922  -0.078  296
58091.497    0.613421816845   -1.194199197130    0.0535    0.0966  -0.331  176
58092.498   -0.686299150872   -2.016399604088    0.0615    0.1104  -0.307  198
58093.499    0.418997177683    0.513799204782    0.0642    0.0843  -0.464  240
58094.496    0.503350833132   -1.690199992765    0.0633    0.1436  -0.133  191
58095.497   -0.375852898713   -0.551800793858    0.0846    0.1625   0.048  209
58096.497   -0.118507283082   -0.308300393215    0.0637    0.0848  -0.141  247
58097.498   -0.481085069825   -0.229600799173    0.0535    0.0771  -0.157  230
58098.499   -0.286935861622    0.204400797088    0.0537    0.0873  -0.218  275
58102.268   -0.362992631045    1.567198799535    0.2072    0.1866   0.006   47
58116.268   -0.140494314031    2.709698398462    0.2886    0.5799  -0.442   13
58121.207   -0.396180458131   -0.767800798940    1.0671    0.3084   0.678    6
58141.208   18.664181860944   -4.370299194534    2.7351    1.1713  -0.898    3
58155.208    0.273385318694   -0.076499996737    0.1595    0.1430  -0.022   46
58170.230   -0.613006972543   -1.017799195324    0.1215    0.3012   0.042  178
58176.209   -0.196223429709   -1.178398792945    0.1588    0.1396   0.023   63
58197.208    0.129847681212   -0.547099197945    0.1759    0.1475   0.299   70
58204.206    0.210188911265   -0.985798796194    0.3009    0.2127   0.115   17
58212.209    0.965352876443   -0.037598404390    0.3263    0.2605   0.107   27
58213.231   -0.057249079542    0.031701604541    0.0942    0.1542  -0.240  353
58218.206    0.614115487830    0.051501599785    0.2093    0.2158  -0.090   33
58245.742   -0.205904356308   -1.318100393632    0.1279    0.1708  -0.238  104
58261.207    0.373778677206   -0.045100793500    0.1784    0.1493   0.116   99
58270.269   -0.289288909813   -2.479100393771    0.3972    0.1890  -0.095   30
58326.269    0.024336683416   -0.151199999721    0.4517    0.2728  -0.003   21
58333.271   -1.720652953564    3.623399999242    0.6380    1.3398  -0.342    5
58337.208    7.808557500492   -1.452301204097    4.0729    4.3176   0.199    3
58352.231    0.229550764463   -0.004399194609    0.2327    0.2713  -0.016  234
58361.271   -0.754334276575   -0.321001196824    0.4137    0.3288   0.011   13
58365.208   -0.024615415774   -1.364698805162    0.4914    0.1707   0.033   34
58374.252    0.566407827219   -0.790498802417    0.1584    0.2378  -0.191  101
58375.271   -2.944041720899    2.326600800018    0.4001    0.5856  -0.100   48
58389.271   -0.239228295337   -0.393199201199    2.7725    0.5605   0.465    8
58403.271    0.108829752207   -0.416098797018    1.1837    0.5423   0.613    8
58422.271   -0.623517587745    0.446799602116    3.0078    0.9603   0.849    3
58436.227   -0.207563733514   -0.210599998240    0.3835    0.3966  -0.207   88
58452.269    0.348887736147    0.285501606356    0.2531    0.2593   0.642  217
58456.206    2.450511227708   -2.420600398523    0.4897    0.6786   0.466   24
58459.271    0.446101753590    0.155800799462    0.1765    0.1917  -0.241   67
58473.271    0.097628861744    0.092001606333    0.1450    0.1906  -0.164   92
58481.840   -3.228627930055    1.287201602906    0.3486    0.4865  -0.011   36
58486.208   -0.324272320373    0.094600807188    0.2269    0.2030   0.208   40
58487.271   -0.032082707524   -0.211100397962    0.3002    0.2884  -0.218   32
58498.207   -0.144227912743    0.738500396835    0.2219    0.2479  -0.096   20
58501.271   -0.098319137005   -0.300200402137    0.2437    0.3767  -0.084   48
58514.248    0.009541513257    0.742100397133    0.4893    0.6842   0.107    8
58515.271   -0.137314878636    0.048898805005    0.4641    0.3832   0.023   13
58522.269    0.763875789832   -0.221299202963    0.8551    0.9300  -0.897    4
58534.249   -0.389128105008   -0.828298799149    0.0755    0.1231  -0.175    3
58540.207    0.657950042061   -0.251701200682    0.2257    0.2366  -0.307   13
58547.249    0.824579830054   -2.116900805049    0.0970    0.1314   0.007    6
58575.209    0.297861321125    0.082101595922    0.1570    0.1690  -0.217   30
58578.269    0.493809319875    0.266799600013    0.5143    0.5041  -0.169    5
58585.271   -0.723771532915    0.266101201873    0.4653    0.3347   0.114   10
58606.269    0.202721619515   -0.289299605072    0.5004    0.4529  -0.232    5
58617.209    0.398254773963    0.087098405288    0.1917    0.1617  -0.046   20
58634.270   -0.197607375955   -0.539899197349    0.6800    1.0010  -0.699    4
58652.207   -3.539903870818   -4.740001197945    8.8093    9.9543   0.990    4
58683.271    0.247804102374   -0.281401193547    0.3242    0.2570  -0.029    9
58697.271   -0.467259001611   -0.002098801133    0.5529    0.5357   0.389    4
58704.270    0.343494760229    0.174801600394    0.2518    0.4100   0.244   29
58711.272    0.378896222164   -0.423799197335    0.3211    0.3176  -0.013    8
58732.270   -0.047017291024   -0.428799600627    0.2311    0.2544  -0.054   23
58767.272    0.505839993266   -0.095101194120    0.2477    0.1914   0.061   36
58774.270   -0.311826802681    0.328298399666    0.3970    0.2456  -0.126   12
58778.211   -0.547046068347   -0.642301201026    1.1402    0.7115  -0.373    3
58781.272   -0.405307127086    0.907199998323    0.5122    0.3970  -0.321   13
58787.269   -0.062917580745   -0.128599198490    0.3426    0.2965  -0.148   23
58795.272    0.091542214842   -0.167698802045    0.2606    0.2664   0.600   55
58802.270   -0.074533409834    0.115300805703    0.1247    0.2023  -0.058  127
58814.272   -0.076056675097   -0.138301197694    0.1681    0.2320  -0.034   43
58823.272    0.141463415975   -0.720399599174    0.2236    0.4218   0.022   90
58827.209    0.723635515297   -0.096098399638    0.4174    0.2744   0.072   24
58837.272   -0.351931059598    0.443901606673    0.2181    0.2125  -0.181   35
58844.248    0.183778006343   -1.957399196328    0.2024    0.7554   0.744    5
58844.270    0.456887799751    1.303200005509    0.3477    0.5690   0.238    8
58858.270    0.390512051253   -0.497901598351    0.3543    0.3497  -0.011   14
58865.272    0.276704073105   -0.627998402081    0.2732    0.3584   0.034   26
58872.270   -0.418306902422    0.055900807183    0.2326    0.1850  -0.065   34
58876.207    0.095139701611    0.140500794998    0.1747    0.1435  -0.118   62
58879.272   -0.011615734764   -0.093700803916    0.2141    0.1841  -0.071   40
58883.209    0.356630458857   -0.074401195604    0.2662    0.2163   0.017   31
58886.270   -0.147410649536    0.032101195302    0.2489    0.2413  -0.195   27
58890.208    0.707177666535   -1.448899202217    0.3487    0.2952  -0.325   12
58892.249    0.208114689758    0.042501605435    0.9991    1.4788  -0.018    7
58893.272    0.493115743216   -0.192398404408    1.3239    0.4383  -0.301    6
58928.270    0.225538339067   -0.646498803292    0.7253    0.7852   0.303    6
58935.268   -1.390297382012    0.211798796101    1.5923    2.2677   0.789    4
58954.207    0.538058718407    0.402699595270    0.1245    0.1774   0.411   77
58962.271    1.014580500917    0.126900000907    0.4916    0.2668   0.203   14
58969.270   -0.235358584682   -0.776401202529    0.8730    1.2206   0.336    6
58974.208    0.003179435395   -0.073000792611    0.1341    0.1731   0.021   85
59019.269   -1.807635088164   -0.679500001866    0.3511    0.2523   0.154   39
59032.271    0.171471901992    0.246999604769    0.4768    0.4001  -0.300    7
59038.229   -0.086842721258    0.222699605956    0.1063    0.2700  -0.042  315
59054.270    0.195808585408    0.111999599994    0.3033    0.3010  -0.063   26
59068.271    1.445472240047    0.102999605645    0.5305    0.5109   0.452   11
59081.252    0.027934264510   -0.135899995257    0.1140    0.1685  -0.178  188
59089.269    1.222973923034   -0.718599592631    0.4985    0.3841  -0.068   14
59093.206    0.814623472496   -0.485600398292    0.4843    0.2288   0.531   60
59130.250    0.017563062650   -0.397198805047    0.4565    0.2750   0.071   32
59178.207    0.378066533561   -0.239500796795    0.1815    0.1388   0.067   87
59198.208    0.171886746294   -0.138600005073    0.2866    0.3131   0.018   21
59219.206   -0.120581598914   -0.412300798303    0.7443    0.3966   0.177   28
59233.206    0.021847617607    0.125100007153    0.4833    0.3220   0.013   33
59240.208    0.280713197102    0.731001601650    0.2230    0.2423   0.151   91
59242.250   -0.332018344482    0.502599600338    0.1103    0.2110  -0.309  205
59296.187   -0.528792636110   -0.218001603969    0.3458    0.2730   0.113   48
59332.229   -1.779010548393    1.666598404881    0.3342    0.3725   0.238   19
59345.207   -0.447482304112   -0.401000397687    0.2476    0.2489   0.062   60
59355.269   -0.183502481057    0.499499999762    0.1812    0.2744  -0.064   43
59397.269    0.374883796768   -0.226501198597    0.1428    0.2013  -0.090   61
59402.208   -0.246005311827    0.791301603442    0.1542    0.2576  -0.263   60
59411.270   -0.220009156880    0.146001598011    0.2322    0.2367   0.108   23
59425.270   -0.312105629365    0.121500006856    0.1611    0.2099   0.002   52
59451.228   -0.046877877682   -0.823201193612    0.7289    0.6270  -0.046   11
59465.206   -0.034707885275    0.722599196479    0.1080    0.2091   0.035   75
59478.209   -0.241581343528    0.337899602698    0.1898    0.3238   0.027   39
59488.272   -0.238262494791    0.311198401448    0.1127    0.1845  -0.154   78
59495.270   -0.064716371292   -0.010198805001    0.1493    0.2625  -0.431   99
59509.270    1.006147502947    3.470400005767    0.2816    0.3149  -0.111   34
59542.208   -0.320263196376    0.088200000903    0.0879    0.1061   0.060  252
59543.249    1.237218231273   -0.490298400280    0.0651    0.1015  -0.097  253
59578.269    0.405861384730    1.201201199308    0.8634    1.6922   0.832    7
59604.209   -0.137869136279    0.468500400075    0.1480    0.2808  -0.087   34
59614.272   -0.266887128888   -0.572500805163    0.2017    0.2717   0.260  120
59621.270   -1.269991214058   -0.343900792643    0.1146    0.1650  -0.019  151
59653.207   -0.307678359668    0.777499204219    0.2709    0.4897  -0.425    9
59661.206   -0.495883541382   -0.071398797274    0.3001    0.2379  -0.006   29
59663.270   -0.316944347639   -0.157899600595    0.2540    0.2651   0.256  121
59674.209   -0.909902587448    0.302101204852    0.4542    0.4029  -0.003    9
59703.207    1.594538965391    0.396298801775    0.8921    0.4638   0.743   19
59754.268    0.553268732867    0.241700406889    0.2709    0.2998  -0.140   14
59766.230    0.850579192074    1.874098802546    0.1754    0.3938   0.660  173
59772.210    0.074397297891   -1.376798400088    0.2088    0.2758   0.114   29
59793.208   -0.171886746294   -0.311900393513    0.2909    0.2683   0.197   25
59796.290   -1.740844495365    0.500198397901    0.8175    0.5982   0.154   34
59824.272   -0.015903591119    0.473799597955    0.1428    0.2086  -0.017   73
59835.208    1.237633075574   -0.326401203665    0.5317    0.7677  -0.500   20
59905.208    0.002628479150    0.205099195227    0.1483    0.1810  -0.039   47
59919.208   -0.233284363175    0.812300396547    0.2151    0.3250  -0.215   25
59961.208   -0.263704392095    0.580100396519    0.2503    0.2538  -0.182   13
59996.206    1.334014008691    0.848401195697    0.2085    0.1735   0.186   34
60048.269    0.235634015641    0.072500405679    0.1620    0.2107  -0.060   38
60055.271   -0.069694597234    0.784699204814    0.3229    0.2317  -0.081   19
60062.269    0.179354038044    1.061600407581    0.2229    0.4714  -0.256   21
60067.207   -0.518560847592    0.589798801798    0.8610    0.3653   0.600   35
60087.208    1.028549283872    0.244900803636    3.7919    1.3885   0.902    4
60202.270   -2.115174034490   -5.503701596865    0.2588    0.3168  -0.117   12
60208.271   -0.445132651646    0.542901595679    0.8724    0.3342  -0.082    8
60223.271    0.049781882118    0.058899598798    0.2554    0.2538  -0.239   11
60241.209    0.313625593229    0.734601601948    0.5110    0.4833  -0.424    7
