%-----------------------------------------------------------------------------
%                R.A. (mas)        Dec. (mas)        Err. (mas)     Corr. Del.
% Uncertainty in R.A. is in R.A. cos(Dec.)!!!!
%-----------------------------------------------------------------------------
56875.043   -1.676682540650    4.308299995159    2.7016    2.5362   0.143   13
57978.131    4.364815085802   18.060901203398    2.1145    2.6981   0.350   18
58036.001    0.416752571750    0.061401584617    2.4274    3.0711   0.353   11
58456.714    3.627950112808    4.200199202842    1.3616    1.5387   0.135   31
58472.708  -14.048217355594    0.000000000000    2.0486    1.6738   0.107   20
58861.959    4.532607020769   -8.208799195586    2.2466    1.9444  -0.054   17
58871.905    0.000000000000   -0.982598399446    1.7259    2.6365   0.053   16
