%-----------------------------------------------------------------------------
%                R.A. (mas)        Dec. (mas)        Err. (mas)     Corr. Del.
% Uncertainty in R.A. is in R.A. cos(Dec.)!!!!
%-----------------------------------------------------------------------------
54853.249   -0.110237207680    0.383698800732    0.1750    0.4114  -0.002   53
56661.920    0.000000000000   -0.624999597676    0.2506    0.5743  -0.388   30
57775.461   -0.137799167047   -0.161200799909    0.1338    0.2673  -0.155   63
58330.955    0.212107885858   -1.131901196771    0.2462    0.5502  -0.016   40
58504.916    4.257307823477    1.181098802761    0.4544    0.6034  -0.253   12
58530.834   -2.022961873744    2.114899199768    0.2970    0.8348  -0.190   52
59296.187    0.243994988128    0.167997603029    0.3237    0.3187   0.173   29
59451.228    0.265929557056    0.000000000000    0.5448    0.5031   0.341   16
