%-----------------------------------------------------------------------------
%                R.A. (mas)        Dec. (mas)        Err. (mas)     Corr. Del.
% Uncertainty in R.A. is in R.A. cos(Dec.)!!!!
%-----------------------------------------------------------------------------
52306.248    0.030177509059    1.312498800843    0.3517    0.7835  -0.208   85
54292.229    0.508278530689    0.884998800643    0.1596    0.2846  -0.059  146
54720.251    0.177503968346   -1.140901197516    0.6294    2.5978  -0.545    8
54767.207   -0.145988504199    0.567698400289    0.3497    0.5483  -0.307   10
54818.251   -0.148960520851    0.770101202008    0.2096    0.3051  -0.240  233
54845.228   -0.058128439381    1.506898800940    0.4733    2.2253  -0.750    4
54907.207    0.492968608958    0.971701202701    0.2033    0.3747   0.125   11
54942.209    0.631817702062    0.883198800494    0.3129    0.3721   0.211   14
55012.206    0.211549013337    0.792698399721    0.2057    0.6793   0.275   30
55042.251    0.281269717069    0.015400800635    0.1415    0.3979  -0.078   98
55124.210    0.337018454158    1.133298002642    0.6431    1.6029   0.671    6
55168.252    0.352331925110    0.497300402458    0.1090    0.2414  -0.388  261
55222.206    0.980135660503   -0.412099199565    0.8349    2.3071  -0.813    6
55236.206    0.746586848591   -1.078999200388    0.9800    2.6167  -0.779    9
55250.206   -6.094153710695    0.432100799941    6.3110    0.6210   0.797    5
55306.206    0.155354291219    0.190198800709    0.3614    0.3501   0.050   21
55327.208    0.209911402551   -1.454500798204    0.4139    1.8070   0.550    8
55362.207    0.026163542390   -0.710801999659    0.3458    2.3440   0.569    6
55384.209   -0.777210241273    2.046898800856    1.0347    1.9569   0.656    7
55425.209    0.560313058213    0.516999601530    0.3791    0.4998   0.145   15
55477.268    0.742722861880   -1.465498797515    0.4639    0.8400  -0.025    4
55544.207    0.102281565711    0.485899202474    0.5727    1.3210   0.567    5
55572.207    0.055898615642    1.095498002712    0.1939    0.5144  -0.011   16
55614.207    0.309516956681   -0.304901998049    0.2088    0.2592   0.167   28
55645.272   -0.247228119893    1.877799602212    0.2514    1.1150  -0.335   18
55649.205    0.914428822034    1.635901200103    0.5427    2.0080   0.636    6
55727.208   -0.783157925205   -0.452300398734    0.5868    0.4305   0.055    4
55740.207   -0.751642562465    1.987498802336    0.4788    0.9902   0.081    9
55792.270    1.504173647173    3.299101200227    0.6092    1.5079  -0.252   20
55806.270    1.465672199704    1.821099600718    1.2138    3.2501  -0.715    7
55848.270    1.021466445920   -0.774799197600    0.4389    1.2263  -0.257   18
55862.270    2.172565975070   -2.499598799943    1.7150    1.6242  -0.865    5
55883.269   -0.510362126504   -1.342400398840    0.5076    1.1910   0.178   11
55887.206    0.061396765323   -2.465701198417    3.9636    8.4921  -0.972    4
55917.270    0.442272036521    1.891799999854    0.8121    1.6630   0.309   15
55925.269    0.933902588986    4.507999202730    0.8337    3.0916   0.773    4
55946.384  -10.673426584296   -2.550301199022   12.4184    8.3033   0.755    3
55953.269   -0.204263272911   -3.238999200050    0.5619    1.2848  -0.114   16
55966.250   -0.027055512448    0.975999601138    0.0834    0.1771   0.021  205
55974.271    0.271311615689   -0.806799599928    0.4179    0.7240  -0.460   13
56028.211   -0.000595762175    0.138200401523    0.3949    0.5093   0.059    6
56044.267   -0.013083545806    1.876100401432    0.4352    0.9885   0.005   25
56058.267    0.385930985072   -0.795301197698    0.2058    0.7235  -0.216   46
56065.269    0.147326459287    1.232398800610    0.4630    1.4670  -0.332   11
56084.207    4.729125465916   -0.067399199821    4.8772    0.4302   0.686    5
56086.271   -0.267593856903   -0.412498799918    1.9159    0.7920  -0.455    5
56148.247    2.907853217973    1.352599200644    2.2394    5.9883   0.688    5
56149.269    2.214189317743   -2.933200799049    0.5108    0.9748  -0.520   13
56177.273    0.190587514152    0.822398402178    1.0831    2.5892   0.046    6
56226.271    1.511459286192    4.105998002402    4.4245    2.9634   0.787    4
56267.249   -2.809439188194    1.353398401349    0.1305    0.2763  -0.009  206
56272.209    3.151213700527   -0.077400000009    1.7473    0.7759   0.296    5
56275.270   -0.118633234646    3.753399600726    0.4038    1.8331  -0.524   19
56322.230    0.610114009964   -2.451801600145    0.3160    0.5329   0.193   12
56338.271    0.368387588974   -0.415299599510    0.4938    1.3266   0.833   11
56345.270   -1.341091078314   -2.266801197948    2.4481    1.7875   0.612    5
56359.270   -6.420022336311   -7.435501200348    6.7762    6.8903   0.961    3
56378.270    0.220764921804   -0.416098800216    0.3801    1.0477  -0.271   14
56450.268   -3.542942490979    0.048200400471    3.7997    2.5246   0.481    3
56464.272    0.229534946649    2.033600401674    0.2585    0.9252   0.204   34
56476.270    0.337018454158    2.140200001222    1.7738    2.3138  -0.124    5
56492.272    0.823593292749   -0.564199199360    0.4265    1.8959   0.156   12
56513.270    0.658131021598   -0.814301998631    0.5888    1.0393  -0.294   10
56524.231   -0.141974537530   -0.464101199071    0.8027    1.3680   0.011   25
56541.270    3.262711174706   -6.159301200270    0.8442    2.0668  -0.537    6
56547.249    0.322004638905    0.859500000772    0.2225    0.5241   0.054   97
56590.272   -1.190196738794    0.161298002155   14.1615    1.2702   0.926    3
56628.225   -0.285729567361    1.816801202281    0.7390    1.8254   0.544    7
56632.269   -0.677754565696    2.662398001263    0.6049    1.3001   0.511    5
56634.263   -0.906251111549    1.733799599890    0.8065    2.2505   0.445    3
56636.257    1.708882905113    2.137600800367    1.7627    2.0182   0.878    6
56638.251   -0.674486341161   -1.128599997458    0.5575    1.1661   0.445    6
56638.251    0.009515665572    0.067600801756    0.1639    0.3508   0.066  103
56641.243   -0.488954540883   -0.042699597458    0.8478    1.1807   0.734    8
56667.270   -1.722858319571   -3.049498797481    1.3495    3.5319   0.960    3
56849.267    0.147176682141   -1.180400398226    0.5624    1.2756  -0.289    8
56863.275    0.095145703837   -1.410400797752    0.6979    1.1643  -0.365    6
56874.206   -0.521807960117   -2.198401198683    0.6521    0.8533   0.237    5
56947.271   -6.990889258079   -5.169401997662    3.3953    2.5234   0.673    4
56975.271    0.166354241209    0.205398002606    0.6250    0.5907   0.404    7
56987.270    0.469331098191   -0.164501999222    0.3729    1.0726   0.651    6
57120.206    4.173721893652   -9.040701598551    0.8056    2.4176  -0.445   13
57203.209   -0.269823782049   -0.184600798647    0.2412    0.1860  -0.120   30
57210.207    0.097521958314   -0.647200798554    0.5725    0.2186   0.244   17
57239.208   -1.432222916888   -0.547001998896    0.4637    0.2761   0.175   10
57287.206    1.868846925176   -0.218699998911    0.6399    0.2724   0.513    9
57290.270   -0.011595712166   -2.235099599801    0.2860    1.1258   0.056   21
57343.209    1.017598808582    0.293698799680    0.5412    0.4752  -0.595    5
57346.270   -1.402933828666   -1.017799198522    0.4959    0.3656   0.275   10
57365.227   23.892412810853  -75.662099999718    7.6066   28.7729  -0.940    6
57402.270   -4.246714269734    0.126198002448    0.8454    0.2630  -0.170   13
57423.269   -0.397972682267    0.345499200449    0.4801    0.3070   0.252   14
57471.270 -109.803271157527   14.168599202691    1.7294    3.3229   0.480    5
57521.269   -2.735850948530   -1.690199999160    0.7956    2.9149   0.376    5
57528.271   -4.388688908670    8.952699602460    1.4990    2.2283  -0.732   11
57574.208  -16.274315680962   -2.233400399021    2.8608    0.8582   0.065    7
57612.271  -48.336368553668  -13.817300398244    5.5234    1.1355   0.934    4
57619.269    2.511518146492    1.810900802113    0.7646    1.6050   0.391    7
57626.271    0.606546129731    0.786398402397    0.4286    1.0886  -0.260    5
57651.206   -2.594172416071    1.287799201677    0.4377    0.4141   0.155   19
57686.208    2.323310436038    6.804399600568    0.3185    0.6214   0.009   17
57693.207    0.230426916707    1.652400002428    0.2967    0.2695  -0.131   14
57710.267   -0.173935986706   -3.168500399653    0.3194    0.3097   0.076   14
57715.271   -1.984058507513    0.015497999684    0.1779    0.1784   0.004   34
57723.248   -0.652928978394    0.036100802348    0.1181    0.1850  -0.002  227
57737.270   -0.912049018336    0.573400802040    0.7156    0.5388   0.749    7
57752.271    2.377421562342   -0.636001197307    0.1719    0.4244  -0.395   32
57806.208   -1.235241733776    0.237999600827    0.3019    0.3623  -0.160   14
57868.209   -0.272945677254   -4.738798799764    2.3721    0.4926   0.756    3
57871.270    1.195994645580    2.129900400050    0.3995    0.4953   0.171    7
57906.271   14.950172135164    2.339298000109    4.5863    1.0828   0.972    7
57927.270   -2.802599534203   -2.340298799552    0.8869    0.4117  -0.162    4
57933.249    0.343262244567   -0.083599197964    0.1601    0.2365   0.241  145
57952.187   -0.707189881843    0.000198001615    0.1554    0.3941   0.134  145
57967.228   -0.121309144821    0.412801201222    0.1378    0.2081  -0.030  140
57976.272   -1.139057730549   -4.264801200193    0.9341    0.4395  -0.137    3
57990.272    0.904467272839   -0.774201598830    0.1976    0.2068  -0.072   27
58003.231   -0.037166940196   -0.050900397497    0.1608    0.2450  -0.200  143
58008.209   10.962577803966    2.736900002631    1.5149    0.4541   0.809    7
58015.207   -0.470668951873    1.465599600081    0.5616    0.2746  -0.165    6
58018.268    3.701119123110    0.596300401057    0.5136    0.8373  -0.346   16
58022.209  -46.029113781493   25.440300001023    3.2353    2.5503  -0.375    5
58025.270    0.092469793662    1.176199202035    0.3719    0.4804   0.043   14
58067.270    8.421624442734   -1.812499200327    0.8596    0.3533   0.092   17
58071.207   -0.213629059931    0.082699201087    1.5085    0.2859   0.638    6
58085.500   -0.313380943391   -1.744700400153    0.0959    0.2498  -0.192  157
58087.498    0.241430314513    0.414000002280    0.1206    0.2140   0.175  126
58088.498   -1.227363780396   -2.750299197984    0.1118    0.2224  -0.022  146
58089.499   -0.082358163102    1.364698801964    0.0813    0.1856  -0.287  158
58090.496    0.437366099794    0.734299200644    0.0888    0.2038  -0.298  157
58091.497    0.180029999969    1.337000401591    0.0741    0.1851  -0.403  150
58092.498   -0.263283783757   -1.218301197525    0.0740    0.1560  -0.282  181
58094.496   -0.292865327828   -0.795599998682    0.0785    0.1846  -0.269  179
58095.497   -0.631817600656    0.000000000000    0.0836    0.2028  -0.379  132
58096.497   -0.143904806977   -0.322001999464    0.0789    0.1470   0.034  169
58098.499   -0.384293272880   -0.200001599282    0.0659    0.1504  -0.243  188
58144.268    1.200604475831    2.484900000965    1.2213    0.5024   0.538    3
58148.209    6.290535582412    1.316498401494    1.9688    0.4140   0.528    6
58151.270    0.549309559001    0.633700800634    0.1633    0.2855  -0.137   47
58176.209   -3.040015882047   -1.489701597279    1.2267    0.2304   0.612   14
58213.231   -0.339102049973    0.378198000917    0.1075    0.1961  -0.127  228
58225.208   -1.474738229619    3.559899600702    1.3599    2.6167  -0.594    7
58241.209   -0.307286930128   -0.067100398837    0.6980    0.2955   0.532   12
58248.229   -0.260161787146    0.757998000367    0.8419    3.6369  -0.381    4
58253.208    0.120121169692   -0.071398797274    0.6701    0.3637   0.459    8
58291.271   -2.387233232984   -1.317600000306    0.4081    0.4209   0.562   12
58312.269    0.506940575601   -0.649198800318    0.6041    0.4615  -0.039   28
58316.206************************************    0.4924    0.3365   0.389    5
58352.231   -0.000296106477    0.794898000223    0.1763    0.3343   0.385  172
58361.271   -0.714771627339   -0.361799997961    0.3020    0.2008   0.293   49
58368.269   -1.353728740497   -0.757699199383    0.5965    0.3791   0.383   22
58374.252   -0.480926810357   -0.708101999436    0.1674    0.2768   0.282   87
58410.26912624.901110200468 -932.245300798584    0.5985    0.3420   0.296   22
58459.271    0.039097311050    0.501098401173    0.2460    0.3150  -0.101   18
58464.227   -0.285583238030    2.504700002603    0.5539    3.2113  -0.371    3
58491.208    0.000000000000    0.082501202670    0.0970    0.2580   0.105  103
58501.271   -1.445748898502   -0.288701999906    0.5966    0.4583   0.157    9
58526.207   -3.250373269627   -1.289300397644    1.6325    0.3834   0.551    6
58563.250   -2.456957485938    4.218199201134    0.5437    0.7451   0.054   20
58564.269   -0.037909133108    0.636400800857    0.4895    0.6115  -0.138   20
58603.209    0.050693023216    0.547300799880    0.2220    0.5663  -0.207   36
58613.271   -0.854366462577   -0.345898797605    0.7426    0.7327   0.529    3
58659.209   -0.084291981771    1.066399202543    0.1755    0.3265  -0.040   81
58666.207   -1.225283632396   -0.793699199164    2.3379    0.5500   0.500    4
58673.209    0.143312594024    1.277200802718    0.1258    0.3266  -0.121  111
58676.270   -2.209729264638    0.295599602396    0.8848    0.4824   0.431    8
58697.271   -0.319774612352   -0.418100399102    0.3292    0.2927  -0.277   25
58704.270    2.126479131478   15.399698399676    2.0431   10.2534   0.918    5
58757.209   -0.468735234610    1.779400802704    0.4613    0.9613  -0.327  150
58757.209    1.804028608950   -2.223399598833    1.8911    0.5927   0.150   20
58813.209   -0.395443000016    0.045399600879    0.0793    0.1552  -0.249  209
58827.249   24.506094701050   -9.677800797547    5.1637    3.4090  -0.960    4
58890.208   -0.231764770389   -2.018599198195    1.3438    0.6569  -0.625    3
58911.250   -1.252489023397   -0.154198797730    0.3441    0.4346  -0.544   12
58989.230    0.922902638995    0.002498401486    0.1027    0.1694   0.065  204
59037.250  -26.099915699566   11.878801200282    6.2496    3.9008  -0.872    3
59051.250    4.228279004984  -10.421600398658    2.4503    4.3027  -0.989    3
59086.208    4.048844767191    0.042001202516    2.7102    0.5900   0.606    3
59121.250   -2.043079018359   -2.242299600397    0.7078    1.1956  -0.954    7
59206.251    0.722503454201   -4.495798798843    0.9093    1.6114  -0.923    3
59262.207   -2.375637520818   -1.412301597270    2.0754    0.5691   0.715   29
59262.248   -3.518116903676    3.625898400728    0.4126    0.6379  -0.846   13
59271.737    0.376119213023   -0.513201599617    0.1359    0.2659  -0.150   63
59289.250   -4.498548670656   -0.691700399358    0.3307    0.5328  -0.970    5
59338.209   -0.536229461011    0.730998001330    0.3039    0.3067   0.040   57
59362.249    0.087264201236    1.560499201858    0.3458    2.2995  -0.435    9
59394.209   -0.310854810362   -0.384800399544    0.4236    0.3717   0.219   10
59425.251    0.036421299468    0.233899200808    1.3736    1.3441  -0.679   14
59450.209    0.530577984962    0.568800002299    0.2342    0.3806   0.011   22
59460.250   -0.207831153145   -2.648599199162    0.1473    0.6904  -0.763   41
59471.207    0.160260227946   -0.225399599785    0.6378    0.3298   0.292   29
59548.209    0.330328577314   -0.283600800444    0.2759    1.2309   0.445   16
59555.207    0.505602519107    1.725400801433    0.4732    1.3966  -0.062    5
59628.250   -0.131270795422   -1.221199199364    0.2071    0.3181  -0.876   21
59635.248    0.370021650539   -3.778901997720    0.1761    0.2992  -0.860   35
59642.250   -0.470369296174   -1.241899197879    0.1291    0.1929  -0.820   27
59649.248   -4.667132837012    0.221000401979    1.0126    0.7482  -0.686    9
59740.250    0.728897123162   -1.473598798185    0.5826    1.0071  -0.881   13
59747.248   -3.830605877009   13.085298000348    0.4158    0.6598  -0.846   16
59766.230    0.968393619006    1.791198002721    0.1702    0.3990   0.454  124
59824.250    2.943532324528   -5.020498797492    0.7308    0.9955  -0.706    7
59829.229   -0.345791825412   -1.531198799753    0.2045    0.5828   0.448  138
59845.249   -2.093475833691   -1.827399598042    0.5149    0.9026  -0.827    8
59859.249   -0.544403622274    0.286700401020    0.3349    0.6344  -0.941   19
59879.250   -0.173044016647   -1.229698800387    1.7894    1.5157  -0.884    6
59898.206    1.220823782104   -0.075401998245    1.9501    0.3846   0.623    5
59926.206   -0.681176116599   -0.230900399600    1.2449    1.3706   0.103   10
60052.207    0.120567154721    0.593398802096    0.3087    0.2973  -0.055   30
60055.249   -0.879937690607    2.502799199888    0.0224    0.0529  -0.492   94
60122.207    0.399456966686   -0.681400798186    0.5935    0.5256  -0.560    6
60185.209   12.505848660782    1.017198002629    5.9811    0.7336   0.704    3
60208.249    6.497028780469    0.120301202600    0.2388    0.4818  -0.906   17
60223.249    0.879641685537   -1.198198797780    0.4355    0.7910  -0.915   12
60230.251    3.090559128117   -5.607399597451    0.3360    0.6271  -0.898   19
60244.251    6.994161133242  -15.802999200432    0.0881    0.1692  -0.894   71
60251.250    0.756994484222   -5.678600399506    1.2688    2.2300  -0.991    6
60255.209    5.090823178046    0.054100800639    2.2817    0.3403   0.359   13
