%-----------------------------------------------------------------------------
%                R.A. (mas)        Dec. (mas)        Err. (mas)     Corr. Del.
% Uncertainty in R.A. is in R.A. cos(Dec.)!!!!
%-----------------------------------------------------------------------------
57988.230    1.528387348782    0.000000000000    0.3137    0.6485   0.102   12
58010.244   -2.290330323962    5.225101170936    0.4451    0.8169  -0.605    6
58082.022    0.200790020122   -1.352700019197    0.3991    0.4851  -0.220   27
58108.291   -2.037827823843   -9.304300817803    0.4818    0.7699   0.611    7
58171.249    0.191008150490    1.072400408475    0.3097    0.3821   0.125   26
58246.184   -0.350648412352   -0.396799214286    0.4063    0.7734   0.474   35
58975.227    0.621866452583    2.295500416949    0.3460    1.6733  -0.072   30
59052.229    0.000000000000    0.277999191667    0.4801    0.6471  -0.199   17
59066.229    0.063061124884    0.507801621552    0.3517    0.4154  -0.069   22
