%-----------------------------------------------------------------------------
%                R.A. (mas)        Dec. (mas)        Err. (mas)     Corr. Del.
% Uncertainty in R.A. is in R.A. cos(Dec.)!!!!
%-----------------------------------------------------------------------------
47207.339   -1.216334083744   -5.480999999463    1.2605    1.3320   0.036    4
47288.249   -1.484469870412   -2.314198803788    2.4308    2.4640  -0.011    3
47415.251   -0.596641950764    4.455302405404    3.8930    2.5573  -0.266    3
47516.918    0.460154766308    1.700999993659    0.7326    1.1968   0.003   13
47553.673    7.647590167184  -10.374199214880    1.2598    1.7872   0.488   10
47636.413   -3.065401980500    1.540400396038    0.7663    0.8831   0.202   12
47654.263   -0.935156393240   -1.829300410350    3.5936    6.9707   0.539    6
47655.329   -5.806233005548    1.996700405016    1.5686    0.9941   0.039    7
47682.354    3.502672065590   -2.410599617519    1.0840    0.7904   0.054   15
47705.314   88.598154284932  -47.619698418089    9.5778    4.4821  -0.941    5
47710.340   13.812432949998   -7.303798807357    6.7228    3.3727  -0.953    3
47717.290   -2.825316430865   -4.229697603364    0.3033    0.4529   0.140   22
47726.246    0.868880461284    2.338099199051    0.9154    0.9490  -0.026    3
47731.053   -1.265138973943    2.023502389648    5.7864    2.3670  -0.858    6
47743.205   -3.897617648428   -1.278799197735    1.4862    1.0349   0.230    5
47746.054   -6.796838387523    8.114500789702    6.5401    3.2411  -0.957    6
47756.252   20.357622314871  -11.373400806747    8.5019    4.1343  -0.933    3
47763.158   81.651952086315  -42.594098411541   11.6623    6.0262  -0.971    3
47777.232  -12.559680142333    3.566599201577    9.5686    4.9370  -0.981    3
47780.311   -1.265794487698    3.423002399927    0.3820    0.5457  -0.099   16
47797.258    3.094192551949    2.477001592638    1.4993    1.6864  -0.500    3
47830.343   -1.993921665789   -3.486797999130    1.3076    2.1983   0.403    5
47844.660   -0.101464308705    0.067701594730    0.5495    0.5078   0.193   23
47916.352   -5.882680702672    4.199900382673    1.2135    1.2949  -0.418   10
47919.244   -3.953475969583    1.012701602576    1.6491    1.5950  -0.184    6
47923.083   -8.882298890085    9.602999995195    1.2226    1.1477  -0.473   14
48082.248   12.616934311658   -8.635399211698    1.1819    1.1475  -0.268   13
48097.245    8.479971224209   -4.272699595731    0.8508    0.8358  -0.212   14
48146.415   -1.981535387611   -3.725798396204    1.0635    1.0844  -0.577    6
48155.346    2.197094562224   -2.090998810900    1.5630    1.8264  -0.650    5
48160.346   -2.805138513428    6.615799185283    0.9765    1.8941  -0.262    3
48169.247   -0.688838315503   -0.988397997048    0.4393    0.5530   0.142    8
48181.275    6.861143973593    1.673999997820    1.6784    1.0168  -0.363    3
48204.253   -0.742399317198    1.735401582437    0.3677    0.5928   0.224   12
48327.269   -3.135859302434   -0.972899994167    2.1858    1.3300  -0.655    3
48379.346    1.900085621458    0.816602388909    1.0875    0.9005   0.249    4
48386.268    3.844546883292    4.521402004798    1.5723    1.1810   0.679    5
48733.251    0.419143417678   -0.378298813075    0.5817    0.7052  -0.437   17
49254.416    0.469342141837    0.205001992981    0.3656    0.4794  -0.156   22
49547.332   -0.119837045552   -0.077097598705    0.2107    0.2216   0.019   32
49576.417    0.036255349036    1.038200386461    0.6176    0.8147  -0.014   20
49576.501   -0.433742306557    0.607301984701    0.3490    0.5575  -0.187  126
49611.418    0.038962112816   -0.933098411338    0.2349    0.3998   0.060   23
49750.334    0.114915656860    0.068500801831    0.1815    0.4523  -0.479   40
49994.252    0.003854528306   -0.453200408401    0.1546    0.1727   0.078  124
50003.416   -0.476558835778   -0.571798813098    0.1397    0.1444   0.110  204
50246.252    0.417338237087   -0.680500801309    0.2534    0.2445  -0.069   24
50253.254    0.041503487499   -0.379497598146    0.2308    0.2725   0.141   22
50379.251    0.469668891609    0.115502385256    0.2148    0.2124   0.135   27
50470.253    0.327685373144   -0.252500407782    0.3075    0.2901   0.630   25
50477.251    0.041176737727    0.064101581643    0.1362    0.1738  -0.030   65
50561.251    0.112045518193    0.220600804823    0.3879    0.4923   0.464   13
50659.251   -0.231717174648   -0.096998402910    0.3814    0.3663   0.143    8
50722.250    0.148627505100    0.452699995890    0.3927    0.4657  -0.156   29
50729.251    0.407904792124    0.239500784005    0.6264    0.3903  -0.251   21
50736.253   -0.501577461570   -0.517798795840    0.4111    0.3951   0.224   19
50743.251    0.020506681421   -0.244900803636    0.2650    0.3402   0.194   28
50750.253   -0.160521644410   -0.157197595740    0.2202    0.2685  -0.114   30
50757.251   -0.036501306570   -0.354297608851    0.2554    0.3384   0.357   18
50764.253   -0.247877188894   -0.474498008884    0.2161    0.2654   0.050   22
50771.252    0.106303114749   -0.061398003481    0.3008    0.2788   0.152   12
50778.253   -0.171512186318   -0.361299598239    0.2178    0.3710   0.341   26
50785.252    0.269202870856    0.381200402444    0.2887    0.4160   0.404   25
50792.250    0.380590861083    0.199400381007    0.2718    0.4252   0.106   26
50799.252    0.029036528983   -0.045298804707    0.2321    0.3123   0.117   38
50806.166   -0.201942437361    0.075801585808    0.2474    0.3408  -0.199   16
50813.168   -0.481808988453    0.325699198811    0.4497    0.3725  -0.080   27
50820.250    0.257554800981   -0.114800405981    0.2115    0.3209   0.164   35
50827.252   -0.359920692876    0.469699185146    0.2974    0.4193  -0.126   43
50834.254   -0.057498112648   -0.334198819019    0.1794    0.2498  -0.248   33
50841.252    0.299552441561    0.089301596518    0.4084    0.4342   0.023   21
50848.254    0.292579690943   -0.098899218415    0.1943    0.2274  -0.111   36
50855.252   -0.697777607386   -0.236800812559    0.4501    0.4053  -0.337   37
50862.254   -0.032318014281   -0.182700011919    0.1845    0.2160   0.254   40
50868.167    0.004183292289   -0.182700011919    0.2918    0.2982  -0.133   39
50869.252   -0.364678706682    0.490899583383    0.2912    0.3082  -0.274   26
50876.254   -0.134026490110   -0.339400801863    0.1795    0.2939  -0.085   35
50883.252   -0.178894269356    0.187300798871    0.1994    0.2498   0.189   39
50890.254   -0.438829084346   -0.067100398837    0.2456    0.2528   0.201   33
50897.252   -0.266905439496    0.075301198876    0.2955    0.3208  -0.079   16
50904.254    0.521590101811    0.119502001894    0.3433    0.3621  -0.041   12
50911.252    0.172250506523    0.104299186887    0.3911    0.3614   0.085   15
50918.254   -0.156830490990    0.066599986326    0.2033    0.3054  -0.183   37
50925.252   -0.185292186556   -0.322398005892    0.2908    0.3490   0.085   40
50932.254    0.000328763983   -0.691398017238    0.2062    0.2316  -0.322   43
50939.252    0.024607279161    0.521200797721    0.2025    0.3356   0.136   41
50946.254    0.314808858406   -0.152899210093    0.2462    0.2641   0.011   48
50953.252    0.641181077928   -0.021700810748    0.3028    0.3179  -0.133   33
50960.254    0.274206954097    0.224200792331    0.1767    0.2512   0.142   44
50967.252    0.219086841246    0.209300404208    0.2310    0.2618   0.059   49
50974.254    0.145099838468   -0.058100417277    0.1969    0.2251   0.001   47
50981.252   -0.003281597198   -0.070898397553    0.2421    0.3095   0.074   27
50988.254    0.078825808822    0.106901981667    0.1733    0.2261   0.005   51
50995.252    0.426606292954    0.187901994764    0.2075    0.2581   0.054   46
51002.254    0.188819965089   -0.032500798852    0.1931    0.2428   0.035   31
51009.252    0.223679577855   -0.374400005398    0.2810    0.3272   0.278   34
51016.250    0.523477976950   -0.007300809557    0.2606    0.3089   0.149   32
51023.252   -0.332114511066    0.201599991101    0.2573    0.2925   0.060   35
51030.254   -0.202846034761    0.236901595940    0.1907    0.2169   0.011   44
51037.252    0.162078853255    0.219301185211    0.2847    0.3058   0.253   18
51044.254   -0.302751232310    0.396201599528    0.2552    0.2580   0.021   25
51051.252   -0.139768893554   -0.570297601143    0.3526    0.4180   0.164   10
51058.254    0.063486585528    0.324899991710    0.1805    0.2474   0.017   35
51065.252    0.215641869161    0.077799603559    0.2203    0.2291   0.236   42
51072.250   -0.078660307824   -0.266997611220    0.2500    0.2796   0.174   19
51079.252    0.327112442036    0.433900800090    0.1802    0.2040   0.103   56
51086.254    0.157649491532   -0.089499607725    0.1558    0.1891  -0.049   41
51093.252   -0.166344616291    0.553701596573    0.3006    0.3294  -0.061   17
51100.250   -0.013370555917   -0.020599202344    0.1838    0.2315   0.032   32
51107.249    0.195710021158    0.000000000000    0.2600    0.2465   0.031   40
51114.251    0.296599496445    0.379900782832    0.2468    0.2636   0.148   26
51121.249    0.069063599875    1.033300804920    0.2526    0.2804   0.180   52
51198.251    0.007545569824   -0.303400798884    0.2104    0.2683  -0.366   71
51275.249   -0.116801517788    0.110300402412    0.1849    0.2302   0.126   43
51345.249    0.059549474574   -0.109198794007    0.1852    0.2570   0.154   49
51415.249   -0.123937531391   -0.361000803650    0.2329    0.2698  -0.038   31
51485.250    0.022146584815   -0.236300400047    0.3190    0.3503   0.169   31
51660.252   -0.448671973630   -0.609400811413    0.2202    0.2966  -0.078   42
51667.250    0.305538788329    0.413999995885    0.3256    0.4714   0.001   22
51704.001   -0.176679644445   -1.012600819195    0.2413    0.5568   0.023   27
51737.250    0.205879660215   -0.034300805396    0.2035    0.2939   0.090   26
51765.250    0.084812267490   -0.293900404813    0.1652    0.2268   0.070   50
51779.250   -0.066602793629    0.261500389342    0.1729    0.2645   0.114   45
51841.083    0.050608168480   -0.856000812632    0.1062    0.0841   0.604  529
51863.250    0.019768473117    0.159699581559    0.1895    0.2030   0.082   28
51877.250    0.096214267930    0.174902396566    0.1973    0.2105   0.117   26
51891.250    0.376490263343    0.139802384069    0.2283    0.2209   0.146   26
51906.248   -0.188245019771   -0.047498414801    0.2228    0.3081   0.302    9
51919.251   -0.047655223364    0.299599193454    0.1326    0.1826  -0.027   65
51933.251    0.118770185165    0.114400802431    0.1673    0.1928  -0.070   56
51947.251   -0.239920160538   -0.013298418367    0.1421    0.2020   0.060   73
51961.251    0.191526728870    0.383702388262    0.1618    0.1923   0.239   65
51975.247    0.058073057967    0.049802389412    0.2261    0.2253   0.305   54
51989.243    0.132223435631    0.386701205457    0.3867    0.3511   0.128   18
51995.223   -0.283638384849   -0.039600016066    0.1663    0.2027   0.393   71
51996.249   -0.373045179358    0.704699991161    0.1204    0.1511   0.109   63
51997.268    0.133617157690    0.342100798889    0.1623    0.1460  -0.225   68
52003.247   -0.006889944168   -0.127800004179    0.1687    0.1672   0.124   73
52017.251   -0.049623778841    0.057999582737    0.1508    0.1870   0.261   76
52360.250   -0.399457527209    0.942400794202    2.1381    1.7096  -0.197   27
52444.228    4.734179983531   11.134202398466    0.9524    1.3773   0.462   19
52519.999    2.852630473807    1.944500394302    1.5651    2.5443   0.164    7
52612.228   -0.843698236805    9.058201203516    3.2699    5.0726   0.524    5
52711.248    0.531925129964   -0.101599215441    0.0654    0.2053  -0.168  262
53108.205   -0.178156061052   -0.073198816608    0.1241    0.1602  -0.126   93
53262.224    0.054710668530    0.395200800085    0.2055    0.2855  -0.029   16
53444.206    0.128532282211   -0.072799213058    0.1662    0.2012   0.108   19
53503.201    1.817651465665   -0.720899998896    0.4802    0.7123   0.045   36
53523.418   -5.006991089457   -1.579899603144    0.3543    0.3896  -0.015   45
53598.210    0.258293009285   -0.391298411273    0.2201    0.2894  -0.414   16
53605.208   -0.001393722059   -0.093898802334    0.1883    0.2510  -0.040   27
53780.638 -265.826290520616  117.655199989031    0.6019    0.4970  -0.380   36
53782.836 -750.507818355529 -787.271198402095    0.5626    0.6742   0.015   45
53789.594  294.766330743829 -364.127698796324    0.4503    0.3654  -0.340   45
53928.228    0.177827408970   -0.062200817297    0.2299    0.2039   0.091  171
53990.207    0.081203808619    0.261100785792    0.1912    0.2373   0.599   86
54187.230   -0.026575722737    0.030599983347    0.1290    0.1258  -0.383  238
54326.208   -0.137800338078   -0.028400398833    0.1896    0.2008   0.123   27
54543.207   -0.065701210439   -0.014198408849    0.0691    0.0860   0.025  102
54551.209   -0.081203696719    0.021801594130    0.1077    0.1194  -0.087   72
54557.207    0.083827877851   -0.226098001121    0.1051    0.1184   0.018   59
54887.206    0.739363789434    0.336401984669    0.1744    0.2940   0.257   88
54978.208    0.061189266068    0.061300801235    0.3518    0.2662   0.430   73
55154.248   -0.224581049144    0.167000391116    0.0885    0.1000  -0.155  304
55320.207   -0.085879127876   -0.077299216628    0.2112    0.1662  -0.040   40
55384.209   -0.609520367812    0.319100394108    0.3069    0.2976  -0.170   35
55393.271    0.186113201309    0.982400388239    0.3576    0.3550   0.038   35
55400.269    0.012549764965   -0.032698810060    0.3438    0.3010   0.093   40
55463.271   -0.055612251720   -0.063500411329    0.1619    0.3335  -0.129   44
55505.271    0.363940610278    0.369500398278    0.4651    0.4836  -0.297   19
55512.270   -0.240494993955   -0.094798818395    0.3886    0.4464   0.346   13
55659.272    1.642284862942   -1.927299612703    0.6692    0.6132  -0.493   29
55841.272    0.291266649222   -0.012599994648    0.2729    0.2209  -0.062   24
55904.270    0.005577014348    0.319600781040    0.2215    0.3108   0.482   61
55908.208    0.151743825102    0.015602392978    0.1299    0.1665   0.260   42
56036.250   -0.587291200349   -0.247197615977    0.2388    0.2025   0.296  198
56111.207   -0.817205208617    0.172299601786    0.2333    0.1605  -0.085   55
56177.273   -0.130992976557    0.249199189284    0.3068    0.3640   0.265   31
56240.268   -0.059795432108    0.205999185710    0.5568    0.4312  -0.303   25
56303.270   -0.209161145512    0.006602385838    0.2384    0.2513   0.175   40
56308.208    0.005988472879   -0.136900794701    0.2013    0.1949   0.328   46
56310.271    0.353442207239    0.210902399544    0.3482    0.3877   0.375   41
56315.210   -0.210883743455    0.161600397064    0.1189    0.1535  -0.252   39
56321.207   -0.056759904345   -0.128599211280    0.1297    0.1732   0.268   59
56463.249   -0.217364243303   -1.045299603675    0.4698    1.2983   0.313  194
56573.208   -0.287904259786   -0.123098408267    0.2866    0.5407  -0.059   15
56643.208   -0.073904196329   -0.002998817195    0.0942    0.1190  -0.172   69
56661.920   -0.074150265763    0.462700802473    0.2863    0.4586   0.104   22
56709.271   -0.188245019771    0.384699580991    0.4109    0.5080   0.211   19
56776.206    0.148956269083    0.069199199970    0.0775    0.0913   0.033   69
56839.208    0.670054232025    0.399301200105    0.8910    0.9917   0.439   55
56903.207    0.027723487262    0.102599989305    0.0687    0.0948   0.071   89
56965.209    0.237788342076   -0.046998002290    0.1403    0.1476  -0.032   54
57031.271   -0.199400950777    0.019400391693    0.2136    0.2644   0.013   16
57036.209    0.221710910478   -0.482698808923    0.1007    0.1283   0.046   50
57038.269   -0.315300885375    0.219600005380    0.1555    0.1506   0.182   55
57043.208   -0.242873105653    0.319499997659    0.0823    0.1225  -0.067   60
57049.209    1.596515388606   -1.174399201886    0.2280    0.2162   0.071   56
57112.207    0.630846049774    0.809099987009    0.1751    0.1457  -0.205   78
57175.209    1.028171646621   -1.230497994698    0.1357    0.1652  -0.294   70
57239.208    0.000000000000   -1.487599215011    0.1562    0.1645   0.119   64
57287.206   -0.376572845991   -0.886298394676    0.0857    0.1361   0.236   69
57338.582  102.059690430796  -70.200698399958    5.4343    5.6649  -0.086   68
57351.270   -0.786282818706    0.939599988214    0.0653    0.0783   0.568   93
57420.208    1.012340396358    0.440701197135    0.1382    0.1745  -0.068   66
57483.206   -0.434891973392   -1.257498016116    0.1299    0.1773   0.078   81
57498.229   -0.360412831745   -0.217998010044    0.1777    0.1647   0.671  225
57560.208   -0.172579158605    0.167900381598    0.2100    0.1861  -0.371   64
57623.206    0.844355876672    1.187100005495    0.1744    0.3532   0.476   75
57686.208    3.049324772703    5.891900394772    0.1934    0.5811   0.609  102
57750.207   -0.386169665841   -1.168398011941    0.6943    0.4914  -0.354   45
57770.475    0.315381677613   -0.408499218452    0.5557    0.2449   0.329   34
57812.209   -0.360166762311   -0.764200811432    0.1243    0.2012  -0.275   84
57889.002   -5.666383431656    2.389100399114    0.3327    0.3104  -0.626   52
57950.916   -0.105236142462   -0.476100004221    0.1584    0.2322   0.155   71
57952.187    0.158879950606   -0.041198404688    0.2615    0.3602   0.181  212
57970.691    0.781607499448   -0.325699198811    0.1515    0.1859  -0.265   90
57978.131   -0.282161856341    0.084801592948    0.1474    0.1699  -0.099  126
58015.207    2.192748006950    1.096401587120    0.1185    0.1322   0.440  158
58078.209   -2.171995144194   -4.166899196889    0.1645    0.2023   0.374   63
58085.500   -0.757655734043   -0.909000004867    0.1490    0.1212   0.307   84
58086.500   -0.787593846216   -0.724600795365    0.0615    0.0785   0.007  191
58087.498    0.199401062677   -0.674899214914    0.0799    0.0867  -0.047  183
58088.498    0.819419945429    1.297501191289    0.0659    0.0689   0.127  210
58089.499   -1.004383368002   -0.353098798200    0.0860    0.1007  -0.051  108
58090.500   -0.953775199522    0.116499603564    0.0870    0.0787   0.108  106
58091.497    0.401835638907   -1.054400394196    0.1399    0.1183  -0.101   61
58092.498    0.033465890707    4.365399587414    0.4375    0.4090  -0.068    5
58093.499    2.161906297376   -0.159998401728    0.0671    0.0778  -0.049  167
58094.496    1.069182995251   -0.952898406581    0.0887    0.0924  -0.253   73
58095.500   -0.107287392487    0.464799603606    0.0627    0.1099   0.086  214
58096.497   -0.537011795852    2.010902395000    0.0877    0.1274  -0.248   67
58097.498   -0.000328652082    0.274399204159    0.0662    0.0750   0.018  173
58098.499   -2.591959352823   -0.386899216664    0.0781    0.0708  -0.142  206
58099.500   -1.182539429054    0.696499191122    0.0678    0.1025  -0.295  280
58301.297   -0.049214334520   -0.226299619044    0.2931    0.2123  -0.462   36
58382.002   -0.156255657573   -0.088898411832    0.1772    0.1484   0.098  110
58386.484   -0.703602593479    0.143200804814    0.2303    0.2171  -0.134   61
58425.726   -0.296434107348    0.758199595907    0.2146    0.4642   0.652   73
58431.271    0.044785196598   -1.799499608524    0.8473    1.1176  -0.223    9
58437.250    0.099330476032   -0.062499611886    0.0724    0.0794  -0.070  195
58501.271   -0.217773687623    0.129599985144    0.2305    0.3600   0.238   91
58505.161    7.571719317689  -18.211298402093    0.3028    0.5098  -0.380   90
58585.271   -0.966324852587    0.375400804842    0.3594    0.2115  -0.264   34
58673.209    1.963491526648    1.521799185866    0.2754    0.2747   0.459   34
58750.207    0.074723308771   -0.251499608339    0.2760    0.1772  -0.022   84
58757.209   -0.089570169395   -0.827899208389    0.1738    0.1910   0.072  415
58757.209   -0.759049456102   -0.981900001307    0.7102    0.5342   0.070   13
59017.230   -0.929250614910    1.477699191810    3.7475    1.8389  -0.800    5
59025.251    0.308903080075    0.103600788748    0.1456    0.1920  -0.189  353
59102.228    0.103759725854    0.683301581716    0.2375    0.3038   0.208   35
59186.250   -0.250091813805    0.407800794733    0.2510    0.9697   0.220   21
59228.250    0.494441447966    0.222101991199    0.2453    0.2667  -0.062   24
59271.737    0.450475251910   -0.745599601260    0.0963    0.0953   0.011  162
59319.248   -0.485909586193   -0.281897999344    0.2609    0.3589   0.287   70
59389.249   -0.347782386442    0.226400402425    0.3598    0.4599   0.331   86
59452.251    0.778981416005   -1.058698805423    0.2912    0.7021  -0.320   46
59494.251   -0.002131930363    1.131101996066    0.3472    0.6951   0.124   31
59541.185   -0.380836818617    0.194101195916    0.2105    0.3833  -0.339   26
59563.228    6.297312175979   -9.908398811831    0.2103    0.3954  -0.298   79
59600.250    0.019276334248   -0.165797999330    0.0283    0.0333   0.045  214
59613.249   -0.332114511066   -0.028998013590    0.1651    0.1937  -0.004   77
59656.250    0.180699561847   -0.033098413610    0.0333    0.0465  -0.087  214
59662.251   -0.527414976003    0.635900394741    0.3645    0.5380  -0.368   71
59760.248    0.386579222062    0.849200390007    0.4857    0.8530   0.373   34
59802.251    0.110076962716    1.452700794857    0.1888    0.5667   0.659   48
59837.250   -0.761592956897   -1.663599613266    0.3005    0.7174   0.179   58
59921.250    0.046917126961    0.563400001852    0.3259    0.1737   0.260   75
60026.248   -0.226386229735   -0.470397608865    0.2358    0.5302   0.032   51
60047.250   -0.171266116884    0.736099181609    0.4657    0.6322  -0.042   43
60117.250    0.203418965869    0.422801991817    0.3966    0.4180   0.165   30
60173.250   -0.246892911155    1.325401203189    0.3239    0.4458  -0.078   29
