%-----------------------------------------------------------------------------
%                R.A. (mas)        Dec. (mas)        Err. (mas)     Corr. Del.
% Uncertainty in R.A. is in R.A. cos(Dec.)!!!!
%-----------------------------------------------------------------------------
50219.333   -0.345052078925   -0.660898791693    0.1740    0.3459  -0.088  125
54278.229   -0.027886262885   -0.311997595759    0.1168    0.1459  -0.289  144
54566.250   -0.160736938081    0.484300804260    0.1454    0.2560  -0.331   58
54781.207    0.281673737084    0.340901988238    0.1235    0.2277   0.087   30
54788.209    0.188626313851    0.508399210730    0.3973    0.5559   0.618   41
54810.208   -0.037013242172   -0.148698001112    0.0937    0.2018   0.257   49
54816.209   -0.048169649644    0.002901589369    0.1745    0.1973   0.410   49
54844.205    0.299419776562    0.153799200575    0.2378    0.3955   0.483   35
54852.208    0.878989187046    0.169599604760    0.4030    0.2113   0.198   22
54865.207    0.131962292360   -0.203198405302    0.2208    0.3068  -0.452   20
54872.209   -1.690535123047    2.796699601504    1.0944    0.9202  -0.222   10
54928.206   -0.312854815971   -0.069199199970    0.2019    0.2595  -0.086   60
54936.208   -0.109905079874   -0.023698802920    0.1105    0.1997   0.013   67
54937.249   -0.090001983918    0.370602006683    0.3003    0.3551   0.094   19
54942.209   -0.012802259031   -0.520498792866    0.1390    0.2075   0.276   80
54943.228   -0.916635209595   -0.298997997561    0.2034    0.7873  -0.171  288
54970.209    0.184062824208   -0.411598793448    0.2654    0.2530   0.141   20
54978.208   -0.086199075882    0.020102396547    0.3128    0.3091   0.280   15
55005.208    0.003422617233    0.549899991142    0.2952    0.2864   0.437   25
55034.208   -0.125369547469    0.053899208297    0.1892    0.3129  -0.148   30
55061.208    0.001521163214   -0.180799196414    0.1521    0.2418   0.405  130
55068.210    0.172021146784    0.859302005551    0.2282    0.5216   0.562   52
55103.208   -0.376111582354   -0.249098405902    0.1932    0.1931   0.255  214
55110.206    0.087848213264   -0.040197605244    0.1707    0.5206   0.130   74
55118.209   -0.201048109141    0.041702398335    0.2474    0.2347  -0.309   88
55131.208   -0.039170298649    0.218699989318    0.1502    0.1674   0.235  198
55154.248    0.114976834489   -0.076697995155    0.0879    0.1364  -0.129  177
55168.252   -0.284712950627    0.045799191639    0.1271    0.1609  -0.046  449
55173.208   -0.244909871601   -0.062200791717    0.0940    0.1320  -0.002  201
55182.248   -0.146157913376   -0.214700398260    0.1470    0.3534   0.093   49
55194.206   -0.169863917368    0.327301194147    0.1623    0.2668   0.041   32
55201.208   -0.068577724748    0.416199605979    0.1083    0.1810   0.197  103
55222.206   -0.149075551461   -0.203399997645    0.1729    0.3628   0.049  108
55244.209    0.093932866122   -0.375299995881    0.1800    0.1913   0.308   59
55257.208   -0.024591273944   -0.707399988187    0.2253    0.3016   0.115   14
55274.269   -0.029154936525   -0.447897591016    0.2865    0.4602   0.014   25
55278.206   -0.016224876264   -0.188499609521    0.1449    0.1641   0.194  105
55320.207   -0.041196613949    0.138200388733    0.2591    0.2432  -0.055   42
55327.208    0.268743676823    0.194299207124    0.2243    0.3153   0.153   21
55342.209   -0.460917296251   -0.658799990561    0.1560    0.2969   0.071   68
55349.207    0.271658374960   -0.269398788078    0.1901    0.2259  -0.100   17
55362.207   -0.125116884957    0.017600410729    0.1913    0.3303  -0.016   26
55371.250   -0.535199555991   -1.350500409103    0.2167    0.3409   0.321  230
55379.271    0.511244002372    0.200102411441    0.3538    0.4640   0.484   19
55386.269   -0.186849375240   -1.467500399599    0.5904    1.1073   0.339    5
55390.207   -0.588060496508   -0.022600801231    0.2059    0.2799   0.127   26
55393.271    0.592246808233    0.861501590066    0.3192    0.5698   0.028   33
55397.209    0.453186791834   -0.271000808993    0.5551    1.1373  -0.222   13
55413.250    0.190147477066    0.142099196410    0.1141    0.2670   0.027  187
55421.271   -0.107623335052   -1.392800396616    0.2119    0.4899  -0.010   21
55428.269    0.336688794131   -1.730897997732    0.3911    0.9095   0.114   10
55435.271    0.571710931900   -0.279399594660    0.4087    0.6473  -0.173   25
55439.209    0.028141865344   -0.187999197010    0.2494    0.3566   0.147   18
55442.269    0.317421418500   -0.542498398204    0.4098    0.5253  -0.152   14
55449.271    0.336816595360    0.300099605965    0.5892    0.5190   0.530   22
55454.228    0.257839931862   -0.151300795892    0.1264    0.1804  -0.013  127
55456.269    0.043228982082    0.800402406753    0.5251    0.7329  -0.018    7
55463.271    0.368125475478    0.343501201883    0.2096    0.3977  -0.456   40
55467.209   -0.586794935753   -0.661197611862    0.2872    0.3290   0.286   15
55470.269   -0.772123147778   -4.952397608804    1.3780    3.5365   0.235    8
55477.268   -0.193442293069   -0.329900407792    0.2158    0.4382   0.163   31
55484.270    0.079861933450    0.250801210200    0.2930    0.6132   0.004   15
55505.271    0.194205987561    0.339800405413    0.6826    0.6927  -0.183    5
55512.270    0.002789836855    0.120200400033    0.4938    0.7505   0.482    3
55518.249    0.077199897825   -0.112798807095    0.1491    0.1987  -0.257  217
55533.271    3.371569201774    1.636002002670    2.1738    4.5341  -0.918    3
55538.228    0.210178374251    0.159901199481    0.1390    0.1604   0.041  175
55551.209   -0.412619845377    0.251999995271    0.2419    0.3065   0.429    4
55553.269   -0.195724037890    1.379699989457    1.1607    1.3191   0.190    4
55560.271    0.313110418430   -2.186798403159    0.7688    1.0642  -0.113    6
55568.270    0.840199006263   -3.073899611650    0.2425    0.5932   0.230   20
55586.207    0.014326535131    0.237902395384    0.1984    0.2755   0.222   11
55603.268    0.732703472440    2.505401991471    0.5595    1.1523  -0.020   15
55607.209    0.013057861491   -0.343699187511    0.2475    0.4108  -0.090    7
55628.207   -1.671648211158   -1.081400390035    1.0157    0.6455   0.834    4
55636.210   -0.468647973606    0.591299988173    0.3542    0.8020  -0.342    6
55645.272   -0.168090264580    0.080701192928    0.2443    0.3997   0.131   19
55649.205    0.543821729068   -0.062798406475    0.2207    0.5740  -0.072    7
55650.228    0.184823405815   -0.052397996342    0.2221    0.3933  -0.645    9
55657.230    0.267094712378    0.161499588103    0.0818    0.0884  -0.006  235
55659.272    1.380725746390   -1.924200012127    0.6008    0.7049  -0.436   15
55665.247    0.006212454087    0.155001592361    0.1875    0.3120   0.354   14
55666.270   -1.142785970537   -0.141699592859    0.9016    0.9405   0.171    9
55670.207    0.071623164062   -0.507999607180    0.2326    0.2760   0.147   11
55694.270   -0.507313293106    0.187700402421    0.3761    0.5130  -0.130   21
55701.272    0.000000000000   -0.062999998818    0.3025    0.3124  -0.052   41
55708.270    0.101538682194   -0.718599605420    0.5282    0.7965  -0.552    9
55722.270   -0.425041813605    0.587599191704    0.6704    0.7998  -0.269    8
55729.272   -0.467762530716   -0.635900394741    0.4680    0.6101   0.149    3
55734.228    0.212584807417   -0.126399601186    0.2289    0.3338  -0.010   12
55736.270    0.039045610304    0.089899211275    0.3576    0.5411   0.066   27
55743.268   -1.254337074907    0.487800008386    0.8220    0.6145  -0.447   23
55750.270    0.071750965292   -0.893397611890    0.5083    0.4585  -0.079    7
55755.230    0.090385560545    0.206301612593    0.2019    0.2854   0.404   26
55757.268   -0.707220529837    0.056199601772    0.8511    0.5579   0.579   10
55761.206   -0.332757911927   -0.227800805419    0.4153    0.4069  -0.306   14
55764.270    0.028649957377   -0.445100391744    0.6568    0.7283  -0.459   13
55771.268    2.820141656634   -9.476398801667    2.9478    6.0382  -0.917    3
55778.270   -0.692008724754   -0.221698806513    0.8248    0.7728   0.650    4
55782.208   -0.068325235174    0.478601990039    0.2826    0.3875   0.185   16
55785.268   -2.390657928844   -1.526000394847    2.4421    2.0299   0.935    7
55790.207   -0.817758563026   -0.287398802357    0.4210    0.5388   0.019    6
55792.270    1.203760992097    0.704401196572    0.6757    0.6641  -0.081   32
55806.270   -2.758278252236   -2.038298387674    0.6380    0.8019   0.701    3
55813.272   -0.243260907157   -0.850798804208    0.3811    0.4071   0.267   35
55817.206    0.301449031810   -0.163699198197    0.2692    0.2603  -0.119    9
55819.500    0.097102993781    0.320601606063    0.1495    0.1428  -0.007   19
55820.497    0.215122154698    0.175302000116    0.1090    0.1213   0.225   50
55821.498    0.151737760024    0.007001989388    0.0773    0.1022   0.092   82
55822.498   -0.059578546691   -0.019699211862    0.2389    0.2934   0.138   15
55823.499    0.220065935145   -0.102999592855    0.0929    0.0961   0.005   61
55824.500    0.373324858384    0.178999189870    0.1232    0.1655   0.070   32
55825.497    0.196232129924    0.374900392330    0.1137    0.1590   0.230   32
55826.498    0.212460119073   -0.140799602377    0.1064    0.1293   0.039   47
55827.499    0.039931053194   -0.016200007735    0.0744    0.1171  -0.035   96
55828.499    0.033974028628    0.123300000610    0.0887    0.1465   0.203   65
55829.500    0.209542480988   -0.226098001121    0.1142    0.1155   0.336   53
55830.501   -0.034731497350    0.188200789353    0.1201    0.1159  -0.099   31
55831.498   -0.422127288406   -0.516099598258    0.2642    0.4647   0.319    3
55832.499    0.358365542875   -0.285800388156    0.0867    0.1267  -0.023   35
55833.500    0.182288998481    0.068000389319    0.1365    0.1393   0.116   45
55838.208    0.095073738533    0.092401197094    0.2261    0.2908  -0.252    4
55841.272    0.096975192551    0.201700800062    0.2316    0.3517  -0.194   16
55848.270   -0.003802908036    0.965102404393    0.5071    0.8081  -0.789   10
55853.271   -0.332377621123   -0.235198791643    0.4768    0.6369  -0.372   11
55876.270   -1.714749392010    0.159400812549    0.8481    0.7363  -0.500    5
55883.269   -0.346192951336   -0.586000803082    0.2778    0.3524   0.050   25
55887.206   -1.139488041648    0.569102397208    0.6670    0.3167   0.131   49
55888.269    0.345943574647    0.165200410152    0.4981    0.5389  -0.455    9
55889.295   -3.867723147461   -9.869900404169    0.6260    1.0390   0.178   17
55894.208   -0.125622037043    0.062801987610    0.1761    0.2540  -0.221    9
55895.231   -0.204598527603    0.095601606631    0.2627    0.3138  -0.009   15
55897.269   -0.482974335799    1.323601196646    0.4193    0.4405  -0.503   13
55902.229    0.135893001626    0.448999199421    0.1322    0.1882  -0.055   28
55904.270    0.422002600061    0.241502408471    0.2426    0.3613   0.444   18
55908.208    0.091018340923    0.105901207803    0.1151    0.2032   0.287   48
55911.269    0.104836611083   -0.361000803650    0.2507    0.3851   0.247   29
55915.206   -0.181525303989   -0.397900797111    0.4086    0.2440   0.040   56
55916.229    0.013818443098   -1.284598795337    0.0734    0.5963   0.511  328
55925.269   -0.124228502120   -0.004100400020    0.1945    0.3211   0.233   27
55932.271   -0.537989392846   -0.660599997104    0.5696    0.6420   0.057    6
55939.269   -0.689726979932    0.086900394081    0.4768    0.3439  -0.096    8
55944.207    0.163274285362   -0.122000406577    0.0980    0.1242  -0.022   49
55946.384    0.668433634877    0.168101999520    0.2971    0.5146  -0.060   16
55950.208    0.071242873258    0.220600804823    0.1285    0.2507   0.057   32
55951.227    0.158458306145    0.177001197699    0.1362    0.2087   0.244   27
55953.269   -0.185075722451    0.303299989923    0.3227    0.3028   0.226   87
55960.271   -0.211063644203   -0.075200389915    0.2276    0.2977   0.017   52
55967.272    1.111221487960   -0.040197605244    0.5560    0.8412  -0.215   20
55971.206    0.289532215668    0.017600410729    0.1480    0.2342  -0.147   41
55974.271   -0.237684173394   -0.426700799494    0.1448    0.2525   0.062   67
55979.209   -0.218794148620    0.521402390063    0.2357    0.2783  -0.316   40
56002.271   -3.478556643563    3.615001187995    4.7735    2.6905  -0.903    3
56007.541   -0.025099365977  -12.025400400262    1.2429    5.5435  -0.129    5
56009.273   -0.071239760373   -0.133498792820    0.1495    0.2523   0.029   63
56013.206   -0.035239589383   -0.301399199998    0.1396    0.1872   0.058   31
56016.271   -3.084696081784    1.048302002005    0.9616    0.7941  -0.491    7
56021.249    0.585021282964   -0.349599594074    0.1601    0.2053   0.326   26
56022.268   -1.113375431552    0.599000401280    0.6484    0.8646   0.034   39
56028.211    0.288011052454    0.016700394667    0.1306    0.1820   0.129   78
56030.271   -0.178102686756    0.230299210102    0.1861    0.3754   0.293   33
56034.208    0.166824703825   -0.248698802352    0.1094    0.1434  -0.008   60
56037.269    0.209922771792   -0.342900005990    0.2220    0.2894  -0.129   13
56041.206    0.067439965222   -0.141498000517    0.1114    0.1569   0.159  101
56044.267    0.168851019125    0.158299204145    0.3212    0.3506  -0.035   36
56050.210   -0.119032232099   -0.749498408936    0.2289    0.3123   0.434   26
56051.269    0.554977963602    1.063000797785    0.3325    0.4722   0.409   57
56055.206    0.227671924156   -0.122997599306    0.1128    0.1804  -0.111   78
56058.267   -0.730798905537    1.111100408480    0.3094    0.5066  -0.309   15
56062.208    0.146288827491   -0.086198389226    0.1812    0.2228   0.010   16
56065.269    1.200210573635    0.389102407894    0.6911    0.8430   0.658    3
56072.271    0.120933859055   -0.143600408364    0.2384    0.3658   0.322   19
56075.540    0.818902548322    0.155800799462    2.9115    4.9302  -0.337    4
56078.250    0.047156578463   -0.202697992790    0.1960    0.3006   0.260   25
56086.271    0.843493995204   -0.015098399331    0.4838    0.4992   0.457    3
56091.205   -0.004435688414    0.103500005366    0.1782    0.2075  -0.031   31
56093.269    0.308166637983    0.067100398837    0.9125    0.8664  -0.793    3
56097.206    0.219685644342   -0.339998391041    0.2779    0.2961   0.286   24
56098.251    0.010015535062    0.090399598207    0.3813    0.4555  -0.051   10
56104.208    0.474607938119    0.221400011924    0.2346    0.2043   0.387   39
56107.273   -0.531904567050   -0.541900809026    0.2371    0.2550  -0.119   41
56111.543   -2.158805918734   -1.425200412086    2.9184    4.0231   0.951    4
56114.271    0.503890675874   -0.681098390487    0.2816    0.4331  -0.172   19
56119.231    0.005832163284    0.151002001303    0.1612    0.2041   0.111   29
56121.269    0.618867510362    0.082000812540    0.5773    0.5110  -0.167    4
56125.207    0.093427886974   -0.438299994698    0.1033    0.1603  -0.015   71
56128.271   -0.439112746277   -0.180900005375    0.3985    0.3491   0.293    4
56135.273   -0.144764551391    0.174902396566    0.2487    0.3216  -0.184   43
56139.207    0.176204345623    0.744300007227    0.0907    0.1824   0.076  112
56142.271   -0.258853003043   -0.175798805913    0.2098    0.2337   0.254   54
56149.269    1.036939228220   -2.772799206241    0.2595    0.4322  -0.260   13
56156.271    0.150852317134   -0.153698391614    0.3944    0.4599  -0.072    9
56160.208    0.086962770374    0.001101608404    0.2212    0.2866  -0.286   84
56163.269   -0.173666998343   -0.600199211931    0.2229    0.3175  -0.207   28
56167.207    0.508454165517    0.939801606137    0.2141    0.3306   0.389  124
56168.229   -0.190907885735   -0.131399991687    0.1841    0.2309   0.088   50
56170.271    0.110921436878    0.077900412521    0.1485    0.2695   0.040   56
56175.209    0.086454678341   -0.044298005264    0.0934    0.1415  -0.004  146
56177.273   -0.060086465786   -0.164199610708    0.2455    0.3514   0.145   68
56184.271    0.330731769564   -0.069199199970    0.2796    0.3004  -0.189   20
56191.269    0.181656218104    0.723200392372    0.2229    0.2831  -0.102   28
56196.229    0.192176732313    0.111301201855    0.2015    0.1873  -0.011   52
56198.271    0.003422617233   -0.984798009540    0.1625    0.2517   0.004   60
56202.209   -0.183554559237   -0.089499607725    0.1030    0.1331  -0.005  124
56203.224    0.247571907226    0.103802406670    0.1913    0.2784   0.172   46
56205.269    0.024974850570   -0.388299594078    0.1547    0.2798   0.286   77
56210.186   -0.019395003923   -0.750700800722    0.2900    0.4373   0.421   55
56211.208   -0.213725679828   -0.041799600581    0.1351    0.2474   0.126  118
56212.271    0.023578375700   -0.561099608376    0.1497    0.1994   0.100   82
56216.209    0.149455842264    0.123300000610    0.1226    0.2857  -0.033   89
56219.269   -0.432139537644   -0.120700812545    0.2487    0.2562   0.203   19
56223.207    0.011284208702    0.192700792923    0.1536    0.3260   0.037   35
56226.271   -0.387520306462    1.240001995484    0.4267    0.4906   0.251   25
56230.209    0.078848862269   -0.616697988676    0.1898    0.1715   0.130   77
56233.269    0.191668640280   -0.059198393387    0.1346    0.1992  -0.109   36
56244.209   -0.110029941156   -0.258897594563    0.1632    0.2368  -0.145   66
56247.269    0.296757740937   -0.311500789962    0.3034    0.3924   0.252   52
56252.266    0.027509084966   -0.876297588093    0.1957    0.2967   0.036   20
56259.228   -0.062873362694   -0.254699992297    0.0854    0.1390   0.196   76
56261.269   -0.478410846155   -0.054298811847    0.2551    0.2732  -0.225   68
56265.207    0.019650606382    0.162201592957    0.1058    0.1375   0.004   90
56268.271    0.269504258430    0.465800403049    0.2654    0.3302  -0.158   20
56272.209    0.256699059451   -0.012599994648    0.1412    0.1777  -0.069   71
56273.231    0.448623129253   -0.082598401718    0.1456    0.1693  -0.022   42
56275.270    0.028522156147   -0.563698796441    0.1614    0.2919   0.111   86
56282.271    0.124612078747   -0.436100410184    0.2316    0.2648   0.312   29
56289.273    0.036127972220   -0.279799198211    0.1555    0.2887   0.374   80
56296.271   -0.016605167068    0.369799192868    0.2546    0.2556  -0.087   64
56303.270   -0.109144498267   -0.133797587409    0.2227    0.2695   0.166   57
56310.271    0.215122154698    0.124801212564    0.3009    0.4025   0.263   33
56317.270   -0.404125646468   -0.170798389831    0.2529    0.4379  -0.360   98
56324.271    0.190783370329    0.185299199984    0.2254    0.2210  -0.289  130
56328.209    0.117386380540    0.104799599399    0.1735    0.2255  -0.007   90
56331.270    0.188626313851   -0.475300797120    0.2561    0.2589  -0.182   41
56336.208   -0.110918323993   -0.180399592864    0.1296    0.1715  -0.086   86
56338.271   -0.158707682834   -0.688197607701    0.2444    0.2340   0.535   74
56343.228    0.778843866837   -0.497599197047    0.3958    0.4851   0.064   21
56345.270    0.059706347920    0.205502405493    0.3677    0.3005  -0.390   67
56349.207   -0.025479656780    0.358401590006    0.1251    0.1615  -0.078  102
56352.272   -0.096594901747    0.111402010816    0.2423    0.2678  -0.227   57
56356.205    0.183557672122    0.048099610694    0.0723    0.1244   0.046  176
56359.270    0.194966569168    0.426999594083    0.2145    0.3020   0.213   67
56365.581   -3.814737345661    3.819099609359    1.9207    1.7110  -0.160    5
56366.272    0.029410538984   -1.263999592993    0.2441    0.4094  -0.129   25
56370.209    0.172909529620   -0.269499597039    0.1540    0.2882  -0.228  154
56372.251    0.493750452468   -5.438599202989    1.0856    3.6945  -0.136    3
56373.270   -0.375731291550    0.258800392317    0.1235    0.2338  -0.083  189
56378.270   -0.071747852406    0.141199205927    0.1595    0.1894  -0.178  118
56387.270    0.142485919455    0.522601200714    0.1481    0.3276   0.226  159
56392.230    0.141850026192   -0.168497996356    0.1623    0.1869   0.127   88
56394.272    0.439496149966    0.143600408364    0.2032    0.3413   0.089   63
56399.206   -0.094437845270    0.136800011319    0.1172    0.1475   0.095  166
56400.247   -0.547116372133   -0.921599999515    0.5715    0.7551   0.215   14
56401.270    0.062623986005   -0.137397600497    0.1920    0.3105   0.409  151
56406.230    0.131837604016   -0.408700810794    0.4108    0.4428  -0.296   67
56408.268    0.169231309929   -0.338900389352    0.3185    0.5576  -0.356   85
56418.999    0.092667305367   -0.630197999385    0.4093    0.5870  -0.156   85
56422.275    0.144892352621   -0.199198788664    0.3856    0.4853  -0.532   20
56427.228    0.246178545241   -0.130698012413    0.1971    0.1718  -0.052  117
56429.270    0.172273636358   -0.672800388202    0.2088    0.3477   0.141  137
56436.268   -0.017998529053   -0.083397608819    0.2903    0.3748  -0.406   36
56439.541    0.465356097550    0.874601997225    1.0170    1.7148   0.500   12
56443.270   -0.208146006118    0.386402410868    0.3137    0.5173  -0.183   45
56450.268   -0.056155756520    0.159602404892    0.3897    0.5574   0.004   50
56457.270    0.049058032481    0.646199995913    0.2246    0.2937  -0.078   87
56464.272   -0.089874355627   -0.046900800044    0.1541    0.2297   0.021  213
56469.228   -0.181145013185   -0.077500808970    1.4905    0.5450   0.230   18
56470.251    0.017621351134   -0.632199598272    0.1352    0.2193   0.040  182
56471.270   -0.151862275431   -0.074998797572    0.3544    0.2056  -0.020  225
56475.207   -0.112567288437    0.010000806583    0.1038    0.1344   0.270  266
56476.270   -0.299672266136   -0.784198792303    0.2343    0.2934  -0.321  123
56477.998   -1.563772213593    1.207299604289    0.5102    0.6134  -0.082  115
56485.270    0.214486261435   -0.639500407829    0.3320    0.2820  -0.227   32
56492.272   -0.000380290804    0.247600800662    0.1728    0.3603   0.056  134
56498.251   -0.763123969721    0.357901203074    0.2665    0.2161  -0.392  136
56499.270   -0.082776458649   -0.676000797739    0.1497    0.4887  -0.390  151
56506.272    0.104200890758    0.386301601907    0.2402    0.3435  -0.007   73
56513.270    0.112442600093   -0.283399211298    0.1923    0.2271   0.165  118
56518.270   -0.040311171060   -0.179999989314    0.1536    0.1986  -0.052   36
56525.228   -0.088861111507    0.119699987522    0.4105    0.5966   0.273   19
56527.270    0.269629119712   -0.511898389277    0.1797    0.2252   0.200   86
56531.208    0.106862926383    0.054399595228    0.1492    0.1471  -0.035   81
56534.272    0.253784534252   -0.073098007647    0.1517    0.2649   0.022   73
56537.998    0.293587613278   -3.565198798583    0.3630    0.9034  -0.050    6
56541.270   -0.390307203370   -0.734097608301    0.2593    0.3328   0.030  151
56548.272   -0.129172455505    0.046602005455    0.1861    0.3219  -0.346  134
56555.270    0.268488247301    0.237902395384    0.1232    0.2121  -0.071  102
56562.272   -0.158963112355    0.109400411930    0.1213    0.1850  -0.001  132
56567.228    1.683440511893    5.270500810184    0.3569    0.2560  -0.175   39
56569.270    0.068453036403   -0.012499211266    0.1703    0.2006   0.073   91
56573.208   -0.706840239033   -0.067500002388    0.3429    0.5630   0.597  201
56576.268    0.073524791018   -0.483400788198    0.1956    0.2541   0.273  109
56583.270    0.096850504207   -0.233697605267    0.2370    0.3338  -0.380   80
56590.272   -0.004435688414    0.334799989332    0.4052    0.2292  -0.052   37
56596.269    0.223108434512    0.144000011915    0.1597    0.1706  -0.357  127
56602.208    0.241106963565   -0.094399189265    0.1640    0.1351   0.053  190
56604.272    0.169991891536   -0.147499190462    0.2046    0.1649  -0.368  150
56608.188   -0.297262720085   -0.364197606473    0.3455    0.6394   0.075   14
56610.229   -0.762491016405   -1.349899187630    0.6876    0.7278  -0.369   10
56611.270    0.050706996925    0.169999208310    0.1994    0.2756   0.168  172
56615.208   -0.040183369830    0.164699997640    0.1248    0.2104  -0.365  169
56616.227    0.064397638793   -0.837698397049    0.3709    0.4785  -0.280   39
56617.249    3.438753564537    6.027800390029    0.7300    1.3306   0.076   86
56617.249   -0.008746688483    0.472399207752    0.6423    0.7338  -0.635   14
56623.272   -2.725192606445   -9.018597606314    0.1973    0.2709   0.083   57
56639.270   -0.166821590939   -0.044499597607    0.1074    0.1432   0.086  194
56644.227    0.810028058610    0.307699210111    0.7582    0.9699   0.427  256
56645.250   -0.065155107515   -0.115498804121    0.0692    0.1557  -0.237  267
56646.272   -0.308419127557    0.169502402514    0.1548    0.1567  -0.150   94
56653.270   -0.340363900937    0.040100402998    0.1497    0.1893  -0.039   72
56660.269    0.006212454087    0.181900804819    0.1945    0.4875  -0.387   26
56661.920    0.166696902595    1.631901602650    0.3399    0.5990   0.123   21
56667.270   -0.090634937234    0.571201198341    0.1103    0.2974  -0.167  207
56674.269    0.084045132290    0.547401612039    0.2664    0.3894   0.245  130
56677.998    0.610500939745   -0.210398405898    0.6661    1.1475   0.599   75
56679.207   -0.375731291550    0.224701204843    0.1729    0.1384   0.218  146
56681.270    0.085313805930    0.002699997026    0.2036    0.2408  -0.173  193
56686.209   -0.304235755780   -0.068399992870    0.1745    0.1576  -0.557  152
56688.269   -0.223738102005   -0.542098794654    0.1714    0.2524   0.002   93
56695.271   -0.314375979186    0.491202010267    0.1277    0.2105   0.086  200
56706.206    0.259108605502    0.341701195339    0.2561    0.2321  -0.240   71
56707.229    0.254417314629    0.071301607818    0.2894    0.3109   0.019   63
56708.248    0.409957809752   -0.882000009028    0.5388    0.9993  -0.285    8
56709.271   -0.453816459326    0.642200404855    0.3746    0.4615   0.283  114
56714.227    0.761605919391   -0.530697610657    0.5491    0.7971  -0.491   12
56715.250   -1.757466996236    0.994499995954    0.8487    2.2129  -0.425    4
56716.269    0.110033054042    0.446900398288    0.1661    0.2112  -0.225   56
56723.271    0.162893994559    0.040701598891    0.1443    0.1539   0.019   80
56730.272   -0.161497519689    0.092401197094    0.1529    0.1847   0.010   83
56734.206    0.344166808974    0.402901187613    0.1944    0.2128  -0.030   56
56737.271   -0.289023950697    0.551502012058    0.4516    0.4915  -0.097   34
56741.208   -0.106102171838    0.136800011319    0.1271    0.1420  -0.262   75
56744.269   -0.281037843821    0.075200389915    0.1307    0.1634  -0.055   66
56748.206   -0.256063166188    0.115001998324    0.1049    0.1485  -0.300  299
56750.270    0.266967084087   -0.079700393485    0.5979    1.4848  -0.059   41
56751.271    0.323886535099    0.247701609624    0.2589    0.1771  -0.180  187
56756.227   -1.698777005320    1.315202410979    0.4139    0.4499  -0.130  125
56758.272   -0.179623849971    0.342399593478    0.1467    0.2751   0.367  141
56762.206   -0.205359109210    0.268999210107    0.0831    0.1174   0.042  149
56772.273   -0.175315789849   -0.064699196400    0.1176    0.2570  -0.170  159
56777.269   -0.071495362832    0.070801195307    0.1284    0.1446  -0.045  179
56783.497   -0.117383267655    0.033001211364    0.2193    0.1411  -0.700  338
56784.497   -1.263844344998    0.733302007916    0.3384    0.1664  -0.905  475
56785.498   -0.170244208172    0.319701590001    0.0681    0.0861   0.227  369
56786.499   -0.258092421436    0.234702011426    0.0721    0.0829  -0.214  356
56787.500   -0.320080341240    0.230101198895    0.0542    0.0681  -0.142  586
56788.501   -2.221934883887    0.564699595884    0.5796    1.3611  -0.668  490
56789.498   -0.231852010110    0.118602011412    0.0518    0.0655  -0.039  427
56790.498   -0.413885406132    0.183600002401    0.0614    0.0699   0.168  581
56791.499    0.001140872411    0.255099595847    0.2559    0.4526   0.853  531
56792.500    0.554977963602   -0.261698400550    0.5843    0.3809  -0.625  679
56793.497   -0.446971051923    0.031600808370    0.0639    0.0835   0.335  560
56794.498   -0.297390521314    0.324100810190    0.0559    0.0621  -0.080  517
56795.499   -0.351644823816    0.119102398344    0.0708    0.0826  -0.221  134
56796.500   -0.168850846187   -0.038898011212    0.0613    0.1164   0.002  643
56797.500   -0.420730813536    0.235799987536    0.2592    0.2296  -0.922  642
56799.582  -35.563775619773   56.711699988909    3.8059    8.5002  -0.902   15
56800.269   -0.368377792114    0.608702387694    0.2409    0.2739  -0.586   54
56807.271    0.319955825834    0.355100397087    0.3556    0.5513   0.350   98
56809.214   -0.823843215884   -0.503899207160    0.1389    0.1578  -0.033   93
56814.269   -0.260754457061    0.282002389440    0.1645    0.1941  -0.085   54
56817.881    0.461805679088   -0.162100809575    0.1774    0.2604   0.135   45
56819.207   -0.167454371317    0.459100789385    0.0921    0.1158   0.023  157
56821.271   -0.337701692374    0.161600397064    0.2518    0.2384   0.026   86
56826.209   -0.283824567791    0.299501991208    0.1645    0.1396   0.011  111
56828.269   -0.334531564716    0.526301997184    0.2359    0.2243   0.034   40
56834.248    0.573359896344   -0.812397598793    0.0911    0.1189  -0.050  271
56835.271   -0.469536356442    0.198399607143    0.1537    0.2633   0.005   85
56841.272   -0.697585458517    0.352000796511    0.2381    0.2215   0.099   25
56846.206   -0.320460632044    0.031499999409    0.1014    0.1056   0.054  195
56848.248   -0.900410333331    0.197600400043    0.6393    1.3501  -0.187  113
56849.267    0.000508092033   -0.038998794594    0.1300    0.1547  -0.086  119
56853.208   -0.248076886374    0.717400794770    0.1248    0.1864  -0.303  106
56856.269   -0.344547099777    0.493200002438    0.1973    0.2056  -0.036   33
56860.206   -0.099637228176    0.418100395905    0.0921    0.1139   0.099  117
56863.275   -0.254289340462    0.518399991734    0.1686    0.4183  -0.199   63
56867.208   -0.105341590231    0.366001194152    0.1177    0.1357   0.400  265
56870.269   -0.289148811979    0.565801204289    0.2117    0.1771   0.080   63
56874.206   -0.568665492586   -0.614800805465    0.7153    0.9383  -0.686  153
56877.271   -0.090254646430    0.019602009615    0.3310    0.3912   0.037   34
56878.498   -0.674007082816   -0.367797593981    0.1806    0.2140  -0.079   85
56881.208    0.754760511988    2.426000392575    1.4175    1.3781   0.227  183
56884.269   -0.416927905499    0.857001612076    0.1922    0.2304  -0.259   34
56888.207   -0.104581008623    0.190101604858    0.0758    0.0941  -0.247  194
56891.271   -0.254161712170    0.693399590546    0.1668    0.2967  -0.085   95
56895.208   -0.143751480210    0.370699208929    0.0836    0.1036  -0.248  163
56898.269   -0.213470077369    0.614502010876    0.2070    0.2869  -0.212   61
56901.998   -3.223251119035   -2.709899990805    2.5286    1.4237  -0.395   44
56905.271   -0.180384431578    0.389199610140    0.1752    0.2563   0.005  104
56912.269   -0.072636235243    0.138999595833    0.1909    0.3046  -0.191   83
56919.271   -1.130108399849    1.361800809718    0.6501    0.5283  -0.672   11
56926.269   -1.266761983082    1.331499595381    0.1702    0.2056   0.142   50
56931.229   -1.542095464849    3.981499187944    1.2371    0.7657   0.069    9
56932.270   -0.188245850110    0.543700789990    0.1394    0.2284  -0.049  100
56937.208   -0.316277433204    0.576302397803    0.1759    0.2462  -0.026   86
56940.273   -0.268993053511    0.374601597741    0.1717    0.2606  -0.022   53
56944.207    0.523541282256   -0.210200394690    0.4574    0.5096  -0.372   25
56947.271   -0.053621522124    0.584301605500    0.4232    0.5079   0.289    6
56951.208    1.178028672805   -0.700898411310    0.2052    0.2201  -0.423   35
56952.271   -0.362165338026    0.286099208324    0.2839    0.2152  -0.242   41
56961.271   -0.627738887190    0.757900801318    0.1812    0.1923   0.017   80
56965.209   -0.149200239805    0.602200810818    0.1450    0.1657  -0.173   73
56973.229   -0.007350213613    1.024901993674    0.6927    0.5359  -0.151   20
56975.271    0.132850675197   -0.309099587525    0.1922    0.2751  -0.424   56
56979.209    0.056411531917   -0.546199194673    0.1454    0.2130   0.045   79
56982.269   -0.004688177988   -0.249598792834    0.2787    0.2533  -0.239   59
56986.207    0.098496355765    0.733701611466    0.2222    0.2109   0.154  123
56987.270   -0.072128143210    0.233301608432    0.1305    0.2129   0.131   64
56988.997   -1.274492660437    1.001599187589    0.6102    0.9932  -0.214   34
56995.250   -0.389926912566    0.356299207738    0.1320    0.1459  -0.291  322
56996.269   -0.172273463420    0.757602006729    0.1748    0.2521  -0.370   43
57000.185   73.174684478450   26.944999191869    4.1749    1.5278   0.867    3
57003.271   -0.310445269920    0.194500799466    0.1901    0.2378  -0.162   57
57007.209   -0.535707648024    0.853200006645    0.5994    0.7455  -0.287  138
57009.250    0.077580188628    1.283601602609    0.3325    0.4364   0.071   29
57015.270   -0.339095227297   -0.725997591644    0.1240    0.1926  -0.071   56
57022.268   -2.907478664979   -7.391300397330    0.2775    0.4159  -0.158   38
57031.271   -0.242372524320    0.479502006101    0.2676    0.4302  -0.045    8
57036.209   -0.439240547507   -1.052697589898    0.0977    0.1600  -0.040   93
57038.269   -0.620133071118    0.150299996449    0.2938    0.2054  -0.221   31
57041.999   -0.326165167036   -0.658000809040    0.2133    0.4072   0.058   39
57045.271    0.050834798155   -0.007700387528    0.0905    0.1345  -0.058  129
57051.250    1.606112812839   -1.426697991747    0.4389    3.3456   0.185  179
57052.270   -0.059706174982   -0.073800012501    0.1469    0.1932   0.196   72
57059.271   -0.276346552948   -0.314697592785    0.3459    0.2258   0.389   64
57066.273    0.143118699833    0.034700408946    0.1261    0.1436   0.067   56
57071.226   -7.209373718217  -18.465098403908    4.3167   12.9481   0.955    6
57073.271   -0.054634593306    0.162799207715    0.1439    0.1437  -0.117   73
57094.270    0.152625969923   -0.527900411385    0.5801    0.5892   0.202    4
57101.271    0.431001778118   -0.190598410654    0.2877    0.2391  -0.207   31
57108.270    0.032325064184   -0.260798410068    0.1463    0.1450   0.169   82
57114.274    0.069849511274   -0.059500794691    0.1876    0.2259  -0.164   62
57122.270   -0.297895500462   -0.160300803032    0.5285    0.5544   0.252    5
57126.207    0.028141865344   -1.221300001930    0.1881    0.2046  -0.204   49
57129.272    0.084933515127    0.019602009615    0.1505    0.1917  -0.163   67
57133.209    1.155591342453   -0.290898006483    0.1698    0.1994   0.278  141
57136.273   -0.294472883230   -0.685598394057    0.2000    0.1867  -0.266   66
57140.207   -0.232232300914   -1.496498387610    0.1330    0.2463   0.035   93
57161.209    0.151612898742    0.069300008931    0.1923    0.2418   0.078   39
57164.270   -0.027886262885   -0.538498807146    0.8923    0.8126  -0.873    5
57177.583 -162.918175450647  269.986100394703  125.6465  134.3378  -0.676    4
57178.270   -0.120173104510    0.309801592380    0.5307    0.2641   0.502   24
57185.268   -2.450364276765    0.769100392972    2.1561    0.5922  -0.628    3
57199.272   -0.181905594793    0.115901988806    0.4356    0.4167  -0.483    6
57203.209    0.193065115150   -1.008799188185    0.1299    0.1345  -0.075  140
57204.363    2.668909048695    0.142300788752    0.8443    1.0546  -0.521   16
57205.269    0.250234115790   -0.217900807797    0.2148    0.1891  -0.211   38
57213.272   -1.007020597202    3.633102011236    0.4016    0.2865  -0.458   21
57217.209    0.814719349483   -0.974898011918    0.1632    0.2163   0.237   90
57220.270   -1.142910658881    5.856102009716    0.1881    0.1796   0.057   72
57227.272    0.084045132290    0.057499195805    0.2516    0.2452   0.152   96
57237.999    0.258475825125   -0.823798808369    0.7024    0.9074  -0.060   31
57239.208    0.001268673640   -0.962499609614    0.2478    0.2476   0.087   33
57241.268    1.198564549138    0.548301602521    0.2696    0.1941   0.000   36
57246.206    4.797166668920   -2.457000005052    0.3321    0.4822   0.460   32
57248.270    0.916385832906   -0.766497598192    0.4571    0.3263  -0.334    7
57255.272    1.684833873878    0.738601193007    0.4015    0.6717  -0.369    6
57260.228   -3.787480923207    2.751102002208    0.5562    0.6987  -0.170   18
57262.270   -0.081888075813   -0.426700799494    0.1253    0.1629  -0.065   70
57274.206   -0.681740873056   -1.653300012094    0.1779    0.2975   0.370   64
57276.270    0.029282737755   -0.441100800685    0.2791    0.3098  -0.100   15
57280.207    0.277110247440   -0.023500791713    0.2207    0.1944  -0.121   25
57287.206   -0.183934850040   -0.848700003075    0.1316    0.1406   0.000   58
57294.207   -1.136193052707   -1.091498398864    0.1906    0.2188  -0.189   14
57304.241    0.263419605572   -1.783799987720    0.2130    0.1840  -0.124   29
57311.272    0.046904088889   -0.403099198820    0.2000    0.2491   0.157   27
57322.208   -0.737136047969    0.069400792313    0.3419    0.5364  -0.033   19
57325.268    0.950484549879    0.681101997202    0.2285    0.2455   0.016   29
57337.227   -3.283465558989   -0.614599187543    1.8312    0.9604   0.476   10
57339.268    2.095804754811    0.091501206612    0.1555    0.2202   0.182   34
57343.209    1.366527185426    0.046501196493    0.1781    0.1483   0.001   42
57346.270    0.953907167111    1.137801609730    0.1774    0.1934  -0.220   55
57350.208   -1.592674660544    1.590699591247    0.2447    0.2262   0.030   42
57351.270   -0.122454849331    0.291700794719    0.1285    0.1656  -0.329   14
57352.290   -0.912199521182   -0.602600388788    0.4681    0.8136  -0.380   10
57360.270    0.550034183155    0.151999194031    0.1723    0.2092  -0.375   39
57367.268   -0.827521435576   -0.456897598156    0.1736    0.1830   0.016   34
57373.248   95.394675263415  -38.653397999155    7.5741    3.0520  -0.857    5
57373.248   -0.599216903981    0.006699588084    1.1258    1.5837   0.660   39
57379.271    2.339701555231   -5.463597599942    0.3356    0.3186  -0.132   19
57385.209   -0.302967082139   -0.125297992781    0.2240    0.2897   0.216   26
57386.269    1.934559897634    0.961999197102    0.1610    0.2138  -0.097   25
57395.272   -4.060279997640   -0.770097611280    0.3626    0.2728  -0.281   21
57402.270   -0.984707955195   -2.192698809722    0.3707    0.4521  -0.405   15
57409.269    0.004183371778    0.388101608451    0.2666    0.2931  -0.110   14
57416.270   -0.696064295302   -1.743800393683    0.3255    0.1985   0.241   20
57420.208    0.713433156862   -0.484099211917    0.1307    0.2100  -0.067   21
57441.206   -0.599977485588   -0.973400406679    0.1065    0.1576   0.121   28
57444.270   -1.575181110640   -0.585399607189    0.4420    0.3670  -0.625   18
57458.270   -1.475924173267    1.134201596642    0.6626    0.4471  -0.371    5
57465.269    5.207885233217   -2.989900806938    0.1842    0.2802   0.094   68
57469.206   -0.410462788900    0.708501596591    0.1263    0.1535   0.100  114
57471.270   16.605321155478   29.967901210171    0.2361    0.4344   0.240   54
57479.269    0.390943096633    0.070999206514    0.1168    0.1468  -0.040   35
57483.206   -0.482594044995   -0.425098804158    0.1429    0.1856   0.042  118
57484.229   -3.561080785577    2.950200007490    1.8487    1.4816  -0.115    9
57485.251    0.305252112784   -0.320198395798    0.4225    1.2981  -0.469   42
57490.208    0.650431992939    0.126201589978    0.1555    0.2118   0.064   40
57493.269    0.696195209417   -3.247498807468    0.1563    0.1851  -0.261   58
57500.271    2.375577037876   -6.906499206139    0.2566    0.2884  -0.260   80
57505.209   -0.348730298617   -1.087498807806    0.3098    0.3074   0.265   16
57507.269   -0.977482429926    1.008601202557    0.1318    0.1664  -0.053   61
57512.207    1.051642941269   -1.351497601831    0.2107    0.2634   0.281  147
57514.271   -1.235449990080   -1.686099605536    0.3142    0.3023   0.003   60
57521.269   -1.304411291455   -0.365198405916    0.2944    0.3520  -0.339   31
57526.207    2.677783711346   -0.473000403645    0.1656    0.1827   0.073   98
57535.269    1.723876544235   -4.949099997020    0.5686    0.6147   0.160   13
57542.271    0.418324380369   -1.618898397737    0.5044    0.4614  -0.544    9
57547.209   -0.341885064152   -1.055300410258    0.2821    0.5501  -0.472   25
57561.227    0.373069255925   -1.076097598229    0.3978    0.9308  -0.442   33
57563.269    1.442205747099    2.791202405206    0.1846    0.2651   0.118   51
57567.206   -0.655628262960   -3.873700796930    0.2284    0.4422   0.154   26
57570.271   -1.442710726247    1.184101188301    0.2087    0.2017   0.064   55
57577.269   -3.476907679119    2.413601990270    0.2665    0.3498  -0.238   17
57584.271   -0.830688623287   -0.441500404236    0.1751    0.1965   0.225   42
57605.269   -5.088216934917   -2.563700394376    0.5892    0.4997   0.102    4
57609.206   -0.472958973675   -0.963198007753    0.1580    0.2455  -0.197   30
57617.209    1.959026483234    0.386801988839    0.3492    0.3634   0.250   21
57623.206    3.013836612214    1.413900011471    0.1856    0.3503   0.461   46
57625.248   -0.909157021815   -0.651599989965    0.5115    0.4367  -0.084   10
57638.207   -0.978751103567   -1.154699990025    0.1717    0.2427   0.219   26
57639.230   -0.094818136074   -1.724000398440    0.1811    0.2668  -0.262   35
57640.271    3.277000615327   -2.212999191897    0.1240    0.1494   0.030   54
57647.269    0.483990692803    0.244101596536    0.1804    0.2882   0.156   33
57651.206    1.684833873878   -0.163900790540    0.1770    0.3460   0.411   23
57654.271    0.603403215706   -0.305200805428    0.2151    0.2591  -0.069   16
57661.269    1.246101418405    8.133699589052    0.2956    0.4612   0.239   12
57673.209    0.233628775784   -1.532498390588    0.2196    0.4550   0.098   59
57689.269   -3.152516337810   -0.955598403607    0.2065    0.1840  -0.104   27
57700.208   -2.059421180132   -1.419897594701    0.3648    1.5894  -0.218   22
57703.269    2.481171290619   -1.779098391808    0.2480    0.3018  -0.254   16
57710.267    0.075426245036   -2.390097591842    0.1893    0.3162   0.351   37
57715.271   -0.879113875391   -0.012999598198    0.1379    0.1482   0.030   65
57724.271    1.597113634781   -1.639198805492    0.1313    0.1531   0.109   58
57728.208    1.653777483335   -0.924199187580    0.1846    0.1256  -0.056   47
57729.228   -1.066091051860   -0.348897589220    0.3536    0.3082  -0.124   15
57731.269   -0.245922942782    0.097401587595    0.0421    0.0603   0.117   99
57743.209   -1.098671718503   -1.081000812064    0.2119    0.1995  -0.132   10
57752.271    0.525947715422   -0.870897594041    0.1323    0.1426  -0.255   64
57758.272 5467.574511128616  709.345202403711    0.1556    0.1790   0.024   58
57764.207   -1.780920683592   -2.385698397234    0.1487    0.1413  -0.011   74
57773.269 1593.078982129623  227.063199602640    0.0851    0.1177   0.215   76
57777.207 1175.252988163336 -315.882698404835    0.1497    0.0885   0.052   40
57780.271 2781.164766727854  324.968799594672    0.1301    0.1436  -0.097   97
57787.269 1402.102146507229 1251.820299592055    0.1492    0.1890   0.281   22
57794.271   -0.081002805861   -1.346500792465    0.1300    0.1446   0.048   49
57801.269   -1.444864669839   -0.504799197643    0.2159    0.1666   0.042   38
57805.189    5.260365882930    2.482401612269    1.9851    1.1207  -0.048    6
57808.271   -0.648022273950    0.634701609670    0.2226    0.2927  -0.316   40
57815.269   -1.097530846092    0.704502005533    0.3632    0.3629  -0.299   11
57833.207    8.659060765981  -13.404099590275    1.2352    1.8740  -0.929    4
57836.293    0.081130607091   -0.080298008243    0.1745    0.3006  -0.140  102
57839.792   -0.154904601860   -1.285498811399    0.1484    0.2346  -0.079  100
57840.209    0.094693447729   -0.235598395193    0.1379    0.1727   0.183   59
57841.228   -0.577031890265    0.548100010178    0.5996    0.7315  -0.092   56
57843.270    3.256592367285    2.965301987956    0.2708    0.1649   0.182   37
57850.271    0.441650093558    0.290800804237    0.1101    0.0974   0.096  103
57856.272    1.159899229637   -3.554099990311    0.0941    0.1313   0.038  118
57862.208   -2.369997364167    3.629102394598    0.2169    0.5469   0.265   82
57864.271   -0.000252489574   -1.033898394098    0.2950    0.2149  -0.215   31
57872.197   -0.033718426169    0.159699607138    0.1308    0.1496  -0.155  126
57875.189   -0.209414679759   -0.112399203545    0.2248    0.1804  -0.205  125
57878.271    0.064269837564   -0.474897612435    0.1465    0.1274  -0.046   39
57885.270   -0.819915619504   -0.685699203018    0.1029    0.1243  -0.047  115
57892.271   -0.225639556023    0.045302411422    0.1083    0.1163  -0.098   69
57899.270    0.218925062734    0.926402404389    0.2183    0.2208  -0.017   20
57901.417   -2.463930057351    1.692601207992    0.1418    0.1716  -0.024   64
57906.271    0.021171769596   -0.677300391771    0.4116    0.1856  -0.208   11
57913.270    0.860862856764   -1.521298798934    0.3259    0.2568  -0.181   10
57914.628    0.092031412104   -0.192898804130    0.2138    0.2403  -0.601   45
57924.209    0.431129579348   -1.644800391887    0.1574    0.1532  -0.045   47
57938.209   -0.212837296991   -1.275800406120    0.1396    0.2303  -0.513  140
57939.228    0.534061796465   -3.359098803912    1.0460    1.7901  -0.474    3
57941.270   -1.016528040231   -1.504400393060    0.1301    0.1558   0.370   93
57943.713    0.172529238817    0.089802009029    0.1270    0.1731  -0.070   64
57945.207    2.259839621780    1.972400406203    0.2075    0.2034   0.047   47
57950.916    0.242755928009   -0.787298392879    0.1541    0.3330  -0.155   36
57959.207    0.618867510362    1.117101598425    0.1525    0.1657   0.024   71
57966.209    0.509470349584    0.125100007153    0.1814    0.2355  -0.004   39
57967.228   -0.001140872411    0.043099194613    0.1773    0.1287  -0.241  247
57976.272    6.320375221879   -1.166598005398    0.1411    0.1733   0.107  103
57990.272   -0.527849169440   -2.827000790262    0.1529    0.2135   0.018   32
57997.270    0.412367355803    1.146099612015    0.1012    0.1202   0.130  104
58002.208    1.935195617959   -1.139299189390    0.2059    0.1725  -0.124   53
58003.231    0.014070932672    0.169801197103    0.1604    0.2184  -0.462  183
58004.268   -0.249853652048    0.103301994159    0.0789    0.1080   0.022  114
58015.207    0.695179025350    0.003700796469    0.0985    0.1202   0.392  120
58022.209   -0.784167938087   -1.817798391812    0.2289    0.4240   0.146   25
58022.797   -1.031484242854    2.322302401581    0.7902    1.7260   0.733   56
58032.268    0.566134371075    0.035100012497    0.1010    0.1157  -0.145   88
58037.206    1.225565542071    0.422499590513    0.0925    0.1130  -0.019   58
58038.229   -2.368981180100   -6.857999991894    0.2746    0.7714   0.205   42
58039.270    0.244277091223   -0.468597602321    0.1743    0.1505  -0.163  100
58046.268   -5.243377312174    3.175902011776    0.1577    0.1573  -0.162   63
58053.270   -0.385871342018   -1.215198003024    0.1512    0.2006   0.051   52
58060.272   -0.892932145550   -0.465098398195    0.1865    0.2190  -0.135   24
58064.209    2.213696287437    1.587099603739    0.4187    0.2168   0.039   16
58074.272    1.239128382710   -0.143899202953    0.3855    0.2482  -0.037   11
58078.209   -2.764363078032   -4.152297603355    0.1716    0.1788   0.399   43
58081.000   -0.143371189407   -0.468298807732    0.4009    0.8337   0.227   84
58086.497    0.410846192589    1.100800807308    0.0607    0.0955  -0.462  294
58087.498   -0.156045647208    0.631202405543    0.0736    0.0998  -0.225  187
58088.498    0.674262685275   -1.597899591843    0.0875    0.2014  -0.684  197
58091.453    0.352280890017    0.369900001829    0.0817    0.1438  -0.170    3
58091.497   -0.024971564747    1.120802394894    0.0483    0.0739  -0.297  265
58092.498   -1.012977621769    0.697899594115    0.0537    0.0785  -0.321  310
58094.496    0.035114901039   -1.954598403131    0.0679    0.0968   0.291  233
58096.497   -0.712292111513    0.230702394788    0.0581    0.0842   0.002  229
58097.498   -0.277107134555   -0.257399989323    0.0532    0.0714  -0.157  266
58098.499    0.470172249705   -0.377297988052    0.0651    0.0802   0.010  182
58099.496    0.461297587054    0.613800006022    0.0652    0.0841  -0.129  215
58102.268   -2.969214095209    0.880502403788    0.2045    0.1872   0.096   34
58109.000   -0.505664328662   -2.143799991927    0.5726    1.1682   0.374   40
58116.268    0.230206158551    1.177001996666    0.1535    0.2877   0.083   45
58123.270   -0.039930880256    0.947199592360    0.2883    0.2647  -0.163   18
58130.268    6.050365984301    1.055800797189    0.1677    0.2168   0.091   62
58134.209    0.680222822727    0.159001208999    0.1777    0.1719  -0.139   32
58137.270    1.018304805904    0.704599207779    0.2103    0.1999   0.047   32
58141.208   -0.361024465615    0.387100809007    0.1098    0.1223   0.005   61
58145.291    4.549086669660   13.854401990443    0.7775    3.7438  -0.464    3
58151.270   -0.210175261366   -0.921200395965    0.4064    0.4079  -0.404    4
58155.208   -0.389546621763    0.116499603564    0.1582    0.1537  -0.066   18
58158.272    0.428972522871   -0.467798395221    0.1287    0.1601   0.039   27
58164.248   -1.599392266718   -0.918000012007    0.5350    1.0960  -0.125   14
58170.230   -1.607630863168   -0.203299188684    0.1427    0.2499   0.547  273
58200.272   -0.317038014811    0.192099597029    0.0988    0.1340   0.087  159
58214.269    0.473214576134    0.288899988732    0.2034    0.2312  -0.071   20
58218.206    0.489695054857   -0.054698389818    0.2548    0.2480  -0.151   18
58220.251   -2.968201024028    1.496700005532    0.7162    0.6821  -0.018    5
58235.270   -0.459648622610   -2.808500389051    0.1964    0.2436  -0.224   26
58241.209   -0.024843936456   -0.244000787575    0.1523    0.1378  -0.062   68
58242.272    0.247066928078   -1.011398401829    0.1228    0.1409  -0.134   46
58246.082   -0.039803079026    0.604000791782    0.1717    0.4552  -0.237   28
58253.208   -0.412872334951   -0.376797601120    0.3227    0.1538  -0.065   35
58256.272   -0.385618852444   -1.083898794718    0.4595    0.2171   0.186    6
58274.210    0.364450195733    0.434599198229    0.2839    0.2947   0.271   15
58276.251   -2.353769375017   -7.616498407970    1.0740    3.2422  -0.511    3
58277.271   -2.213060221236    1.133600400749    0.5014    0.2454  -0.155    7
58279.305    0.349746482683    0.802400398925    0.1241    0.1420  -0.123  153
58298.269    0.040186482715   -0.363200388165    0.1968    0.1898  -0.114   50
58301.297   -0.097735774158   -0.326998792843    0.1852    0.2617   0.144   41
58304.233    0.036888726765   -0.028400398833    0.1712    0.5323  -0.148   33
58305.026   -1.893612660374    1.443200400786    0.1629    0.1966  -0.149   71
58312.269    0.497425732212   -1.231300808513    0.3041    0.5329  -0.541   36
58316.206************************************    0.2485    0.1948   0.161   14
58319.271   -0.558777758753    0.011501992958    0.2927    0.3011   0.022   15
58326.959    0.406030213371   -0.495298803571    0.1734    0.1842  -0.044  102
58330.955    0.042973379623    0.009702011994    0.2057    0.2756   0.131   46
58337.208   -1.724889442478   -0.497098810115    0.5899    0.4689   0.445    6
58340.269   -0.497805850078    0.105901207803    0.5404    0.5501  -0.431    8
58340.948    0.068328348059    1.074599992990    0.1971    0.3194   0.261   44
58351.208   -0.380547270767   -0.292399192858    0.2564    0.3338   0.254   10
58358.206    0.306392985195   -0.535600798912    0.4076    0.3924   0.238    7
58365.208   -1.199449819090   -0.322498789274    0.4078    0.2378  -0.201    9
58367.250    0.344422411433   -5.990299200676    1.2274    1.5810   0.157   11
58379.208   -0.020660564678   -0.128699994661    0.2992    0.2455  -0.208   11
58382.269   -0.158455193260    0.799801210860    0.2606    0.2662   0.004   62
58400.206   -0.088480820704   -0.158500796488    0.1149    0.1156   0.072  120
58401.229    0.200923420797   -0.588499207765    0.0944    0.3382   0.344  134
58403.271   -1.129600307816    0.012499211266    0.5802    0.5047   0.410    8
58414.206   -0.177722395953   -0.404798396403    0.6510    0.8041  -0.379    3
58417.271   -0.941862376802    0.206402395975    1.4958    0.9759  -0.823    3
58422.271    0.389169443844    0.107301610797    0.4832    0.4564  -0.167    3
58428.206   -0.724081299363   -0.302097598137    0.3816    0.2502   0.126    9
58435.208    0.033085645791   -0.658198794667    0.3261    0.2158  -0.025   23
58437.250    0.096975192551   -0.035398807086    0.0647    0.0854  -0.141  336
58438.269    0.117891359688   -0.411598793448    0.1688    0.1642   0.061   75
58443.269    0.880382549031   -6.951700808600    1.1505    8.8216  -0.298    3
58452.269    0.785184122154    0.657701988871    0.4526    0.3201   0.383   31
58459.271   -0.528609751047    0.450500411375    0.7161    0.4217  -0.097    5
58463.208   -1.738707885576    1.384599596577    0.9938    0.5362   0.542   28
58464.227   -0.101410880965   -0.861299997723    0.0843    0.2868   0.156  209
58473.271   -0.447606945186    0.360899994689    0.4648    0.3979  -0.378    9
58480.269    0.089749667282    0.437299195255    0.3098    0.3370   0.064   31
58486.208    2.955398937935   -2.031400788383    1.3457    2.3624   0.650    3
58487.271    0.900285644987    0.134899195814    0.7022    0.5422   0.279    7
58491.208    1.768879006168    0.602301594199    0.6343    0.4037   0.146   13
58491.208    0.714193738469   -1.149400804934    0.0909    0.2564  -0.550  302
58498.207   -0.232104499684    0.201402005473    0.2742    0.3464   0.330   19
58501.271   -0.772250949008   -0.617097592226    0.4044    0.6089   0.456   20
58508.269   -0.019647493497   -0.043300812536    0.1603    0.1648  -0.017   89
58510.833   -0.505284037859   -0.248900394695    0.1346    0.1847   0.024  144
58512.780   -2.268078218230   -2.942398811001    0.2018    0.2633   0.104   92
58519.208    0.138807699763   -0.399398402351    0.1975    0.1811  -0.181   26
58522.269   -0.248457177178    0.054399595228    0.2136    0.2112  -0.022   24
58526.207    0.263291804342   -0.605599205983    0.3579    0.3850  -0.340   13
58528.270    1.043276543590   -8.828499608171    1.5032    6.2146  -0.166    3
58534.209    0.172021146784   -0.303400798884    0.2903    0.2813  -0.332   12
58554.207   -0.487157707577    0.178801204243    0.3286    0.2910  -0.106   14
58561.209    0.264304875524   -0.655200003052    0.5724    0.4052   0.012    5
58561.209   -1.023625764270    0.019501200654    0.0705    0.0625  -0.112  643
58564.269    0.595036645088    0.299300398865    0.3767    0.3430  -0.068   35
58570.249   -0.510100017076    1.243400390649    1.0496    0.8993  -0.295    9
58575.209    0.729785834356   -0.527799602423    0.2441    0.1951  -0.236   24
58575.209   -0.350503951406    0.488401204279    0.1127    0.1229  -0.544  508
58578.269   -0.249978340392    0.261601198304    0.2910    0.2736  -0.101   15
58589.209   -0.329715585498   -0.778697989290    0.4456    0.6356   0.296    4
58590.228   -0.317798596418   -0.316598408290    0.1732    0.1964   0.215   49
58591.269    0.413760890726    0.393400793541    0.2212    0.2213   0.102   76
58599.271   -0.743728792860   -2.522599191934    0.5736    0.9374   0.487    6
58603.209   -1.012977621769   -0.479800800690    0.9858    0.4016   0.639    6
58612.230   -0.947058819761    0.074901595326    0.1975    0.2447   0.065   43
58613.271   -0.341124482545   -0.145097988025    0.3739    0.2361   0.293   31
58617.209   -0.475240718497    0.115001998324    0.2151    0.1761  -0.146   20
58617.209    0.158330504915   -0.171500394686    0.1028    0.1541  -0.292  108
58619.250    0.099004447799    3.135902392160    1.2478    4.5131  -0.476    3
58627.271    0.285729307632   -0.158000409556    0.2305    0.1575  -0.264  125
58641.271    0.295744669756   -0.276598788673    0.7161    0.5296  -0.147    4
58652.207    1.827444481677   -0.964000795989    0.6697    0.9402   0.378    8
58655.271   -0.187865559306    0.261899992893    0.3678    0.6736  -0.299   11
58683.271    0.190403079525   -0.898599594734    0.5550    0.4838  -0.086   10
58687.209   -0.013562840639   -1.001898007758    0.3600    0.3640   0.374   34
58701.209    0.549273601548    0.593301612639    0.2917    0.5683   0.549   14
58701.249    0.335547921720    2.764900807506    0.1900    0.8712  -0.684    6
58704.270    0.246558836045    0.233801995364    0.2923    0.3202   0.341   48
58718.270   -0.026873191703   -0.034700408946    0.3484    0.5169   0.029   14
58725.272   -0.750321710689    0.616100399498    0.2923    0.4014  -0.014   25
58729.209    0.002789836855   -0.040399197587    0.1524    0.1918   0.166   38
58743.209    0.665263507218    0.602301594199    0.2320    0.4997  -0.036    6
58753.268   -0.159596065671   -0.693597601753    0.2355    0.2349  -0.049   57
58757.209    0.581598665732   -0.282700787579    0.3140    0.3544  -0.028  231
58757.209    0.453439281408   -0.925099203641    0.5607    0.4287  -0.119   22
58767.272    0.028649957377   -1.262199612029    0.3672    0.2200  -0.159   15
58771.209    0.458763352659   -0.555598805363    0.0784    0.2581  -0.589  382
58802.270    0.074413173855    0.061300801235    0.1327    0.2518   0.134   63
58806.207    1.154575158387   -1.153400395992    0.3916    0.2645  -0.024    7
58813.249    0.331997503258   -0.936000000706    0.0665    0.1270  -0.516   38
58814.272    0.357985252072   -0.130298408862    0.3641    0.5166  -0.147    4
58823.272    1.601169032392   -0.319798792248    1.0218    0.5060   0.567   11
58829.901    0.641812932747   -1.423400405542    0.1718    0.2265  -0.259  126
58837.272   -0.825619981558    0.532400389375    0.5774    0.5877  -0.509    4
58841.206   -0.057044139357   -1.622300399617    0.4389    1.3412  -0.181   16
58858.248   -2.178961504264    8.359001989788    0.1385    0.2765   0.130   28
58861.959   -0.033210334135    0.259401588210    0.2075    0.2673  -0.201  124
58862.207   -0.407800753275   -0.094399189265    0.1571    0.1628  -0.123   57
58865.272   -0.752728143855   -2.117599203189    0.3759    0.4473   0.536   10
58870.206    0.351392507180    0.761900392376    0.0972    0.1115  -0.133  107
58870.250   -0.256190967418    0.112500012506    0.4642    0.3916  -0.300   15
58871.905    0.012169478654    1.077501607938    0.1945    0.2797  -0.041  120
58872.270    0.442918767198    0.275400003602    0.1962    0.2947   0.453   25
58876.207    0.211319246662   -0.078699594042    0.1438    0.1723  -0.158   25
58879.272    0.141977827422   -0.290199608344    0.3470    0.3280   0.344   11
58886.270    0.134119348837   -0.111297595140    0.3423    0.3545   0.276    9
58918.208   -0.114340941226    0.355201206048    0.2771    0.3003   0.209    6
58922.379    0.013310351065    0.377301594767    0.2186    0.9024  -0.319  117
58928.270    1.179549836019   -0.643100395337    0.5376    0.5385  -0.549    8
58939.209   -0.120553395313    0.066200408355    0.1312    0.1461  -0.161   40
58954.207    0.137033874037   -0.365900410770    0.1052    0.1469  -0.162   39
58960.208    1.450952608520    2.436501611669    0.4415    0.4916   0.881   24
58969.270    0.554597672799   -0.251899211889    0.5782    0.5688   0.579   16
58974.208    0.325152095855   -1.087300796598    0.2274    0.3700  -0.354   15
58983.251   -0.653090915679   -1.471698001865    0.5757    0.7971   0.778    6
58984.270   -0.043606160001    0.144799193436    0.1459    0.1707  -0.035  171
58988.208   -0.015464294657   -0.120499194622    0.1241    0.1294  -0.114   45
58998.270    0.010015535062    0.000000000000    2.0724    0.3483   0.098    3
59003.209    0.414141181530    0.009399610690    0.1938    0.2033   0.188   12
59019.269   -0.975708777138   -0.522197990449    0.3572    0.3242   0.036   25
59023.206   -0.212076715384   -0.427100403044    0.1912    0.2545   0.091   24
59032.271    1.170167254273   -0.164998792229    0.8950    0.6048   0.412    6
59037.210    0.153258923239   -0.583300806056    0.1308    0.2162   0.324   65
59039.251    0.383465081790   -0.664200010192    0.6158    0.9789  -0.848   15
59040.270    0.144007082669    1.326301193671    0.4814    0.5220   0.473    4
59051.250    0.856551683757    0.933501596023    0.1237    0.2147  -0.076   11
59054.270    0.257967733092    0.141501607231    0.2014    0.2713  -0.034   33
59065.206   -1.198308946679   -0.536500789394    0.4239    0.6481  -0.199    4
59080.207    0.748039965868    0.010501193515    0.2119    0.3791   0.059   26
59086.208   -0.178482977560   -0.357897596359    0.1498    0.3132   0.024   41
59093.206    2.179725198756    0.012599994648    0.1726    0.1876  -0.059   42
59093.250    1.963462171647   -4.724200806550    1.1237    2.4004  -0.959    4
59107.206    0.210178374251    0.078901211964    0.1528    0.1821   0.104   28
59107.250    0.064905730826    0.018799195800    0.1464    0.3263   0.263    4
59110.271    0.508709767976    0.926499606635    0.4527    0.4846   0.336   71
59121.206    0.104076029475    0.098499589285    0.3920    0.2902   0.245    9
59121.250    0.302209613417    0.577900812004    0.1196    0.1615   0.387    6
59128.208    0.065666312434    0.089301596518    0.2865    0.2066  -0.214   25
59145.269    2.562046295250    0.633301206676    3.5460    0.6349   0.805    3
59152.249    0.903327971416   -3.470900392699    0.2946    0.4986   0.286    4
59157.209    0.559669254475    0.158202001899    0.3087    0.3160  -0.230   20
59163.206    0.190022788721   -0.650800808444    0.0815    0.1516  -0.165   72
59163.250   -0.230330846896    0.135601200668    0.1119    0.1101   0.197   12
59172.250    0.186852661063   -0.086997596327    0.0666    0.0955  -0.184  274
59173.269    0.561190417690    0.091101603061    0.2473    0.2926   0.086   41
59178.207    0.657149426174   -0.257799592873    0.1409    0.1531  -0.102   72
59187.269    0.291561470916    0.061599595824    0.2392    0.2827   0.079   86
59194.249    0.188121161765   -0.831600004858    0.0772    0.1094   0.048   15
59198.208    1.360314558401    1.266699590019    0.2781    0.4774   0.152   21
59205.206    2.104171325429   -0.473400007195    0.7510    0.4065   0.205   22
59206.251    0.714069050125   -0.287200791149    0.0702    0.1230  -0.047   23
59206.269   -0.347841915780    0.286199991706    1.2655    0.3976  -0.095    3
59213.293    0.312097347249   -1.551599987692    0.3999    1.3834   0.536    9
59222.249   -0.089113601081   -1.121597995279    0.0591    0.1054  -0.059   34
59230.577   -1.894753532785   -1.012197608929    0.2744    0.2598  -0.004   25
59236.249    0.224249306923    0.170099991692    0.0686    0.1366   0.224   57
59240.208    0.516440445331    0.516902412073    0.2824    0.2352   0.239   50
59243.269   -0.085946586308    0.322599598235    0.2690    0.3031  -0.054   22
59247.207    0.419340564436   -0.100198812447    0.1993    0.2063   0.152   29
59247.250   -0.111806706830    0.202399198201    0.0745    0.1495   0.205   43
59254.208   -0.280910042591    0.413499608953    0.2642    0.2725   0.329  100
59262.207    0.990668092647   -0.903297609511    0.3386    0.2440  -0.001   42
59262.248    0.598459435259    0.244799994675    0.0661    0.1092   0.290  247
59264.267   -0.048677741677   -0.550997992832    0.5176    0.4093   0.147   43
59268.208    0.138427408960    0.122400010127    0.1214    0.1409  -0.013   96
59271.269   -0.168723044957   -0.319298405316    0.2595    0.3583   0.218   36
59278.249   -0.027253482507    0.299401207826    0.0495    0.0960  -0.307  166
59278.271   -0.275838460915    1.037501988321    0.5240    0.5800  -0.255   23
59289.250   -0.964047390517    1.611201591345    0.0279    0.0465  -0.273  205
59297.209    0.536091051713   -0.470199597657    0.1469    0.1455  -0.051  144
59303.207   -0.362420940485   -0.336398403533    0.5845    0.3793   0.078   13
59305.248   -0.338462273981    0.316202411454    0.0532    0.0680  -0.190  362
59311.209    0.302714765503   -0.478598408904    0.1591    0.2962   0.399  114
59312.228   -1.660111685819   -0.703299588167    0.6097    0.4500  -0.370   64
59317.207   -3.706097826542    0.217202409658    0.4975    0.4419  -0.258   34
59320.249   -0.074157398458   -1.300798803072    0.0379    0.0678  -0.305   57
59334.249    0.495904568998   -3.205699206887    0.0247    0.0719  -0.002   65
59338.209    0.822705456358    0.726400801909    0.4749    0.2618   0.104   13
59345.207   -0.161245030115   -0.359499591696    0.2679    0.2273   0.118   46
59348.249    0.185711615714   -0.172000807197    0.2278    0.3119   0.249   10
59353.209    0.064650128367    0.160801189963    0.1660    0.2378   0.232   22
59360.208    0.048172762529    0.044099994057    0.1361    0.2346   0.129   40
59362.249    0.028649957377   -0.063899989300    0.1788    0.1811  -0.179  314
59369.269   -0.463323729417   -0.016300791117    0.3945    0.3673  -0.131   57
59373.207    0.365338578570   -0.198597592771    0.2786    0.2581  -0.156   22
59375.249    0.082271479501   -0.343699187511    0.2515    0.2022   0.122  256
59380.209   -0.102679554605    0.251999995271    0.2584    0.2877   0.011   49
59383.269   -0.077580015690    0.232999207128    0.1909    0.2295  -0.003   66
59387.207   -1.473894918019    0.500601595377    0.4724    0.4515  -0.113   17
59390.249   -0.215246843043    0.863701200160    0.2875    0.2594  -0.535  302
59390.271   -0.508198563058   -0.370900801272    0.2019    0.2623   0.021   32
59394.209   -0.555863233554    0.086201995941    0.1402    0.2085   0.076   67
59402.208    0.310956474838    0.989100001902    0.1046    0.1984  -0.248  182
59404.249   -0.424533721572    0.752601590648    0.1519    0.2599   0.265  404
59408.209   -0.165428228954   -0.002199610094    0.1474    0.1941   0.119   90
59415.207    0.305252112784    0.446400011356    0.1576    0.1867   0.080   83
59418.249    0.235782892314    0.075002404287    0.1284    0.2320  -0.551  245
59418.271   -0.619500290740   -0.124300800053    0.1809    0.2425   0.068   53
59422.209   -0.947439110565    1.018799994768    0.1957    0.2548  -0.499   78
59425.251   -0.035872369761   -0.738799204214    0.0898    0.1297  -0.082   65
59429.207    0.191924242739   -0.165099601190    0.1245    0.1692   0.060  149
59431.249   -0.238444755001    0.172699205336    0.0721    0.5042  -0.084  262
59437.210   -0.091903610874   -0.027198007047    0.1515    0.2008  -0.075   71
59446.249    0.954159829623   -1.015200007259    0.1558    0.2313  -0.630  142
59450.209   -0.033590624939   -0.166298411841    0.1221    0.1992   0.279   89
59453.270    0.461425388284   -0.294098390441    0.3178    0.3040  -0.043   47
59457.207    0.213345389025    0.121899597616    0.1175    0.1756  -0.031   93
59460.250   -0.091650948362   -0.051998392792    0.0522    0.1040  -0.167  148
59460.271   -0.110410231960    0.254599208915    0.1245    0.1688   0.101   65
59465.206   -0.191413037821   -0.028800002383    0.1405    0.1968  -0.086   67
59467.270    0.018634422315    0.162100809575    0.2309    0.2719   0.014   69
59474.271    0.263291804342   -0.148298397562    0.2522    0.3281   0.005   22
59478.209    0.061355312364    0.116301592357    0.1960    0.2421   0.242   64
59481.270    0.747659675064    0.099500388728    0.3996    0.5675  -0.058   17
59485.207    0.062876475579    0.343101598332    0.1809    0.2105   0.146   75
59492.209   -0.406535192519    0.133902003085    0.3699    0.3175  -0.021   11
59500.208   -0.076691805792    0.520401590620    0.1156    0.1386  -0.069   64
59502.272   -0.161245030115    0.067500002388    0.2480    0.2236  -0.019   39
59506.209    0.058821077969    0.039902391791    0.1141    0.1699   0.337  106
59509.270    3.078867031385   -3.635100003407    0.2293    0.2824  -0.038   56
59523.270    0.320968897015    0.013899588680    0.2277    0.2663  -0.228   40
59527.207    0.358493344105   -0.297197991017    0.3091    0.2382   0.128   29
59530.272    0.358365542875   -0.889397995252    0.3468    0.2991   0.254   16
59534.209   -0.360011394434   -0.517899604802    0.1830    0.2700  -0.005   31
59537.270    0.120808997773   -0.197499591081    0.0810    0.1310   0.086  208
59542.208   -0.214991240583    0.080899204136    0.1160    0.1312   0.187   72
59544.272   -0.243893687535   -0.090900010719    0.3203    0.3291   0.048   66
59555.207   -0.091650948362    0.069901204824    0.0891    0.1935  -0.053  211
59569.207    0.316025116568    0.805600808462    0.0844    0.2895   0.407  192
59571.271    0.388281061007    0.640400398311    0.3125    0.3563   0.804  105
59576.209    0.697208280598   -0.440600388174    0.4408    1.0706  -0.637  115
59578.269   -0.373954525876   -0.085899594637    0.2566    0.3094   0.219   50
59583.207    0.135512710822   -0.524498409504    0.0963    0.1275   0.028  140
59586.272   -0.127651292291   -0.214999192849    0.1208    0.1696   0.087  117
59590.209   -0.001393361985   -0.238697995769    0.1549    0.1647  -0.044  163
59593.248    0.119032405037   -0.164898008848    0.0726    0.0985   0.044  171
59598.208    0.122835313073    0.504601212015    0.2090    0.2457  -0.042   27
59600.250    0.060342241183   -0.258400788766    0.0312    0.0529  -0.331  175
59604.209   -0.058565302571    0.241300790549    0.1556    0.2079   0.003   85
59607.248   -0.086707167915   -0.907797587502    0.1955    0.3379   0.699  168
59607.270    0.288138853683   -0.461998797618    0.1409    0.2883  -0.568  139
59611.207   -0.124608965862   -0.444898799401    0.0881    0.1438   0.100  151
59614.250    0.598964414407    1.004299210194    0.0597    0.0954   0.751  157
59618.209   -0.712672402317    0.420199197038    0.1330    0.1440  -0.102  185
59621.248   -1.255605748548   10.364500809601    0.0223    0.2005   0.356  211
59625.207    0.031184191773    0.223099209506    0.1671    0.1895  -0.098  112
59628.250    0.802422069599   -2.197400405635    0.0442    0.0987  -0.401  128
59628.272   -0.233625662899   -0.114498004677    0.0909    0.1301   0.042  221
59632.209    1.237354729921    2.292800394343    0.2360    0.5052   0.826  148
59634.247    0.290040307701   -0.456497994605    0.3598    0.3574   0.461  149
59635.248    0.344042120629   -0.935200793606    0.0547    0.0659   0.389  113
59635.270   -0.209414679759    0.221299202963    0.1662    0.1508   0.344  131
59639.207   -0.111678905601   -0.123300000610    0.1028    0.1730  -0.087  113
59642.250    0.160740050967   -0.245199598226    0.0299    0.0369  -0.247  113
59649.248    0.068708638863   -0.315799201189    0.0767    0.1187  -0.037   66
59649.270   -0.258980804273   -0.196599600599    0.1187    0.1918   0.100  127
59653.207   -0.048802430022    0.128502009034    0.1932    0.2589   0.061   42
59656.250    0.010268024636    0.064900788743    0.0411    0.0790  -0.351  134
59667.207   -0.002026142363   -0.123300000610    0.1165    0.1521  -0.024   74
59674.209   -0.135889888741    0.408600001833    0.2395    0.2414   0.049   38
59677.248    0.060847220331    0.739699194696    0.1023    0.0830  -0.329  144
59681.208    0.170499983569   -0.384699606570    0.1623    0.2038  -0.034   52
59683.249    0.145652934228    0.680202006720    0.4039    0.5645   0.185   63
59689.206   -0.095959008485    0.276901189977    0.1281    0.1762  -0.065  125
59691.248    0.343661829826    0.145900801840    0.0412    0.0696  -0.175  147
59696.227    2.719868708133   -4.995799204721    0.7445    0.7183   0.130   36
59698.272    0.378648929635    0.586900793564    0.2305    0.4437   0.395   26
59703.207    0.058945766313   -0.284597996369    0.2021    0.1589   0.020   59
59705.248   -0.091142856329   -0.414900011947    0.0668    0.1568   0.005   51
59705.270    0.713688759321    0.790099198866    0.2398    0.4532   0.706   97
59709.208   -0.036252660564   -0.319600806620    0.3074    0.2622  -0.237   23
59716.209   -0.078465458580   -0.502700396510    0.1339    0.1933  -0.132   68
59719.270    0.131329511982    0.354902411459    0.2491    0.3165   0.331   37
59723.208   -0.328194422284   -0.219099592869    0.2163    0.2114   0.051   47
59726.250    0.085441607160    0.147499190462    0.0881    0.2082  -0.257   76
59730.082   -1.967770058832   -0.207298805321    1.1948    0.6917   0.191   14
59731.207    0.544582310675   -0.769600805484    0.2748    0.2748   0.167   49
59733.248    1.276144737767    0.838501210865    0.6850    0.7937   0.448   59
59740.250    0.408311958193   -0.346298401155    0.0645    0.1062   0.117  132
59744.209   -1.131377073490    0.173001606640    0.4062    0.4932  -0.288   11
59747.248   -1.548560408510   -2.821399203867    0.0684    0.0843   0.414  166
59752.208    0.381691256063    0.076802410831    0.1481    0.1572   0.038   59
59758.210   -0.091775809645   -0.284997599920    0.1876    0.2479   0.273   70
59765.208   -0.249853652048   -0.365698792848    0.1222    0.1360  -0.037  182
59767.249    0.247571907226   -0.274399204159    0.0661    0.1395   0.052  179
59772.210    0.039678563620   -5.967000001306    0.1861    0.5038  -0.190   69
59775.248    0.902439588579   -0.948999598904    0.1367    0.2796  -0.335   21
59779.208   -0.576526911117    0.189399600004    0.2616    0.2286  -0.134   59
59786.210    0.107243217187   -0.363297590411    0.2752    0.2853  -0.266   48
59787.229   -0.740178374398   -0.385898391642    1.3478    0.6948   0.178   16
59789.270    1.662396543526    0.721501194789    0.4549    0.3407  -0.097   49
59793.208   -0.280021659754   -0.224899190471    0.2257    0.2078   0.050   53
59795.250    0.963794900943    3.176999987886    0.1049    0.1964   0.722   83
59800.210    0.288771634061   -0.070300808375    0.1966    0.2668  -0.228   81
59803.248   -0.785181009269   -0.243399591682    0.3888    0.3675   0.093   36
59808.209   -0.434296594121   -0.331099192863    0.3871    0.3350   0.778  120
59810.272   -0.232612591718   -0.084099588094    0.3435    0.3914   0.197   27
59814.210   -0.223993531526   -0.089798402314    0.1167    0.1452   0.013   99
59817.270    0.466116679157    0.856799994153    0.3854    0.3321   0.103   69
59821.208   -0.041196613949   -0.400500010755    0.1390    0.1299   0.074  108
59824.250   -0.079481642646   -0.046799991082    0.2209    0.0880   0.062  139
59828.206   -0.498186140881   -0.050597989798    0.1304    0.1605  -0.054   97
59829.229    1.548816183908   -4.072899611174    0.2627    0.7998  -0.699  194
59831.249    1.230509322518   -0.538599590527    1.5685    1.0100   0.990  102
59831.270   -0.642190110666    0.993499196511    0.3353    0.3217  -0.036   71
59835.208    0.641557330288    0.224200792331    0.3811    0.2317   0.278   24
59842.210   -0.231091428503   -0.001098001690    0.2678    0.2971   0.252   13
59845.249    0.424284344883   -0.096199195809    0.0528    0.0781   0.136  241
59845.271    0.053241404259    0.434300403640    0.2782    0.2975  -0.159   60
59857.207   -0.016224876264    0.025099205914    0.1978    0.1499  -0.280  129
59859.249   -2.178709014690    2.021601599722    0.0910    0.0925  -0.563  260
59864.209   -0.230078357322    0.002300393476    0.2245    0.2190   0.151   71
59870.210    0.039170471587    0.160002008442    0.1127    0.1359  -0.001   79
59879.250   -0.900410333331    0.192499200580    0.3343    0.2547  -0.271  110
59891.208   -0.346068262992    0.384300003020    0.1399    0.1695   0.081   63
59898.206   -1.153939265124    0.007200000596    0.2163    0.1857   0.265   35
59905.208    0.083159862338    0.078501608414    0.1325    0.1558   0.148   71
59913.207   -0.159468264441    0.283201200091    0.3173    0.3160  -0.008   32
59919.208    0.227924413730    0.363002402537    0.1609    0.2023   0.024   63
59926.206    0.013057861491    0.001800006544    0.1393    0.1687   0.158   41
59948.209    0.001140872411    0.324702006083    0.1728    0.2821  -0.302   42
59954.206    0.726743507927   -0.205797593367    0.2352    0.2260  -0.243   31
59957.271   -0.071875653636    0.237099607148    0.2708    0.2201   0.053  107
59961.208   -0.525692112963    0.157802398348    0.1969    0.1946  -0.277   55
59962.227   -0.037393532975    0.163800007158    0.3128    0.2377   0.400   38
59964.269    0.243008417583    0.308401189386    0.1245    0.1921   0.187  109
59968.206    0.145400444654   -0.495799190503    0.1291    0.1461   0.404  205
59971.271    0.020411187989    0.249800410757    0.1509    0.1765   0.096   82
59978.269    0.781381214118   -0.382197595172    0.3455    0.2832  -0.004   60
59984.248   -0.084169820634    0.207799192253    0.2257    0.2474  -0.176  121
59985.271    0.577162804380   -0.743299207784    0.3462    0.3608   0.227   53
60019.268   -0.482213754191   -0.135000004775    0.3230    0.3178  -0.065   13
60024.206   -0.271274971271   -0.578300389975    0.2526    0.3027  -0.191  152
60032.227   -0.346573242140    0.202301995955    0.4575    0.3252   0.432   12
60040.248   -0.318811840538    0.530200804860    0.0281    0.0405  -0.390  237
60052.207   -0.081635586239    0.222001207817    0.1582    0.1831  -0.091   61
60055.249   -0.218794148620    1.021302006166    0.0163    0.0210  -0.205  282
60059.208    2.682599690564   -1.270198794145    0.2130    0.2697  -0.282  109
60067.207    0.970259844605    0.142999212471    0.3756    0.1876   0.474  173
60069.271    1.636788912578    0.952700395374    0.4776    0.4206  -0.053   56
60081.229   -0.143115586947   -1.830099591871    0.5769    1.3970  -0.168    3
60087.208   -0.900410333331   -0.875998793504    0.3448    0.2606   0.124  100
60101.208   -0.187485268502    0.067899605938    0.3323    0.2774   0.125  154
60122.207   -0.230711137699   -0.525599992329    0.1946    0.2782  -0.303   97
60160.269   -0.301954010958    0.183002387644    0.2081    0.1987  -0.050   69
60164.207   -0.335800238356    0.037202394765    0.2295    0.2872  -0.103  118
60167.249    0.746266313079   -1.196600399567    0.0550    0.0643   0.054  157
60167.271    0.562711580904   -0.159400812549    0.2294    0.2280   0.037   38
60181.271   -0.694670760379    0.463500009573    0.3493    0.2815  -0.230   16
60185.209   -1.052908502025    0.246499192258    0.3905    0.3076  -0.300   98
60188.269   -0.426562976819    0.366400797702    0.2851    0.2524  -0.044   38
60193.208   -0.366096047292   -0.412398000549    0.2727    0.2740  -0.050  126
60195.238   -0.000380290804    0.757799992357    0.2211    0.1323  -0.327  213
60199.209    0.394241025521   -0.053899208297    0.2015    0.2268  -0.028  108
60206.207    0.040691634801    0.063799205918    0.1400    0.1847  -0.067   84
60206.207    0.040691634801    0.063799205918    0.1400    0.1847  -0.067   84
60206.207    0.042088109671    0.062100008336    0.1400    0.1847  -0.067   84
60208.249   -0.012802259031    1.810601997931    0.0847    0.0906  -0.240  244
60220.207   -0.162385902526    0.217900807797    0.4249    0.2930  -0.094   37
60223.249    0.275333481767    0.612302400782    0.0641    0.1407   0.513  184
60227.209    2.885044447513    0.743202005538    1.4480    2.0398   0.934   81
60230.251   -0.905734404582    0.062600395268    0.0876    0.0857   0.179  152
60230.270    0.099384738602    0.393400793541    0.1552    0.1876   0.178   98
60235.211   -0.260501967487   -0.219600005380    0.1712    0.1459  -0.046  167
60237.271   -0.229062173255    0.662101209059    0.2729    0.2612   0.157   44
60241.209    0.008366570618    0.124700403603    0.2641    0.2818  -0.024   95
60244.251   -0.433788502088    0.810201595414    0.0517    0.0643   0.360  340
60244.270    0.346576355025    0.074501991776    0.2325    0.2391   0.058   28
60248.211   -0.118271650492    0.205700391120    0.2811    0.3056   0.000   17
60251.250   -1.577462855462    0.844199999506    0.0803    0.1312  -0.334   59
60251.271    0.123343405106   -1.106899199499    0.3389    0.4043   0.344   28
60255.209   -0.609104464875    0.235101589396    0.3897    0.3754   0.359   12
60258.270   -0.706079657426    0.152499606543    0.4691    0.3021   0.254   21
60262.207   -0.615949872278    0.335300401844    0.2180    0.2510  -0.028   78
60265.271   -0.029535227329    0.184899596434    0.1306    0.1539   0.043  129
60276.207   -2.475591443971   -1.647298796570    0.4385    0.6073   0.194   30
