%-----------------------------------------------------------------------------
%                R.A. (mas)        Dec. (mas)        Err. (mas)     Corr. Del.
% Uncertainty in R.A. is in R.A. cos(Dec.)!!!!
%-----------------------------------------------------------------------------
53978.249    2.225177496784   -0.273398399919    2.8374    4.1094  -0.016   13
55616.249   -0.209968988719    3.373603199996    1.0268    1.4012  -0.407   14
57809.367    0.326931434401    3.074803200853    0.8657    0.9488  -0.436   17
58022.797    0.385489989709    5.942401201509    1.4537    2.3713  -0.145   13
58245.742    0.000000000000    3.376303200220    0.7838    0.8517  -0.320   16
58593.332   -0.689058437769   -0.284597999567    2.0650    1.5004   0.366    9
59271.737    1.120825115888    0.000000000000    0.9810    0.9719  -0.431   15
