%-----------------------------------------------------------------------------
%                R.A. (mas)        Dec. (mas)        Err. (mas)     Corr. Del.
% Uncertainty in R.A. is in R.A. cos(Dec.)!!!!
%-----------------------------------------------------------------------------
55042.251    0.610376450218    0.000000000000    0.3255    0.8990  -0.150   35
58015.324    1.476220573565    7.049397596859    0.5228    1.8134  -0.288   41
58048.076   -0.340762316181   -0.609699593213    0.3466    0.8452  -0.482   52
58382.002    0.663357327489   -2.198699999667    0.3089    0.6726   0.111   56
58563.250   -1.890903904618    3.391099203043    0.4000    0.6383   0.344   41
58577.250   -1.696182554056   -0.093099595233    0.3649    0.9048   0.116   37
58593.332    0.000000000000    0.040197605244    0.2665    0.5433  -0.193   85
58829.901    0.163379542593    0.860299198280    0.2253    0.5388  -0.179  103
