%-----------------------------------------------------------------------------
%                R.A. (mas)        Dec. (mas)        Err. (mas)     Corr. Del.
% Uncertainty in R.A. is in R.A. cos(Dec.)!!!!
%-----------------------------------------------------------------------------
50305.832   -2.415718670340    2.761199985457   17.4350   18.6318   0.929    4
54314.250   -0.238683154199   -0.569901604308    0.4791    0.5370  -0.281   51
56463.249   -0.554084085199   -0.968799619727    0.5189    1.2592   0.526   64
56497.228    0.738977358174   -0.387799207147    0.4798    0.5372   0.087   21
56526.251    0.100536565085    0.093398389822    0.5234    0.4156   0.288   17
56561.249   -1.407786896465    1.013299191754    0.8225    0.7522  -0.356    7
56568.251    0.256647233903    0.029800801826    0.3165    0.2503   0.269   26
56771.250   -4.371935191192   14.463597602798    0.4219    0.3238   0.299   39
56820.248    0.511708191367    1.442897999482    0.2920    0.3369   0.297   72
56896.227    4.974252180503   -0.307202404315    0.9359    0.7628   0.496    8
56931.229   -2.602993795065    2.688400797979    1.1955    0.8357   0.377    7
56945.229    2.141009602246    0.418499999455    0.2447    0.2779   0.111   77
56959.229   -2.221100315085   -2.218600803872    0.7472    0.5170   0.299    9
57009.250    0.794753740585    0.559198792871    0.7441    0.6213   0.161    4
57051.250    1.676345961602   -1.793001612782    0.6349    3.3124   0.591   61
57057.230   -2.803369104412   -3.428499596225    0.4364    0.4455   0.466   23
57198.249    1.010809032375    0.000000000000    0.4898    0.5086   0.292    4
57303.247   -1.595162077377   -4.384400401136    0.2243    0.3373   0.206   24
57352.290    2.439837491792   -1.459900821033    0.4619    0.5679  -0.245   12
57478.228  -10.524620981072   15.445400401859    1.5220    2.0855  -0.763    3
57589.227    0.656109443022   -4.904499616032    0.3665    0.4653  -0.052   19
57646.250    0.261510993589    0.411199189898    0.2439    0.2250   0.093   80
57736.229    0.813708633789    2.323997992448    0.3894    0.3728  -0.137   16
57805.189    3.921860392515    3.842999979042    1.3190    1.3916   0.370    4
57842.250   -6.458557012184  -10.246899597632    1.0351    0.8620   0.408   10
57863.227   -2.163637464655  -10.819400415585    0.5426    0.5717  -0.082   10
57943.713   -0.005854708581    0.226799980396    0.1755    0.1984  -0.035  125
57989.249    1.175556350877   -2.738901611110    3.0073    4.2459  -0.768   10
58003.231   -0.198291324461   -0.406000813769    0.4539    0.4368   0.074   53
58023.228    0.222705440288   -0.260701207822    0.8184    0.7114  -0.095   10
58149.228   -1.054673718945    0.733399184583    0.3044    0.3744   0.193   10
58402.252   -0.288702582517    0.498297595186    0.6923    0.8366   0.280    3
58510.833   -0.386061720542   -1.428800399594    0.9117    0.7584  -0.256   25
58512.780   -2.881077830108   -1.763499605545    0.8535    0.8374   0.370   34
58530.834    3.228634165910    1.950699595454    3.0413    2.6311   0.709   12
58601.083    0.240271867730    0.242999988131    1.3727    1.2472   0.336   11
58942.891    1.486688985128    0.591299988173    0.8681    0.8409  -0.236   28
58976.249    0.000000000000    1.600797600076    1.3104    3.0765  -0.361    3
59271.737    0.766964387021   -0.606902406730    0.2117    0.2272   0.145  102
