%-----------------------------------------------------------------------------
%                R.A. (mas)        Dec. (mas)        Err. (mas)     Corr. Del.
% Uncertainty in R.A. is in R.A. cos(Dec.)!!!!
%-----------------------------------------------------------------------------
53523.418   -6.214845219507    7.414700392872    0.2433    0.4926   0.004   88
54789.228    0.524911036691    0.484401600431    0.6793    0.6069   0.006  846
54810.208   -0.233941248389    0.375202793634    0.2335    0.2545   0.099   23
55889.295    1.763301131808   -1.187600405217    0.6518    0.5945   0.058   20
56511.787    0.364232514537    1.179701993692    0.2938    0.5970   0.326   18
56524.231    3.994348088918    3.246602398121    1.3323    1.8045   0.520    7
56880.792    0.331071130425    0.392799597648    0.3000    0.7477  -0.072   23
56896.790    0.000000000000    2.618902790630    0.4630    0.9730   0.119   15
57103.499  -11.437866099397  -17.371198802607    1.9015    3.1799   0.077   18
57148.232   -2.587506801964   -2.536297201061    1.0062    2.0710   0.116    4
57151.497    0.251008146385   -0.042300000302    0.4621    1.7168   0.320    6
58425.726    0.438467652652    0.674600394746    0.2581    0.5100  -0.602   82
58622.004   -0.760100879348    0.000000000000    0.3102    0.6775  -0.374  100
58899.905   -0.516861995323   -1.320598798316    0.1431    0.3488  -0.191  101
59271.737    0.171917763520   -0.653497198755    0.1330    0.2993  -0.112  106
