%-----------------------------------------------------------------------------
%                R.A. (mas)        Dec. (mas)        Err. (mas)     Corr. Del.
% Uncertainty in R.A. is in R.A. cos(Dec.)!!!!
%-----------------------------------------------------------------------------
48161.906   -1.327368999006    2.927401195052    3.5408    3.9349  -0.318    5
52430.228    1.250315998151    2.767003215354    1.9085    3.4235  -0.201    6
52941.227  -12.024138068839  -11.551798800724    9.7175    7.7181   0.675    5
57548.250  -11.475260544252    6.506999994826    1.5868    0.9550  -0.911    6
57988.230    1.463204463350    0.000000000000    0.2816    0.5020  -0.132   16
58082.022    0.000000000000    0.713602796054    0.3853    0.4012  -0.148   54
58199.246    2.755582500472    7.413901198561    0.7550    2.5489   0.916   26
58345.225    0.887943800475    4.355402413125    0.2950    0.8629   0.416   13
58388.226    1.211126097928   -2.169698404941    0.5765    1.4757   0.770   16
58499.226    1.207906243551   -4.044898790312    0.5610    1.0677   0.323   13
58570.249   -1.545645528898   -3.087698391369    0.5858    1.1161   0.893   35
58610.083    0.491490983732    7.541701202740    0.5636    4.1424   0.947   62
58885.251   -0.748399751300   -1.515999588264    0.6399    2.0277   0.766   28
