%-----------------------------------------------------------------------------
%                R.A. (mas)        Dec. (mas)        Err. (mas)     Corr. Del.
% Uncertainty in R.A. is in R.A. cos(Dec.)!!!!
%-----------------------------------------------------------------------------
49914.167    1.258864640048   -0.860299198280    0.6193    1.3353  -0.220   66
56463.249    0.845120408020   -0.031096798736    0.2901    1.2148   0.221   64
56817.881    0.465011169689   -0.135997197503    0.1567    0.2748   0.067   81
57576.250    0.006127113782    0.058100401290    0.1477    0.2916   0.170   72
58279.305    1.503253220365    2.722003202038    0.1143    0.2317  -0.211  135
58540.733    1.014924270736  -21.537097200053    0.2507    0.4953  -0.335   27
58601.083   -0.123914641456    0.561902399809    0.3272    0.5943  -0.243   72
58622.004   -1.016567439201    0.285202802175    0.2241    0.4293  -0.230  108
58631.757   -1.054980835310    0.473400000800    0.3490    0.9889  -0.668  108
58635.004   -0.096708151834    1.270000802123    0.3121    0.6432   0.302  101
58806.207    1.283527664758   -0.039196799406    1.0162    1.1432  -0.779   16
58981.210    0.937046283007    0.000000000000    0.3802    0.3879  -0.328   18
59080.207   -0.723451715617    0.379400402295    0.8003    0.8168  -0.350   24
59184.208    4.940537134851   -0.385498797684    3.4703    2.9615  -0.123    3
59247.207    1.201764637864   -2.834697599852    0.7863    1.1575   0.126   21
59353.209    0.259634891634    0.244900800439    0.5592    0.5266  -0.715    6
59415.207    0.129593136396    0.730800002913    0.5861    0.5875  -0.618    7
59478.209    0.000000000000    0.777002401620    0.2304    0.3802  -0.106   27
59555.207   -0.041254784715   -0.277599597709    0.1883    0.4300  -0.085   35
59674.209   -1.688300131716   -0.106999199900    1.0417    0.8816   0.649    3
59695.208   -0.754241854109    1.821502801391    1.8218    2.2263  -0.915   11
59808.209   -0.781893292054    0.100101600609    0.4945    0.4031   0.637   46
60059.208  -11.740972127746   -3.605799598105    4.2572    1.1246   0.861    7
