%-----------------------------------------------------------------------------
%                R.A. (mas)        Dec. (mas)        Err. (mas)     Corr. Del.
% Uncertainty in R.A. is in R.A. cos(Dec.)!!!!
%-----------------------------------------------------------------------------
49960.334    1.652859734094   -1.005800396570    0.6124    0.4950  -0.720    9
50057.250   -0.382017100458    0.018500401211    0.2444    0.6186  -0.099   15
50092.252   -0.111624505131   -1.447401596977    0.3167    0.7228   0.070   14
50099.254   -0.492343820551    0.510300000656    0.2724    0.5254  -0.026   15
50106.252    0.176549855913    0.198100799764    0.2717    0.6558  -0.061   17
50421.251    0.515768258559   -0.368899202385    0.3380    0.9886  -0.435    7
50459.832   -0.344999749945   -0.168501596676    0.1615    0.3283  -0.041  118
50463.254    0.146764515592    0.201798002308    0.2866    0.4281   0.049    8
50470.253   -0.426984888448   -0.739601998845    0.3951    0.6410   0.357   19
50484.253    0.361487281335   -2.450001596799    0.3737    1.3720  -0.678   13
50582.253    0.022990659424   -1.991098799436    0.6968    4.0512  -0.859    4
50631.755   -0.213709234884    0.426099603601    0.4529    1.0476  -0.548   90
50687.251   -1.132028160997    2.103998402703    0.9352    4.2146  -0.724    3
50786.249   -0.644889683442   -1.042001998286    0.8857    0.8734   0.153    8
50799.252   -0.255498149811   -0.015699601619    0.3442    1.4892  -0.731   12
50820.250   -0.121167633958   -0.623401196265    0.3567    1.4500  -0.696   10
50827.252    1.596034147931   -7.094700001886    0.7551    3.3461  -0.888    6
50834.254   -0.008963573812   -0.017398799201    0.2551    1.0780  -0.448   12
50932.254   -0.115674288810   -2.335899601746    0.4413    2.0729  -0.602    5
51058.254    0.697235455317   -0.503600399782    0.3605    0.7335  -0.105   10
51177.249    0.149367187090    0.462301198922    0.3221    0.8613  -0.196   10
51184.251    0.093263381661   -0.753598802561    0.2976    0.6348  -0.302    7
51191.253   -0.379268652528    0.201301202907    0.2289    0.5210  -0.091   11
51198.251   -0.418600672388    0.961498797381    0.2397    0.6756   0.073   11
51205.249   -0.183632538962    0.062899202646    0.3595    0.5909  -0.058   10
51324.251    0.375947751007    0.253900797986    0.3474    0.6299  -0.094   10
51436.251    0.749001277653    1.532300398566    0.3275    0.6737   0.013    9
51527.250   -0.057401590466   -0.460198797470    0.2192    0.5189  -0.064   11
51555.250    0.448098010558    1.347400802132    0.5812    0.7803   0.415    3
51569.250   -0.394596876628    0.114998398004    0.3362    0.8029   0.159    6
51617.079   -0.147628522046    0.582098401480    0.0645    0.1692  -0.272  180
51639.250   -0.014023337639    0.165999598067    0.4788    1.0345  -0.200    8
51681.250    0.100637814835   -0.073501198727    0.3686    0.7470  -0.259    8
51695.250    0.931044478714    0.302000402286    0.4952    0.5665  -0.002    7
52306.248   -0.617707211881    0.376300801719    0.4793    1.0738  -0.441   24
52409.164   -0.717911050871    0.300398400555    0.4153    0.7823  -0.281   45
52480.253   -1.685101772220    4.585899602461    0.2063    0.5882  -0.148   42
52780.229    0.015907779114  -17.523900001493    2.1912    8.4978   0.409    4
52860.679    2.361515658289    4.178800799792    0.6641    2.5219   0.679    5
53122.205   -0.026748692978    0.033098400820    0.2347    0.9827   0.030    7
53125.576    0.207348529832    0.296398803101    0.2302    0.5382   0.048   45
53134.021   -9.003457573223    1.444100397663    0.6010    0.9053   0.681   33
53152.747   -2.937287981550   -9.287301596572    0.3300    0.6736  -0.033   45
53227.225   -0.007228459480    0.156099600446    0.2681    0.3114  -0.030    9
53493.204    0.041500912775   -0.033001198574    0.1871    0.2361   0.008   18
53523.418   -4.163738831499    1.835297999975    0.2522    0.5679  -0.220   36
53552.287    0.001447112181   -0.797900401750    0.2812    0.5706  -0.178   45
53563.204   -1.179022616182    0.130600797377    0.4148    3.3313  -0.081    5
53572.467   -1.345883369575   -9.673002002586    0.3428    0.5569   0.090  108
53829.205   -0.169751427043   -0.299098800127    0.3517    0.3288  -0.137   18
53850.956   12.978358720026  -23.057600398602    2.5951    2.6604  -0.597    6
53992.249    1.137813256270   -1.810601997931    0.1769    0.3299  -0.079   60
54076.249   -0.353241740284   -0.133801200519    0.1019    0.2237  -0.129   91
54087.561   -4.539683031795    3.010399200321    0.3634    0.5324  -0.275   36
54112.274   -0.563338520784   -0.358401596401    0.4800    0.8621  -0.105   34
54354.208    0.243931904500    0.600498000125    0.2003    0.8394   0.037   23
54557.207    0.271260349755    0.215600401532    0.5056    0.2289   0.142   11
54564.208    0.084011805698   -0.093301200366    0.1366    0.2364  -0.073   28
54713.249    0.519818042237   -0.174999598812    0.1288    0.3235  -0.153  136
54901.206    0.013447333336    0.636400800857    0.1894    0.2910  -0.141   21
55061.208   -0.468194248359   -0.009799201450    0.2612    0.3527   0.300   30
55154.248   -0.186526763323    0.695700003206    0.2008    0.2438   0.073   38
55384.209   -1.834902737893    1.431601199187    0.9243    0.7253  -0.614   10
55447.208   -0.567096751600    0.331599598979    0.3235    0.3845  -0.494   12
55449.271    2.468805928301   -2.977001998516    3.8185    6.0261  -0.192    3
55538.228   -0.177271439386    0.128401200072    0.1034    0.1921   0.103  125
55659.272   -0.563338520784    2.338200001617    0.5901    2.3365  -0.185    7
55785.268   -0.233663246966   -0.224802001014    0.8687    2.8210  -0.532   14
55883.269   -0.184212093976   -0.837399602460    0.5058    1.3769  -0.262   22
55951.227   -0.023424240746    0.834001200900    0.2239    0.5771   0.239    4
55966.250   -0.228745906121    0.413499602558    0.0771    0.1604  -0.091  226
56063.242    0.039908221425    1.699700399627    2.7652    5.0270   0.169   15
56189.228    0.197950980175    0.130298402468    0.7937    1.4329   0.311    9
56267.249   -2.828987928652    3.766500001490    0.1389    0.3134  -0.001  154
56342.209   -0.913981140282   -1.085202001860    1.4509    0.3853  -0.213    6
56392.230    0.191010522846    0.228301198746    0.3009    0.3027   0.038   21
56470.251    0.026752440952   -0.362199601511    0.2658    0.4284   0.017    9
56587.208   -0.062898486325   -1.267801198424    0.4339    0.9395  -0.585    6
56590.272   -0.511138722603    0.165700803478    0.6191    0.2636  -0.031   12
56625.329    0.236703445020    0.297698403529    0.2130    0.6372   0.230   15
56627.283   -0.428432000628   -0.904701600035    0.2143    0.7054   0.274   18
56630.230   -0.557844978375   -2.255601599899    0.7605    1.2112  -0.093   19
56631.271   -0.186960541906    0.257000398562    0.2392    0.5367   0.012   23
56633.266   -0.393149764447    0.270298797744    0.3173    0.4022  -0.272   31
56635.260   -0.087332707219    0.327499198960    0.3196    0.4580  -0.205   31
56637.254   -0.404719560469    0.983897999873    0.2002    0.4738   0.052   31
56640.268   -0.309863290196   -0.295599602396    0.1961    0.5934   0.167   21
56642.207    0.359897746173   -0.257698796702    0.1960    0.4770   0.045   31
56645.250   -0.038027133399   -0.190501202013    0.1407    0.3140  -0.163   18
56646.272    0.475284230093   -0.092501999660    0.9629    0.3198   0.290    6
56650.206    0.157029622415    0.587800803231    0.2223    0.7053   0.389   11
56653.270    0.048007788782    0.984301203744    0.3116    0.8465   0.039   11
56671.208   -1.372344060401    0.602999998733    1.1599    0.8456  -0.462   10
56687.250    0.082276691366   -0.082900796627    0.1241    0.1484   0.073   36
56695.271   -0.439564467356   -0.725601601204    0.2464    0.5845   0.040   32
56728.209   -0.686821021350   -0.235000799620    0.3163    0.2281  -0.273   11
56741.208   -0.260557913638   -0.180799196414    0.3066    0.2564  -0.313    6
56748.206   -0.359894195461    0.071999999562    0.7625    0.2311  -0.122   11
56749.229    0.360907726321    0.802501201491    0.0863    0.2012  -0.012  175
56751.271   -1.026764755442   -0.919799999366    0.6600    0.3986   0.573    8
56770.209   -0.152979641474    0.159400799760    0.2080    0.2282  -0.162   11
56799.250   36.108402703510  118.918198801765    1.6023    5.1130   0.965    4
56826.209    0.452727349251   -0.602301600594    0.5216    0.3374  -0.419    3
56828.269   -0.674532798044   -0.220301997444    0.3074    0.3967   0.071    6
56832.206   -0.229471237567    0.152701198886    0.2829    0.2754  -0.457    6
56834.248    1.118150797051   -1.154401201831    0.1048    0.1851  -0.101  171
56860.206    0.424965322675    0.196599600599    0.3063    0.3094   0.052    3
56874.206    0.108303603609   -2.980799997232    0.4638    1.2317   0.628   28
56877.271    0.526179141813   -0.352900799783    0.4858    0.4295   0.089    9
56898.269    0.379560402653   -0.002199597304    0.3834    0.5249   0.240    8
56901.794   -0.600355871298   -2.129201998713    0.5918    2.8744   0.909    4
56932.270   -1.551350811381   -2.363201998890    2.1152    6.5820   0.982    3
56959.229    1.869896971922   -1.943600397425    0.3819    0.5928   0.398    4
56982.269    0.117121598252   -0.993700801644    0.3052    0.7889   0.389   10
57001.208    1.730794891656   -2.047302001529    0.2180    0.3905  -0.332    9
57003.271   -0.434504900791    0.437198399084    0.2939    0.3443  -0.429   20
57052.270   -0.311598601789   -0.002901602159    0.2688    0.3323   0.119   13
57056.207   -5.437905720106    8.008801199821    1.4567    2.0528  -0.952    3
57057.230   -3.608350550929    0.802400398925    0.5557    0.6729  -0.293    3
57070.207    0.179444080274    0.461599200463    0.3718    0.1578   0.025    6
57107.251   -0.038606688414    0.563198403114    0.0869    0.1842  -0.119  224
57112.207   16.381387802842    3.281799600074    3.0743    0.4056   0.615    4
57126.207    1.278216869547   -0.244699198504    0.2623    0.2054  -0.074   19
57135.251    0.210818758496    0.520999198983    0.1044    0.1983  -0.108  182
57148.232   -1.304240231080   -1.375401597414    0.3624    0.9361   0.194   24
57149.251   -2.887694405579   -4.188200397692    0.2129    1.1174   0.031   20
57151.497   -0.979190745243   -0.097801197541    0.4497    1.0331   0.289   21
57154.207   -1.900692095130    0.695898001624    0.7609    0.2942   0.554    8
57156.760  142.779588419207 -601.759501198273   77.6921  108.4448  -0.853    3
57163.251    5.267141156727   -5.847300000994    3.9299    5.0891  -0.971    3
57169.208    0.930756476562   -0.734201998398    0.3289    0.3042  -0.153    4
57189.209    0.241475009434    4.190101200408    0.2715    0.5437   0.084   15
57217.209    0.798018849321   -0.893098798116    0.1997    0.1875  -0.019   32
57219.251    0.347318167265    0.314100003607    0.1835    0.2844  -0.021  129
57224.207   -0.105842960569    0.935798401969    0.1408    0.1468   0.076   50
57260.228   -0.467472467625    0.192200399596    0.4907    0.8656  -0.193    9
57262.270    0.736855477328   -0.202899597923    0.2051    0.1823   0.080   32
57267.230   -4.688616440302   -4.340199598118    0.5176    0.5008   0.110   18
57283.268    0.397203098837    0.340999203274    0.2665    0.4667   0.098   17
57297.272   -1.415434311077    0.627598798530    0.2495    0.2091  -0.345   19
57311.272   -1.724430241368   -0.131698799066    0.1817    0.1832  -0.276   37
57317.207  437.856828231399  524.366297998569  174.7395  171.1291   0.192    3
57332.270   -1.238305097411   -0.522201597164    0.3785    0.3220  -0.148    9
57336.208    1.561911021779    0.111099603117    1.0116    0.2733   0.343    4
57338.582   20.037169940989  -86.693698798967    7.5943   22.3607   0.486   20
57343.209    1.017801181630   -0.307299600166    0.6479    0.2918   0.276    4
57346.270    1.209821290101   -2.241399597125    0.1786    0.1807   0.036   52
57352.290    7.071967198697    3.292199997418    0.4923    0.3638   0.261    3
57360.270   -0.678870583874    0.694900802500    0.1685    0.1668  -0.117   38
57365.227    0.129992730023    5.841900000547    0.3367    0.5995  -0.446   61
57386.269    2.508280173881   -3.572099998195    0.1508    0.4008  -0.328   16
57401.233   14.118052867059   12.534998402458    0.2407    0.2392   0.012   21
57448.208   -1.377115822077   -1.715400001245    0.2986    0.1987  -0.326    8
57462.208    1.125959008808   -0.529801201310    0.3477    0.2156  -0.279   19
57469.206   -0.257233264143    0.161398798326    0.5499    0.1928   0.318   10
57470.229    0.282538592914    1.538499599718    1.5295    7.3990  -0.868    3
57471.270   39.869157088873   95.840200799557    0.2846    1.0832   0.087   50
57479.269    5.337847657547    0.790099198866    0.8781    0.7770  -0.925    4
57493.269   -1.271418440677   -7.395598802162    0.1773    0.3443  -0.034   30
57498.229    0.255644123504    0.017200800784    0.0873    0.1800   0.056  224
57507.269    0.600647424161    0.592199997840    0.2233    0.2629   0.294   22
57520.253   -5.333072542423  -31.698000000802    0.7638    1.0439   0.007   15
57521.269   -2.658365393732   -6.859602000020    0.5032    0.6827   0.279   11
57532.208    1.264911761931    0.247698002909    0.3632    0.5783  -0.467   45
57542.271   -0.849347342363   -0.496198800448    0.8657    0.7305   0.752    4
57549.269    2.426728813961   -4.029199201483    1.2913    1.4883  -0.853    5
57553.206   -0.137651417375   -1.506401998341    0.1802    0.3062  -0.487  159
57556.271    0.573319176168    0.317098801617    0.2072    0.2542  -0.281   21
57568.229   -0.526754948854   -0.613799999627    0.5178    0.4479   0.469   16
57570.271    0.042656669354    1.244699997471    0.2615    0.3595  -0.098   15
57576.250   -0.156016091555   -0.023500798108    0.1147    0.2270  -0.140  295
57589.227    0.196937646577   -5.891201996633    0.5089    0.6197   0.068    3
57595.206   -0.231782356202   -2.629900796336    0.1159    0.1177  -0.142  263
57596.229    3.857199993536    3.508200002500    0.4867    1.7549   0.795  119
57602.208    1.374658927010   -2.576800801535    0.3434    0.6307  -0.076   20
57609.206    0.663546107748   -2.620501198436    0.1353    0.2573   0.018  154
57624.229    0.499576028004   -0.152200799164    0.6354    1.0151   0.635   17
57625.248    1.388685815360   -0.372898799839    0.4134    0.6875   0.294   10
57639.230   -0.906606707109   -1.433800796491    0.2605    0.3934   0.116   16
57646.250    0.093409158093    0.256600801407    0.0921    0.1871   0.087  170
57651.206   -5.371103226533   -2.798499601653    0.8950    0.6830   0.729    7
57658.208    0.148645406355   -1.080601202119    0.3265    0.3933  -0.155   18
57669.345   -0.775604194200   -1.281999600877    1.3252    0.6553  -0.136    5
57670.313   -3.508004486219   -2.678698798775    1.0104    0.9396  -0.118    3
57686.208    1.436113851866    5.140000802584    0.1853    0.5144  -0.494   45
57689.269   -0.658337016778   -0.197499597476    0.3282    0.2461  -0.036   11
57696.271   -0.027182471562    0.872099998617    0.1699    0.2158  -0.077   33
57722.229    1.233970862292   -0.484300797865    0.6822    0.4378  -0.266    6
57728.208    0.648797438663   -0.122900397059    0.1524    0.1448  -0.177   42
57729.228   -1.768242470040   -0.245098802054    0.3730    0.3376   0.154   16
57736.229    6.229560116401    0.987498000171    1.4035    0.5006   0.396   14
57743.209   -3.758151516602    0.202399198201    0.1636    0.1950   0.233   10
57750.207   -4.629188182640    8.070400802040    0.5355    0.9798  -0.255   16
57758.272 4135.127143934723 1035.757900803702    0.2364    0.2362   0.130   22
57766.271 3176.717209519814-2277.264700799009    0.3731    0.5915  -0.084   14
57771.209    0.344423942904    0.726400801909    0.1192    0.1589  -0.208   27
57772.228    3.701329678413    8.135200801007    0.3415    0.4579  -0.133   27
57773.269 1178.099424495727 -867.772501197095    0.1499    0.1821  -0.085   17
57775.461    0.008821545354   -0.439901996430    0.1159    0.2322  -0.112   57
57777.207 1732.976779582882   21.054301201673    0.0803    0.0751   0.066  137
57778.229    0.883182663625   -0.313999201040    0.3015    0.3329  -0.193    9
57780.271   75.535531131276  353.872501202801    0.2576    0.2257   0.245   25
57784.209 1773.219711979134 7956.457099202652    0.1574    0.1943  -0.181   21
57785.231   -0.570712756696    1.130101203017    0.0877    0.1906  -0.057  171
57786.247    1.269683326345   -2.738001601443    0.1486    0.3796   0.175   34
57791.207    0.695788343136   -0.636598799275    0.1028    0.1276  -0.281  132
57805.189    5.724782296112    1.342598403653    1.7229    1.4004   0.349   10
57826.209   -0.024725576495   -0.314301602344    0.1713    0.1895   0.069   29
57834.230   52.082034101278   30.243200398417    4.1013    5.7441   0.853    3
57841.228    1.106147222446    3.539300398359    0.5372    1.8508   0.284   19
57849.249   -2.753509666157   -7.057800002030    0.7584    0.7388   0.196   11
57850.271    0.498996472990   -0.871599598895    0.1838    0.1471  -0.099   37
57864.271   -2.614844915185    1.835398802541    0.1895    0.2114  -0.162   32
57868.209   -0.785001743857   -1.594699201490    0.2096    0.2803   0.155   34
57869.228   -1.888112318960   -0.707799598132    0.4716    0.4435   0.557  217
57872.197    0.269091456840    0.452300398734    0.1357    0.2746   0.112  109
57882.209    0.808571958296   -0.591598801947    0.1839    0.1955  -0.100   21
57892.271   -0.045980924325   -1.316599200862    0.1470    0.2089   0.161   13
57901.417    0.223398337404    1.970200802504    0.1484    0.3065  -0.018   45
57904.690    0.127532284245    0.888400802523    0.1740    0.3873  -0.092   46
57927.270   -2.617735588834   -2.852899196881    0.1639    0.2049  -0.062   67
57933.249    0.349341283749   -0.180298796693    0.1329    0.2785   0.326  180
57939.228   -1.081709450841    8.775900000302    1.0524    7.1434   0.017    5
57943.713    0.270538569021   -0.108799196852    0.4317    0.5824  -0.701    4
57950.916   -0.779216845846    0.639601197605    0.3815    0.9016  -0.452   15
57952.187   -0.332999726051   -0.205901996253    0.1409    0.3666  -0.057  219
57953.206   -0.118710738891    0.219099599263    0.1512    0.1671  -0.172   85
57962.272   -0.166426974810   12.395699999246    0.3153    0.4435  -0.505   11
57966.209    0.027186219535   -0.098499602075    0.1753    0.1966   0.001   52
57978.131   -0.509837386854   -1.098799202026    1.0281    1.1764   0.879   18
57980.209    1.379722044286    2.207098798124    0.1081    0.1923   0.111  146
57982.247    0.530516927644    0.300700801859    0.3028    1.2060  -0.158    8
58008.209   -0.504344041706    0.525999602274    0.1341    0.1420   0.085   51
58011.270    2.834630798205   -2.978398801190    0.1175    0.1657  -0.184   62
58015.324    0.591538073917    2.065798802420    0.3852    1.1849   0.095   18
58016.230    0.580113857065    0.539600402760    0.1578    0.5220  -0.040   21
58018.268   -0.880000239850    3.646299601456    0.3228    0.3805  -0.065   18
58022.209   -3.008862236798    1.145498403332    0.4026    0.2868   0.352   24
58029.207    1.804104261236   -1.566100797845    0.1359    0.1454   0.033   47
58033.499   -7.102040343909   -1.841299196315    0.4190    0.2567   0.437    6
58044.230   -0.002023116484    0.313599597490    0.9787    1.7211  -0.410    3
58053.270   -0.190864549153   -0.545601599100    0.1637    0.1812  -0.034   96
58057.207   -0.521115827275    1.686599998862    0.1429    0.1572   0.153   40
58065.228    0.605995190139    0.231199200584    0.4948    0.4868  -0.544   13
58066.247   -0.563772299368    1.143601200937    0.2848    0.3787  -0.295   21
58072.226    1.031682293549   -0.376199999153    2.9889    3.6418  -0.940    3
58073.249   10.110618129267   -2.863602001923    0.2072    0.1659   0.154   81
58078.209   -0.622766778446   -3.560900400146    0.1300    0.1460   0.002   78
58101.249   -0.126518753385    1.429999197455    0.2023    0.6983  -0.045   17
58116.268   -1.282984685987    1.225598400367    0.3224    1.0690   0.579   11
58122.229    0.952154050113    0.271501202320    0.2202    0.5019  -0.026   94
58123.270   -0.912245828688    1.164301199452    0.2152    0.2479  -0.008   50
58127.208   -0.307552171560   -3.191698796456    0.1669    0.2566   0.195   88
58128.230    0.289767249656   -2.382001201084    0.2624    0.4873  -0.085   41
58136.247    0.727888155542  -10.578200402023    0.4908    2.6863  -0.645   12
58137.058   -5.097385981711  -18.394901998420    0.1698    0.4113  -0.383   36
58137.270   -0.212987454150    0.879199203041    0.1784    0.2091  -0.045   58
58141.208   -0.571726090294    0.669398399111    0.1346    0.1647  -0.024   67
58143.856   -2.532859776682    3.633098398126    0.1692    0.3343  -0.443   63
58148.209    4.434856955534    0.552398402220    0.2002    0.1773  -0.216   43
58149.228  -14.226495145677   -2.995599601974    4.8713    1.1059   0.931    3
58157.249   -0.448386012710   -2.845900801418    0.6884    0.8498  -0.379    6
58162.206   -0.024434023632   -0.502599600338    0.1275    0.1290  -0.323  142
58163.229   -1.620756173714    0.534200402313    0.4930    0.5792   0.158   22
58169.208   -1.122630808602    1.107799202771    0.1597    0.2091   0.036   63
58176.209    0.147777849189   -0.281199601204    0.1191    0.1479   0.060  138
58191.229   -0.025735359381    0.816497998812    0.1666    0.4199  -0.071   50
58197.208    1.335910012876   -0.252000001666    0.1482    0.1922   0.569  111
58204.206   -0.123048524721   -0.634201197158    0.1262    0.1375  -0.002   85
58216.836   -1.209963515821    2.576599202797    0.1706    0.4302  -0.107   36
58218.206    0.895474240381   -0.320799598086    0.2318    0.2213  -0.073   51
58220.248    0.790210834826    0.993301198093    0.1670    0.4823  -0.238   23
58220.251   -2.093579760767   -0.455799596466    0.6114    0.4886  -0.056    6
58221.270    0.322880592922    2.486199598195    0.1943    0.2507  -0.184   25
58235.270   -1.141283484934   -5.427899998267    0.2037    0.2898  -0.085   33
58240.165    0.465740904004   -0.837900002182    0.2684    0.3113  -0.478  167
58241.209   -0.121313410389   -0.178300798126    0.1396    0.1400  -0.142  205
58245.742   -0.004771564413    2.782000799328    0.1283    0.2808  -0.130   64
58255.250    0.270680794741    1.448200797682    0.4528    1.9835   0.364    9
58260.166    1.512459671528    3.862000799160    0.4027    0.6087   0.049  242
58270.269   -0.131578517212    0.009000000745    0.1588    0.1511  -0.065   89
58272.782    0.232365659190    3.708197998264    0.1431    0.2903  -0.047   61
58282.227    0.889401340219   -6.662599201945    0.1551    0.6015   0.169   35
58296.227    1.277637314533   -3.120699596337    0.9584    0.8962   0.359    3
58303.229    1.499588539756   -0.027601198127    0.3741    0.4109   0.046   43
58305.026    0.109604939359    1.887699603031    0.3129    0.7359  -0.598    6
58305.271    0.057259364746   -0.059601597258    0.2703    0.5120   0.561   30
58310.227    1.102676993782    1.839099599010    0.4692    0.5083   0.506  178
58324.227    3.418357306916    4.544398802864    0.4521    1.0195   0.254   21
58330.206   -0.052053824488    0.140500801393    0.1262    0.1391  -0.086  134
58331.229   -0.691450360044   -0.830998802570    0.9719    0.8791   0.525    6
58332.255   -0.437107572289    0.032900402402    0.5795    0.6277   0.151   11
58338.227    0.003470425926   -0.403498802370    0.1777    0.2883  -0.079  166
58347.271    0.406166869911    0.017899198923    0.1766    0.2059  -0.136  142
58350.185    1.106438578048    1.125799197865    1.0598    0.8003   0.234    3
58352.231    0.765051282487    1.154401201831    0.1430    0.4555   0.374  179
58361.271   -0.024579800063   -0.278701196521    0.2150    0.2220   0.082   45
58366.227   -0.199682543796    2.775797997856    0.7140    0.7171   0.110   15
58368.269   -0.237713030645   -0.339199196731    0.2269    0.2506  -0.032   82
58372.206   -0.057693143329    0.581900403063    0.2125    0.3017   0.076  123
58389.271    0.302058826412   -0.262601997747    0.3999    0.4286  -0.098   50
58393.208    1.523592335517   -0.401500797409    0.1409    0.1795   0.164  124
58414.206    0.134906717418    0.557899198839    0.1500    0.1685  -0.042   93
58422.271   -0.042510695661    0.181699199686    0.2019    0.2542  -0.091   83
58428.206   -0.281091480733    0.224100002555    0.1335    0.1741  -0.002   76
58429.225    2.082305068319   -5.201301597424    0.3765    0.5404  -0.181   56
58430.248    0.432627560738   -0.064000798261    0.3730    0.4316  -0.190   81
58431.267   -0.708943926347   -1.325998798762    0.7871    0.6093   0.508   16
58431.271   -4.065991887576    0.591300000963    1.2398    1.3214  -0.354   18
58435.208    1.203748389938   -0.045500397050    0.2042    0.2324   0.014   55
58437.246    2.690323374942    0.123699597765    0.4356    0.5956  -0.148   41
58440.833    0.382742629166    0.058698000061    0.1201    0.2427  -0.041   81
58456.206    4.515394784595   -1.699999200611    0.3135    0.3977  -0.238   38
58456.714   -0.072729814566    0.175298399796    0.1274    0.2741  -0.069  107
58457.233   -0.320419949882   -2.193598800204    0.3879    0.3929   0.147   22
58463.208   -1.833601402144    1.920999602589    0.5679    0.4440   0.277  112
58464.227   -0.248411916051    1.838599199289    0.3844    0.3721   0.056   77
58464.227    0.644893431415    0.418899603005    3.4384    1.2373   0.905    7
58466.269    0.360619724169    0.716198402984    0.3872    0.4849   0.244   28
58472.708   -2.673114062817    3.272598000592    0.2376    0.3678  -0.068   81
58491.208    0.435518431650   -0.502001998370    0.0687    0.2981   0.194  184
58494.386   -0.707788367029    0.453898800146    0.2219    0.2343  -0.318   59
58506.209   -0.365679093472   -0.217299599115    0.1277    0.1569   0.015   54
58508.269   -0.156161867987    0.313999201040    0.1613    0.2133  -0.137   56
58520.228    0.390984422243   -1.007802001851    0.2428    0.3185  -0.362   39
58522.269   -0.030798476657    0.000000000000    0.1788    0.2150  -0.167   73
58527.229   -3.288652381782   -9.440301596442    0.3659    0.3025   0.017  126
58529.271    0.000000000000   -0.277099201185    0.2081    0.2327  -0.228   34
58534.209   -0.186526763323    0.221698800118    0.1303    0.1484  -0.034   53
58568.207    0.301770824261   -0.522298799410    0.1762    0.1850  -0.040   64
58576.228   -0.617995214032    0.157100399889    0.0630    0.0883  -0.279   88
58577.250   -1.343568700228   -0.521600401271    0.3508    1.0009   0.105   44
58582.207   -0.091816269481    0.666298798535    0.1231    0.1626  -0.053   74
58584.249   -1.172949518757   -0.101502000405    0.5369    0.4623   0.001    4
58590.228   -0.259402157058   -0.111801601577    0.2749    0.1903   0.562  320
58591.269   -0.060438040547    0.209700001363    0.1955    0.2305  -0.060   57
58593.332   -0.330830635875   -0.435801596410    0.2055    0.4223  -0.239   63
58599.271   -0.534996939194    0.625899600948    0.2101    0.2422  -0.086   42
58606.269   -0.712847933594   -0.685000798484    0.3047    0.3473   0.447   60
58618.228  -19.444906535626    0.826300800583    1.5438    0.4941  -0.011   16
58620.269   -0.111770281562    0.173498399647    0.1855    0.2138  -0.019   84
58624.207   -0.594570973287   -0.334000801416    0.1958    0.1827  -0.047   25
58627.271   -0.015904228403   -0.322099198513    0.1692    0.2121  -0.211   52
58631.757   -1.322459128829   -0.136198796241    0.6193    1.0425  -0.474   72
58634.270    0.370742408011   -0.185201997738    0.2321    0.2367  -0.154   33
58635.004   -0.163536103898    0.182897997547    0.2080    0.6218   0.140  172
58639.226   -0.596451864050   -0.618598797786    0.3105    0.3861  -0.523    7
58645.413    0.332135719597   -0.682401597629    0.1829    0.4092  -0.284   97
58655.271    0.327940159487    0.483998402956    0.3173    0.3838  -0.101   12
58662.270    0.277767028501   -0.051101996235    0.2451    0.2184   0.006   25
58668.249   -1.064503886690    0.054601200361    0.5022    0.8208  -0.130   44
58673.209    3.289669463353    0.685198803296    0.2994    0.2319   0.155   46
58687.209   -0.268653930284    0.006998401858    0.3239    0.2330  -0.538  101
58694.207    0.201275432408   -0.129499201762    0.1127    0.1601  -0.216  114
58697.271    0.336327728996   -0.134398802487    0.1515    0.1958   0.043   70
58701.209    0.491910239230    0.430999197931    0.2026    0.4214   0.361  152
58703.251    0.388527527177   -0.488599196302    0.1714    0.1408   0.166  269
58709.230    0.120303824765    0.553201203246    0.2116    0.2137  -0.414   13
58737.230   -0.990760738526    2.502601198273    0.9771    1.4368  -0.048    7
58744.228  -34.901760089211   -0.682901997351    1.0539    0.4248   0.065   54
58746.270    0.132304045920    0.829097999855    0.2000    0.3041  -0.052   52
58750.207   -0.852092436843    0.846900002927    0.4151    0.4551   0.074  117
58757.209   -0.090369157300   -0.111801601577    0.2009    0.2836  -0.014   63
58764.182   -0.103674067654    1.206298798451    0.2437    0.3648  -0.185   20
58774.270   -0.016917364738    0.836398803017    0.2078    0.2733   0.046   28
58781.272    0.188841432670    0.699300003504    0.3921    0.4413  -0.095   17
58787.269    0.012145997587    0.559400398004    0.3115    0.3582  -0.358   22
58793.226   -0.173079429987    0.409399202539    0.1966    0.2648  -0.295   31
58795.272    0.203156323171    0.344800802310    0.2105    0.2830   0.073   39
58800.228  -63.656954983409    3.809599202498    1.7963    0.7472  -0.130   24
58807.230   -0.015616028989   -0.398998798801    0.0586    0.0821   0.058  186
58808.249    2.703916287447   -1.915901997052    4.7563    4.0503  -0.828    3
58813.249   -0.114806731643   -1.850000402470    0.0346    0.0955  -0.023   68
58814.272   -0.057981145481   -0.335699998999    0.1695    0.2626  -0.016   74
58816.084   -2.369757451367    1.495299602539    0.7511    1.3713   0.091   15
58821.230   -0.649949447269   -0.787600800578    0.7565    1.9602   0.321   18
58823.272    1.193771285266   -0.492699596322    0.4619    0.3413   0.039   33
58827.209   -0.196212117870    0.223099203112    0.1971    0.2233  -0.069   65
58828.228    0.238580785072   -0.185500798722    0.3110    0.3011  -0.125   21
58829.247    1.531400350011    2.694797997549    1.5664    2.6420   0.770   11
58829.901   -0.166426974810    0.586299597671    0.1438    0.3220  -0.100  135
58834.083   -0.271114376062    1.582700402736    0.4294    2.5989  -0.650    4
58837.272   -0.242484792320    0.108399599696    0.2033    0.2500  -0.049   43
58856.206    1.011294502884   -1.175601600067    0.5090    0.6181  -0.135   37
58858.270   -0.086756505654   -0.463201202194    0.2153    0.2898  -0.065   41
58862.207   -0.521983384441    0.145699203102    0.1108    0.1897   0.068  199
58865.272   -0.049593575971   -2.576300401813    0.3096    0.4436   0.193   34
58868.833   -1.603696385994   -0.200502002201    0.7799    1.4296  -0.041   17
58870.206   -0.674675023764    1.350601198880    0.1173    0.1791  -0.095  105
58872.270   -0.072296035982   -0.502801199076    0.1442    0.2153  -0.082   47
58877.230    0.829827306126   -2.042999996377    0.1210    0.4442   0.292   37
58879.272   -0.254051037630    0.031201198425    0.1539    0.2341  -0.037   87
58886.270   -0.015904228403   -1.008601202557    0.2688    0.2842  -0.312   27
58899.905    0.309287483154   -0.699901199397    0.4095    0.6966   0.740   12
58905.227    0.057984696192    0.479998799108    0.2350    0.9088   0.318   26
58914.270   -0.052053824488    0.304099203419    0.4115    0.4540   0.098   42
58918.208    0.192745637179   -0.399499198522    0.2591    0.3253   0.088   72
58920.249   -0.307985950143   -0.516700800546    0.1160    0.3006   0.223   64
58921.268    0.027908000269    0.093700797521    0.2670    0.2584  -0.139   35
58926.228    0.555100278418   -0.099500401518    0.1893    0.2655   0.109  100
58935.268    0.423084431912    0.539398797628    0.1768    0.2441  -0.002   48
58941.251    0.080541379772    0.833598003425    0.2343    0.7001   0.147   21
58942.891   -0.375076643129    1.492099199396    0.2109    0.5456  -0.272   36
58946.208    0.012725552601   -0.171298802343    0.1316    0.1798  -0.086   38
58947.227   -0.745815500429   -0.535399200174    0.3247    0.6874  -0.499   96
58948.271    0.007520209605   -0.493001997626    0.2816    0.4140   0.639   74
58955.229   -8.793218567003   13.413398398399    1.0836    1.2266   0.246   51
58956.270   -0.286584825881    0.025898400224    0.1625    0.2334  -0.104   76
58962.271    0.078372486856    0.150800402565    0.2341    0.2809   0.085   38
58976.249    0.200699428105   -0.444301197433    0.6512    0.8008  -0.023   10
58977.272   -0.089501600134   -0.157798798028    0.1541    0.1950  -0.050   76
58981.988   -2.599228688934    0.511099201361    0.7516    0.9493  -0.387   45
58983.251    0.036583571930    0.340801198462    0.1798    0.2298   0.192   98
58984.270   -0.100637617573    0.073699203540    0.2081    0.2363  -0.046   57
58988.208   -0.019086454915   -0.642700798181    0.1111    0.1982   0.097  118
58991.269    0.558712732803    0.473900400522    0.2405    0.2743   0.011   31
58995.188    0.730782379904    0.302000402286    0.1326    0.3841   0.294   48
58998.270   -0.078080933993    0.044600400173    0.2689    0.2544   0.119   62
59003.209    0.359030189007    0.119800802878    0.1374    0.2197   0.018   90
59005.269    0.064779574351   -0.468500400075    0.2188    0.2283   0.037   60
59010.229    0.045547343004   -1.011700796738    0.1183    0.3164   0.212   55
59017.230    2.209115571829    1.966798800623    0.4086    0.3728   0.023   88
59026.270    0.492201792093   -1.348001998025    0.4517    0.6839   0.222   23
59031.227   -3.267830812535    0.256201197857    1.8814    2.9146   0.356   53
59032.271    0.392285757993    0.467398798065    0.2233    0.2982   0.174   44
59037.210    0.501887146640   -0.198799197904    0.1051    0.1738   0.213  293
59040.270    0.241763011585    0.443199601818    0.2830    0.3608   0.344   29
59046.250    0.395756183919    3.888698400090    0.5153    2.2702  -0.218   12
59047.269    0.151248077853   -0.132101996542    0.2121    0.2923   0.051   45
59053.248    4.023918521209    8.155299603629    0.3720    0.4416   0.179   83
59061.269   -0.511864054049   -0.370000798000    0.5898    0.4796   0.103    6
59068.271    0.231786104175   -0.348901202329    0.4228    0.4101  -0.018   12
59071.916   10.254346194777    4.325198401034    0.5694    0.3593   0.102   62
59074.250   -0.186235210460    0.435999601223    0.2825    1.4685   0.353   20
59075.269    0.358450831254   -0.087699601181    0.4337    0.8829   0.323   32
59081.230    0.542954280832   -0.457300802026    0.4979    2.2984   0.520    4
59082.271   -0.109601388647   -0.272599197615    0.4875    0.6071  -0.190   16
59089.269    1.269683326345   -0.624801599258    0.4328    0.3282  -0.150   30
59096.271    0.192311858596    0.349898401453    0.2795    0.5647  -0.096   46
59101.209   -0.309429511613   -0.941500797325    0.1977    0.3055   0.724  173
59103.269   -0.211974120552   -0.376401597890    0.6919    0.6404  -0.304    4
59110.271    0.813343522709    0.306698397878    0.3114    0.4989   0.001   26
59114.208    0.249283221190    0.171000001359    0.4130    0.6180  -0.020   69
59117.269    0.040053800594   -0.474400800243    0.2854    0.4560  -0.105   24
59121.206    0.289913026087   -0.114901202153    0.1200    0.1829  -0.016  270
59122.229    0.230484768426    2.043100798943    0.2714    0.8025   0.285   20
59143.231   -0.286872828033   -1.777201202202    0.2897    0.6860   0.234   36
59163.206    0.717769022412   -1.063699202319    0.1136    0.1807  -0.276  235
59165.248    0.466896463322   -1.470700796347    0.2243    0.6365   0.203   43
59171.227   -0.918606928264    1.201399197726    1.9848    0.4541  -0.432   24
59186.250   -0.275885940475   -1.075399200090    0.2322    0.5925   0.405   30
59192.229   30.287466352087   -5.560401598359    0.7108    0.5111   0.120   26
59194.271    1.287326219791   -0.300700801859    0.4857    0.5179  -0.088  114
59201.269   -0.137217638792    0.073098001252    0.4251    0.4198  -0.317    5
59205.206    3.449301560004   -1.321599597759    0.3535    0.5564   0.108  152
59231.585   -0.260703690069   -0.556599598411    0.3707    0.3793   0.042   47
59234.229    0.372331745911   -0.447800401560    0.1812    0.5063  -0.164   52
59247.250    0.324327705102   -0.629099997695    0.0375    0.1565   0.047   50
59249.248    0.004771761675   -1.285498798609    0.4273    0.3592   0.135   34
59269.227   -0.074031150315   -0.453999596317    0.2353    0.3839  -0.159   29
59270.250    0.235110556408    0.903999601576    0.1939    0.3983   0.239   45
59271.269    0.519963818669    0.707698801961    0.3327    0.3647  -0.026   31
59275.207    0.522132711584   -0.413801997468    0.3207    0.3565   0.141  100
59283.227    0.726732596225   -0.157100399889    0.1932    0.4588   0.048   40
59298.250   -0.415418445875    3.175300803093    0.0733    0.2662  -0.399  185
59304.229   -0.107720497883   -1.497499199843    0.3543    0.4867   0.011   35
59305.270    0.374066860243   -0.227901601590    0.3152    0.5175   0.203   51
59311.209    0.278200807084   -0.832100398185    0.2003    0.4076  -0.073  171
59318.229    0.233954997091   -5.618901600002    0.5783    2.5344   0.225    6
59325.217   -0.116541845976   -1.455699599262    0.1966    0.4461  -0.059   26
59338.209    0.003470425926    0.580697998487    0.2395    0.3314   0.024   94
59352.187    0.498274692255    0.246301200235    0.3550    0.3485   0.085   55
59354.250    0.381007514834   -0.419500798898    0.1179    0.1920  -0.007  218
59355.269    0.801922856568    0.345398397883    0.1946    0.2406  -0.062   48
59361.249    0.097313362602    0.229698001419    0.1432    0.2835   0.109   59
59362.271   -0.236699697047   -0.488199599147    0.3284    0.3366  -0.120   29
59367.228   -0.079958274046   -0.125600400480    0.1374    0.2546   0.202   54
59369.269    0.261137468652   -0.013701596657    0.3326    0.4156  -0.462   15
59374.251    0.169609398584   -0.168699601488    0.2064    0.3214  -0.204   48
59375.270   -0.002311118635    0.096901200664    0.2378    0.2624  -0.115   41
59383.269   -0.825923101617    0.265600802152    0.3098    0.3844  -0.150   18
59387.207   -0.966468743353   -0.231901199044    0.4674    0.3401   0.074   25
59390.271    0.340811291258   -1.129399198163    0.3243    0.3709  -0.211   10
59395.228    0.067094243698   -0.865000800587    0.2076    0.4302   0.028   28
59397.269    0.073455146012   -0.432100799941    0.2051    0.2773  -0.071   37
59408.209    0.264465471596   -0.817099201100    0.1729    0.2049   0.076  124
59408.209   -0.430746669975   -0.680101197759    0.2545    0.4465   0.363   24
59410.250   -0.114372953060    0.159001202604    0.3355    0.3214   0.061   44
59411.270    0.298154819165   -0.089200800346    0.2286    0.2418  -0.028   36
59416.230   -1.208228401488   -1.015300797036    0.3846    0.4175   0.152  119
59417.249    0.237279449323   -1.585501202328    0.1827    0.5472   0.107   22
59418.271    0.169609398584   -0.633200397715    0.2589    0.3443  -0.060   27
59425.270    0.636360085475   -0.312598798047    0.2322    0.2254  -0.137   45
59429.207    0.029063559587   -0.582501598956    0.1410    0.2080  -0.018  154
59431.271    0.362934393516   -0.273200399903    0.2368    0.3365  -0.063   28
59438.251    0.190430967832   -1.876499998588    0.1966    0.3933   0.174   31
59439.270    0.646916547899   -0.147700801989    0.2943    0.4273   0.130   30
59446.271   -2.213595386118   -1.017701999473    0.9890    1.3667  -0.871   10
59453.270    0.394454650908   -0.905799601725    1.8197    0.5274   0.511   12
59460.271    0.418746646081   -0.027100798405    0.3398    0.3153  -0.286   13
59466.251    1.026910531873    2.779999200442    0.1410    0.4381  -0.183  297
59467.270    0.273283466239    0.283899598230    0.4335    0.3577   0.002   15
59473.249    0.486128694669   -0.507999600785    1.2604    0.5385   0.035    5
59474.224    0.039908221425   -2.749302002059    0.2965    0.9863  -0.457   49
59474.271    0.595875859747   -0.642898796599    0.7531    0.6347  -0.496    4
59481.270    2.080136175404   -3.316600798797    0.9963    1.4760  -0.862    9
59486.230    1.023586079641   -0.407901597299    0.3655    1.1331   0.390   12
59487.249   -0.029063362325    0.897098401964    0.2331    0.3938  -0.060  105
59488.272   -0.129989179311    0.564699602279    0.2668    0.3403  -0.363   22
59495.270    0.196937646577   -0.497998800597    0.5211    0.5120  -0.291   11
59500.208   -0.357579526115    0.341798397585    0.1823    0.2020  -0.094   89
59502.272   -1.282984685987    0.415699199863    0.4300    0.3139   0.058   24
59516.272    0.129267398577   -0.173401197401    0.2552    0.2825  -0.117   36
59530.272    0.326638823737    0.198100799764    0.3061    0.3915   0.199   30
59534.209   -0.380715764709   -0.639601197605    0.3226    0.3932  -0.199   17
59537.270    0.474558898647    0.016898399480    0.1595    0.2519  -0.261   37
59542.248    0.603826297224   -3.345800398336    0.1285    0.6502  -0.728   20
59544.272   -0.240749480726   -0.618800396524    0.4254    0.4283   0.047   20
59551.270    0.128545617842   -0.115801199030    0.2873    0.3453  -0.127   27
59558.268   -0.197225451467    0.149597997989    0.2463    0.3578  -0.286   40
59565.270    0.301191269246   -0.449200798158    0.2849    0.4444  -0.178   18
59571.271    0.219206328006    0.247698002909    0.3330    0.4808  -0.446   18
59578.269    0.265475451744    0.843098397496    0.2967    0.5191  -0.096   27
59586.272   -0.028050028728    0.056700001494    0.2954    0.3298  -0.362   21
59590.209    0.003761781527   -0.207601200231    0.3476    0.3166  -0.129   36
59593.270    0.140979617581    0.113198397855    0.1858    0.4017   0.327   35
59594.585    9.418879767071  102.540999601786   27.5160   52.2773  -0.336    3
59597.083   -0.239881923560   -0.652701598369    0.4181    1.8834  -0.332    4
59599.249    0.212265870677    1.322298002293    0.1383    0.2766   0.428  146
59600.250    0.050030905266   -0.312901199351    0.0643    0.2021  -0.545   83
59600.272    0.386934638565   -0.612899996355    0.2978    0.4766   0.063   12
59604.209   -0.084008057724    0.279198002318    0.2664    0.3720  -0.376   25
59607.270    0.372331745911   -0.274798801314    0.2270    0.3573  -0.439   36
59612.226   -0.174956770039    0.660798001917    0.2959    0.4655  -0.197   23
59614.250   -0.354688852465   -0.994201201365    0.0719    0.2398  -0.480   45
59614.272    1.112945454055    0.019998000056    0.3257    0.5168  -0.041   47
59621.270   -0.786736858189   -1.918000798184    0.2340    0.3012  -0.128   31
59627.249   -0.034411128303    0.251398799378    0.0823    0.1987   0.015  210
59628.272   -0.145750984732    0.356101202925    0.2839    0.3451  -0.293   26
59635.270   -0.066656717141   -0.020599202344    0.2155    0.2511  -0.115   47
59642.272    0.456631553760    0.602200798028    0.2987    0.2989  -0.093   19
59646.209   -0.317237723369    0.201700800062    0.2582    0.2433   0.066   23
59649.270   -0.297863266302    0.030398397399    0.2429    0.2714   0.162   60
59654.230    0.005496895859    0.568097997444    0.1961    0.7231   0.431   21
59656.250   -0.164691860478   -0.065901600976    0.0648    0.3179  -0.337   39
59656.272    1.051636305630    1.040101201966    0.4062    0.4550  -0.051   14
59663.270    0.107002267860    0.469800000502    0.4718    0.4529  -0.198   24
59681.208   -0.045255592879    0.074700002983    0.1974    0.2504  -0.054   22
59690.251    0.128111839259    1.482498002758    0.1560    0.6997   0.219   13
59691.248    0.469353555650    2.035598403438    0.0367    0.1027  -0.299   54
59705.270   -1.143160824986    0.651898803739    0.3606    0.4603  -0.080   25
59716.209   -0.049017374407   -1.028401197800    0.1943    0.3994  -0.086   43
59719.248    1.255368633105   -0.730400399362    0.4004    0.7307  -0.716   24
59724.230   -0.555096530445    0.739800003657    0.1730    0.5197  -0.119   17
59739.227    0.622770526419    0.166600800355    0.5517    0.3648  -0.118   58
59754.268   -0.796134407846    0.016099198774    0.2482    0.3038  -0.184   40
59761.270    0.101363146281    0.582199197652    0.2566    0.3402   0.104   29
59767.271   -0.192453887054   -0.181699199686    0.3837    0.3193  -0.082   13
59774.251   -1.889847433292    0.485899199276    0.7989    0.4789  -0.003   10
59775.270    0.090518484443    0.439398002783    0.3478    0.3665  -0.351   16
59782.269    0.197950980175    0.437799601372    0.2248    0.3287   0.051   41
59794.230   -0.409199769281   -0.533501997779    0.1617    0.5159   0.137   21
59803.270   -0.905447597080    0.243298801905    0.2897    0.2254   0.344   69
59810.272   -1.522145026074   -1.407801600095    0.6085    0.5930   0.182    9
59824.272   -0.021397573551    0.531100801737    0.2126    0.2424  -0.007   41
59831.270   -1.064791888841    0.744598801816    0.4799    0.3429  -0.089   28
59838.269    0.495238242174    0.223199999283    0.2790    0.2634   0.233   60
59843.229    0.019666009930   -0.648899999334    0.1744    0.5584  -0.265   29
59845.271   -0.225421453888    0.728297997910    0.4163    0.3650  -0.108   18
59852.269    0.373921083812    0.334501201138    0.3491    0.2688  -0.079   19
59863.084    0.134330515853    1.266001198275    0.1672    0.5168  -0.082   25
59873.271   -0.859466672754   -0.299300398865    0.2914    0.2488   0.334   26
59877.208    0.175394296595    0.180298803087    0.1991    0.2432  -0.031   43
59878.227   -0.019954012081   -3.643599598036    1.0285    1.6130   0.005   81
59879.272   -0.361483533362    0.376898403687    0.2966    0.3289  -0.093   17
59887.271   -0.415272669444   -0.138200401523    0.2103    0.2454  -0.025   33
59893.268   -0.473545367787    1.396198798176    0.5191    0.5549  -0.071    5
59899.229    0.373487305229    2.660000399146    0.1879    0.6978   0.342   28
59901.271    0.002026667195    0.325598402640    0.2507    0.2579  -0.091   23
59908.269   -0.212553675567    0.275500799773    0.2185    0.1992   0.190   41
59915.271   -0.330976412306    0.377398803408    0.2114    0.2316   0.065   22
59922.269   -0.001443561469    0.405698399675    0.2474    0.3567   0.345   36
59928.270   -0.183778315393    0.331700401546    0.2156    0.2336   0.247   25
59935.272    0.192457437765   -0.444898799401    0.2409    0.2075  -0.124   49
59949.268    0.768521511151   -0.244299601349    0.8602    0.4163  -0.013   16
59954.206    0.410650432173    0.158101199332    0.2168    0.2458  -0.100   57
59957.271    0.028196002421   -0.030600002532    0.3705    0.3199  -0.082   16
59961.208   -0.733669502842    0.783601203125    0.2320    0.2526  -0.160   28
59963.250   -1.514625013731   -0.883799996387    0.1912    0.8060   0.383   27
59964.269   -0.558421179940    1.059598802300    0.4459    0.3791   0.197   10
59971.271   -0.192741889205    0.412898400270    0.2448    0.2100  -0.011   67
59977.250   -2.878151276752  -12.079101597351    0.4123    2.1936   0.642   14
59978.269   -0.125071838467   -0.606499196465    0.4187    0.3760   0.048   31
59982.206    0.214434763592    1.291600797515    0.3940    0.3440  -0.116   47
59984.248   -0.229179684704   -1.070802000669    0.4478    1.4185   0.357   46
59985.271    0.221229444489    0.268200003006    0.4326    0.3635   0.055   49
60019.268    0.491042682064    0.087400800197    1.5633    0.4077   0.672    7
60040.248   -0.277909254221   -1.251500400912    0.0260    0.0993  -0.152   97
60048.269   -0.251736368284    0.000100802566    0.2917    0.2315  -0.159   20
60055.249    0.044391783686    3.889598403362    0.0098    0.0318  -0.047   97
60055.271   -0.393441317310    0.121798801445    0.2884    0.2533  -0.158   43
60062.269    2.349081658551   -7.154999997283    0.9043    6.2205  -0.855    4
60081.229    0.209229420596    0.152899203698    0.1424    0.4370   0.135   26
60101.208    3.666914999398    1.154098800527    4.7008    1.1714   0.933   11
60102.228   -0.012579578908    2.228500801493    0.2897    1.6324   0.697   18
60160.269   -0.620018330516   -0.928800000111    0.3275    0.3163   0.118   34
60164.207   -0.020821569247    0.541299600343    0.2715    0.3108   0.015   35
60167.271    0.469353555650    0.157500003439    0.3070    0.3817   0.025   30
60178.053   -1.314650917072   -6.624201596850    1.3301    7.0388   0.950    5
60181.271   -0.630429213771    0.776498398380    0.4298    0.5091  -0.209    6
60188.269   -0.845731337267    0.445100398139    0.4200    0.3714  -0.003   17
60195.271    0.385924855679    0.652399203460    0.4248    0.4392  -0.349   10
60202.270   -3.989358065763   -4.606001999008    0.3250    0.4518  -0.105   20
60207.230    0.236557668589   -0.043099201008    0.2418    0.5774   0.080   13
60208.271   -0.035278685469   -0.128199601335    0.2057    0.2547  -0.132   44
60223.271   -0.464147818130    0.426499200756    0.2983    0.3016  -0.094    7
60230.270    0.151248077853    0.874998000455    0.2162    0.2785   0.048   43
60235.211   -0.695354367291   -0.253198799527    0.2523    0.1956  -0.090   56
60236.230   -0.068391831473   -0.297399602545    0.1589    0.3868   0.079   25
60237.271   -0.708943926347    0.166399201618    0.9978    0.3842   0.191   13
60244.270    0.253329454157   -0.133300800798    0.2742    0.2045   0.016   51
60251.271   -0.119432519625   -1.687798796723    0.4870    0.4659   0.096   23
60256.228   -0.111770281562   -0.269200802450    0.1748    0.4266   0.112   32
60258.270   -1.687270665135   -0.917999999217    0.3873    0.3000   0.091   35
60265.271   -0.356135964646   -0.003301199314    0.1457    0.2176  -0.113   82
60269.209    0.431905780004    0.329500797847    0.1956    0.2669  -0.130   41
