%-----------------------------------------------------------------------------
%                R.A. (mas)        Dec. (mas)        Err. (mas)     Corr. Del.
% Uncertainty in R.A. is in R.A. cos(Dec.)!!!!
%-----------------------------------------------------------------------------
53768.252   -0.078967237789   -0.137498399866    0.1110    0.3644  -0.410  101
54278.229    0.000000000000    0.405799200642    0.1326    0.2832  -0.258   79
56573.208   -1.894705733780    4.771900800904    0.7771    2.6059  -0.434    6
56749.229    0.448464867176    0.757400399998    0.0927    0.1991   0.020  134
56896.227    0.891086101109    0.642898799796    0.7672    0.4825   0.271    5
56931.229   -0.855426998818    1.653300000903    3.9722    0.8746   0.789    5
56959.229   -6.777488842718   -2.815599599870    1.7606    0.4744   0.616    4
57009.250   -0.819167323033    0.346399200524    0.5468    0.4644   0.265   13
57057.230   -1.559069165688   -1.727999999090    0.3649    0.4030  -0.136   13
57121.251   20.661058111602  -13.693100399159    3.7682    2.4884  -0.966    3
57148.232   -1.479055523639    4.200400799981    0.6410    3.4941   0.637    7
57219.251    0.683859627583    1.078498800666    0.2532    0.3685   0.321   87
57721.207   25.881725339880  -31.659998398936    4.1008    5.4997  -0.998    4
57785.231    0.063680005412    0.843300001030    0.1082    0.2008  -0.003  223
57842.250   -3.257487735171   -1.116799200318    0.5832    0.5826   0.284   15
57863.227   -8.886012640521   -5.462600399220    0.4290    0.4589   0.305   17
57989.249    0.452510459420   -0.317098800018    1.1766    0.7124   0.197    9
58023.228   -0.655543956941    1.186498800010    0.6315    0.6290  -0.431   10
58031.249    4.661021039772    2.497899600762    0.4515    0.3876   0.108   37
58129.249    0.729113392254   -0.041299199260    0.8921    0.4281  -0.501   23
58149.228   -1.015454487331    0.000000000000    0.3171    0.2799   0.378   43
58220.251   -0.771968338019    0.176601600543    0.5367    0.4040   0.024   21
58297.250   -0.071325563550    0.056300399542    0.7433    0.5737  -0.055    8
58402.252    0.578525823394    0.286300800667    0.3264    0.4213   0.101   31
58451.250   -1.532249205139   -0.258800400310    0.5015    0.3937   0.085   29
58465.250    7.550201458508    3.613100399669    4.1560    1.5671   0.208    5
58612.230   -0.204529412030    0.619801200763    0.2085    0.2681  -0.002   20
58661.251   -0.245884763803   -0.159699599145    0.2462    0.2786   0.140   41
58675.251    0.173210669505   -0.345898799203    0.4394    0.4248   0.005   40
58689.251   -0.253677501286   -0.017600399538    0.6181    0.5885   0.390   19
58723.230    0.014682979400    0.863801999529    0.2741    0.2889   0.197   52
58738.249    0.198085000879   -0.286300799068    0.2144    0.2426   0.235   51
58864.249    1.093968535387   -0.308401198978    0.4801    0.4532   0.016   28
58892.249    0.044501923518    0.888400800925    1.9416    1.1961  -0.030   30
58934.249    0.178755855741   -0.105901199809    1.9238    0.6746   0.317   19
58976.249    2.831192983322   -0.439397999585    0.9406    0.5575   0.000   13
59494.251    2.966798921362    2.300202000072    1.3495    1.2233   0.073   21
