%-----------------------------------------------------------------------------
%                R.A. (mas)        Dec. (mas)        Err. (mas)     Corr. Del.
% Uncertainty in R.A. is in R.A. cos(Dec.)!!!!
%-----------------------------------------------------------------------------
53552.287    0.407579191580   -2.876302805532    0.2926    0.5382  -0.131   76
56498.251    0.950971429020    1.752998399240    0.2323    0.5832   0.084   55
57836.293    0.721271272636    0.105397188577    0.1819    0.4326  -0.342   81
58198.227    1.232068363867    0.223199992888    0.5175    0.4442  -0.070   26
58216.836   -1.230951922529    3.875097593209    0.1527    0.3505  -0.152   90
58540.733   -0.407993842644  -23.338000805495    0.2219    0.4400  -0.131   66
58682.249   -0.042484060987   -0.777402001972    0.4471    0.3539   0.227   27
58747.059    0.080097017156    0.000000000000    0.2083    0.4934  -0.285  101
59368.228    0.000000000000    2.368598399016    0.5360    1.2193   0.128   15
