%-----------------------------------------------------------------------------
%                R.A. (mas)        Dec. (mas)        Err. (mas)     Corr. Del.
% Uncertainty in R.A. is in R.A. cos(Dec.)!!!!
%-----------------------------------------------------------------------------
57974.230  114.138736162842 -238.003700395950    0.9224    1.1494  -0.696   39
58505.161   -6.288431915873  -22.876599597055    0.4571    0.6707  -0.318   57
58563.250    0.000000000000    3.414301200166    0.5455    0.7734   0.302   10
58593.332    2.469150526325    0.000000000000    0.2316    0.4640  -0.265   72
58829.901    2.407974117407    1.079301601692    0.1951    0.4811  -0.374  113
59332.229    0.852079599461    2.721099608038    0.6042    0.5691   0.252    8
59796.290   -0.657789890219    3.519702008248    0.9449    0.5919  -0.009   23
