%-----------------------------------------------------------------------------
%                R.A. (mas)        Dec. (mas)        Err. (mas)     Corr. Del.
% Uncertainty in R.A. is in R.A. cos(Dec.)!!!!
%-----------------------------------------------------------------------------
48161.906    3.496132343446    3.126600009296    4.2596    3.3927   0.026    4
49330.001    0.456162067183    8.872599602228    9.2563    8.1948  -0.775    3
49895.086    2.808840229832    5.844798002386    7.4142    4.3511   0.251    3
52306.248   -5.222739374737  -12.738999589601    3.0226   18.6683   0.650    6
52409.164    1.365824301301   28.283000415286    1.6984   10.5372   0.143   10
57933.249    0.954356224715   -4.957002002470    0.5052    1.5960  -0.275   71
57954.247   -1.469966439208    2.935598413956    2.1126    2.7860   0.843    5
57978.131   -1.759325572508    0.000000000000    0.3517    0.8131  -0.104   31
58101.249   -4.609865174071   27.802997996673    1.4060    2.4959   0.112    4
58382.002    0.000000000000   -2.647101584330    0.4302    1.3257  -0.070   27
58670.101    1.812113900493   -6.422299185260    1.2908    2.7249  -0.798   20
