%-----------------------------------------------------------------------------
%                R.A. (mas)        Dec. (mas)        Err. (mas)     Corr. Del.
% Uncertainty in R.A. is in R.A. cos(Dec.)!!!!
%-----------------------------------------------------------------------------
50084.998    0.000000000000    2.632500003585    1.0476    2.0818  -0.221    7
50155.831    0.091633866603    0.315399597639    3.3701    7.6644  -0.830    5
53134.021    0.904343552821    8.403001200463    0.2073    0.4000  -0.169   76
57407.230   -0.263185239172   -0.756601207286    0.2182    0.4011   0.298   56
58159.408    1.743550716399   -0.470498405036    0.2047    0.3986  -0.391   77
58557.436   -2.892528286926    0.000000000000    0.2469    0.7068  -0.158   71
59230.577    0.215763623406    2.103901194062    0.2830    0.3585  -0.078   34
