%-----------------------------------------------------------------------------
%                R.A. (mas)        Dec. (mas)        Err. (mas)     Corr. Del.
% Uncertainty in R.A. is in R.A. cos(Dec.)!!!!
%-----------------------------------------------------------------------------
52860.679   -0.319790943150    0.413697594581    0.5123    0.5876   0.320    8
52872.433   -2.336052386457   -0.366800401252    0.6089    0.8393   0.166    4
53165.232    2.447011867055   -2.496200417568    3.6946    2.4683   0.114    5
53885.000    0.000000000000    0.702698392274    0.4959    0.5829   0.545    6
53908.241   -0.151870918718    0.750398399418    0.6970    0.9750   0.318    3
53913.201    0.096574109330    0.000000000000    0.4695    0.9161  -0.187    4
53989.999    0.436966425963   -1.352599210236    0.4196    0.8930   0.052    3
54062.001    0.967181168818    0.119300383972    0.5353    0.7118   0.465    3
54213.999    0.930749319178    0.356198398777    0.6340    0.6556   0.190    3
54593.228   -0.346537118785   -2.811801607550    0.6172    1.4303  -0.285    7
55784.249   -1.885857738180    1.314698391752    1.4969    1.7769  -0.126   10
58185.249   -3.664806707404    2.379898799632    1.2050    1.3055   0.023    4
58227.250   -0.294996359282    0.156297579679    1.3788    1.3347   0.595    5
58248.229    5.721911840295   -1.486800007910    1.9187    1.8005   0.560    7
58500.248    0.313574842320   -0.271000808993    1.5771    2.3791   0.902    3
58555.229    7.299255167257   -2.755000809884    0.8780    0.8272   0.107    5
58654.249   80.842328787481   37.148597976966    3.6848    2.2543   0.899    3
58816.080    0.997397213474   11.998497581089    1.6551    3.0083   0.583    3
59193.248   -1.196398925438   -0.645699608981    0.9318    8.1745   0.718   15
