%-----------------------------------------------------------------------------
%                R.A. (mas)        Dec. (mas)        Err. (mas)     Corr. Del.
% Uncertainty in R.A. is in R.A. cos(Dec.)!!!!
%-----------------------------------------------------------------------------
50305.832    1.443320984468    0.446900398288    0.8467    0.8780  -0.117   41
56036.250   -0.023031743434    0.000000000000    0.2987    0.3158   0.077   67
56267.249   -2.305244437547    4.329197992092    0.2607    0.3666  -0.127   81
56498.251   -0.099701089550    2.601097193633    0.3615    0.4453  -0.246   50
57219.251    0.352738606768   -0.276102008456    0.2439    0.3164   0.137   63
57770.475    0.094823361230   -0.165999591673    0.2175    0.2543  -0.238  108
58456.714    0.000000000000   -0.240602392410    0.1557    0.1717   0.021  108
58601.083    1.293614793682    0.152297988620    0.4193    0.4629  -0.204   70
