%-----------------------------------------------------------------------------
%                R.A. (mas)        Dec. (mas)        Err. (mas)     Corr. Del.
% Uncertainty in R.A. is in R.A. cos(Dec.)!!!!
%-----------------------------------------------------------------------------
50631.755   -0.163863976008   -1.402801190409    0.5577    0.8677  -0.554   70
50687.836    0.614316613971   -1.095199195333    0.2932    0.6195  -0.161   55
57011.551    0.168848920435    0.392299197927    0.1486    0.3696  -0.129  117
57978.131    0.000000000000    0.000000000000    0.1656    0.3119  -0.109   73
58290.248   -0.110759731671    1.463399999579    0.4300    1.4565   0.044   24
58340.948    0.809502262537    0.217598406493    0.2641    0.3890   0.132   64
58631.757   -1.463819821705   -1.772398790933    0.6922    0.9387  -0.199  100
58922.379    0.542279835823    0.456498007395    0.6060    0.6218  -0.664   94
