%-----------------------------------------------------------------------------
%                R.A. (mas)        Dec. (mas)        Err. (mas)     Corr. Del.
% Uncertainty in R.A. is in R.A. cos(Dec.)!!!!
%-----------------------------------------------------------------------------
56036.250    1.166868006269    0.000000000000    0.2425    0.4977   0.027   70
57098.832    0.251681003984    1.602399595413    0.2047    0.3847  -0.135   81
58015.324    0.867499858523    2.378401194392    0.4271    1.5667  -0.477   41
58142.227   -1.406304651718   -2.776399206539    0.4655    1.0266   0.228   31
58324.227    1.124445728880    3.010600792663    0.3695    0.9385   0.002   44
58363.696    2.083049138061   -1.134298798888    0.2394    0.5561  -0.110   65
58445.165   -2.314942129163    0.930099594143    0.2905    0.8082   0.248   60
58577.250   -0.889279820295   -1.079200805520    0.3364    1.0597   0.206   51
58670.101    0.000000000000    0.505900793257    0.4139    0.8981  -0.596   53
