%-----------------------------------------------------------------------------
%                R.A. (mas)        Dec. (mas)        Err. (mas)     Corr. Del.
% Uncertainty in R.A. is in R.A. cos(Dec.)!!!!
%-----------------------------------------------------------------------------
49914.167    3.528492588624    4.424702399675    1.4882    2.6806   0.304   31
50700.090   -0.338424987624    0.216601200975    0.6985    1.1391  -0.015   24
57889.002   -1.931155597042    4.846899598476    0.7825    0.8278  -0.455   17
57943.713    0.743104010935    0.000000000000    0.1477    0.2324  -0.004  124
58352.231    0.195210239436    0.754502399758    0.3051    0.5602  -0.062   88
58382.002    0.000000000000   -1.475200799916    0.1958    0.2865   0.095  104
58747.059    0.620839910877   -0.608900398902    0.2053    0.3911  -0.103   98
