%-----------------------------------------------------------------------------
%                R.A. (mas)        Dec. (mas)        Err. (mas)     Corr. Del.
% Uncertainty in R.A. is in R.A. cos(Dec.)!!!!
%-----------------------------------------------------------------------------
50242.333   -0.330722771588   -0.963399600096    0.2802    0.4685  -0.044   45
54482.250    0.082223710402    1.338199183465    0.6143    1.1384  -0.659    8
57945.207    0.696054096730   -4.608702002429    0.5458    1.0924   0.348    6
57959.207    8.893389521617    3.265099192618    1.7777    1.8312   0.146    5
57970.691    0.511808630099    0.000000000000    0.1448    0.1798  -0.065  135
58137.058   -9.408722451087  -17.573400015181    0.1787    0.1976  -0.097  108
58561.209   -0.786783679640    1.115697588716    0.0734    0.1134  -0.410  314
58575.209    0.000000000000    0.764899183991    0.0842    0.1716  -0.308  399
