%-----------------------------------------------------------------------------
%                R.A. (mas)        Dec. (mas)        Err. (mas)     Corr. Del.
% Uncertainty in R.A. is in R.A. cos(Dec.)!!!!
%-----------------------------------------------------------------------------
49914.167    0.503278845836    1.245902398850    0.4352    0.7225   0.576   93
54292.229    0.027725617607    2.386900800211    1.2803    1.7197   0.432   23
54608.250    4.458339833214   -8.343997200377    3.2269    4.7742  -0.810    4
54803.228    0.000000000000    1.173200399229    0.6916    1.5781   0.021    8
54901.206   -0.393573729513    0.055299600099    0.5525    0.3641   0.068    9
55657.230   -0.166811301013    0.300002398923    0.0970    0.1999  -0.036  155
55743.268   -0.894457049273   -8.924799600152    2.2687    7.1239   0.482    3
56498.251   -0.392073765422    2.812201199909    0.3265    0.9058  -0.334   30
57955.270    1.121216001848    1.964001599752    0.2342    1.0202  -0.136    5
58170.230   -2.801022229860    0.000000000000    0.1364    0.2306  -0.065  161
58312.269    0.112705044505   -0.567399600904    0.5019    0.4311  -0.310   30
58606.269    2.406847574166   -0.143600400371    2.1053    0.4959   0.763    4
58711.272   -0.523965305350   -0.127897200031    0.3218    0.2760  -0.295    8
58827.209   -0.182997868254    0.033001200173    1.1776    0.3521  -0.130    9
59172.250    0.148376627831   -0.184100400524    0.0845    0.1999  -0.278  121
59206.269    0.736487275964    0.122000400182    0.2371    0.2917   0.207   77
59229.269    0.075684597615   -1.091300400446    0.5862    0.9146   0.482    4
59642.272    0.519915034265   -2.229897600969    0.5283    1.4676  -0.412    3
60055.271   -0.815024381626    0.379299599729    3.6338    1.0153  -0.939    3
