%-----------------------------------------------------------------------------
%                R.A. (mas)        Dec. (mas)        Err. (mas)     Corr. Del.
% Uncertainty in R.A. is in R.A. cos(Dec.)!!!!
%-----------------------------------------------------------------------------
50575.751    0.334910039575   -0.153799200575    0.2203    0.4700   0.003   87
56661.920    0.000000000000    0.805298394368    0.3441    0.7931   0.091   25
57804.381   -0.580291845056    0.000000000000    0.8611    1.3319   0.562   16
58425.726   -0.116295484469    0.633599994870    0.2666    0.4144  -0.177   88
58540.733    2.593142741284  -24.074499603444    0.2495    0.5146  -0.038   53
58747.059    0.047045215084   -1.065999602190    0.1755    0.3970  -0.127  109
58868.913    0.655561461419    0.003499197732    0.6219    0.6876   0.108   24
59332.229   -1.542245910018    0.830098799298    0.6840    0.4384   0.218   10
59535.228    1.845840543138   -8.840199605942    0.2828    0.4319   0.280   41
59796.290   -1.773947746132    1.953298796309    0.4457    0.5370   0.060   71
