%-----------------------------------------------------------------------------
%                R.A. (mas)        Dec. (mas)        Err. (mas)     Corr. Del.
% Uncertainty in R.A. is in R.A. cos(Dec.)!!!!
%-----------------------------------------------------------------------------
48161.906   -3.528947242572   -0.270403219815    2.7300    2.2796  -0.250    3
48756.865   -1.035918845238   -1.668700812729    0.5005    1.1433   0.247    6
49330.001    1.684572419091    0.589399198248    0.9557    1.7178   0.479    7
49534.544  -40.480191939621    2.066896797714    0.5533    1.0406   0.331    6
49629.086   -0.390241163035   -0.495201601325    0.5816    0.7215   0.432    7
49896.281    0.489639327397    2.801699992006    0.6941    1.6898   0.420    4
49897.395    1.219335673887   -1.716800397844    0.6160    1.5035   0.192   10
49923.002    1.339265325369   -0.251902818604    0.9120    0.7662   0.448    4
49979.086   -0.089277696822    0.218498396976    0.7546    1.1803   0.664    4
50038.085    0.098503096268   -0.205801200082    0.4972    0.5009   0.165    7
50259.083    0.144829839569    0.834598796473    0.9304    1.4941   0.116   18
50749.085   -0.471483817071   -2.569701609900    0.9369    1.5793   0.487    5
52353.230    1.163488242574   -0.447501619760    2.4460    2.2750  -0.833   11
52430.228    0.599253231137   -0.408502799587    0.7269    1.1965  -0.047   17
52522.238    0.145622598700    1.005497995266    0.6449    1.6307  -0.022   15
52676.249   -0.676524917065    4.240699183811    3.9652    2.7811  -0.571    6
52815.231    0.879287612700    0.495097185649    2.1999    1.1366  -0.798    3
52872.433   -0.628217358572    0.631598402379    0.2616    0.6616   0.114    6
52948.229   -1.658482009673   -1.454101197851    2.6015    1.9099  -0.455    3
52971.087   -0.543106045389    1.505199600160    0.7948    1.4849   0.166    4
53031.002   -0.870059912656    0.581997579729    1.2565    2.6981   0.738    3
53095.001   -4.943305857876    0.728398794081    2.4332    3.2946   0.008    5
53151.228   -0.131733480378    0.251499582760    1.6909    0.8440  -0.645    4
53165.232   -1.093849400706   -2.731600801553    1.3322    1.1760  -0.007   13
53192.001   -0.258905280186   -1.381701613923    1.5815    1.6005   0.184    7
53396.230    0.308900801233   -2.094400812780    2.8512    3.0942   0.202    4
53411.249    0.437858271360    2.132999978244    1.4863    1.6483   0.285    5
53472.001    0.076978833289    1.384599596577    0.6038    2.0526  -0.565    9
53501.437   -0.617304131901    2.726398793129    0.4183    1.5911  -0.506    9
53529.229    0.119334473152    2.083597192382    2.4620    1.4907  -0.350   11
53564.227    2.047635125010   -6.207001197822    2.1962    3.5501  -0.227    5
53699.001    0.057337677737    0.123998398749    1.0290    2.3402  -0.410    7
53719.250   -1.930083750921   -1.514800803193    1.7366    1.3422   0.246    4
53752.166   -2.639741479660    8.401499988508    2.4908    4.8426  -0.202    3
53768.252    0.297394696830    0.229197601698    0.2520    0.4079   0.032   23
53789.250   -2.103777709561    0.079199980973    1.6941    1.4699  -0.197    4
53837.251    1.762936889243    0.817797592845    1.0864    1.6194   0.579    4
53892.207    3.841123960548    1.307897994707    1.6998    1.6252   0.151    5
53929.082    1.255146788046    1.589299188254    1.1689    1.9007   0.657    4
54060.211    0.994851134472    0.185299199984    1.5034    1.6327   0.151    7
54123.998    0.440238984680    1.514699994232    0.6097    2.2853  -0.602    5
54187.230    0.956364018426   -5.691103217487    0.4017    1.4642   0.297   19
54249.188    0.510470839609    0.022096782004    0.4508    0.9094  -0.496    5
54439.231    1.301173506254   -1.706202002083    0.4748    2.5781  -0.450    4
54552.195    0.348282985372   -1.073401207918    0.4959    0.7705   0.060    8
54657.249    0.535368591769    1.120197592286    0.3340    0.7830   0.076   54
54670.230    0.062099104378   -0.040500006548    0.5232    1.0303   0.681    4
55083.207   -0.037396632421    0.459399583974    1.5288    0.7425  -0.734    3
55154.248   -5.630644128576   -1.099501213275    2.4323    0.7938   0.706    3
55168.252   -0.607881151654    0.468097189810    0.9014    3.1531  -0.813    8
55593.209    1.333413550432    1.879696782225    0.5722    0.5149   0.631    8
55896.253    2.566040863712    0.291898780347    1.2558    2.8001   0.551    3
55943.170    0.430816004433   -4.362800399349    1.2453    4.5782   0.859    3
56058.033    0.456506515723    4.661596778988    0.3996    8.1483  -0.463    4
56070.233    0.686150214638   -2.245701608672    0.4979    3.3310   0.721    3
56183.248   -0.584371336956    6.026198394693    0.3081    3.8560  -0.058   17
56280.540   -2.406826600527   -0.275702404906    1.3983    0.9434  -0.119   12
56306.834    0.389748293667    3.699496798504    0.5523    8.0909   0.093   11
56313.540    1.310201324899   -1.114801204949    1.1658    0.8604  -0.116   17
56524.231    1.834856571396    0.586997995811    1.0049    0.9852  -0.016   31
56538.187   -0.103164514545   -3.338600410530    0.2207    2.9111  -0.043   21
56622.210    0.501443020964    0.968698785186    0.2688    0.3593   0.472   16
56688.269   -0.105445354831    0.305398791056    0.3241    0.4286   0.051   26
56692.206    0.642799362989   -0.007502401900    0.3651    0.3441  -0.571   11
56699.208   -0.102766917016    0.673498786341    0.3209    0.4122   0.059   13
56700.789    0.197701243902    0.207597599911    0.2346    0.7760  -0.074   23
56702.265   -0.093244063734    0.134798386853    0.3872    0.4366  -0.281   15
56709.271   -0.675334560404    0.000000000000    0.6318    0.6954   0.411   15
56776.206   -0.280529551529    0.352997989239    0.5001    0.3469   0.214   16
56834.792   -2.127387532623  -16.467299997203    0.1320    1.8236   0.033   23
56842.291   -0.215059258570   -0.308700009555    0.1253    0.1301   0.212  160
56850.498   -0.557985638972   -0.218401220309    0.1265    0.1798   0.195  121
56851.499   -0.011208515237   -0.089100004175    0.1282    0.1447   0.151   91
56857.500   -0.158914373421   -0.119800822063    0.3477    0.2529  -0.010   47
56858.501    0.439148636384   -0.369100820308    0.2852    0.2000   0.052   51
56875.792   -0.013589228558   -0.165502811456    0.1050    0.1143   0.165  149
56878.498   -0.067948714045   -0.426402004905    0.2614    0.4590   0.210   34
56879.503   -2.113003109007   -0.485002809114    0.8693    0.4560   0.286   39
56885.496    0.000000000000   -0.147200421452    0.1398    0.1248   0.160  112
56886.501    0.128957470127   -0.377002800178    0.1500    0.1316   0.152  111
56899.496    0.688926224890    0.200199588107    0.3495    0.2585   0.104   27
56900.501   -0.282512802650   -0.000302401304    0.2941    0.2456   0.122   33
56901.790   -0.979771524161   -0.691502407335    0.1471    0.1580   0.233   86
56901.794    0.227460431066   -0.703303220462    0.7026    0.8957   0.780    3
56904.665   -0.622065558542    0.784299601264    0.2094    0.2287   0.137   56
56905.662    0.532987743119    2.542096785874    0.2347    0.4159   0.193   60
56906.659   -0.083028324356   -1.523102412193    0.2188    0.3410   0.161   58
56907.656    1.214574247246    3.108999598567    0.3078    0.4354   0.196   55
56908.412   -0.833853636895   -0.948200417383    0.3131    0.4061   0.190   33
56910.969    3.507622996322    2.349197981744    0.5194    0.5394   0.544    7
56911.645   -1.347893245887   -0.347201998352    0.2280    0.3451   0.118   53
56912.642   -1.387077849226   -0.298501217344    0.2420    0.3485   0.133   58
56913.639   -0.161987837509   -1.700701199070    0.2369    0.3397   0.125   54
56914.636   -0.104950184865   -0.922600798958    0.2297    0.3311   0.135   56
56915.399    1.451855256089   -1.577602816383    0.2937    0.3553   0.124   41
56916.959    0.781179813363    1.597899591843    0.5477    0.5562   0.535    5
56917.627   -0.707972202112    0.147499190462    0.2388    0.4232  -0.140   57
56918.625    0.872540634340   -1.740103203929    0.2551    0.3584   0.139   57
56919.603   -1.639633613252   -0.034200022014    0.2821    0.3846   0.017   51
56920.619   -4.132564438150    5.988297601789    0.2789    0.3463  -0.117   53
56921.616    0.738228859841   -4.821703203106    0.3657    0.4489   0.079   47
56924.790   -0.985823315827    0.252799202372    0.4330    0.4450  -0.264   51
56934.498   -1.057047946615    0.182599202958    0.2744    0.3573   0.131   24
56935.499    0.926902420426   -2.919002409385    0.2404    0.3049   0.173   42
56936.792   -0.189961489683  -21.331602007990    0.2870    1.8286  -0.325    7
56939.250    0.384094099531   -1.315800000157    0.2059    0.2513   0.048   77
56941.496   -1.795076789727   -0.974102411533    0.3244    0.4263   0.101   38
56942.501   -9.768565307027    2.508598794293    1.0469    0.3812  -0.031   40
56945.792    0.348580574537    1.242197998863    0.2067    0.2429   0.260   74
56948.498   -1.162790755282    0.358099188702    0.4094    0.3167   0.065   39
56962.502    0.497079191853    0.294299982784    0.1717    0.1659   0.201  100
56963.503    1.312284449055   -0.025801210768    0.1856    0.1689   0.173  102
56976.498   -1.120137526254   -0.627703201417    0.2106    0.2188   0.276   61
56977.499    0.312374298777    0.637498783362    0.2071    0.2221   0.289   64
56983.497    0.849230836371   -0.853401598988    0.4647    0.5895   0.054   29
56984.501    0.175084196699   -1.305201604396    0.3549    0.2825   0.001   40
56986.167    0.072514860484    0.067399193426    0.1760    0.1806   0.236  103
56990.498    1.554324583939    0.015699595224    0.2219    0.1998   0.011   78
56991.503   -0.349571049798    0.935798382784    0.2004    0.2150   0.025   83
56997.497    1.015882528084   -0.518202006106    0.3604    0.2699   0.048   45
56998.501   -0.162385435038   -0.443203208533    0.3721    0.2684   0.088   41
57004.498   -0.438353441326   -0.506502001940    0.2747    0.2134   0.084   56
57005.499   -0.314257541533   -0.361400407201    0.3193    0.2628   0.099   44
57006.792    0.713528688482    0.229697988630    0.1434    0.1493   0.251  131
57011.610    1.814817818315   -0.733903203809    0.4829    0.3635   0.146   25
57012.501    0.666111596886   -0.262900817916    0.3319    0.2543   0.060   48
57039.497   -1.463559076621   -0.793900804297    0.2429    0.2108   0.163   73
57040.501    1.143252044021   -0.150102010821    0.2120    0.1968   0.172   96
57046.499   -1.946351417294    0.764398797060    0.6882    0.5993   0.215   26
57047.499   -1.165171603931    0.299700002415    0.5601    0.4626   0.159   23
57050.231    0.085013740746    0.109198794007    0.2090    0.5102   0.135   19
57053.511    0.496583886557    1.536897585197    0.7448    0.9940   0.123   12
57054.501    2.391354129213   -1.663300818677    0.6695    0.8752   0.049   16
57057.230   -0.542310850331    0.176997590984    0.1735    0.2378   0.036  162
57060.342   -0.266345144642    0.674596788031    0.1672    0.2139   0.174  160
57061.291   -1.176479992204    0.235897189782    0.1324    0.1483   0.150  165
57062.230    0.153460060685    0.487097977953    0.2330    0.2434   0.726  151
57067.289   -0.596770208853   -0.215902815626    0.1448    0.2156   0.022  155
57068.289    0.085211321546   -0.101401204233    0.1362    0.1470   0.263  153
57069.228    0.168437226703   -0.231001214956    0.1581    0.2150   0.049  147
57072.249   -0.605400429969    0.060397178459    0.1432    0.1508   0.266  146
57074.290   -0.090665634283   -0.807400815006    0.1302    0.1655   0.170  152
57075.291    1.462171003831   -0.115902014386    0.1617    0.2254   0.041  135
57076.394    0.754794115378    0.952397994070    0.2324    0.2675   0.519  156
57078.228   -0.552529025636    0.164397596336    0.1327    0.2027  -0.023  162
57079.229    0.059320793528    0.771598797655    0.1378    0.1989   0.051  165
57081.289   -0.707079299288   -0.950202016270    0.2229    0.2316   0.026  167
57082.293    0.980964181420   -0.118000815519    0.1959    0.1968   0.260  139
57093.251   -0.495688818464    0.790696788044    0.1588    0.2203   0.068  187
57095.497    0.343919020931    0.725097601162    0.4009    0.3228   0.062   51
57096.501    0.200874851682   -0.610502419818    0.3418    0.2742   0.119   51
57102.499   -0.533483048414   -0.659502020994    1.1271    0.7925  -0.172    8
57109.497   -0.779096689207    0.252698393410    0.1715    0.1719   0.135  104
57110.501   -0.689023797326    0.315799201189    0.1931    0.2058   0.203   85
57123.497   -0.209305056070   -0.020300407755    0.2904    0.2259   0.088   58
57124.501    0.250672656599   -0.574700402467    0.2694    0.2096   0.063   57
57130.499   -0.283903040709   -0.067701620310    0.1851    0.1933   0.182  111
57131.500   -0.713031217918   -0.371001610233    0.1690    0.1717   0.215  111
57137.497    0.068743773775   -0.477500407214    0.2576    0.2029   0.124   71
57138.501   -0.494796050969   -0.493002016810    0.2342    0.1908   0.159   71
57162.228    0.518010577100   -4.441500018970    0.3557    1.7159  -0.211    7
57173.500   -0.334096142557   -0.093301213155    0.2062    0.1592   0.093  108
57176.228   -0.103462103710   -0.300502816231    0.1233    0.1231   0.066  174
57177.229   -0.134214202063   -0.030301214338    0.1083    0.1114   0.069  179
57179.289    0.069736549634    0.091997986829    0.1112    0.1171   0.067  203
57180.293   -0.136197317854   -0.391100400066    0.1159    0.1633   0.121  187
57184.227   -0.560166335564    0.647099986395    0.1298    0.2495   0.082  157
57186.291   -0.571177270000    0.322099185723    0.1171    0.1199   0.014  197
57187.291    0.280034381563    0.002998791615    0.1161    0.1281   0.116  204
57190.246    0.763026603636    1.022299198894    0.1602    0.2346   0.086  152
57191.123   -0.541120493671    0.160898392210    0.1509    0.1548  -0.047  177
57193.289   -0.569294162573    0.074797179650    0.1282    0.1674   0.148  207
57194.290    0.179052999538    0.409597194562    0.1220    0.1373   0.086  200
57195.228    0.815105384167   -0.034300805396    0.1155    0.1230   0.124  187
57197.226    0.686150214638    1.232798388173    0.1229    0.1372   0.139  197
57198.227   -0.554809730593   -0.044503204322    0.1173    0.1237  -0.001  182
57201.500    0.854189843812    0.091097996346    0.2122    0.1624   0.270  113
57288.228    0.333303383426    1.883098784106    0.1535    0.9444   0.104   21
57291.501  428.310628047838  410.196099602445    2.4668    4.3535   0.104   15
57324.249  227.794713692440  119.091499183810   99.5728  200.9203  -0.037   10
57330.583   36.269858209649   51.102997187513  107.3300  196.8047  -0.117    3
57352.626  395.069071690783  137.963897995519  103.6346  197.9329  -0.139    5
57421.227 -211.179142174002  -90.581803203804    1.2562    0.7047   0.386   11
57442.236    3.197829292265    0.190097998143    0.2826    0.2472   0.102   43
57463.231    0.172008296684    0.423799184546    0.5975    0.3599  -0.059   19
57480.496    1.916694403763   -1.200801608547    0.5783    0.3706  -0.126   23
57481.497    1.745974036176   -0.607600804869    0.5273    0.3445  -0.069   22
57485.251   -1.054764805731  -21.666002419352    0.1061    1.7712   0.023   51
57491.231   -0.339255302056   -0.324802815044    0.2582    0.2135   0.108   57
57520.250   -3.204869258593  -20.730801600166    3.6192    2.1977   0.481    4
57590.254   -0.832663280235   -1.637701200252    0.1255    0.8573  -0.103   24
57716.294    0.350563690329   17.838097181766    0.1272    1.4813  -0.134   28
57784.209******************-5174.837802019283    0.3648    0.5140   0.520    4
57854.209    0.186790317830   -2.361600016343    0.2512    0.4258   0.151   24
57891.252    0.079159529881    1.954598403131    0.1509    0.5563   0.073   13
57955.270   -2.149904436133   -5.421801606076    0.3882    0.4000   0.314    9
57981.232   -0.253151077685   -2.143400413956    0.2217    3.1633  -0.040   16
57988.230    1.920065592344    0.360799185728    0.5222    1.0015   0.213   10
58016.230    0.404627887250   -0.158302810860    0.1949    0.2589  -0.048   31
58050.209    0.344514199262    2.633597992485    0.2094    0.2907   0.356   17
58080.996   -0.450354851023    1.934099984169    0.2964    1.4313  -0.495   26
58212.209   -0.007239847727    0.707698782776    0.4557    0.8288  -0.518    6
58255.250    0.285093397369   -0.677800804283    0.3687    1.3365  -0.501   24
58396.269   -1.100991540667    0.746999978674    0.4348    0.6689   0.297    4
58486.208    0.548165061195    0.642297581521    0.3135    0.6828   0.436    5
58499.226   -0.635062044697   -3.989800796944    0.3627    1.6100   0.325   12
58500.248    0.746659064228    1.500397195286    0.3432    0.7413   0.198   14
58543.271    0.035711105795   -0.521100014339    0.6308    0.7282   0.455    3
58570.249   -0.258805407151   -5.598100798920    0.4131    2.3071   0.890   48
58617.209    0.384391688696    0.542599181586    0.2208    0.3164  -0.392   14
58674.228   30.976881293610   53.562898781934    0.2100    1.1068   0.189    4
58680.207    0.413355680802   -0.087102012003    0.2616    0.4463  -0.518   11
58702.228   -0.811831903351    2.289898779395    0.2284    1.6778  -0.587   29
58716.228  -26.018098363224   64.777996777821    0.5121    1.2890  -0.184   12
58771.209    1.149401408123   -3.094603204090    0.3059    0.8373  -0.276   17
59017.230   -9.824910208904   -2.316502803978    8.6507    2.7853   0.980    3
59142.208   -0.040472532436    0.043898401714    0.4897    0.7433   0.529    7
59179.230   11.823144991198    4.890297600468    0.9657    2.1351   0.396   36
59228.250   -0.187283187197    0.025696795092    0.6113    0.7051   0.122    4
59248.229   -0.035711105795    0.924397198787    0.2822    1.0056   0.512   17
59339.228   -0.194723051653   -1.585702807461    0.4314    2.2626   0.907   26
59445.230   -1.142256967563    2.697598790746    1.5490    2.2570  -0.774    4
59598.208    0.433592014685   -0.320900400652    0.4527    0.4200   0.161    9
59731.207   -0.180043339470   -1.553500803197    0.6704    0.6799   0.365    3
