%-----------------------------------------------------------------------------
%                R.A. (mas)        Dec. (mas)        Err. (mas)     Corr. Del.
% Uncertainty in R.A. is in R.A. cos(Dec.)!!!!
%-----------------------------------------------------------------------------
52971.087    0.026991148333    1.001397595246    0.5075    0.5783   0.130    7
53124.013    0.362509643165   -0.797201971636    0.3950    0.4686   0.033    5
53248.001    0.253482609096    0.445499995294    0.2572    0.3110   0.253    4
53255.003   -0.448735369457   -0.044999984539    0.2876    0.3133   0.418    5
53360.001    0.194303150587    0.656697608292    0.3402    0.3701   0.023    5
53445.229    0.616551527896   -0.056199576193    0.4345    0.4352   0.010    5
53555.874   -0.821023492718   -0.426099603601    0.8832    2.2509   0.527    8
53605.000   -0.248340566703   -0.707299204805    0.4420    0.6180  -0.015   11
53661.084    0.803813492779    0.005399994052    0.8834    0.5638   0.017    3
53885.000    0.191844731642    0.623599220262    0.2800    0.4390  -0.141    4
53913.201    0.034480303452    0.001000825023    0.2990    0.5288   0.120    5
53989.999    0.195811959759   -0.500000373904    0.3040    0.4422  -0.092    5
54151.169   -0.043475675679   -0.174200391712    0.2986    0.3121   0.271    5
54277.312    0.501489180904    0.260697601107    0.6632    0.6167   0.611    3
54495.918   -0.216040950308    0.504298810711    0.3326    0.5012   0.113    5
54578.113    0.018441153458   -0.198100786974    0.3757    0.8864   0.224    5
54706.229    0.185920801176   -0.178902013204    0.5263    0.6048  -0.281    4
55274.269   -0.391846608193    0.142599634501    0.6087    0.5769   0.036    5
55420.248   -1.835569620218   15.432299994700    0.7947    8.5086  -0.423    9
55425.209   -0.348147024044    0.442497622544    0.3370    0.2974   0.360    6
55503.208   -0.029449567279   -0.378399596457    0.2327    0.3276  -0.208   16
55505.271    0.546921558932   -0.222901172720    0.5288    0.5850  -0.246   17
55519.271   -0.123275754909   -0.749300397729    0.3359    0.4549   0.060    9
55523.209   -0.834715606223  -12.852701968313   73.9732  157.4024  -0.001   13
55530.207    0.152336360316    0.053899208297    0.2318    0.2388  -0.422   22
55533.271    5.685420678187   14.202100794591    3.0543    2.9421  -0.155    8
55537.209   -0.080525704296   -0.023299173790    0.1592    0.2084  -0.021   62
55544.207    0.141158928764    0.513100832222    0.3510    0.3648   0.035   17
55589.272   -0.205367903652   -0.211600797684    0.5312    0.9194  -0.134    7
55593.209   -0.333618055490    0.862398024992    0.1864    0.1837  -0.167   66
55610.270    3.805537231210   -1.985601596743    1.3256    2.0588  -0.009   19
55614.207   -0.036099199049    0.736199990570    0.1875    0.2362   0.131   69
55617.272   -0.438620149930    0.196398008256    0.6190    0.7517  -0.116   34
55621.209    0.149876645340    0.599299221449    0.2708    0.3170  -0.180   24
55624.270   -0.258288064530   -0.566899205978    0.4459    0.6102  -0.187   14
55628.207   -0.648682202796   -0.101901565586    0.2516    0.2780   0.231   33
55638.270    2.058093776626    2.225599212125    1.0865    2.1026   0.651   44
55645.272   -0.422861323887    0.272700032156    0.6158    0.5250  -0.141    8
55652.270   -0.217941465888    1.211900416820    0.6843    0.6249  -0.304    6
55666.270  -11.245999309493  -10.352102407296   62.6930  148.4464   0.029    9
55670.207   -0.872100925767    0.868197622594    0.3334    0.5116  -0.085    6
55705.209    0.000000000000   -0.939002399036    0.3134    0.3576  -0.189   17
55715.272   -1.333298475003    0.169898424929    1.2211    1.1173  -0.560    4
55727.208    0.203580066560    0.260200795310    0.2179    0.2466  -0.166   32
55733.209   -0.628174184326    1.173099633434    0.2705    0.3089  -0.066   18
55736.270   -0.885512715320    0.545500796534    0.5830    0.7267   0.085    6
55740.207   -0.726862090398    0.851597985729    0.4390    0.4461  -0.040   21
55754.208   -0.739827282805   -0.763300795370    0.3545    0.7604   0.183   20
55764.270    1.843393990026   -2.964099570590    2.1934    2.1815  -0.341   12
55771.268    1.039636836491    2.939698788396    1.2060    1.4258  -0.019    5
55778.270    0.306291463755    0.204897628464    0.4250    0.3775   0.001   29
55782.208    5.378236020139   -1.521601200238    4.1559    2.5623  -0.210    7
55783.227   -2.867660962346   -1.029600008451    1.4109    0.9649   0.362    4
55785.268   -1.343022064360   -5.858301568651    2.6944    5.3133  -0.453    3
55796.208   -0.799732290143    0.453898832120    0.5329    0.6342  -0.185   15
55799.268    0.314730152411    0.257097588019    0.6518    0.7529   0.307    9
55813.272    0.929381240964    0.799898413106    0.4620    0.5200   0.064   68
55817.206    0.365583600752    0.674600420325    0.2523    0.3604   0.057   17
55819.500    0.391066016151    0.765698416672    0.2990    0.3717   0.588    5
55821.498    0.260301182361    0.046699233280    0.2608    0.2819   0.168    6
55822.498    0.057838294801    0.395899223804    0.2133    0.4445   0.228    4
55823.499   -0.153452243286    0.084600026184    0.2372    0.2735   0.231    9
55826.498   -0.413753425646    0.518698811902    0.3607    0.4054   0.173    3
55828.499   -0.121263933110    0.154299613087    0.2984    0.2569   0.191    3
55829.500    0.410959715774   -0.106700389324    0.3313    0.4785  -0.433    3
55830.501   -0.090026604977    0.627998389291    0.4557    0.2780   0.356    9
55831.498   -0.236829216492    0.524098805954    0.3989    0.4226   0.514    3
55840.253    0.023023996453   -1.710399578769    0.8935    1.2314  -0.458    5
55876.270   -0.057279019167    0.930700815616    0.6445    0.7334  -0.244   26
55880.208    0.268012949918    0.860799610791    0.3219    0.5186   0.117    8
55887.206    0.308080596878    0.889099226242    0.4655    0.6959   0.400   11
55888.269    0.332947397399    3.290698811043    1.5254    2.7748  -0.083    5
55889.295   -1.094568819168    1.863198031060    1.1903    0.5756   0.166    6
55894.208    0.591069112497   -0.539301595381    0.2205    0.4381  -0.127    9
55896.253    0.431580260257    0.354999588126    0.7585    2.1699  -0.122    4
55897.269   -0.842259728317   -0.009000007140    0.8252    0.5625  -0.259   12
55901.206   -0.000838227317    0.818600432240    0.2300    0.4592   0.310    8
55904.270    2.383664697394    3.363699590864    1.6954    1.5560  -0.159    4
55908.208   -0.607664946062    0.370900801272    0.3094    0.3104   0.132   16
55943.170   -0.360888155506    1.382997601240    0.7183    1.1087  -0.337    4
55979.209   -0.248899842338   -0.461001604890    0.3365    0.4090   0.189   13
56055.206   -0.418782789551   -0.081100796478    0.5736    0.8378   0.765    4
56058.033    0.165524165162    3.864200402859    0.5507    2.3208   0.170    4
56069.206    1.835737189444    3.198499206292    1.1443    1.7082   0.940    3
56072.271    0.393132728689   -0.015501609596    0.5569    1.0647  -0.359    5
56079.269    1.026503998620   -2.265001165824    0.5977    1.4106  -0.790   10
56086.271    0.101091281804   -0.489801607273    0.5415    1.0149  -0.616    5
56097.206   -1.355818239035    0.413499634533    0.4023    0.3057  -0.410   10
56139.207    0.089747577057    0.549597615418    0.2342    0.3964  -0.296    4
56160.208   -0.333282764563    0.676198834526    0.3058    0.3305  -0.559   12
56183.248   -0.394641614097    2.182798812100    0.3774    1.2313   0.347   16
56280.540    1.827132227593   -3.198402004045    2.9203    1.8790  -0.603    3
56295.209   -1.538610039411    1.854500425225    0.5945    0.8481  -0.210    3
56303.270   -4.022695436756    2.642097587113    2.4383    1.5235  -0.624    5
56306.834    0.155408945635    2.109499212111    0.7362    2.5109   0.496    8
56310.271   -0.665167949937   -2.478801599182    1.3774    3.0258  -0.644    6
56313.540   -3.433750748308    1.859500815726    2.8654    1.9549  -0.454    4
56315.210   -0.589837958977    0.305899203568    0.5059    0.7634  -0.475    4
56392.230   -0.192123759562    0.683298026161    0.3004    0.4092  -0.236   10
56412.209    0.667068313042    0.319298430895    0.4437    0.4231   0.181    4
56421.245   -0.320876847790    0.522197990449    0.7759    1.2736   0.125   10
56427.228   -0.191005208293    0.214498805917    0.1645    0.2185  -0.055   32
56470.251    0.016877377311    0.532299605993    0.2618    0.2657  -0.176   11
56497.228    0.817001297625   -1.626602391980    0.7880    0.9810  -0.534    3
56538.187   -0.325067984378   -0.660499188143    0.3245    0.9078   0.403   18
56545.208    3.323103522611  -16.368299969827   69.1377  142.1214  -0.090    3
56573.208    0.285615876059   -1.370102393139    0.3878    0.6907  -0.247   23
56576.268    0.908257683853   -1.089201612103    0.8547    0.9859  -0.564   13
56581.207   -0.082872740785   -0.523602000158    0.2315    0.2670  -0.232   23
56583.270    0.194862426222   -0.032000411920    0.5625    0.6849  -0.454   21
56587.208    0.096285826370   -1.663599613266    0.5735    0.6234  -0.537   16
56590.272    0.242585501495   -0.413600366755    0.2271    0.2638  -0.162   98
56594.206   -0.068287432987    0.824400029842    0.4458    0.6626  -0.610   21
56611.270   -1.686977799342    2.023700426435    0.8387    1.5647  -0.594    4
56622.210    0.179438814869    1.052200809681    0.4253    0.5836   0.305    5
56625.329   -0.110647225697   -0.194399990505    0.2145    0.2160  -0.065   46
56627.283    0.434151357691   -0.203299214263    0.2968    0.2921   0.276   57
56631.271    0.098632862859   -0.071301582238    0.2882    0.2123  -0.038   50
56633.266   -0.691544855660   -0.906602383566    0.4349    0.2394   0.714   83
56635.260    0.268012949918    0.145497591575    0.4364    0.2492   0.617   82
56637.254    0.009500900681   -0.452401201301    0.2328    0.1926   0.107   78
56640.268   -0.175302721495   -0.232700386960    0.2505    0.2675   0.132   74
56642.207    0.182624154913   -0.320799591691    0.2273    0.1900   0.103   67
56646.272    0.850977368655    0.997398029767    0.6506    0.6709   0.109    3
56687.250    0.231577163912   -0.732401991854    0.1967    0.1836  -0.274   10
56700.789   -0.180108176929    0.000000000000    0.2825    0.4023   0.042   11
56743.250    0.102377478537   -0.971600400135    0.1113    0.1445  -0.390   14
56834.792   -0.217493496473   -4.030502395835    0.1811    0.5760   0.337   26
56896.227   -3.614139172952    0.753199230985    0.8773    0.9273  -0.032    3
56932.270    2.237029731342   -0.499302001344    1.6120    1.5954  -0.331    3
56936.792   -1.355985884498   -8.214299998599    0.1863    0.6374  -0.309   12
56940.273   -0.961400609645   -2.151799174044    1.7022    1.0504  -0.250    4
56959.229   -1.089371733563    3.940099190913    0.4369    0.7041   0.125    4
56961.271    0.647956577730   -0.000201566763    0.2729    0.4291  -0.167    9
56968.269    1.068863791330   -1.416499173956    0.3787    0.6731  -0.787    6
56987.270   -1.438971227534   -0.483602406121    1.4140    1.3525  -0.469    4
57050.231   -2.670452871904    2.252898002553    0.2127    0.3072  -0.088   34
57121.251   -2.667322575073   -1.598900365707    0.6810    1.1206   0.365    3
57122.270    0.953633798875    0.298098007079    0.5613    0.6622   0.718    3
57136.273   -0.034200055738   -0.774399603642    0.2542    0.3355   0.043    7
57142.271   -0.774362629469    1.392497995312    1.2897    1.2608   0.031    3
57148.232    1.642720235589   -0.821800790618    0.3823    0.3344  -0.118   28
57149.251    4.478695900387   -2.860999194354    0.2865    0.2951   0.218   21
57151.497   -0.047052569657   -0.758300404868    0.3876    0.4027  -0.103   32
57161.209   -0.160941398404   -0.173800788161    0.3316    0.4267   0.066    4
57162.228   -0.441694183754   -0.796802368086    0.1916    0.4996  -0.328   16
57171.268   -0.114614377577   -0.627001196563    0.3884    0.3440   0.122   11
57185.268   -0.708085646013    1.454000414469    0.3357    1.7219   0.174    4
57196.207    1.122175582380    0.887097627356    0.2432    0.3586   0.227    3
57205.269   -0.048114781681    0.288000023829    0.1874    0.2592  -0.185   21
57210.207    0.667013346066   -0.090701973932    0.2628    0.3636   0.000    4
57220.270    1.128657492449   -0.883202375235    0.2649    0.4665  -0.512    4
57231.205   -2.397299175624    1.633698002479    0.3475    0.5233  -0.587    5
57241.268   -1.328269111098    0.476600416732    0.7554    0.3029  -0.058    4
57255.272    0.642033943295   -0.274802414424    0.2288    0.6574  -0.420    6
57259.209   -0.697132199168   -0.745300781091    0.4125    0.3697   0.418    3
57262.270    0.068064744311   -1.086299971575    0.2819    0.7383  -0.768    6
57288.228    1.140560472831    1.683899995442    0.2100    0.3873   0.027   21
57311.272    5.204721059499    1.328000416834    0.9391    0.8087   0.761    5
57339.268   -0.032802552786    0.283600803641    1.0293    0.7561  -0.480    3
57360.270   11.933913523994  -15.113502001896    0.8479    1.0890  -0.800    3
57367.268    0.578271641791   -1.259200769255    0.2715    0.3858  -0.251    6
57378.208    0.720212534865   -0.337201191769    0.2806    0.3042   0.168    6
57423.269   -1.315582870375   -0.125200790535    0.5752    0.5228  -0.161    4
57485.251    0.528759357157   -8.238999600962    0.1816    0.5765   0.350   32
57590.254   -0.072311000348   -1.308999577532    0.2257    0.3321  -0.202   14
57667.230    0.291986479909   -3.330500368293    0.3231    0.5090  -0.284    7
57679.207    3.326345125661   -1.134799185820    0.3674    0.4267  -0.036    5
57682.271    2.544327067878    1.047600022730    0.2782    0.6045  -0.239    4
57716.294    1.469875933040    5.988398436330    0.2012    0.4471   0.191   20
57731.269    0.043979908101    1.099998019072    0.2619    0.3943  -0.511    3
57735.207    0.731109566229   -0.843501601366    0.2041    0.3346  -0.454    5
57744.272    3.421625079250    1.585098004853    0.8531    0.7204   0.408    3
57764.207   -1.419915755229   -2.935601969511    0.9428    0.7179   0.797    3
57773.269 1537.760985810177 1369.869400787138    0.3020    0.3638  -0.418    4
57794.271    4.726088229585   -4.269902370879    0.5219    0.6384  -0.187    3
57801.269    0.545412749761   -1.515902386018    0.2292    0.3475  -0.323    6
57808.271   -0.735412085273    1.939100400250    0.6112    0.4775   0.000    5
57819.207    4.637793122456    3.565000787376    0.4826    0.4889  -0.359    3
57822.271   -3.888577693695    2.041999209723    0.7436    0.8339  -0.437    5
57864.271   -2.537005634460   -1.395899971612    0.4110    0.5145   0.422    4
57878.271   -2.482742937605   -0.810500364423    0.3737    0.5313  -0.168    3
57891.252    0.559048524022    0.907398009531    0.1991    0.2920  -0.203   10
57913.270   -2.774002496416   -2.414599208578    0.7717    0.7049   0.764    4
57927.270    2.844415649485    0.720298828583    0.6985    0.5985  -0.192    3
57981.232   -0.191620823171   -0.317800800076    0.3561    0.9289   0.339   14
58030.230   -4.366651247975   -8.797499970115    0.5430    0.2927  -0.034   20
58080.996   -0.146970333216    0.171000033333    0.2929    0.4229  -0.289   18
58082.022   -2.435298737778   -1.111301975243    0.3446    0.3885   0.528   51
58246.184    0.810239063605   -0.618699613142    0.5070    1.1010   0.520   16
60265.271    0.394865522567   -1.620899996624    0.7063    1.3306  -0.766    3
