%-----------------------------------------------------------------------------
%                R.A. (mas)        Dec. (mas)        Err. (mas)     Corr. Del.
% Uncertainty in R.A. is in R.A. cos(Dec.)!!!!
%-----------------------------------------------------------------------------
53561.356    0.769091097513   -3.180398395841    3.6195    9.6274   0.581    6
56638.251    0.819017190172    1.288000803612    0.5757    1.6456   0.189   27
56809.214    0.066172303714    0.552402002540    0.2309    0.5688   0.058   80
57836.293    0.743539661276    1.337799599099    0.2773    0.6671  -0.083   95
58137.058    0.000000000000  -11.301497996641    0.4673    0.9834  -0.435   52
58622.004   -0.243267792161    0.000000000000    0.3936    0.9333  -0.367   71
58899.905   -0.621978507920    0.781498801672    0.2753    0.7193  -0.193   79
