%-----------------------------------------------------------------------------
%                R.A. (mas)        Dec. (mas)        Err. (mas)     Corr. Del.
% Uncertainty in R.A. is in R.A. cos(Dec.)!!!!
%-----------------------------------------------------------------------------
57660.250    0.963716645536   -3.956500800584    0.6745    1.6085   0.084  103
57960.230   -4.137206240199   -5.153799601487    0.3493    0.4874   0.311   67
58038.229    0.198036382572    1.128797999073    0.2823    0.5869   0.126   38
58048.076    0.000000000000    0.633700800634    0.2468    0.5648  -0.411   56
58310.227   -2.750505133212    0.666197999166    0.6937    0.5818   0.713   21
58330.955    1.952860676938    0.000000000000    0.1632    0.3418  -0.136   77
58510.833    0.885365621240   -1.248400800336    0.1353    0.3299  -0.190  113
58670.101   -0.968922684902    2.141798399435    0.2713    0.5013  -0.453   71
