%-----------------------------------------------------------------------------
%                R.A. (mas)        Dec. (mas)        Err. (mas)     Corr. Del.
% Uncertainty in R.A. is in R.A. cos(Dec.)!!!!
%-----------------------------------------------------------------------------
47164.912   -0.292331352100  -20.494501200119    1.1982    7.1901   0.042   12
47625.992    0.102746759028   -3.281702385038    0.8382    1.9683   0.594    5
47881.288    2.046832044916  -11.903900380617    0.6494    2.6355  -0.138    3
47931.579    2.841854599762    3.056597995510    1.2047    1.6977   0.686    5
47965.847   -2.875898607157    3.369798008634    1.2746    1.5607  -0.336    5
48007.832    0.960390221099    5.408499606574    0.9660    2.0959  -0.021    4
48026.832   -0.680622060729    0.527097597569    2.6206    2.8338  -0.123    5
48043.320    0.036782053858   -4.217399984441    3.2024    2.9672   0.047    4
48061.834   -1.216647150979   -0.493502403742    2.3978    2.7310   0.238    4
48089.831    3.236526572630   -0.272199594065    1.3399    1.5566  -0.121    4
48110.435   -2.094049557321    0.022899595820    2.1965    1.6232  -0.206    6
48111.837    1.398534470203    3.982798807556    1.6486    1.3591   0.108    3
48147.880   -1.831304506538    2.776298410367    1.3652    1.2054   0.306    5
48179.832   -6.913831348890   -6.592302000286    1.9084    2.2118   0.221    5
48266.119   -2.594510732019   -6.712599602565    2.3517    2.8640   0.371    7
48298.838   -4.332187790232   -0.938300394182    2.5106    2.2404   0.611    6
48392.126   -2.118774364319    0.334299602400    5.0663    2.8730   0.511    6
48432.125   -4.551056914773   -0.219002390622    5.1159    2.3025   0.714    6
48446.012   -0.520521750582    1.621997998313    1.4449    1.8675  -0.289    8
48490.207   -3.975309622727    5.204800814340    1.6430    1.6493  -0.443    8
48509.152   -1.513134439306   -0.106999183913    1.1556    1.7505  -0.443    6
48657.250   -0.373495277071   -2.656900798570    1.2125    1.2314   0.237    3
48766.383   -0.088053484098   -0.012599994648    2.4784    1.9980   0.245    5
49629.086    0.043066137976    0.066700795287    0.4837    0.7578   0.295    5
50259.083   -0.011855421856    3.770298019390    1.3785    1.9124   0.271    4
51157.708    1.058475237266    0.007898398735    1.8493    1.1763  -0.521    7
52430.228    0.567135999759    0.699400806070    0.9547    1.5111  -0.283    5
52522.238    0.439766313889    0.632199598272    0.7465    1.5368  -0.323    9
52676.249    3.436852679426    2.788099197915    2.9053    2.2249  -0.512    6
52941.227    1.045000100642    0.208497615972    1.2238    1.0176  -0.471    7
53124.013    0.504412935905   -1.177401600216    0.4794    1.0206  -0.012    4
53248.001   -0.007903660650   -0.460501192379    0.3615    0.8653   0.299    3
53255.003   -0.228292693347    0.028699219001    0.3601    0.5958   0.633    4
53335.018    0.471988643277    2.004699612712    2.8631    6.6308   0.224    3
53360.001    0.226672978579    0.359200797106    0.4248    0.9096   0.270    5
53388.001    1.500165109317    1.081000812064    0.5232    0.8922   0.298    5
53445.229    0.387176938732    0.572698803580    0.4290    0.8395   0.516    4
53543.999   -0.736757197069   -0.981100794206    0.3754    0.8417   0.107    4
53555.874   -0.218565142909    2.468897994845    0.8393   15.0563   0.956    6
53605.000    0.677582106180    0.161297995760    0.3003    0.8897   0.396    5
53619.033   -0.213903261812    0.463500009573    0.4160    0.7464   0.401    3
53823.233    0.645967740054    1.413198006617    0.4388    0.9139   0.611    4
53885.000    0.543524824421    0.000000000000    0.3940    0.8377  -0.026    7
53908.241    0.094641411611    1.252497600035    0.4281    1.2446  -0.135    4
53913.201   -0.573923402258   -0.934700381094    0.5567    1.4442  -0.197    4
53928.228    0.567235668134   -0.366299988741    0.3614    0.4302  -0.415   34
53989.999    0.914994386701   -2.550700796178    0.4538    1.1275   0.215    4
54076.249   -0.257270893166   -0.003999591058    0.2658    0.5995   0.267   34
54213.999    0.632796723298    0.377298013632    0.4349    0.8485  -0.017    4
54515.126   -0.188774666571    1.482800416852    0.4800    3.0835  -0.297    5
54537.205   -0.629248750333   -0.057401993558    0.5650    0.4188   0.147   12
54593.228    0.060697210827   -4.630701582187    0.3538    2.5244  -0.092    6
54726.237    0.305200737242    0.859698002387    0.3355    0.5774   0.293    7
55173.208   -0.089167253995    0.189900012515    0.6479    0.3987  -0.618    6
55257.208   -3.336029478561   -1.625000396643    2.8212    0.9853   0.894    5
55371.250    0.619319236657    2.226398419225    0.3045    0.8314  -0.236   66
55483.229    1.070534834142    0.107899199975    0.3528    0.7656  -0.458   32
55651.269    0.496205293624    2.124799203784    0.6426    1.3683   0.581    4
55762.228    0.381705269369   -0.057401993558    0.8068    2.4095  -0.571    3
55784.249    0.515356412868   -0.516301190601    0.9240    1.4845   0.015   15
55882.250    2.535841586000   -4.763001589936    1.3641    2.5157  -0.419    6
56029.230    1.476252440601    4.034199611169    0.9514    1.9458   0.519    3
56058.033    0.259298957974    7.407100801515    0.4656    8.5959   0.594    3
56132.208   -0.718518022720   -0.361699201790    0.3614    0.6223   0.329    8
56134.250    0.637052466136    0.589798801798    0.3534    1.0546  -0.009    9
56260.258    0.645260108417    1.761800407962    0.8441    2.7741  -0.162   11
56376.831    1.235598657000    8.121297605612    0.7806    9.3482  -0.123   12
56439.541    3.868107369403    0.984297597029    2.1563    0.7467   0.581    3
56441.206   -1.077930338140   -0.790300791209    0.5425    0.9166   0.094    6
56503.211   -0.165063822858    0.289800004794    1.1975    0.8849  -0.522    4
56504.230    0.716796151324    4.673498401075    0.2788    3.5718   0.399   26
56624.291    0.550416733566   -0.364399198816    0.2388    3.8834  -0.289   32
56713.208   -0.264466922178   -0.041500780412    0.3281    0.3820   0.133   13
56754.795    0.250383684055   -3.898400399294    0.3988    3.2046   0.270   14
56842.291    0.055325209839   -0.059101191141    0.1229    0.1474   0.212  101
56850.498   -0.335903296711    0.074599219602    0.1348    0.2188   0.014   46
56851.499    0.069612484745   -0.121100390515    0.1263    0.1614   0.088   69
56875.792   -0.070624236250    0.111499213062    0.1022    0.1288   0.103   87
56878.498   -0.024520631978   -0.055101600083    0.2479    0.4688  -0.067   32
56879.503   -1.954824449594   -1.158602404416    0.8227    0.5429   0.523   32
56890.792    2.446166037118   38.632100398672    0.1688    1.9115   0.677   40
56899.496    0.340971177832   -0.154501205429    0.3379    0.2554   0.136   30
56900.501   -0.391024331529    0.235000806015    0.2991    0.2471   0.181   31
56901.790   -0.665320684300   -0.530301588242    0.1313    0.1609   0.127   71
56901.794   -0.257677031425   -0.986000401326    0.3875    0.6682   0.543    5
56904.665   -0.190698224733    0.426798001740    0.2014    0.2622   0.062   32
56905.662    0.055225541464    3.355999203336    0.2194    0.4222  -0.014   35
56906.659    0.165671647885   -1.989500404420    0.2087    0.3470  -0.009   32
56907.656   -0.150370409692    2.958699602118    0.2884    0.4528   0.079   26
56908.412   -0.583650952696   -2.114999989544    0.3334    0.4642  -0.004   17
56910.969   -1.193646427157   -4.620301197633    0.4398    0.6218   0.478    4
56911.645   -0.757834224493   -0.814802382365    0.2143    0.3459  -0.032   35
56912.642   -1.196888068473   -1.099202393107    0.2283    0.3698  -0.015   30
56913.639   -0.023406862081   -2.187201587844    0.2239    0.3479  -0.014   31
56914.636    0.006587927513   -0.416001594772    0.2208    0.3388   0.008   33
56915.399    1.931823587536   -0.921301204926    0.3222    0.4387  -0.006   16
56916.959    0.124230062946    0.515800803669    0.4509    0.5648   0.465    5
56917.627   -0.921275982566    0.475099204778    0.2502    0.4129  -0.315   33
56918.625    1.221311382094   -0.656200802496    0.2426    0.3669   0.024   32
56919.603   -1.453047679996   -1.149001201384    0.2762    0.3874  -0.076   30
56920.619   -5.448522247015    4.265600404096    0.2764    0.3377  -0.216   32
56921.616    1.802630150114   -3.656501993987    0.3535    0.4823  -0.017   16
56924.790   -0.971231679670    1.163098801271    0.4465    0.5377  -0.126   19
56934.498   -0.807383783337    0.488998819037    0.2484    0.3709  -0.137   30
56935.499    1.016019412569   -3.171401982627    0.2173    0.3146  -0.079   42
56939.250    1.194154583809    1.342699212614    0.2639    0.3202   0.210   11
56941.496    0.556900154434   -9.810799187449    1.4749    4.8043  -0.695    7
56942.501  -10.500952281380    1.730700012104    1.7352    4.7357  -0.576    7
56945.792   -0.081468044838    1.038200412040    0.2283    0.3130   0.184   22
56976.498   -0.646575841553   -0.684302381160    0.1639    0.2149   0.110   53
56977.499    0.101226850871    1.525600816876    0.1491    0.2046   0.175   58
56986.167   -0.152092142852   -0.200700000619    0.1458    0.1824   0.177   85
56990.498   -2.862321313905   -2.225599186545    0.5264    0.2726   0.434   20
56997.497    0.578687439984   -0.232700386960    0.4073    0.2873   0.063   32
56998.501   -0.768675544827   -0.434001583471    0.4029    0.2717   0.051   35
57001.208    0.667146924105   16.062098416114    0.1660    2.5018   0.291   36
57006.792    0.435306257794    0.380700015512    0.1054    0.1475   0.186  109
57113.230    0.315942389202   -4.715301582792    0.1941    2.9604   0.393   40
57148.232    0.613949585686    0.114998417189    0.2884    0.4058   0.160   54
57149.251    2.422963488293   -1.826899182333    0.1665    0.3774   0.515   44
57151.497   -0.471682449865   -0.601599589345    0.2714    0.4743  -0.197   35
57247.229    1.473010799285   35.539599602430    0.2182    2.3920   0.713   18
57307.795    0.311686508128   -3.930501594596    0.1604    0.8601   0.415    7
57415.229    0.637356447767    2.785798804439    0.1317    1.5162   0.465   44
57525.082   -0.879934066003   -2.773800005684    0.1972    1.2606   0.404   12
57659.231   -0.056541274600   -4.604900396998    0.1585    0.9770   0.551   25
57721.207    0.077820127026    1.650200411518    0.2090    0.2128  -0.018   75
57723.248   -0.230622389769    1.799999995455    0.2343    0.9984  -0.423   38
57791.207    0.779317390175    0.940500004276    0.1713    0.1528   0.184   53
57821.249    0.837276416303   -1.972400380623    0.3820    0.3819   0.285   11
57828.250   -0.121693703251   -0.040399197587    0.2818    0.3290   0.471   11
57834.230   45.309955371184   20.859199219103    2.6743    1.2289   0.328    3
57848.230   -0.607867603043   -6.111601183534    0.2105    2.0859   0.635   21
57849.249   -0.823190966400    0.640998013068    0.3314    0.3033   0.661   10
57912.251   -0.462057056056   -0.535701582294    0.3245    0.3924   0.195    9
57961.249   -2.010859779323  -22.430401190832    0.3326    3.2261   0.577   12
58010.244    3.372509900805   -3.909700799909    0.1710    0.4083  -0.142   38
58016.230    0.074072540840    0.151099203549    0.3190    0.3389   0.058   16
58024.251   -1.024934824724   -5.253800389937    0.1578    0.9075   0.538   24
58101.249    1.312202857501   -0.437702405520    1.2328    1.3170   0.925    4
58108.291   -1.520023998434   -2.411801983726    0.2189    0.6318   0.280   27
58246.184   -0.218462986281    0.177998416007    0.3977    2.1555   0.693   21
58309.208    0.000000000000   -0.317001592975    0.2666    0.1962   0.061   29
58319.271   -0.011449283597    0.821300403686    1.1033    0.8193  -0.712    4
58326.269    0.144798933718   -0.298000804833    0.2603    0.3501   0.036   11
58333.271    1.015209624304    1.268899200113    0.2880    0.3540   0.120   18
58528.270   -1.816105286738    3.437298011022    0.9586    6.5558   0.528    3
58555.229    4.326516507647    0.024998396952    0.2114    0.4537   0.314   34
58589.209    2.018459320106    1.796997597125    0.4800    0.3971   0.431   22
58619.250   -0.930497726369   -0.432799191685    0.2968    0.5177   0.104   17
58654.249    4.900337753277    0.295599602396    0.2967    0.4013   0.124   13
58744.228 -143.562923255037  -16.268900390060   25.3261    2.5125   0.951    3
58745.251  -21.090872341769  -27.584099996147    0.6469    1.4045   0.801    9
58820.207   -0.947114697698   -1.377399595981    0.4696    0.5286  -0.249    8
59149.206    0.446047909754    1.429099194183    0.5553    0.8149   0.763    4
59254.208   -0.559127832464    0.300499209516    0.4446    0.5490  -0.509    9
59408.209   -0.297905178092   -0.069602384656    0.2535    0.2578   0.078   15
59478.209    0.496813256887   -0.069400792313    0.3195    0.3634   0.318   15
59555.207   -0.763610013723    0.326800807215    0.7263    0.7223  -0.451    8
59625.207   -0.393558341208    0.322797609442    0.3333    0.4221   0.057    9
59703.207    0.061810980724    0.531799219061    0.2115    0.3277   0.091    8
59793.208    1.017133182466   -0.647600398906    0.2752    0.4553   0.011    6
60024.206   -0.002531659661   -0.770500795966    0.5351    0.5257   0.076    5
60227.209   -2.604542264088   -5.535601187034    2.1699    2.0032   0.916    6
60248.211    0.340159039549    0.088498808282    0.2712    0.3325   0.151   21
60262.207   -1.022704796677    0.809697601767    0.5634    1.4745   0.657    8
