%-----------------------------------------------------------------------------
%                R.A. (mas)        Dec. (mas)        Err. (mas)     Corr. Del.
% Uncertainty in R.A. is in R.A. cos(Dec.)!!!!
%-----------------------------------------------------------------------------
49987.253   -1.430186203313    0.963698394685    1.2607    2.9849  -0.724    3
50324.335    1.335161802941    0.500399990244    1.0635    0.8996  -0.194    3
50413.168   -3.056742167026    3.184099192310    1.7038    1.7161  -0.256    7
50631.755    0.052869307633   -1.603900807368    0.6770    0.6138  -0.226   60
50687.836    0.407978689300   -1.552701608887    0.3751    0.8985   0.128   29
50765.338    0.000000000000    0.539899197349    1.2105    1.0979  -0.445    7
51288.208   -1.608564805132    0.405399592296    1.1102    2.0490   0.141    6
51576.252   -0.208998753418    0.046198795189    0.3015    0.7485  -0.013   11
52409.164   -0.388066195777    0.697899594115    0.5188    0.8717   0.014   73
53125.576   -0.187441810002    0.000000000000    0.3213    0.7454  -0.248   45
53152.747   -2.399666224294   -7.850901599227    0.4136    0.8189   0.083   45
57330.206    1.246867320318   -0.969901202552    0.5744    0.2126   0.186   12
57491.231   -0.438325327929   -0.557100004528    0.2528    0.2680   0.077   45
57694.229   -1.410685665283   -2.734300798579    0.2297    0.5554   0.335   15
57730.250   -5.129173727987   -3.203301598376    0.8582    0.6773   0.090    9
57828.250   -0.109169329655    0.491500792066    0.2804    0.7879   0.263    6
57883.228    0.210099549451   -0.394002002224    0.1915    0.3599  -0.106   27
58016.230    0.553950875025    0.036399593739    0.1722    0.5233   0.003   20
58101.249   -0.051218113583    1.208897992910    0.1970    0.4026   0.025   41
58408.227   -0.215590228643   -8.381800802226    0.7059    0.2824  -0.073   12
58510.833    0.589514492539    0.059500794691    0.2952    1.0091  -0.166   21
58670.101   -0.922378090250    0.436197599640    0.3920    0.7450  -0.631   70
58677.683   -0.306221373778    2.495397590963    0.3094    0.6430  -0.531   55
58712.722   -6.202329027354    1.474498795062    0.1886    0.3997  -0.254   90
58747.059    0.108895816686   -1.340402400274    0.2130    0.4074  -0.148   86
58785.209    0.463866755829   -0.990201610307    0.2366    0.2887   0.054   22
59009.210    0.206530205200   -0.551001599547    0.2053    0.3141   0.076   18
59134.918    3.449066172919   -4.695300007995    1.9518    2.3417  -0.827   22
59230.577   -0.012770807619    4.205498400722    0.1890    0.4025   0.176   30
59296.187    0.758282860237   -0.417002407005    0.3512    0.3721   0.021   30
59332.229   -1.136597194630    0.873198000306    0.5353    0.4521  -0.045   16
59422.209    0.037900280026    0.855899990881    0.4256    0.3500  -0.088   16
59451.228    0.233446129440   -1.452499202514    0.4355    0.5844  -0.060   21
59535.228    4.435848511941   -9.080099999892    0.2343    0.4077  -0.037   60
59550.251    0.393833572679   -0.704700003951    0.2870    0.9353  -0.077   10
59612.226   -0.217514748324   -0.002300406265    0.3749    0.5388  -0.014   42
59634.247    0.511931040070   -0.238899600902    0.2697    0.4438   0.203   84
59696.227    6.809010767488    0.719798390492    0.4641    0.6116  -0.028   57
59753.249    0.476090350171   -0.500000399484    0.5762    0.5351   0.206   11
59796.290   -1.704963514506    2.166699600537    0.4571    0.6628  -0.046   66
59969.229    1.241511898910   16.499599190922    1.0336    4.5277   0.565    7
60180.252    1.867964317965    0.992998796789    3.5303    2.8246   0.477    9
